300 1794
0 19
0 20
0 57
0 66
0 75
0 86
0 98
0 111
0 142
0 147
0 151
0 175
0 206
0 215
0 267
0 277
0 293
0 296
1 15
1 18
1 30
1 69
1 84
1 96
1 111
1 130
1 142
1 149
1 235
1 293
2 136
2 147
2 208
2 238
2 244
2 269
2 273
2 286
2 287
3 10
3 15
3 49
3 66
3 67
3 80
3 82
3 84
3 88
3 205
3 210
3 212
3 219
3 261
3 268
4 5
4 32
4 60
4 96
4 121
4 143
4 169
4 182
4 194
4 210
4 213
4 232
4 295
5 17
5 33
5 45
5 105
5 106
5 116
5 167
5 191
5 197
5 218
5 286
5 299
6 25
6 95
6 122
6 136
6 197
6 232
6 235
6 291
6 297
7 22
7 49
7 54
7 122
7 132
7 139
7 152
7 166
7 178
7 193
7 217
7 243
7 274
7 283
8 40
8 65
8 75
8 112
8 121
8 145
8 201
8 215
8 221
8 239
8 252
8 265
9 21
9 23
9 24
9 67
9 82
9 128
9 182
9 208
9 235
9 242
9 243
9 248
9 254
10 16
10 28
10 56
10 58
10 62
10 115
10 127
10 160
10 268
11 21
11 34
11 59
11 70
11 86
11 124
11 134
11 155
11 163
11 174
11 207
11 212
11 217
11 252
12 78
12 89
12 96
12 160
12 235
12 263
12 278
12 297
13 29
13 55
13 119
13 139
13 218
13 225
13 268
13 279
14 17
14 19
14 39
14 41
14 66
14 167
14 211
14 250
14 289
15 20
15 45
15 84
15 138
15 151
15 152
15 154
15 161
15 166
15 174
15 178
15 262
16 73
16 74
16 145
16 162
16 176
16 190
16 217
16 243
16 260
16 283
16 294
17 22
17 33
17 65
17 85
17 92
17 133
17 148
17 159
17 165
17 171
17 182
17 190
17 209
17 220
17 226
17 246
17 249
17 265
18 28
18 35
18 94
18 134
18 144
18 171
18 173
18 179
18 205
18 218
18 232
18 240
18 255
19 90
19 117
19 129
19 157
19 186
19 209
19 222
19 225
19 229
19 264
19 294
20 61
20 70
20 79
20 230
20 232
20 242
20 248
20 271
21 44
21 54
21 58
21 89
21 136
21 158
21 226
21 232
21 251
21 252
21 259
21 275
22 54
22 133
22 135
22 144
22 164
22 176
22 187
22 233
22 257
22 259
22 263
22 279
23 26
23 93
23 137
23 152
23 176
23 283
23 299
24 26
24 28
24 53
24 56
24 90
24 103
24 179
24 191
24 201
24 228
24 235
24 256
24 290
25 51
25 95
25 139
25 153
25 160
25 170
25 183
25 238
25 282
25 292
26 30
26 32
26 42
26 49
26 54
26 117
26 144
26 162
26 177
26 178
26 199
26 208
26 275
26 298
27 46
27 57
27 61
27 96
27 107
27 116
27 120
27 172
27 205
27 236
27 261
27 295
28 31
28 44
28 50
28 122
28 131
28 185
28 190
28 200
28 228
28 232
28 249
29 93
29 121
29 146
29 164
29 257
29 272
29 287
30 65
30 117
30 132
30 171
30 203
30 204
30 221
30 238
30 259
30 270
31 49
31 82
31 104
31 108
31 148
31 162
31 163
31 210
31 212
31 214
31 235
31 259
31 262
31 269
31 286
31 292
31 295
32 53
32 71
32 83
32 96
32 154
32 155
32 167
32 168
32 201
32 220
32 281
33 56
33 137
33 176
33 178
33 179
33 198
33 208
33 214
33 230
33 281
33 296
34 61
34 73
34 75
34 80
34 88
34 109
34 153
34 172
34 183
34 187
34 192
34 227
35 82
35 119
35 129
35 131
35 155
35 236
35 256
36 45
36 90
36 129
36 139
36 174
36 186
36 187
36 235
36 236
36 250
36 287
37 51
37 82
37 133
37 140
37 165
37 171
37 180
37 183
37 203
37 216
37 222
37 250
37 279
37 292
38 40
38 83
38 86
38 140
38 159
38 171
38 215
38 227
38 264
39 53
39 102
39 107
39 131
39 159
39 184
39 192
39 221
39 249
39 298
40 140
40 240
40 247
40 259
41 53
41 60
41 98
41 149
41 194
41 203
41 249
41 291
42 62
42 72
42 85
42 112
42 131
42 141
42 143
42 149
42 177
42 190
42 208
42 223
42 248
43 50
43 156
43 205
43 224
43 239
43 268
44 59
44 60
44 65
44 79
44 81
44 153
44 172
44 174
44 187
44 204
44 208
44 210
44 254
44 258
44 261
44 264
44 278
44 279
44 295
45 46
45 59
45 116
45 144
45 159
45 167
45 181
45 239
45 241
45 277
46 97
46 210
46 265
46 269
47 82
47 196
47 209
47 225
47 284
47 285
48 68
48 94
48 113
48 122
48 131
48 182
48 184
48 187
48 249
48 250
48 251
48 252
49 61
49 81
49 112
49 118
49 122
49 137
49 141
49 142
49 149
49 215
49 228
50 82
50 89
50 98
50 104
50 119
50 120
50 149
50 164
50 174
50 200
50 215
50 223
50 287
51 84
51 124
51 189
51 192
51 253
51 263
51 266
52 113
52 137
52 190
52 208
52 267
52 269
52 278
53 77
53 86
53 87
53 96
53 122
53 132
53 149
53 161
53 240
53 243
53 284
53 290
54 70
54 79
54 130
54 159
54 220
54 223
54 225
54 243
54 296
55 77
55 130
55 158
55 170
55 213
55 232
55 236
55 260
55 277
56 110
56 114
56 160
56 172
56 201
56 237
56 273
56 275
56 276
56 288
56 291
56 292
57 135
57 153
57 164
57 173
57 202
57 239
58 110
58 130
58 133
58 150
58 206
58 223
58 250
58 279
58 289
58 290
58 292
58 299
59 94
59 98
59 196
59 207
59 233
59 296
60 70
60 89
60 90
60 98
60 115
60 134
60 190
60 196
60 291
60 297
61 121
61 166
61 173
61 217
61 220
61 228
61 283
62 133
62 137
62 220
62 233
62 240
62 253
62 273
63 87
63 91
63 101
63 157
63 170
63 188
63 196
63 215
63 251
63 257
64 65
64 148
64 190
64 191
64 192
64 216
64 227
64 249
64 263
65 84
65 111
65 115
65 127
65 134
65 137
65 190
65 191
65 272
66 70
66 72
66 87
66 154
66 161
66 162
66 237
67 91
67 114
67 124
67 162
67 194
67 265
67 292
68 86
68 114
68 148
68 150
68 151
68 167
68 178
68 236
68 238
68 247
68 266
68 285
69 70
69 77
69 133
69 137
69 139
69 177
69 198
69 261
70 78
70 91
70 93
70 118
70 121
70 210
70 213
70 237
70 278
71 77
71 162
71 168
71 180
71 213
71 228
71 237
71 259
72 100
72 169
72 178
72 184
72 194
72 199
72 230
73 103
73 167
73 193
73 248
73 264
74 88
74 149
74 246
74 285
75 97
75 121
75 168
75 190
75 195
75 245
75 274
75 288
76 87
76 111
76 127
76 142
76 143
76 147
76 196
76 228
76 261
76 284
77 111
77 129
77 147
77 168
77 175
77 216
77 224
77 235
77 254
77 258
77 267
77 289
78 85
78 96
78 104
78 132
78 144
78 145
78 188
78 206
78 225
78 226
78 255
78 263
79 87
79 95
79 106
79 129
79 159
79 201
79 202
79 209
79 224
79 225
79 239
79 240
79 285
79 298
80 106
80 183
80 234
80 242
80 278
81 105
81 113
81 119
81 128
81 168
81 174
81 245
81 265
82 85
82 131
82 162
82 175
82 209
82 281
82 287
83 105
83 155
83 200
83 214
83 227
83 265
84 113
84 122
84 124
84 207
84 215
84 218
84 251
84 292
85 111
85 112
85 130
85 138
85 141
85 176
85 182
85 208
85 212
85 224
85 227
85 247
85 260
85 280
86 88
86 102
86 130
86 154
86 176
86 178
86 200
86 203
86 213
86 215
86 252
86 276
86 277
87 104
87 108
87 192
87 211
87 251
87 269
87 284
87 288
88 129
88 155
88 164
88 170
88 173
88 175
88 188
88 203
89 124
89 127
89 133
89 146
89 155
89 194
89 203
89 276
89 281
90 185
90 231
90 250
90 273
90 287
90 293
90 297
91 133
91 175
91 179
91 195
91 253
91 269
92 119
92 130
92 152
92 160
92 172
92 178
92 195
92 211
92 264
92 273
92 290
93 94
93 102
93 107
93 110
93 112
93 125
93 131
93 142
93 163
93 182
93 207
93 208
93 247
93 257
93 269
93 284
93 286
94 152
94 173
94 196
94 242
94 250
94 251
94 252
94 288
95 229
95 267
95 268
95 269
96 128
96 193
96 210
96 223
96 227
97 116
97 124
97 129
97 197
97 204
97 222
97 262
98 127
98 200
98 224
98 234
99 120
99 138
99 141
99 215
99 280
100 134
100 143
100 151
100 159
100 187
100 233
101 106
101 110
101 123
101 156
101 186
101 205
101 269
101 290
101 293
101 298
102 123
102 178
102 227
102 235
102 270
102 280
103 113
103 137
103 160
103 206
103 239
103 242
103 264
103 272
103 274
103 276
103 291
104 115
104 138
104 154
104 155
104 169
104 188
104 198
104 251
104 272
105 110
105 129
105 186
105 213
105 230
105 236
105 237
105 261
105 279
105 292
105 299
106 121
106 138
106 181
106 253
106 271
107 122
107 167
107 192
107 209
107 251
107 261
107 287
108 128
108 132
108 148
108 159
108 167
108 173
108 181
108 238
108 245
109 123
109 194
109 219
109 220
109 244
109 254
110 120
110 135
110 142
110 188
110 195
110 196
110 209
110 242
110 250
110 256
110 286
110 299
111 152
111 180
111 183
111 199
111 211
111 287
111 288
112 113
112 140
112 152
112 248
112 256
112 258
113 180
113 195
113 230
113 260
113 265
114 138
114 152
114 169
114 198
114 218
114 238
114 259
115 124
115 140
115 143
115 153
115 167
115 172
115 175
115 177
115 200
115 231
115 238
115 239
115 243
115 267
116 134
116 155
116 203
116 227
116 264
116 275
117 143
117 205
117 264
118 121
118 151
118 183
118 226
118 258
118 268
119 250
120 127
120 132
120 152
120 159
120 242
120 260
121 164
121 165
121 177
121 182
121 216
121 228
121 254
121 266
121 269
121 282
121 297
122 212
122 222
122 226
122 241
122 243
122 250
122 252
122 257
122 271
122 277
122 284
123 124
123 136
123 146
123 147
123 198
123 257
123 285
124 134
124 207
124 213
124 295
125 133
125 204
125 212
125 233
125 264
125 270
125 286
126 143
126 152
126 175
126 270
126 278
126 282
127 134
127 169
128 148
128 161
128 233
128 238
128 248
128 285
129 194
129 257
129 292
130 165
130 255
130 259
130 275
130 277
130 293
131 151
131 159
131 191
131 248
131 296
132 146
132 161
132 175
132 184
132 203
132 230
132 263
132 283
133 137
133 186
133 204
133 229
133 250
133 272
133 286
133 287
133 296
134 147
134 163
134 201
134 215
134 217
134 230
134 236
134 279
135 140
135 141
135 168
135 182
135 184
135 189
135 194
135 199
135 248
135 267
135 284
136 156
137 179
137 181
137 213
137 263
137 273
137 278
137 296
138 209
138 225
138 241
138 280
138 284
138 287
139 162
139 175
139 181
139 211
139 286
139 295
140 146
140 180
140 192
140 195
140 260
140 274
140 289
141 142
141 162
141 167
141 177
141 219
141 291
142 150
142 165
142 168
142 219
142 254
142 282
143 159
143 170
143 173
143 181
143 256
144 167
144 178
144 197
144 206
144 224
144 275
144 295
145 163
145 171
145 181
145 186
145 197
145 210
145 225
145 249
145 259
146 170
146 174
146 202
146 208
146 246
146 277
147 205
147 253
148 177
149 161
149 203
149 206
149 207
149 223
149 225
149 237
149 262
149 268
149 271
150 192
150 212
150 234
150 246
150 258
150 274
150 284
151 157
151 174
151 193
151 263
151 265
151 285
152 153
152 234
152 236
152 270
152 279
152 293
153 159
153 165
153 184
153 228
153 234
153 243
153 262
154 162
154 193
154 220
154 248
154 268
154 286
155 194
155 205
155 209
155 217
155 235
155 250
155 255
155 271
156 162
156 185
156 206
156 211
156 253
156 254
156 294
157 178
157 180
157 181
157 190
157 252
157 269
158 173
158 178
158 179
158 200
158 222
158 236
158 243
158 251
158 257
158 277
158 284
158 288
159 166
159 180
159 199
159 232
159 247
159 282
160 167
160 248
160 250
160 292
160 296
161 172
161 190
161 219
161 247
161 276
161 281
162 180
162 189
162 251
163 168
163 173
163 194
163 233
163 259
163 266
163 294
164 190
164 206
164 221
164 235
164 243
165 178
165 204
165 224
165 278
166 181
166 191
166 220
166 230
166 246
166 256
166 275
167 173
167 262
167 267
168 211
168 222
168 226
168 248
169 173
169 263
169 265
169 268
170 196
170 221
170 222
170 239
170 241
170 286
171 221
171 231
171 257
171 277
172 176
172 199
172 214
172 224
172 245
172 258
172 286
173 188
173 235
173 278
173 289
173 291
173 292
174 176
174 178
174 182
174 192
174 229
174 242
174 270
175 176
175 192
175 229
175 230
175 252
175 263
175 294
176 192
176 217
176 247
177 187
177 197
177 210
177 231
177 248
177 270
178 206
178 227
179 221
179 234
179 261
179 267
180 216
180 247
180 257
180 262
180 290
181 263
181 293
182 201
182 229
182 232
182 241
183 191
183 197
183 242
183 245
183 297
184 190
184 201
184 227
184 232
184 248
184 264
184 267
185 202
185 219
185 224
185 237
185 240
186 202
186 208
186 225
186 246
186 247
186 268
186 291
186 294
187 207
187 238
187 246
187 248
187 251
187 252
187 264
187 281
188 199
188 239
188 243
188 270
188 295
188 297
189 190
189 233
189 238
189 265
189 270
189 290
189 291
190 271
190 295
191 197
191 249
191 296
192 204
192 217
192 240
192 246
192 263
192 270
192 288
193 196
193 217
193 230
193 254
193 256
193 263
194 215
194 231
194 274
195 202
195 219
195 242
195 267
195 282
195 289
196 201
196 205
196 251
196 278
196 281
196 288
196 290
196 295
197 200
197 202
197 205
197 226
197 252
197 253
197 291
198 241
198 251
198 267
198 288
199 223
199 233
199 256
199 265
200 220
200 250
200 280
200 298
201 274
201 297
202 209
202 214
202 241
202 244
202 265
202 284
203 230
203 277
204 221
204 240
204 271
204 275
205 206
205 220
205 254
205 273
205 282
206 213
206 259
206 291
207 225
207 235
207 254
207 266
207 293
207 295
208 225
208 249
209 220
209 240
209 244
209 261
209 269
209 272
209 283
210 257
210 270
211 219
211 225
211 256
211 268
211 292
212 276
212 286
212 292
213 230
213 290
214 243
214 250
214 266
214 271
215 237
215 252
216 217
216 234
216 239
216 244
216 268
216 272
216 284
217 232
217 235
217 246
217 264
217 274
218 277
219 226
219 274
219 281
219 284
220 221
220 231
220 254
220 264
221 226
221 250
221 276
221 290
222 228
222 232
222 235
222 248
222 270
223 275
223 278
224 228
225 243
225 251
225 261
225 294
226 264
226 273
227 253
227 263
228 229
229 238
229 249
229 277
229 286
229 290
230 234
231 240
231 249
231 256
231 266
231 269
231 275
232 247
232 278
232 299
233 239
233 265
234 246
234 260
234 264
234 281
235 258
235 264
235 287
235 292
236 252
236 253
237 255
237 275
238 284
240 279
241 273
241 277
242 249
242 254
242 258
242 275
242 291
243 246
243 262
243 283
243 287
244 245
245 263
245 282
246 253
246 264
247 262
247 294
248 264
248 296
249 259
249 284
249 285
250 286
250 297
251 281
251 297
252 278
253 291
254 256
254 270
255 286
256 270
257 275
258 281
260 266
261 293
263 266
263 272
263 286
264 289
266 272
267 299
268 276
268 277
268 281
268 293
269 273
269 295
270 274
270 277
270 294
272 294
272 295
273 288
274 276
274 297
277 281
278 293
278 298
280 287
281 291
284 296
286 292
286 299
288 295
290 291
292 294
294 298
