1
0 173
0 435
1 200
1 544
2 390
2 502
3 499
3 527
4 432
4 758
5 379
5 382
6 328
6 882
7 121
7 652
8 475
8 529
9 169
9 226
10 291
10 362
11 118
11 350
12 361
12 444
13 310
13 649
14 540
14 548
15 413
15 823
16 766
16 810
17 177
17 279
18 55
18 828
19 433
19 679
20 629
20 834
21 387
21 419
22 26
22 186
23 262
23 413
24 183
24 339
25 46
25 56
26 883
27 101
27 522
28 692
28 854
29 434
29 858
30 199
30 368
31 209
31 465
32 824
32 843
33 89
33 197
34 731
34 845
35 549
35 820
36 470
36 571
37 712
37 867
38 519
38 545
39 176
39 836
40 50
40 452
41 278
41 668
42 623
42 880
43 239
43 741
44 822
44 827
45 563
45 744
46 392
47 261
47 399
48 110
48 441
49 178
49 872
50 678
51 545
51 660
52 283
52 521
53 83
53 337
54 269
54 884
55 709
56 857
57 382
57 488
58 131
58 725
59 541
59 627
60 479
60 834
61 451
61 496
62 318
62 391
63 102
63 576
64 263
64 267
65 672
65 797
66 202
66 584
67 205
67 759
68 229
68 612
69 810
69 816
70 191
70 477
71 107
71 374
72 803
72 888
73 371
73 727
74 205
74 211
75 848
75 882
76 219
76 788
77 321
77 897
78 503
78 721
79 102
79 440
80 710
80 876
81 117
81 783
82 460
82 826
83 178
84 101
84 463
85 509
85 717
86 407
86 550
87 485
87 890
88 236
88 815
89 555
90 751
90 782
91 272
91 335
92 159
92 351
93 268
93 333
94 149
94 852
95 299
95 323
96 300
96 463
97 157
97 739
98 585
98 870
99 120
99 474
100 392
100 853
103 593
103 748
104 489
104 585
105 117
105 624
106 188
106 568
107 167
108 316
108 395
109 359
109 747
110 778
111 207
111 274
112 179
112 565
113 520
113 611
114 776
114 833
115 505
115 692
116 319
116 411
118 165
119 349
119 361
120 523
121 122
122 761
123 436
123 764
124 302
124 804
125 153
125 755
126 400
126 790
127 807
127 859
128 308
128 787
129 253
129 847
130 234
130 535
131 686
132 222
132 736
133 581
133 795
134 354
134 621
135 319
135 516
136 342
136 691
137 414
137 762
138 276
138 422
139 769
139 822
140 285
140 560
141 289
141 786
142 271
142 713
143 287
143 603
144 424
144 645
145 695
145 808
146 541
146 881
147 420
147 434
148 154
148 820
149 494
150 421
150 530
151 576
151 611
152 216
152 460
153 538
154 844
155 687
155 828
156 610
156 775
157 594
158 368
158 448
159 661
160 604
160 669
161 635
161 770
162 256
162 278
163 274
163 297
164 771
164 886
165 482
166 186
166 526
167 340
168 765
168 772
169 735
170 471
170 546
171 417
171 443
172 398
172 459
173 410
174 489
174 498
175 451
175 743
176 402
177 711
179 763
180 492
180 894
181 241
181 746
182 646
182 798
183 895
184 676
184 724
185 554
185 754
187 547
187 757
188 271
189 661
189 789
190 452
190 752
191 470
192 322
192 847
193 341
193 389
194 365
194 833
195 476
195 889
196 650
196 699
197 689
198 614
198 624
199 266
200 339
201 300
201 819
202 654
203 242
203 896
204 780
204 864
206 651
206 743
207 352
208 673
208 741
209 472
210 562
210 635
211 232
212 525
212 631
213 238
213 443
214 728
214 731
215 756
215 866
216 813
217 456
217 843
218 533
218 559
219 412
220 447
220 543
221 616
221 685
222 323
223 672
223 744
224 467
224 842
225 849
225 867
226 407
227 532
227 565
228 526
228 572
229 666
230 268
230 564
231 641
231 642
232 607
233 275
233 873
234 878
235 307
235 575
236 887
237 542
237 784
238 492
239 885
240 670
240 740
241 813
242 356
243 375
243 567
244 640
244 879
245 811
245 872
246 250
246 305
247 338
247 360
248 484
248 795
249 391
249 835
250 448
251 466
251 700
252 515
252 769
253 645
254 487
254 812
255 364
255 869
256 790
257 655
257 718
258 354
258 807
259 302
259 381
260 282
260 518
261 601
262 749
263 841
264 682
264 893
265 668
265 720
266 688
267 315
269 326
270 431
270 703
272 898
273 501
273 544
275 344
276 781
277 788
277 894
279 851
280 591
280 623
281 518
281 581
282 294
283 772
284 320
284 774
285 298
286 359
286 416
287 638
288 777
288 855
289 706
290 422
290 536
291 791
292 531
292 898
293 580
293 680
294 705
295 317
295 818
296 864
296 890
297 656
298 385
299 686
301 513
301 524
303 632
303 785
304 420
304 673
305 615
306 324
306 609
307 859
308 321
309 340
309 693
310 317
311 514
311 650
312 377
312 630
313 556
313 571
314 496
314 881
315 418
316 485
318 838
320 333
322 405
324 735
325 381
325 530
326 724
327 619
327 780
328 896
329 462
329 865
330 331
330 632
331 529
332 341
332 598
334 345
334 481
335 702
336 542
336 634
337 517
338 825
342 631
343 707
343 873
344 860
345 601
346 353
346 596
347 357
347 757
348 401
348 551
349 404
350 437
351 662
352 729
353 656
355 500
355 831
357 767
358 472
358 754
360 756
362 776
363 540
363 835
364 862
365 866
366 491
366 516
367 450
367 760
369 539
369 587
370 386
370 651
371 683
372 682
372 727
373 439
373 475
374 876
375 671
376 745
376 783
377 899
378 570
378 786
379 830
380 447
380 583
383 427
383 750
384 445
384 511
385 886
386 665
387 874
388 603
388 855
389 659
390 547
393 495
393 698
394 425
394 737
395 747
396 500
396 588
397 555
397 817
398 533
399 839
400 643
401 871
402 424
403 490
403 885
404 513
405 730
406 414
406 704
408 705
408 745
409 562
409 862
410 734
411 579
412 577
415 630
415 649
416 595
417 678
418 646
419 454
421 746
423 590
423 829
425 800
426 584
426 779
427 438
428 626
428 801
429 537
429 681
430 625
430 811
431 605
432 548
433 778
435 658
436 524
437 742
438 582
439 481
440 665
441 625
442 539
442 664
444 721
445 809
446 478
446 617
449 605
449 784
450 568
453 474
453 777
454 793
455 607
455 720
456 707
457 578
457 817
458 592
458 840
459 796
461 753
461 816
462 599
464 597
464 608
465 891
466 869
467 488
468 537
468 848
469 497
469 792
471 708
473 697
473 736
476 732
477 636
478 792
479 799
480 574
480 696
482 857
483 573
483 716
484 831
486 606
486 669
487 660
490 626
491 636
493 564
493 825
494 657
495 608
497 561
498 536
499 677
501 505
502 870
503 629
504 725
504 837
506 815
506 880
507 685
508 593
508 677
509 569
510 570
510 799
511 535
512 598
512 868
514 684
515 647
517 812
519 580
520 856
521 658
522 700
523 667
525 740
527 675
528 699
528 798
531 883
532 674
534 796
534 805
538 618
543 595
546 592
549 557
550 667
551 719
552 589
552 655
553 690
553 718
554 614
556 596
557 753
558 639
558 728
559 742
560 588
561 653
563 892
566 615
566 840
567 606
569 628
572 823
573 879
574 895
575 787
577 861
578 639
579 759
582 663
583 794
586 633
586 732
587 713
589 794
590 858
591 889
594 827
597 824
599 779
600 602
600 691
602 850
604 622
609 839
610 875
612 767
613 689
613 698
616 620
617 844
618 708
619 723
620 832
621 877
622 865
627 706
628 829
633 766
634 664
637 726
637 738
638 733
640 874
641 789
642 814
643 737
644 722
644 863
647 819
648 654
648 863
652 897
653 751
657 878
659 875
662 791
663 793
666 892
670 674
671 851
675 761
676 842
679 861
680 690
681 802
683 714
684 773
687 821
688 763
693 860
694 768
694 826
695 801
696 818
697 726
701 768
701 849
702 891
703 838
704 738
709 806
710 868
711 714
712 832
715 739
715 841
716 803
717 764
719 750
722 846
723 755
729 808
730 773
733 856
734 899
748 809
749 765
752 836
758 800
760 853
762 770
771 877
774 782
775 854
781 887
785 884
797 846
802 888
804 852
805 837
806 830
814 850
821 845
871 893
900 356
901 507
-1 -1
751.955
