1
0 464
0 512
1 73
1 86
2 3
2 898
3 54
4 8
4 10
5 317
5 455
6 72
6 490
7 452
7 493
8 467
9 517
9 679
10 65
11 461
11 462
12 617
12 643
13 549
13 654
14 182
14 367
15 74
15 308
16 644
16 871
17 32
17 53
18 675
18 873
19 591
19 773
20 23
20 591
21 103
21 251
22 432
22 558
23 468
24 48
24 59
25 36
25 223
26 402
26 475
27 570
27 579
28 483
28 607
29 650
29 782
30 84
30 121
31 142
31 507
32 507
33 48
33 451
34 255
34 364
35 457
35 638
36 465
37 230
37 324
38 277
38 836
39 347
39 580
40 352
40 438
41 313
41 807
42 63
42 235
43 491
43 827
44 191
44 280
45 551
45 640
46 302
46 341
47 195
47 602
49 367
49 682
50 731
50 763
51 82
51 704
52 61
52 118
53 715
54 210
55 742
55 892
56 622
56 854
57 131
57 528
58 656
58 822
59 213
60 576
60 821
61 647
62 77
62 702
63 790
64 389
64 594
65 385
66 92
66 789
67 275
67 401
68 546
68 664
69 799
69 880
70 218
70 463
71 368
71 823
72 863
73 323
74 298
75 330
75 647
76 663
76 837
77 649
78 582
78 848
79 615
79 729
80 132
80 173
81 788
81 849
82 841
83 619
83 831
84 274
85 657
85 763
86 358
87 745
87 825
88 298
88 712
89 252
89 421
90 235
90 858
91 306
91 532
92 345
93 335
93 626
94 489
94 527
95 584
95 840
96 876
96 891
97 523
97 531
98 125
98 316
99 171
99 253
100 741
100 880
101 250
101 852
102 307
102 850
103 519
104 338
104 428
105 223
105 416
106 294
106 450
107 297
107 874
108 229
108 280
109 123
109 397
110 429
110 886
111 119
111 861
112 287
112 391
113 722
113 774
114 440
114 817
115 574
115 734
116 493
116 840
117 255
117 523
118 241
119 643
120 409
120 437
121 516
122 494
122 514
123 451
124 340
124 717
125 276
126 446
126 701
127 556
127 595
128 344
128 442
129 152
129 824
130 300
130 633
131 433
132 696
133 460
133 800
134 443
134 637
135 339
135 815
136 808
136 850
137 395
137 470
138 415
138 648
139 226
139 699
140 564
140 757
141 200
141 249
142 809
143 281
143 360
144 159
144 303
145 674
145 861
146 153
146 598
147 284
147 434
148 521
148 826
149 208
149 511
150 348
150 797
151 347
151 612
152 780
153 394
154 455
154 544
155 239
155 749
156 319
156 610
157 278
157 303
158 203
158 322
159 621
160 522
160 837
161 327
161 735
162 389
162 821
163 472
163 517
164 431
164 777
165 383
165 894
166 351
166 664
167 173
167 417
168 545
168 725
169 677
169 860
170 376
170 864
171 271
172 334
172 592
174 596
174 693
175 630
175 727
176 264
176 730
177 226
177 406
178 296
178 320
179 306
179 333
180 352
180 528
181 669
181 694
182 819
183 371
183 814
184 205
184 873
185 603
185 825
186 562
186 573
187 334
187 370
188 531
188 711
189 378
189 467
190 414
190 550
191 810
192 478
192 598
193 243
193 737
194 597
194 862
195 839
196 377
196 600
197 310
197 518
198 561
198 666
199 773
199 889
200 776
201 502
201 611
202 415
202 696
203 215
204 374
204 625
205 587
206 612
206 688
207 684
207 877
208 354
209 477
209 555
210 699
211 738
211 843
212 432
212 867
213 288
214 372
214 608
215 342
216 584
216 642
217 369
217 866
218 230
219 413
219 516
220 322
220 572
221 409
221 431
222 242
222 440
224 515
224 812
225 342
225 852
227 554
227 841
228 495
228 882
229 802
231 274
231 510
232 300
232 784
233 249
233 337
234 425
234 829
236 620
236 868
237 248
237 511
238 332
238 701
239 312
240 536
240 689
241 801
242 898
243 412
244 269
244 765
245 354
245 764
246 803
246 828
247 283
247 798
248 871
250 563
251 798
252 501
253 669
254 491
254 567
256 488
256 692
257 537
257 654
258 676
258 814
259 420
259 706
260 771
260 868
261 646
261 686
262 314
262 383
263 752
263 851
264 657
265 270
265 310
266 775
266 830
267 382
267 747
268 305
268 786
269 424
270 697
271 815
272 652
272 702
273 444
273 853
275 569
276 832
277 755
278 301
279 610
279 733
281 835
282 700
282 813
283 750
284 890
285 627
285 729
286 373
286 479
287 645
288 830
289 459
289 872
290 398
290 665
291 363
291 447
292 606
292 820
293 580
293 772
294 631
295 753
295 812
296 512
297 776
299 406
299 778
301 745
302 883
304 439
304 746
305 728
307 742
308 698
309 476
309 627
311 464
311 716
312 872
313 544
314 366
315 355
315 449
316 510
317 786
318 356
318 828
319 599
320 427
321 760
321 883
323 897
324 691
325 359
325 790
326 750
326 878
327 629
328 381
328 613
329 358
329 446
330 724
331 679
331 846
332 676
333 691
335 371
336 785
336 874
337 385
338 807
339 726
340 892
341 668
343 490
343 509
344 346
345 870
346 477
348 388
349 380
349 553
350 484
350 738
351 658
353 636
353 749
355 787
356 770
357 422
357 719
359 562
360 710
361 588
361 793
362 624
362 756
363 373
364 651
365 589
365 757
366 553
368 785
369 388
370 597
372 780
374 443
375 448
375 732
376 557
377 752
378 434
379 651
379 844
380 475
381 847
382 766
384 404
384 681
386 625
386 638
387 587
387 813
390 577
390 899
391 764
392 525
392 646
393 703
393 847
394 473
395 520
396 485
396 674
397 606
398 895
399 843
399 858
400 503
400 652
401 896
402 413
403 420
403 452
404 712
405 472
405 593
407 615
407 751
408 541
408 602
410 616
410 714
411 495
411 893
412 687
414 845
416 575
417 698
418 582
418 855
419 529
419 545
421 526
422 509
423 447
423 817
424 670
425 770
426 720
426 796
427 438
428 486
429 675
430 480
430 633
433 611
435 549
435 746
436 506
436 660
437 506
439 762
441 659
441 853
442 456
444 573
445 577
445 766
448 564
449 558
450 875
453 520
453 838
454 739
454 761
456 519
457 513
458 514
458 551
459 769
460 655
461 538
462 605
463 818
465 632
466 673
466 690
468 748
469 563
469 806
470 543
471 480
471 607
473 505
474 496
474 502
476 492
478 877
479 530
481 672
481 793
482 599
482 767
483 552
484 649
485 744
486 755
487 671
487 709
488 635
489 718
492 706
494 498
496 560
497 508
497 831
498 759
499 774
499 886
500 613
500 754
501 816
503 709
504 687
504 878
505 621
508 585
513 884
515 593
518 711
521 583
522 899
524 631
524 879
525 628
526 578
527 795
529 717
530 857
532 891
533 535
533 889
534 718
535 737
536 799
537 862
538 541
539 571
539 839
540 781
540 876
542 833
542 848
543 616
546 767
547 583
547 605
548 569
548 678
550 810
552 592
554 668
555 875
556 809
557 869
559 660
559 829
560 572
561 802
565 743
565 888
566 695
566 791
567 811
568 667
568 851
570 671
571 842
574 684
575 596
576 724
578 636
579 768
581 688
581 835
585 705
586 697
586 888
588 794
589 716
590 784
590 833
594 855
595 866
600 856
601 714
601 863
603 736
604 670
604 680
608 730
609 640
609 795
614 626
614 781
617 760
618 859
619 682
620 680
622 777
623 756
623 882
624 694
628 881
629 639
630 804
632 842
634 650
634 747
635 820
637 819
639 823
641 736
641 775
642 816
644 663
645 707
648 658
653 827
653 897
655 779
656 659
661 800
661 879
662 690
662 695
665 705
666 744
667 783
672 685
673 806
677 751
678 805
681 846
683 788
683 887
685 725
686 869
689 895
692 771
693 783
700 721
703 894
704 758
707 713
708 803
708 893
710 836
713 796
715 778
719 720
721 728
722 832
723 792
723 808
726 822
727 754
731 765
732 854
733 794
734 890
735 818
739 881
740 753
740 896
741 787
743 762
748 838
758 865
759 870
761 844
768 887
769 884
772 782
779 801
789 860
791 859
792 797
804 865
805 885
811 849
824 834
826 857
834 845
856 867
864 885
900 618
901 534
-1 -1
22.3801
