1
0 29
0 725
1 167
1 535
2 52
2 578
3 227
3 811
4 238
4 742
5 379
5 660
6 45
6 537
7 137
7 530
8 422
8 818
9 269
9 372
10 378
10 395
11 33
11 698
12 264
12 630
13 455
13 611
14 153
14 685
15 158
15 377
16 234
16 585
17 34
17 179
18 712
18 887
19 178
19 234
20 83
20 395
21 184
21 364
22 74
22 244
23 289
23 555
24 94
24 431
25 462
25 552
26 174
26 319
27 327
27 605
28 260
28 269
29 894
30 180
30 545
31 205
31 413
32 35
32 506
33 108
34 713
35 638
36 220
36 700
37 116
37 840
38 198
38 544
39 237
39 362
40 260
40 558
41 488
41 681
42 159
42 689
43 83
43 427
44 241
44 863
45 314
46 452
46 565
47 728
47 813
48 125
48 239
49 530
49 724
50 129
50 633
51 207
51 737
52 351
53 146
53 264
54 138
54 645
55 226
55 237
56 77
56 648
57 348
57 397
58 735
58 739
59 236
59 723
60 191
60 552
61 697
61 720
62 421
62 738
63 252
63 625
64 290
64 663
65 255
65 671
66 627
66 874
67 279
67 734
68 787
68 891
69 439
69 666
70 117
70 641
71 828
71 838
72 277
72 767
73 281
73 743
74 607
75 323
75 338
76 163
76 732
77 210
78 577
78 610
79 313
79 798
80 199
80 774
81 223
81 410
82 626
82 685
84 705
84 714
85 363
85 365
86 584
86 711
87 380
87 734
88 429
88 724
89 481
89 847
90 120
90 550
91 509
91 622
92 168
92 362
93 141
93 764
94 223
95 820
95 861
96 725
96 854
97 213
97 228
98 256
98 394
99 215
99 258
100 419
100 876
101 478
101 796
102 115
102 377
103 349
103 687
104 375
104 587
105 370
105 569
106 797
106 835
107 649
107 859
108 549
109 135
109 317
110 413
110 435
111 312
111 529
112 366
112 661
113 303
113 678
114 616
114 873
115 585
116 801
117 703
118 661
118 747
119 154
119 308
120 779
121 534
121 688
122 431
122 709
123 401
123 885
124 129
124 293
125 793
126 250
126 875
127 259
127 753
128 284
128 350
130 668
130 883
131 149
131 830
132 165
132 222
133 363
133 440
134 280
134 740
135 353
136 330
136 719
137 356
138 765
139 617
139 816
140 605
140 859
141 600
142 556
142 852
143 195
143 442
144 628
144 809
145 329
145 352
146 636
147 182
147 225
148 442
148 715
149 151
150 580
150 790
151 801
152 261
152 803
153 283
154 194
155 492
155 553
156 265
156 331
157 425
157 582
158 352
159 517
160 328
160 674
161 606
161 712
162 182
162 642
163 487
164 385
164 825
165 240
166 574
166 807
167 368
168 807
169 467
169 796
170 384
170 784
171 866
172 177
172 434
173 694
173 771
174 404
175 535
175 790
176 677
176 745
177 762
178 513
179 569
180 486
181 272
181 820
183 449
183 561
184 548
185 347
185 538
186 680
186 862
187 403
187 828
188 457
188 669
189 274
189 277
190 430
190 842
191 827
192 575
192 832
193 693
193 863
194 432
195 639
196 261
196 495
197 343
197 688
198 479
199 641
200 239
200 358
201 614
201 794
202 253
202 263
203 378
203 483
204 640
204 813
205 449
206 484
206 594
207 270
208 246
208 748
209 602
209 804
210 456
211 423
211 704
212 730
212 744
213 310
214 218
214 600
215 650
216 516
216 822
217 295
217 424
218 575
219 225
219 631
220 464
221 462
221 651
222 861
224 841
224 880
226 376
227 668
228 335
229 253
229 276
230 405
230 524
231 372
231 654
232 406
232 809
233 242
233 367
235 380
235 489
236 543
238 398
240 630
241 647
242 665
243 565
243 761
244 788
245 480
245 540
246 635
247 330
247 839
248 696
248 848
249 271
249 355
250 657
251 501
251 899
252 320
254 866
254 888
255 376
256 257
257 266
258 332
259 659
262 295
262 324
263 607
265 665
266 312
267 752
267 857
268 488
268 677
270 615
271 494
272 603
273 475
273 848
274 472
275 342
275 536
276 337
278 296
278 897
279 664
280 340
281 805
282 629
282 895
283 393
284 770
285 457
285 475
286 881
286 890
287 798
287 827
288 525
288 898
289 612
290 387
291 589
291 622
292 300
292 634
293 563
294 324
294 560
296 662
297 454
297 528
298 612
298 721
299 568
299 609
300 826
301 394
301 787
302 591
302 707
303 876
304 329
304 821
305 347
305 384
306 381
306 864
307 357
307 414
308 800
309 804
309 897
310 417
311 568
311 858
313 683
314 598
315 749
315 851
316 415
316 778
317 775
318 458
318 642
319 502
320 470
321 644
321 664
322 563
322 853
323 438
325 648
325 780
326 504
326 693
327 592
328 884
331 710
332 883
333 513
333 860
334 374
334 427
335 527
336 522
336 842
337 695
338 698
339 590
339 606
340 750
341 429
341 433
342 391
343 845
344 428
344 702
345 674
345 858
346 388
346 795
348 499
349 658
350 598
351 496
353 762
354 364
354 834
355 752
356 589
357 819
358 383
359 695
359 746
360 491
360 838
361 560
361 686
365 774
366 463
367 454
368 494
369 401
369 444
370 672
371 640
371 678
373 407
373 536
374 515
375 772
379 656
381 389
382 652
382 726
383 794
385 806
386 422
386 723
387 741
388 554
389 566
390 545
390 836
391 711
392 628
392 843
393 805
396 525
396 646
397 602
398 815
399 583
399 786
400 476
400 614
402 658
402 836
403 643
404 604
405 509
406 802
407 629
408 410
408 821
409 815
409 824
411 567
411 586
412 564
412 839
414 706
415 680
416 469
416 519
417 576
418 466
418 579
419 763
420 502
420 814
421 443
423 675
424 564
425 718
426 489
426 596
428 455
430 493
432 849
433 529
434 673
435 470
436 527
436 559
437 826
437 898
438 808
439 592
440 682
441 733
441 831
443 875
444 534
445 618
445 635
446 645
446 868
447 657
447 886
448 594
448 871
450 667
450 710
451 760
451 823
452 764
453 486
453 593
456 751
458 620
459 537
459 829
460 533
460 745
461 792
461 832
463 595
464 878
465 822
465 853
466 510
467 758
468 756
468 779
469 644
471 482
471 506
472 558
473 543
473 852
474 744
474 881
476 850
477 701
477 735
478 580
479 829
480 591
481 868
482 889
483 706
484 485
485 784
487 515
490 518
490 571
491 851
492 540
493 681
495 701
496 772
497 559
497 703
498 662
498 891
499 716
500 548
500 573
501 835
503 599
503 743
504 739
505 518
505 586
507 663
507 811
508 717
508 722
510 623
511 758
511 791
512 516
512 763
514 620
514 759
517 727
519 700
520 722
520 819
521 626
521 637
522 690
523 736
523 785
524 877
526 546
526 761
528 707
531 637
531 714
532 671
532 683
533 652
538 893
539 619
539 660
541 574
541 797
542 669
542 684
544 639
546 856
547 675
547 812
549 793
550 679
551 833
551 837
553 870
554 627
555 709
556 650
557 702
557 879
561 613
562 728
562 864
566 699
567 755
570 593
570 691
571 686
572 666
572 738
573 770
576 708
577 766
578 872
579 716
581 776
581 871
582 649
583 692
584 611
587 855
588 618
588 854
590 754
595 597
596 704
597 613
599 846
601 778
601 781
603 895
604 846
608 720
608 867
609 810
610 782
615 783
616 874
617 800
619 817
621 624
621 692
623 736
624 799
625 684
631 643
632 760
632 885
633 676
634 667
636 694
638 802
646 741
647 840
651 656
653 679
653 837
654 755
655 757
655 766
659 844
670 727
670 803
672 715
673 746
676 886
682 788
687 777
689 869
690 759
691 789
696 862
697 791
699 889
705 824
708 765
713 768
717 731
718 834
719 754
721 843
726 887
729 844
729 882
730 882
731 884
732 737
733 865
740 870
742 806
747 825
748 850
749 773
750 890
751 773
753 786
756 810
757 812
767 782
768 799
769 781
769 783
771 841
775 880
776 845
777 817
780 814
785 867
789 892
792 808
795 865
816 873
818 879
823 849
830 888
831 856
847 857
855 869
860 878
872 896
877 892
893 896
894 899
900 171
901 833
-1 -1
259.074
