100 300
0 98
0 5
0 8
0 59
0 93
0 37
1 51
1 35
1 69
1 39
1 12
1 14
2 64
2 54
2 25
2 11
2 62
2 15
3 65
3 67
3 5
3 9
3 12
3 31
4 91
4 85
4 24
4 42
4 59
4 95
5 96
5 38
5 22
5 29
6 35
6 84
6 22
6 7
6 90
6 76
7 97
7 82
7 23
7 56
7 13
8 84
8 37
8 36
8 12
8 47
9 36
9 69
9 41
9 92
9 29
10 64
10 82
10 51
10 37
10 74
10 91
11 20
11 87
11 68
11 55
11 77
12 32
12 83
12 62
13 27
13 34
13 83
13 91
13 95
14 18
14 52
14 61
14 82
14 77
15 97
15 22
15 23
15 60
15 46
16 49
16 18
16 99
16 53
16 35
16 59
17 98
17 54
17 55
17 76
17 44
17 94
18 68
18 85
18 20
18 78
19 48
19 70
19 24
19 60
19 44
19 28
20 49
20 71
20 56
20 89
21 65
21 68
21 86
21 55
21 71
21 63
22 72
22 75
22 28
23 82
23 52
23 39
23 79
24 50
24 99
24 73
24 89
25 33
25 53
25 74
25 61
25 95
26 64
26 33
26 85
26 81
26 45
26 61
27 48
27 50
27 83
27 52
27 47
28 68
28 41
28 91
28 30
29 66
29 84
29 58
29 30
30 33
30 70
30 39
30 63
31 67
31 52
31 57
31 43
31 44
32 38
32 41
32 47
32 76
32 44
33 34
33 70
33 43
34 56
34 76
34 46
34 61
35 68
35 89
35 73
36 58
36 92
36 62
36 47
37 91
37 42
37 46
38 59
38 56
38 58
38 43
39 81
39 71
39 75
40 65
40 85
40 71
40 56
40 73
40 60
41 76
41 53
41 72
42 97
42 81
42 92
42 62
43 69
43 93
43 94
44 50
44 60
45 98
45 54
45 92
45 66
45 77
46 80
46 66
46 94
47 59
47 62
48 66
48 70
48 88
48 61
49 80
49 86
49 54
49 57
50 96
50 80
50 81
51 56
51 65
51 88
51 60
52 69
52 90
53 81
53 93
53 79
54 86
54 77
55 99
55 69
55 77
57 87
57 71
57 93
57 94
58 96
58 88
58 74
59 64
60 94
61 95
62 74
63 96
63 72
63 89
63 92
64 67
64 89
65 90
65 75
66 90
66 79
67 84
67 85
67 72
68 82
69 97
70 81
70 88
71 98
72 85
72 87
73 86
73 91
73 95
74 83
74 87
75 99
75 93
75 78
76 78
77 88
78 80
78 90
78 82
79 97
79 98
79 89
80 84
80 95
83 84
83 90
86 87
86 92
87 93
88 99
94 97
96 99
96 98
