1
0 7
0 88
1 35
1 69
2 48
2 5
3 5
3 54
4 82
4 43
6 52
6 93
7 56
8 83
8 55
9 23
9 63
10 24
10 11
11 31
12 64
12 17
13 80
13 91
14 99
14 69
15 25
15 30
16 20
16 92
17 34
18 59
18 95
19 85
19 89
20 57
21 51
21 70
22 53
22 77
23 97
24 29
25 70
26 98
26 60
27 88
27 76
28 98
28 73
29 57
30 47
31 62
32 38
32 42
33 58
33 43
34 87
35 36
36 40
37 68
37 90
38 94
39 65
39 67
40 89
41 80
41 44
42 97
44 78
45 74
45 59
46 61
46 95
47 87
48 79
49 53
49 62
50 96
50 84
51 63
52 90
54 81
55 64
56 91
58 71
60 75
65 86
66 86
66 74
67 82
71 94
72 96
72 75
73 85
76 99
77 84
78 81
79 83
92 93
100 61
101 68
-1 -1
0.056051
