1
0 193
0 18
1 194
1 29
2 33
2 486
3 791
3 332
4 693
4 182
5 578
5 789
6 23
6 540
7 297
7 763
8 226
8 747
9 388
9 311
10 664
10 608
11 398
11 93
12 418
12 240
13 716
13 755
14 269
14 270
15 561
15 439
16 532
16 50
17 689
17 627
18 49
19 257
19 792
20 516
20 675
21 145
21 776
22 365
22 497
23 120
24 412
24 568
25 419
25 307
26 682
26 188
27 719
27 595
28 563
28 462
29 456
30 797
30 652
31 63
31 741
32 442
32 794
33 720
34 534
34 235
35 584
35 478
36 623
36 758
37 366
37 243
38 526
38 115
39 194
39 258
40 111
40 245
41 691
41 556
42 518
42 468
43 139
43 489
44 204
44 264
45 683
45 239
46 332
46 127
47 196
47 558
48 390
48 777
49 365
50 60
51 143
51 381
52 457
52 291
53 791
53 118
54 449
54 392
55 335
55 337
56 321
56 467
57 701
57 455
58 611
58 73
59 203
59 123
60 793
61 448
61 799
62 782
62 474
63 633
64 461
64 737
65 730
65 181
66 705
66 231
67 390
67 781
68 141
68 479
69 565
69 210
70 454
70 794
71 348
71 415
72 130
72 634
73 510
74 322
74 692
75 250
75 122
76 128
76 244
77 768
77 216
78 80
78 312
79 268
79 407
80 521
81 236
81 383
82 600
82 766
83 525
83 430
84 167
84 190
85 404
85 283
86 460
86 362
87 142
87 570
88 601
88 308
89 678
89 798
90 553
90 635
91 450
91 762
92 129
92 715
93 599
94 772
94 119
95 340
95 236
96 265
96 496
97 328
97 754
98 345
98 497
99 539
99 366
100 522
100 663
101 696
101 444
102 782
102 160
103 256
103 593
104 214
104 124
105 399
105 246
106 388
106 304
107 192
107 626
108 751
108 624
109 139
109 121
110 524
110 795
111 684
112 414
112 700
113 293
113 649
114 197
114 276
115 763
116 137
116 156
117 643
117 722
118 557
119 613
120 606
121 467
122 148
123 655
124 378
125 762
125 634
126 660
126 255
127 367
128 230
129 491
130 647
131 790
131 613
132 319
132 275
133 707
133 427
134 761
134 160
135 470
135 359
136 154
136 232
137 330
138 216
138 379
140 646
140 772
141 212
142 157
143 336
144 742
144 723
145 656
146 359
146 429
147 733
147 287
148 727
149 745
149 543
150 454
150 297
151 225
151 767
152 223
152 423
153 410
153 681
154 404
155 323
155 220
156 622
157 799
158 485
158 662
159 597
159 471
161 531
161 244
162 789
162 374
163 720
163 771
164 300
164 509
165 750
165 575
166 285
166 311
167 254
168 642
168 695
169 562
169 498
170 258
170 668
171 391
171 766
172 411
172 183
173 229
173 301
174 546
174 424
175 704
175 788
176 423
176 605
177 183
177 484
178 776
178 654
179 709
179 338
180 289
180 352
181 420
182 343
184 514
184 334
185 585
185 739
186 527
186 278
187 274
187 426
188 639
189 595
189 357
190 342
191 714
191 657
192 409
193 725
195 493
195 778
196 699
197 222
198 302
198 567
199 434
199 626
200 370
200 243
201 345
201 246
202 303
202 465
203 237
204 661
205 360
205 760
206 298
206 726
207 208
207 596
208 573
209 662
209 367
210 336
211 721
211 354
212 524
213 275
213 536
214 775
215 219
215 552
217 441
217 509
218 628
218 501
219 577
220 672
221 385
221 529
222 273
223 440
224 722
224 290
225 757
226 623
227 406
227 604
228 576
228 382
229 287
230 658
231 508
232 412
233 732
233 234
234 477
235 476
237 784
238 775
238 281
239 261
240 715
241 576
241 729
242 586
242 492
245 692
247 765
247 713
248 435
248 362
249 413
249 574
250 582
251 769
251 551
252 309
252 441
253 513
253 609
254 752
255 580
256 375
257 602
259 333
259 738
260 401
260 597
261 296
262 451
262 702
263 351
263 402
264 701
265 549
266 780
266 386
267 335
267 656
268 491
269 279
270 463
271 617
271 517
272 282
272 685
273 397
274 773
276 314
277 579
277 409
278 537
279 331
280 706
280 472
281 533
282 541
283 545
284 470
284 442
285 744
286 593
286 764
288 590
288 499
289 755
290 675
291 507
292 451
292 339
293 450
294 564
294 309
295 632
295 739
296 520
298 651
299 357
299 630
300 740
301 650
302 446
303 447
304 619
305 777
305 629
306 590
306 452
307 386
308 319
310 529
310 455
312 769
313 659
313 353
314 658
315 582
315 549
316 712
316 475
317 526
317 625
318 664
318 759
320 676
320 377
321 547
322 324
323 472
324 758
325 488
325 439
326 358
326 374
327 648
327 670
328 458
329 578
329 686
330 346
331 669
333 348
334 787
337 587
338 602
339 498
340 643
341 596
341 666
342 429
343 679
344 740
344 694
346 508
347 474
347 432
349 586
349 484
350 726
350 665
351 700
352 712
353 684
354 686
355 728
355 679
356 517
356 667
358 569
360 624
361 395
361 487
363 652
363 560
364 706
364 478
368 588
368 728
369 426
369 703
370 383
371 592
371 482
372 513
372 616
373 685
373 690
375 432
376 548
376 569
377 507
378 778
379 581
380 408
380 724
381 786
382 410
384 693
384 579
385 583
387 536
387 736
389 687
389 689
391 521
392 607
393 619
393 638
394 699
394 495
395 764
396 742
396 754
397 546
398 411
399 651
400 414
400 574
401 553
402 445
403 483
403 551
405 644
405 750
406 466
407 538
408 421
413 530
415 533
416 594
416 691
417 710
417 620
418 670
419 645
420 676
421 562
422 512
422 698
424 682
425 663
425 667
427 563
428 788
428 481
430 598
431 601
431 447
433 475
433 572
434 688
435 564
436 783
436 505
437 635
437 477
438 622
438 735
440 554
443 737
443 631
444 793
445 462
446 566
448 543
449 605
452 792
453 746
453 535
456 459
457 761
458 671
459 680
460 747
461 566
463 661
464 502
464 636
465 730
466 721
468 587
469 522
469 631
471 503
473 598
473 530
476 760
479 630
480 603
480 632
481 744
482 500
483 637
485 687
486 617
487 594
488 550
489 628
490 690
490 732
492 743
493 666
494 695
494 558
495 688
496 604
499 580
500 719
501 616
502 738
503 752
504 733
504 614
505 654
506 749
506 771
510 589
511 735
511 609
512 718
514 554
515 673
515 618
516 655
518 591
519 708
519 636
520 783
523 748
523 725
525 538
527 781
528 577
528 756
531 640
532 542
534 650
537 731
539 571
540 561
541 749
542 600
544 610
544 787
545 746
547 757
548 567
550 718
552 743
555 680
555 575
556 653
557 751
559 734
559 620
560 615
565 717
568 779
570 697
571 796
572 774
573 589
581 705
583 665
584 647
585 608
588 644
591 704
592 748
599 717
603 736
606 681
607 621
610 611
612 711
612 669
614 629
615 660
618 724
621 674
625 711
627 703
633 709
637 796
638 671
639 745
640 646
641 649
641 673
642 708
645 786
648 765
653 697
657 713
659 677
668 768
672 694
674 785
677 759
678 698
683 779
696 710
702 784
707 731
714 723
716 798
727 734
729 753
741 770
753 795
767 790
770 785
773 797
774 780
800 535
801 756
-1 -1
53.7842
