1
0 481
1 271
1 47
2 199
2 666
3 453
3 187
4 229
4 490
5 7
5 105
6 703
6 385
7 394
8 642
8 327
9 660
9 639
10 549
10 415
11 510
11 767
12 532
12 382
13 585
13 235
14 329
14 571
15 771
15 160
16 683
16 254
17 481
17 28
18 616
18 382
19 25
19 247
20 513
20 458
21 568
21 444
22 529
22 83
23 37
23 725
24 69
24 63
25 508
26 205
26 492
27 71
27 34
28 143
29 165
29 334
30 419
30 78
31 784
31 162
32 459
32 123
33 664
33 605
34 282
35 66
35 732
36 514
36 225
37 560
38 391
38 531
39 527
39 714
40 473
40 511
41 323
41 502
42 106
42 376
43 579
43 245
44 197
44 74
45 56
45 466
46 136
46 649
47 638
48 345
48 725
49 788
49 169
50 98
50 541
51 706
51 143
52 331
52 553
53 260
53 201
54 687
54 57
55 85
55 372
56 672
57 579
58 716
58 164
59 344
59 608
60 685
60 457
61 726
61 632
62 521
62 686
63 602
64 386
64 349
65 108
65 781
66 622
67 582
67 264
68 795
68 572
69 498
70 558
70 599
71 695
72 412
72 645
73 290
73 655
74 742
75 359
75 692
76 403
76 233
77 203
77 112
78 202
79 409
79 284
80 593
80 341
81 671
81 211
82 285
82 627
83 363
84 520
84 657
85 526
86 729
86 510
87 208
87 432
88 583
88 631
89 500
89 447
90 175
90 359
91 389
91 422
92 214
92 326
93 308
93 442
94 661
94 625
95 530
95 224
96 608
96 699
97 141
97 630
98 461
99 518
99 209
100 635
100 157
101 746
101 500
102 358
102 629
103 216
103 575
104 184
104 685
105 159
106 285
107 268
107 749
108 445
109 276
109 753
110 496
110 636
111 210
111 477
112 350
113 123
113 503
114 278
114 250
115 333
115 188
116 129
116 456
117 138
117 694
118 222
118 606
119 589
119 669
120 385
120 360
121 226
121 782
122 534
122 156
124 794
124 546
125 652
125 741
126 356
126 447
127 519
127 660
128 357
128 495
129 565
130 141
130 170
131 515
131 656
132 795
132 739
133 368
133 371
134 222
134 634
135 592
135 311
136 375
137 308
137 302
138 644
139 146
139 314
140 678
140 180
142 284
142 696
144 420
144 688
145 676
145 431
146 281
147 406
147 287
148 586
148 621
149 358
149 488
150 390
150 184
151 651
151 683
152 711
152 760
153 351
153 380
154 711
154 316
155 221
155 295
156 719
157 424
158 209
158 274
159 433
160 273
161 330
161 580
162 555
163 783
163 542
164 484
165 444
166 479
166 251
167 648
167 343
168 366
168 244
169 739
170 788
171 199
171 471
172 288
172 509
173 299
173 247
174 785
174 618
175 756
176 529
176 668
177 491
177 697
178 719
178 210
179 797
179 353
180 542
181 388
181 676
182 501
182 218
183 718
183 355
185 691
185 613
186 750
186 637
187 486
188 540
189 738
189 756
190 770
190 626
191 324
191 585
192 201
192 375
193 377
193 601
194 697
194 609
195 432
195 352
196 489
196 564
197 747
198 476
198 420
200 751
200 246
202 687
203 249
204 399
204 507
205 506
206 406
206 428
207 649
207 742
208 632
211 611
212 324
212 570
213 451
213 215
214 354
215 235
216 767
217 407
217 423
218 482
219 569
219 528
220 357
220 773
221 264
223 667
223 313
224 312
225 713
226 614
227 766
227 237
228 615
228 541
229 522
230 303
230 421
231 437
231 727
232 238
232 790
233 772
234 600
234 248
236 580
236 635
237 446
238 782
239 347
239 419
240 518
240 404
241 730
241 552
242 672
242 620
243 426
243 428
244 752
245 322
246 537
248 537
249 548
250 321
251 307
252 408
252 796
253 486
253 762
254 401
255 434
255 761
256 466
256 425
257 550
257 296
258 592
258 656
259 312
259 549
260 261
261 421
262 561
262 798
263 572
263 473
265 281
265 759
266 677
266 748
267 443
267 735
268 622
269 737
269 505
270 443
270 576
271 392
272 776
272 347
273 464
274 317
275 390
275 661
276 738
277 372
277 700
278 716
279 745
279 367
280 325
280 573
282 559
283 785
283 730
286 503
286 470
287 452
288 318
289 581
289 766
290 586
291 557
291 440
292 393
292 363
293 772
293 551
294 770
294 758
295 395
296 305
297 722
297 736
298 483
298 553
299 713
300 750
300 505
301 387
301 723
302 744
303 455
304 783
304 487
305 478
306 547
306 383
307 395
309 591
309 464
310 636
310 722
311 597
313 540
314 705
315 577
315 588
316 675
317 369
318 416
319 717
319 348
320 653
320 792
321 695
322 631
323 366
325 524
326 355
327 686
328 448
328 764
329 562
330 490
331 511
332 370
332 435
333 574
334 740
335 512
335 517
336 657
336 350
337 405
337 346
338 470
338 374
339 644
339 361
340 356
340 689
341 682
342 427
342 745
343 763
344 787
345 727
346 761
348 646
349 491
351 778
352 607
353 679
354 554
360 433
361 615
362 411
362 752
364 465
364 793
365 757
365 438
367 773
368 454
369 715
370 678
371 718
373 459
373 595
374 624
376 455
377 442
378 597
378 417
379 652
379 682
380 431
381 792
381 623
383 628
384 616
384 692
386 565
387 679
388 708
389 634
391 691
392 684
393 755
394 436
396 439
396 740
397 516
397 463
398 643
398 630
399 596
400 536
400 728
401 410
402 775
402 764
403 538
404 786
405 614
407 620
408 416
409 605
410 554
411 437
412 731
413 640
413 555
414 495
414 498
415 613
417 673
418 774
418 665
422 469
423 751
424 499
425 736
426 712
427 639
429 543
429 567
430 707
430 765
434 604
435 598
436 563
438 492
439 497
440 602
441 708
441 485
445 589
446 799
448 484
449 794
449 494
450 587
450 702
451 559
452 734
453 754
454 699
456 633
457 694
458 610
460 522
460 629
461 665
462 791
462 568
463 566
465 514
467 528
467 674
468 573
468 710
469 775
471 581
472 746
472 626
474 707
474 547
475 489
475 533
476 575
477 763
478 705
479 507
480 779
480 702
483 647
485 735
487 515
488 593
493 619
493 693
494 501
496 754
497 778
499 582
502 535
504 776
504 720
506 670
508 668
509 654
512 633
513 768
516 567
517 671
519 658
520 757
521 789
523 709
523 571
524 669
525 741
525 796
526 777
527 693
530 724
531 607
532 760
533 769
534 700
535 681
536 545
538 684
539 578
539 610
543 544
544 551
545 786
546 734
548 789
550 706
552 698
556 578
556 611
557 584
558 703
560 603
561 768
562 576
563 674
564 662
566 732
569 690
570 771
574 662
577 688
583 755
584 642
587 591
588 758
590 728
590 623
594 663
594 797
595 655
596 677
598 619
599 673
600 765
601 721
603 645
604 680
606 618
609 664
612 709
612 659
617 780
617 729
621 696
624 666
625 698
627 744
628 648
637 743
638 717
640 689
641 670
641 710
643 747
646 790
647 733
650 769
650 798
651 681
653 748
654 659
658 753
663 787
667 784
675 721
680 690
701 780
701 715
704 799
704 737
712 777
714 731
720 743
723 779
724 733
726 793
749 781
759 774
762 791
800 482
801 0
-1 -1
12.2249
