11
0 159
0 248
1 32
1 126
2 10
2 206
3 263
3 282
4 247
4 263
5 266
5 312
6 129
6 250
7 142
7 206
8 96
8 152
9 253
9 343
10 316
11 199
11 342
12 333
12 371
13 85
13 395
14 60
14 287
15 53
15 94
16 127
16 202
17 164
17 292
18 60
18 350
19 236
20 171
20 280
21 135
21 306
22 107
22 150
23 39
23 89
24 68
24 143
25 109
25 385
26 241
26 360
27 330
27 380
28 166
28 181
29 183
29 256
30 55
30 321
31 83
31 87
32 398
33 102
33 262
34 170
34 373
35 112
35 212
36 141
36 197
37 136
37 339
38 66
38 194
39 124
40 89
40 370
41 84
41 137
42 198
42 226
43 165
43 328
44 254
45 123
45 305
46 129
46 327
47 78
47 217
48 143
48 332
49 110
49 291
50 99
50 209
51 315
51 369
52 119
52 237
53 184
54 141
54 289
55 156
56 345
56 398
57 188
57 281
58 63
58 184
59 93
59 377
61 334
61 391
62 198
62 380
63 192
64 75
64 80
65 73
65 243
67 173
67 298
69 262
69 345
70 149
70 189
71 291
71 316
72 264
72 399
73 95
74 76
74 180
75 204
77 82
77 218
78 277
79 303
79 313
80 352
81 134
81 259
82 274
83 259
84 138
86 282
86 284
87 396
88 105
88 168
90 178
90 387
91 227
91 288
92 113
92 379
93 231
95 133
96 249
97 233
97 395
98 121
98 275
99 135
100 213
100 257
101 148
101 357
102 307
103 199
103 269
104 353
104 354
105 272
106 178
106 283
107 180
108 349
108 382
109 227
110 114
111 117
111 176
112 388
113 310
114 210
115 299
115 378
116 338
116 392
117 375
118 195
118 363
119 146
120 146
120 358
121 154
122 241
122 324
123 279
124 319
125 162
125 279
126 173
127 329
128 278
128 353
130 296
130 314
131 340
132 250
132 351
133 376
134 251
136 272
138 286
139 224
139 311
140 317
140 362
142 153
144 258
144 376
145 286
145 366
147 246
147 258
148 342
149 352
150 312
151 308
151 326
152 359
153 171
154 378
155 260
155 322
156 190
157 215
157 308
158 190
158 359
160 225
160 311
161 299
161 318
162 278
163 167
163 295
164 372
165 271
167 346
168 297
169 216
169 284
170 207
172 283
172 356
174 214
174 232
175 192
175 212
176 214
177 218
177 230
179 315
179 358
181 362
182 187
182 219
183 260
185 261
185 309
186 243
186 348
187 254
188 374
189 267
191 203
191 285
193 215
193 333
195 346
196 221
196 238
197 338
200 328
200 334
201 355
201 374
202 305
203 372
204 234
205 253
205 344
207 245
208 270
208 336
209 351
210 273
211 276
211 394
213 246
216 242
217 235
219 365
220 307
220 394
221 249
222 386
222 389
223 377
223 382
224 281
226 339
228 365
228 396
229 300
229 384
230 314
231 276
232 265
233 344
234 337
235 296
236 323
237 399
238 336
239 257
239 293
240 325
242 356
244 348
245 392
247 393
248 269
251 319
252 303
252 323
255 261
255 331
256 387
264 277
265 304
266 322
267 347
268 289
268 320
270 310
273 393
275 391
280 379
285 383
287 341
288 335
290 340
290 386
292 321
293 327
294 301
294 335
295 384
297 324
298 329
300 318
302 367
302 397
304 330
306 343
309 368
313 364
317 368
320 397
325 363
326 357
331 361
332 354
337 369
341 383
347 371
349 388
350 355
360 361
364 381
366 385
367 390
389 390
400 19
400 66
400 76
400 85
400 94
400 131
400 159
400 166
400 194
400 373
400 381
401 44
401 68
401 137
401 225
401 240
401 244
401 271
401 274
401 301
401 370
401 375
-1 -1
0.071344
