600 8985
0 59
0 66
0 68
0 117
0 155
0 156
0 177
0 191
0 203
0 214
0 224
0 236
0 304
0 308
0 328
0 343
0 361
0 368
0 415
0 416
0 429
0 438
0 445
0 458
0 496
0 530
0 591
0 598
1 12
1 30
1 31
1 115
1 119
1 122
1 131
1 143
1 144
1 149
1 150
1 212
1 215
1 238
1 248
1 263
1 264
1 275
1 289
1 296
1 299
1 320
1 339
1 343
1 344
1 352
1 382
1 391
1 438
1 441
1 459
1 508
1 528
1 544
1 556
1 593
2 9
2 68
2 90
2 97
2 102
2 114
2 128
2 146
2 157
2 159
2 181
2 193
2 199
2 200
2 216
2 245
2 273
2 290
2 341
2 361
2 389
2 429
2 464
2 468
2 474
2 489
2 517
2 521
2 541
2 550
2 580
2 590
2 597
3 8
3 16
3 20
3 32
3 38
3 40
3 104
3 129
3 153
3 207
3 212
3 229
3 230
3 290
3 305
3 346
3 389
3 452
3 455
3 458
3 467
3 501
3 521
3 544
3 581
3 591
3 597
4 7
4 19
4 55
4 59
4 81
4 85
4 123
4 126
4 130
4 155
4 163
4 185
4 186
4 192
4 218
4 224
4 236
4 245
4 251
4 281
4 290
4 321
4 331
4 340
4 347
4 355
4 359
4 368
4 383
4 393
4 398
4 425
4 438
4 457
4 512
4 525
4 552
4 557
4 583
5 15
5 44
5 51
5 54
5 60
5 69
5 75
5 82
5 104
5 113
5 155
5 166
5 173
5 203
5 204
5 214
5 240
5 251
5 289
5 301
5 302
5 311
5 364
5 372
5 391
5 393
5 464
5 475
5 479
5 554
5 568
5 571
6 27
6 55
6 80
6 111
6 124
6 149
6 169
6 186
6 228
6 246
6 294
6 315
6 350
6 356
6 372
6 393
6 399
6 406
6 463
6 487
6 510
6 538
6 542
6 543
6 549
6 551
7 14
7 73
7 76
7 84
7 85
7 133
7 168
7 184
7 193
7 211
7 226
7 234
7 245
7 251
7 263
7 270
7 291
7 317
7 320
7 396
7 401
7 457
7 469
7 481
7 515
7 549
7 554
7 576
7 580
7 589
8 11
8 57
8 77
8 101
8 118
8 131
8 139
8 144
8 179
8 220
8 248
8 285
8 289
8 323
8 332
8 382
8 387
8 437
8 477
8 508
8 529
8 550
8 551
8 565
8 568
8 586
8 594
9 31
9 36
9 40
9 48
9 87
9 89
9 141
9 213
9 264
9 265
9 269
9 279
9 295
9 303
9 307
9 347
9 348
9 397
9 409
9 460
9 483
9 497
9 505
9 526
9 529
9 538
9 540
9 573
9 586
9 593
10 49
10 69
10 78
10 83
10 103
10 168
10 189
10 243
10 260
10 265
10 276
10 309
10 349
10 361
10 402
10 440
10 470
10 478
10 481
10 519
10 540
10 567
10 581
11 35
11 54
11 58
11 68
11 81
11 95
11 128
11 130
11 161
11 187
11 192
11 202
11 214
11 217
11 230
11 274
11 292
11 317
11 318
11 321
11 364
11 377
11 380
11 441
11 446
11 464
11 465
11 481
11 483
11 491
11 504
11 529
11 565
12 17
12 38
12 47
12 63
12 69
12 77
12 85
12 99
12 172
12 191
12 216
12 242
12 303
12 326
12 328
12 349
12 376
12 452
12 469
12 474
12 485
12 502
12 523
12 526
12 538
12 556
12 567
12 598
13 41
13 55
13 90
13 95
13 123
13 134
13 161
13 166
13 208
13 210
13 211
13 214
13 231
13 257
13 316
13 352
13 360
13 363
13 398
13 427
13 461
13 462
13 469
13 486
13 524
13 537
13 546
13 560
14 31
14 32
14 62
14 73
14 75
14 117
14 162
14 204
14 235
14 248
14 251
14 257
14 270
14 285
14 290
14 332
14 336
14 346
14 404
14 408
14 410
14 419
14 420
14 477
14 483
14 519
14 541
14 548
14 551
14 580
14 599
15 82
15 97
15 106
15 111
15 114
15 124
15 147
15 154
15 168
15 183
15 185
15 200
15 217
15 233
15 257
15 262
15 273
15 326
15 327
15 357
15 398
15 407
15 423
15 452
15 463
15 501
15 505
15 527
15 535
15 539
15 547
15 555
15 584
15 595
16 41
16 60
16 92
16 115
16 118
16 141
16 164
16 223
16 227
16 229
16 230
16 255
16 264
16 271
16 292
16 324
16 394
16 397
16 409
16 422
16 441
16 444
16 447
16 462
16 470
16 476
16 506
16 514
16 517
16 556
16 574
16 587
17 30
17 36
17 39
17 55
17 72
17 79
17 106
17 107
17 144
17 172
17 190
17 240
17 245
17 266
17 292
17 314
17 334
17 360
17 361
17 384
17 387
17 389
17 392
17 398
17 407
17 424
17 432
17 460
17 471
17 507
17 560
17 573
17 575
17 581
17 583
18 37
18 69
18 75
18 78
18 89
18 126
18 127
18 136
18 175
18 178
18 182
18 184
18 203
18 228
18 238
18 242
18 247
18 250
18 251
18 279
18 287
18 313
18 319
18 321
18 331
18 383
18 385
18 428
18 446
18 481
18 487
18 502
18 509
18 530
18 545
19 52
19 86
19 106
19 125
19 148
19 183
19 190
19 192
19 193
19 210
19 234
19 258
19 274
19 280
19 311
19 320
19 349
19 362
19 378
19 421
19 437
19 452
19 471
19 490
19 550
19 561
19 567
19 579
20 35
20 38
20 82
20 90
20 100
20 108
20 136
20 152
20 173
20 188
20 212
20 242
20 286
20 365
20 366
20 396
20 406
20 453
20 454
20 502
20 513
20 537
20 547
20 548
20 559
20 577
21 54
21 68
21 84
21 106
21 121
21 127
21 147
21 168
21 182
21 216
21 229
21 237
21 243
21 271
21 272
21 295
21 309
21 324
21 330
21 362
21 367
21 424
21 435
21 439
21 450
21 466
21 471
21 497
21 514
21 516
21 544
21 574
21 575
21 588
21 594
22 32
22 63
22 87
22 90
22 134
22 148
22 215
22 218
22 253
22 264
22 314
22 354
22 387
22 391
22 392
22 425
22 436
22 448
22 467
22 476
22 482
22 484
22 487
22 518
22 546
22 551
22 564
22 584
23 24
23 58
23 110
23 117
23 137
23 154
23 165
23 204
23 206
23 208
23 242
23 291
23 318
23 321
23 331
23 365
23 372
23 381
23 386
23 388
23 401
23 426
23 437
23 439
23 472
23 481
23 487
23 506
23 548
24 29
24 30
24 60
24 124
24 270
24 276
24 294
24 299
24 387
24 395
24 404
24 407
24 440
24 477
24 478
24 489
24 505
24 517
24 548
25 99
25 114
25 117
25 118
25 166
25 175
25 190
25 193
25 213
25 224
25 247
25 289
25 318
25 349
25 380
25 396
25 398
25 403
25 414
25 415
25 442
25 458
25 491
25 494
25 510
25 544
25 580
26 64
26 72
26 89
26 91
26 93
26 101
26 104
26 124
26 125
26 144
26 174
26 194
26 195
26 206
26 222
26 233
26 315
26 321
26 329
26 343
26 345
26 353
26 358
26 360
26 392
26 412
26 476
26 477
26 532
27 133
27 136
27 161
27 189
27 203
27 214
27 222
27 229
27 263
27 266
27 273
27 294
27 302
27 359
27 377
27 382
27 393
27 415
27 428
27 454
27 456
27 462
27 483
27 487
27 523
27 547
27 554
27 567
27 578
27 599
28 32
28 65
28 75
28 101
28 114
28 142
28 160
28 192
28 196
28 200
28 201
28 223
28 235
28 265
28 323
28 327
28 341
28 375
28 376
28 413
28 422
28 472
28 474
28 502
28 556
28 574
28 592
28 595
28 599
29 37
29 40
29 94
29 107
29 160
29 195
29 199
29 217
29 227
29 275
29 285
29 308
29 319
29 340
29 342
29 352
29 385
29 398
29 454
29 468
29 478
29 515
29 548
29 554
29 559
29 568
30 43
30 186
30 189
30 196
30 213
30 261
30 263
30 264
30 265
30 266
30 338
30 355
30 378
30 380
30 391
30 492
30 499
30 509
30 534
30 536
30 558
30 566
30 575
30 580
31 72
31 93
31 126
31 135
31 148
31 200
31 201
31 203
31 220
31 297
31 374
31 388
31 402
31 471
31 474
31 547
31 557
31 598
32 49
32 66
32 88
32 94
32 114
32 139
32 151
32 159
32 247
32 264
32 266
32 274
32 288
32 300
32 343
32 361
32 407
32 413
32 416
32 428
32 436
32 483
32 517
32 583
33 45
33 56
33 58
33 62
33 95
33 124
33 129
33 136
33 157
33 180
33 186
33 217
33 238
33 240
33 254
33 274
33 291
33 320
33 328
33 359
33 385
33 393
33 395
33 471
33 495
33 504
33 505
33 536
33 570
33 587
34 45
34 90
34 94
34 101
34 141
34 163
34 166
34 196
34 207
34 233
34 262
34 329
34 332
34 338
34 339
34 358
34 368
34 390
34 395
34 412
34 424
34 430
34 435
34 453
34 466
34 479
34 484
34 516
34 546
34 553
34 567
35 59
35 66
35 69
35 101
35 110
35 121
35 167
35 189
35 197
35 202
35 222
35 247
35 316
35 341
35 352
35 403
35 408
35 424
35 427
35 464
35 487
35 512
35 540
35 552
35 592
35 593
36 59
36 77
36 105
36 106
36 118
36 120
36 148
36 159
36 165
36 195
36 264
36 319
36 398
36 441
36 480
36 481
36 500
36 514
36 537
36 561
36 590
37 73
37 155
37 179
37 205
37 217
37 242
37 302
37 303
37 305
37 324
37 372
37 388
37 399
37 414
37 446
37 449
37 459
37 474
37 483
37 506
37 512
37 533
37 538
37 568
37 591
37 599
38 57
38 74
38 107
38 108
38 144
38 173
38 187
38 204
38 220
38 224
38 228
38 234
38 305
38 323
38 332
38 357
38 439
38 440
38 449
38 470
38 472
38 492
38 494
38 598
39 75
39 90
39 118
39 138
39 204
39 294
39 345
39 362
39 368
39 381
39 399
39 401
39 411
39 415
39 487
39 503
39 515
39 540
39 592
39 598
40 45
40 56
40 130
40 137
40 159
40 210
40 216
40 217
40 220
40 232
40 234
40 235
40 240
40 241
40 253
40 264
40 272
40 289
40 351
40 398
40 400
40 433
40 461
40 464
40 482
40 485
40 508
40 525
40 538
40 544
40 546
40 564
40 571
40 594
41 49
41 68
41 108
41 126
41 151
41 170
41 171
41 179
41 188
41 191
41 203
41 209
41 216
41 233
41 235
41 238
41 290
41 312
41 388
41 397
41 411
41 421
41 432
41 434
41 465
41 468
41 479
41 493
41 494
41 531
41 566
41 585
42 54
42 96
42 129
42 155
42 159
42 164
42 180
42 207
42 209
42 259
42 300
42 308
42 313
42 323
42 356
42 368
42 376
42 401
42 429
42 438
42 466
42 484
42 528
42 532
42 538
42 565
43 62
43 81
43 87
43 91
43 115
43 127
43 128
43 137
43 141
43 176
43 184
43 198
43 229
43 263
43 272
43 399
43 400
43 403
43 412
43 457
43 476
43 479
43 512
43 523
43 528
43 534
43 539
43 564
43 567
43 598
44 58
44 69
44 82
44 107
44 120
44 126
44 138
44 142
44 235
44 239
44 287
44 318
44 338
44 342
44 403
44 417
44 423
44 449
44 474
44 484
44 510
44 511
44 543
44 545
44 548
44 549
44 550
44 579
45 94
45 138
45 202
45 319
45 329
45 344
45 346
45 357
45 359
45 360
45 398
45 404
45 415
45 435
45 458
45 481
45 528
45 548
45 550
45 567
46 103
46 112
46 115
46 119
46 126
46 129
46 135
46 137
46 147
46 150
46 160
46 186
46 218
46 231
46 242
46 283
46 287
46 307
46 308
46 336
46 338
46 375
46 395
46 436
46 440
46 459
46 500
46 518
46 526
46 535
46 545
46 566
46 592
47 48
47 52
47 88
47 95
47 121
47 125
47 152
47 172
47 188
47 203
47 211
47 221
47 237
47 272
47 324
47 339
47 342
47 344
47 358
47 385
47 406
47 434
47 471
47 485
47 518
47 535
47 581
48 61
48 64
48 89
48 91
48 93
48 104
48 145
48 156
48 162
48 170
48 252
48 265
48 282
48 285
48 298
48 301
48 324
48 331
48 338
48 344
48 345
48 356
48 370
48 377
48 384
48 415
48 428
48 508
48 541
48 546
48 553
49 52
49 63
49 72
49 77
49 134
49 156
49 176
49 187
49 199
49 208
49 256
49 277
49 316
49 401
49 434
49 503
49 510
49 521
49 530
49 542
49 544
49 577
49 586
49 589
50 80
50 96
50 120
50 122
50 147
50 159
50 163
50 177
50 206
50 218
50 280
50 308
50 309
50 317
50 325
50 329
50 408
50 418
50 432
50 453
50 456
50 462
50 470
50 480
50 515
50 530
50 547
50 564
50 571
50 585
50 597
50 598
51 71
51 86
51 91
51 96
51 125
51 131
51 135
51 155
51 197
51 275
51 332
51 358
51 379
51 443
51 449
51 453
51 465
51 481
51 570
51 577
52 59
52 74
52 86
52 87
52 90
52 97
52 103
52 116
52 150
52 161
52 179
52 189
52 209
52 217
52 221
52 247
52 252
52 260
52 277
52 294
52 303
52 370
52 379
52 401
52 402
52 407
52 414
52 445
52 486
52 571
52 578
53 76
53 80
53 133
53 142
53 168
53 173
53 180
53 193
53 210
53 215
53 229
53 251
53 271
53 278
53 284
53 287
53 304
53 306
53 323
53 341
53 353
53 369
53 402
53 406
53 415
53 462
53 466
53 524
53 542
53 553
53 555
53 556
53 568
53 588
54 74
54 78
54 118
54 122
54 167
54 190
54 203
54 219
54 226
54 244
54 256
54 291
54 323
54 335
54 369
54 413
54 428
54 431
54 444
54 461
54 515
54 517
54 542
54 577
54 584
55 57
55 74
55 75
55 91
55 111
55 169
55 174
55 257
55 272
55 295
55 305
55 307
55 308
55 314
55 321
55 340
55 349
55 356
55 367
55 373
55 406
55 419
55 430
55 441
55 453
55 475
55 498
55 499
55 525
55 534
55 562
55 596
56 58
56 75
56 111
56 152
56 186
56 190
56 197
56 217
56 244
56 247
56 274
56 363
56 407
56 413
56 415
56 453
56 464
56 470
56 491
56 520
56 532
56 533
56 540
56 575
56 587
57 71
57 84
57 108
57 118
57 140
57 156
57 160
57 212
57 225
57 228
57 242
57 243
57 302
57 334
57 354
57 362
57 377
57 392
57 461
57 476
57 484
57 494
57 501
57 558
57 563
58 70
58 110
58 114
58 134
58 216
58 314
58 340
58 356
58 382
58 430
58 450
58 458
58 469
58 570
58 572
58 588
59 74
59 86
59 104
59 124
59 125
59 171
59 197
59 205
59 237
59 267
59 268
59 311
59 318
59 352
59 354
59 363
59 389
59 397
59 437
59 466
59 471
59 486
59 492
59 509
59 545
59 559
59 593
59 594
60 63
60 64
60 74
60 75
60 104
60 156
60 158
60 179
60 185
60 204
60 235
60 236
60 258
60 261
60 274
60 293
60 296
60 306
60 322
60 324
60 338
60 354
60 370
60 380
60 403
60 424
60 431
60 463
60 470
60 477
60 505
60 509
60 523
60 528
60 543
60 581
60 588
60 595
61 69
61 97
61 103
61 104
61 147
61 169
61 172
61 202
61 216
61 224
61 229
61 244
61 248
61 257
61 266
61 311
61 348
61 357
61 364
61 367
61 379
61 383
61 386
61 395
61 396
61 406
61 448
61 498
61 499
61 505
61 511
61 521
61 526
61 540
61 596
62 88
62 115
62 123
62 126
62 156
62 179
62 193
62 198
62 225
62 242
62 243
62 254
62 260
62 295
62 299
62 304
62 322
62 329
62 353
62 354
62 367
62 391
62 413
62 416
62 424
62 445
62 465
62 469
62 503
62 509
62 524
62 538
62 550
62 560
62 563
62 578
63 115
63 121
63 127
63 141
63 179
63 185
63 201
63 209
63 211
63 218
63 248
63 258
63 271
63 299
63 300
63 322
63 326
63 327
63 356
63 380
63 474
63 478
63 514
63 517
63 523
63 528
63 557
63 587
63 589
64 66
64 75
64 85
64 90
64 112
64 161
64 234
64 239
64 283
64 298
64 309
64 312
64 347
64 348
64 353
64 365
64 373
64 384
64 416
64 421
64 436
64 463
64 469
64 489
64 501
64 504
64 510
64 544
64 558
64 566
64 571
64 597
65 92
65 95
65 159
65 176
65 181
65 216
65 250
65 287
65 289
65 294
65 307
65 332
65 349
65 382
65 396
65 398
65 419
65 491
65 497
65 499
65 510
65 513
65 559
65 563
65 564
65 588
66 129
66 135
66 174
66 201
66 202
66 228
66 251
66 276
66 295
66 301
66 316
66 320
66 321
66 337
66 363
66 381
66 387
66 399
66 414
66 425
66 498
66 505
66 531
66 541
67 81
67 86
67 93
67 104
67 106
67 110
67 112
67 114
67 120
67 123
67 161
67 165
67 199
67 200
67 204
67 251
67 301
67 339
67 349
67 352
67 368
67 431
67 467
67 487
67 506
67 517
67 557
67 588
67 595
67 596
68 70
68 72
68 94
68 101
68 124
68 146
68 155
68 209
68 212
68 241
68 242
68 245
68 253
68 267
68 275
68 289
68 308
68 332
68 339
68 365
68 374
68 383
68 432
68 434
68 450
68 453
68 462
68 476
68 482
68 497
68 499
68 507
68 543
68 545
68 546
68 553
68 572
68 575
69 72
69 85
69 99
69 123
69 128
69 137
69 156
69 160
69 170
69 178
69 182
69 199
69 253
69 288
69 292
69 297
69 312
69 343
69 370
69 397
69 408
69 428
69 434
69 437
69 439
69 454
69 462
69 485
69 491
69 512
69 515
69 518
70 80
70 116
70 131
70 133
70 137
70 153
70 200
70 242
70 280
70 302
70 338
70 348
70 352
70 370
70 372
70 386
70 399
70 407
70 418
70 435
70 443
70 445
70 466
70 497
70 522
70 533
70 536
70 552
70 596
71 76
71 83
71 91
71 103
71 111
71 113
71 138
71 161
71 162
71 178
71 183
71 198
71 228
71 263
71 266
71 272
71 292
71 321
71 329
71 346
71 423
71 429
71 436
71 441
71 455
71 470
71 472
71 490
71 516
71 527
71 538
71 552
71 565
72 126
72 130
72 151
72 162
72 185
72 186
72 219
72 223
72 237
72 262
72 291
72 340
72 343
72 349
72 350
72 356
72 451
72 453
72 454
72 471
72 505
72 547
72 564
72 582
73 75
73 92
73 109
73 213
73 217
73 252
73 302
73 367
73 395
73 407
73 443
73 469
73 472
73 482
73 495
73 532
73 556
73 571
74 84
74 130
74 141
74 168
74 202
74 290
74 300
74 357
74 388
74 392
74 406
74 429
74 489
74 549
74 564
74 580
74 584
74 587
75 76
75 77
75 127
75 136
75 162
75 182
75 196
75 227
75 230
75 281
75 288
75 299
75 335
75 345
75 351
75 374
75 398
75 407
75 461
75 499
75 506
75 534
75 543
75 552
75 558
75 565
75 583
76 117
76 122
76 145
76 173
76 176
76 180
76 210
76 216
76 223
76 238
76 241
76 254
76 269
76 276
76 277
76 292
76 304
76 309
76 381
76 393
76 406
76 408
76 418
76 431
76 453
76 462
76 496
76 528
76 534
76 542
76 544
76 576
76 579
76 582
76 584
76 593
77 115
77 154
77 180
77 201
77 215
77 238
77 259
77 264
77 271
77 272
77 281
77 283
77 300
77 310
77 311
77 338
77 353
77 360
77 372
77 380
77 437
77 467
77 484
77 507
77 522
77 541
77 545
77 549
77 571
77 577
77 588
78 114
78 115
78 129
78 158
78 168
78 253
78 278
78 290
78 309
78 352
78 433
78 475
78 486
78 519
78 556
78 558
78 563
78 583
79 82
79 95
79 109
79 110
79 111
79 123
79 150
79 216
79 245
79 273
79 284
79 342
79 358
79 361
79 365
79 373
79 394
79 423
79 439
79 467
79 503
79 523
79 538
79 543
79 545
79 560
79 561
79 596
80 90
80 102
80 103
80 160
80 161
80 183
80 195
80 198
80 206
80 223
80 235
80 245
80 254
80 257
80 276
80 285
80 316
80 326
80 327
80 328
80 332
80 345
80 353
80 377
80 390
80 403
80 404
80 452
80 458
80 484
80 517
80 540
80 550
80 587
81 85
81 103
81 113
81 127
81 131
81 133
81 152
81 205
81 213
81 215
81 217
81 310
81 371
81 395
81 416
81 428
81 455
81 458
81 484
81 495
81 510
81 523
81 542
82 102
82 135
82 161
82 171
82 200
82 229
82 235
82 247
82 270
82 272
82 302
82 311
82 320
82 321
82 324
82 377
82 400
82 410
82 422
82 447
82 470
82 505
82 569
82 586
83 88
83 110
83 116
83 140
83 164
83 184
83 191
83 197
83 201
83 215
83 242
83 277
83 327
83 343
83 346
83 354
83 394
83 408
83 459
83 474
83 488
83 584
83 595
84 85
84 108
84 158
84 173
84 175
84 187
84 192
84 227
84 317
84 344
84 366
84 370
84 371
84 384
84 386
84 407
84 426
84 431
84 450
84 452
84 456
84 492
84 510
84 515
84 548
84 558
84 572
84 575
84 576
85 95
85 101
85 145
85 174
85 183
85 205
85 222
85 235
85 257
85 260
85 273
85 395
85 407
85 415
85 480
85 481
85 525
85 554
85 556
86 88
86 94
86 120
86 129
86 140
86 147
86 184
86 222
86 254
86 257
86 259
86 264
86 273
86 333
86 341
86 367
86 370
86 415
86 416
86 417
86 425
86 430
86 450
86 460
86 487
86 489
86 497
86 500
86 549
86 583
87 90
87 104
87 130
87 136
87 152
87 163
87 164
87 197
87 219
87 224
87 253
87 261
87 322
87 337
87 341
87 359
87 376
87 386
87 389
87 418
87 419
87 427
87 462
87 468
87 473
87 568
87 580
87 597
88 98
88 109
88 113
88 125
88 151
88 164
88 174
88 187
88 207
88 213
88 264
88 295
88 302
88 316
88 335
88 352
88 354
88 375
88 379
88 420
88 435
88 461
88 466
88 467
88 483
88 490
88 561
88 566
88 594
88 596
89 96
89 115
89 116
89 123
89 167
89 169
89 180
89 182
89 193
89 226
89 246
89 249
89 267
89 269
89 277
89 291
89 293
89 326
89 328
89 333
89 337
89 385
89 388
89 395
89 424
89 430
89 437
89 467
89 492
89 493
89 503
89 518
89 524
89 582
89 586
90 118
90 122
90 124
90 168
90 173
90 192
90 226
90 246
90 253
90 265
90 285
90 304
90 378
90 390
90 412
90 423
90 427
90 428
90 439
90 442
90 446
90 449
90 455
90 470
90 476
90 477
90 492
90 558
90 567
91 156
91 191
91 199
91 228
91 291
91 320
91 335
91 347
91 368
91 371
91 374
91 379
91 390
91 400
91 422
91 424
91 464
91 465
91 488
91 492
91 501
91 528
91 578
92 166
92 167
92 185
92 188
92 242
92 246
92 326
92 331
92 337
92 342
92 429
92 435
92 440
92 469
92 477
92 478
92 489
92 496
92 515
92 522
92 557
92 558
92 563
93 96
93 113
93 150
93 167
93 179
93 191
93 203
93 219
93 231
93 238
93 271
93 305
93 314
93 317
93 341
93 344
93 352
93 358
93 366
93 367
93 369
93 402
93 403
93 484
93 488
93 518
93 527
93 551
93 558
93 565
93 584
94 112
94 132
94 133
94 136
94 200
94 206
94 208
94 224
94 239
94 264
94 282
94 295
94 302
94 382
94 414
94 422
94 433
94 454
94 456
94 505
94 507
94 537
94 590
94 599
95 114
95 165
95 179
95 207
95 243
95 268
95 270
95 294
95 300
95 303
95 348
95 355
95 367
95 375
95 408
95 424
95 427
95 456
95 463
95 530
95 532
95 533
95 553
96 109
96 125
96 160
96 171
96 182
96 198
96 199
96 290
96 339
96 349
96 396
96 398
96 422
96 444
96 451
96 461
96 521
96 525
96 555
97 139
97 150
97 205
97 207
97 254
97 272
97 291
97 337
97 369
97 370
97 403
97 410
97 421
97 427
97 431
97 435
97 449
97 527
97 544
97 553
98 105
98 110
98 134
98 177
98 182
98 191
98 198
98 207
98 267
98 287
98 292
98 296
98 302
98 333
98 344
98 347
98 350
98 384
98 394
98 411
98 421
98 428
98 429
98 434
98 452
98 472
98 537
98 542
98 553
98 556
98 569
98 573
98 593
99 113
99 133
99 172
99 184
99 190
99 198
99 233
99 260
99 270
99 272
99 281
99 354
99 363
99 373
99 394
99 404
99 437
99 445
99 447
99 483
99 489
99 519
99 596
100 105
100 106
100 135
100 136
100 137
100 170
100 185
100 200
100 238
100 264
100 278
100 287
100 288
100 290
100 355
100 358
100 399
100 422
100 452
100 459
100 465
100 484
100 486
100 500
100 508
100 512
100 523
100 526
100 559
100 560
100 566
100 569
100 594
101 105
101 110
101 115
101 128
101 132
101 144
101 145
101 148
101 154
101 156
101 160
101 186
101 192
101 270
101 282
101 308
101 356
101 385
101 455
101 463
101 468
101 484
101 494
101 545
101 556
101 567
101 589
101 591
101 592
102 110
102 133
102 141
102 146
102 158
102 171
102 182
102 183
102 197
102 222
102 272
102 339
102 353
102 361
102 389
102 393
102 433
102 451
102 476
102 480
102 494
102 500
102 516
102 527
102 528
102 531
102 556
102 561
102 571
102 594
102 596
103 120
103 135
103 141
103 146
103 150
103 169
103 193
103 198
103 209
103 219
103 220
103 239
103 280
103 307
103 321
103 324
103 325
103 419
103 423
103 424
103 434
103 475
103 482
103 492
103 557
103 562
103 564
103 566
103 583
104 118
104 137
104 144
104 163
104 168
104 207
104 215
104 222
104 280
104 295
104 335
104 382
104 390
104 433
104 514
104 543
104 588
104 595
105 116
105 124
105 154
105 155
105 156
105 162
105 176
105 191
105 214
105 245
105 257
105 296
105 317
105 348
105 352
105 359
105 366
105 390
105 395
105 438
105 455
105 487
105 531
105 548
105 560
105 574
105 575
105 576
105 589
105 591
105 599
106 107
106 136
106 149
106 172
106 184
106 187
106 221
106 225
106 260
106 265
106 266
106 272
106 276
106 303
106 333
106 338
106 377
106 387
106 394
106 400
106 408
106 409
106 413
106 442
106 451
106 459
106 500
106 567
106 585
106 589
107 111
107 165
107 179
107 187
107 212
107 276
107 301
107 321
107 332
107 336
107 339
107 341
107 362
107 384
107 443
107 444
107 446
107 463
107 475
107 507
107 525
107 535
107 551
107 552
107 554
108 118
108 128
108 154
108 222
108 231
108 245
108 247
108 281
108 297
108 330
108 369
108 376
108 381
108 397
108 400
108 444
108 462
108 472
108 498
108 503
108 540
108 574
109 119
109 125
109 137
109 145
109 146
109 168
109 187
109 188
109 243
109 263
109 325
109 326
109 334
109 351
109 365
109 390
109 445
109 453
109 459
109 461
109 482
109 498
109 527
109 548
109 549
110 126
110 127
110 142
110 164
110 187
110 188
110 213
110 224
110 236
110 250
110 253
110 265
110 309
110 324
110 347
110 355
110 359
110 385
110 388
110 391
110 398
110 441
110 447
110 453
110 510
110 534
110 572
111 132
111 139
111 147
111 151
111 221
111 243
111 327
111 348
111 381
111 431
111 469
111 488
111 504
111 510
111 537
111 574
112 131
112 138
112 153
112 158
112 173
112 187
112 213
112 223
112 234
112 243
112 275
112 291
112 295
112 296
112 314
112 366
112 380
112 407
112 468
112 497
112 519
112 524
112 575
112 579
112 582
112 586
112 587
113 196
113 204
113 211
113 238
113 252
113 266
113 270
113 318
113 357
113 451
113 454
113 455
113 473
113 501
113 519
113 545
113 553
114 131
114 138
114 159
114 203
114 229
114 258
114 270
114 271
114 311
114 354
114 387
114 451
114 489
114 507
114 511
114 523
114 535
114 547
114 550
115 131
115 132
115 254
115 256
115 275
115 281
115 283
115 307
115 322
115 324
115 325
115 348
115 377
115 393
115 433
115 450
115 502
115 503
115 514
115 526
115 535
115 543
115 552
115 554
115 593
115 596
116 128
116 136
116 154
116 168
116 170
116 245
116 267
116 278
116 345
116 385
116 389
116 401
116 416
116 432
116 482
116 503
116 514
116 522
116 528
116 530
116 541
116 576
116 591
117 118
117 140
117 144
117 208
117 211
117 212
117 214
117 236
117 265
117 286
117 287
117 305
117 327
117 389
117 414
117 454
117 456
117 466
117 468
117 507
117 517
117 519
117 532
117 543
117 550
117 592
118 132
118 173
118 184
118 188
118 190
118 206
118 247
118 281
118 296
118 303
118 312
118 313
118 320
118 330
118 346
118 353
118 371
118 382
118 398
118 445
118 479
118 537
118 547
118 559
118 582
118 590
118 591
119 130
119 134
119 199
119 224
119 240
119 262
119 306
119 318
119 385
119 390
119 398
119 432
119 452
119 465
119 544
119 562
119 567
120 155
120 161
120 163
120 167
120 185
120 202
120 213
120 223
120 259
120 260
120 274
120 279
120 291
120 309
120 321
120 340
120 370
120 419
120 454
120 461
120 471
120 534
120 558
120 562
120 567
120 571
120 577
120 578
120 583
121 148
121 190
121 208
121 210
121 212
121 224
121 251
121 326
121 331
121 340
121 361
121 363
121 372
121 386
121 389
121 415
121 426
121 460
121 524
121 581
121 592
122 133
122 144
122 220
122 225
122 226
122 245
122 282
122 288
122 289
122 293
122 294
122 306
122 322
122 340
122 365
122 374
122 379
122 407
122 411
122 459
122 481
122 510
122 533
122 558
123 130
123 132
123 147
123 174
123 207
123 214
123 220
123 231
123 243
123 254
123 276
123 292
123 294
123 300
123 342
123 367
123 376
123 391
123 393
123 397
123 403
123 433
123 440
123 458
123 465
123 468
123 478
123 500
123 508
123 514
123 547
123 549
124 150
124 201
124 226
124 229
124 232
124 238
124 249
124 285
124 289
124 306
124 315
124 333
124 346
124 360
124 386
124 446
124 479
124 482
124 530
124 532
124 538
124 554
124 573
124 581
125 170
125 180
125 188
125 237
125 255
125 279
125 282
125 313
125 340
125 362
125 365
125 384
125 391
125 392
125 423
125 429
125 472
125 479
125 503
125 508
125 514
125 521
125 557
125 559
125 591
126 140
126 145
126 163
126 165
126 187
126 193
126 221
126 232
126 233
126 251
126 268
126 283
126 314
126 335
126 343
126 347
126 351
126 361
126 418
126 436
126 444
126 464
126 468
126 471
126 480
126 482
126 486
126 551
126 580
127 140
127 169
127 184
127 188
127 200
127 226
127 299
127 303
127 317
127 362
127 367
127 404
127 410
127 436
127 462
127 477
127 508
127 509
127 511
127 523
127 542
127 551
128 130
128 145
128 147
128 157
128 163
128 188
128 209
128 211
128 216
128 222
128 231
128 325
128 345
128 352
128 361
128 366
128 389
128 395
128 408
128 449
128 481
128 504
128 530
128 535
128 539
128 543
128 553
128 588
128 590
129 136
129 138
129 160
129 169
129 173
129 188
129 239
129 250
129 310
129 316
129 328
129 338
129 394
129 407
129 413
129 421
129 436
129 443
129 504
129 522
129 560
129 591
130 162
130 184
130 232
130 295
130 305
130 309
130 317
130 345
130 377
130 396
130 415
130 452
130 453
130 492
130 494
130 501
130 504
130 523
130 526
130 546
130 583
130 599
131 143
131 150
131 164
131 170
131 192
131 256
131 283
131 290
131 346
131 372
131 422
131 434
131 473
131 479
131 508
131 510
131 551
132 212
132 232
132 253
132 271
132 301
132 392
132 402
132 405
132 473
132 478
132 494
132 562
132 568
132 589
133 140
133 169
133 238
133 299
133 313
133 332
133 335
133 360
133 361
133 363
133 419
133 422
133 427
133 432
133 435
133 456
133 465
133 469
133 478
133 480
133 515
133 535
133 557
133 564
133 596
134 191
134 192
134 207
134 270
134 317
134 332
134 338
134 341
134 363
134 415
134 432
134 497
134 527
134 544
134 549
134 552
135 137
135 144
135 165
135 183
135 189
135 211
135 213
135 223
135 245
135 281
135 293
135 325
135 333
135 344
135 345
135 352
135 396
135 399
135 448
135 487
135 502
135 503
135 529
135 586
136 149
136 151
136 171
136 179
136 201
136 220
136 221
136 225
136 239
136 253
136 265
136 267
136 301
136 319
136 326
136 356
136 371
136 374
136 375
136 380
136 383
136 411
136 475
136 512
136 521
136 577
137 174
137 213
137 249
137 277
137 314
137 352
137 389
137 394
137 428
137 444
137 468
137 487
137 491
137 546
137 564
138 168
138 192
138 239
138 256
138 258
138 268
138 269
138 272
138 362
138 371
138 373
138 392
138 396
138 397
138 468
138 505
138 532
138 587
138 597
139 169
139 171
139 177
139 188
139 200
139 222
139 224
139 254
139 278
139 296
139 299
139 300
139 304
139 319
139 322
139 332
139 348
139 363
139 396
139 398
139 399
139 429
139 460
139 476
140 145
140 173
140 193
140 225
140 232
140 262
140 275
140 278
140 288
140 303
140 328
140 350
140 364
140 377
140 395
140 416
140 425
140 451
140 453
140 459
140 479
140 526
140 553
140 579
140 599
141 163
141 231
141 238
141 280
141 286
141 296
141 327
141 343
141 381
141 383
141 423
141 474
141 498
141 587
141 595
142 143
142 145
142 149
142 179
142 185
142 188
142 192
142 210
142 217
142 239
142 256
142 267
142 271
142 281
142 288
142 289
142 340
142 380
142 396
142 404
142 407
142 434
142 450
142 461
142 465
142 471
142 476
142 492
142 494
142 511
142 549
142 555
142 583
143 183
143 214
143 218
143 255
143 260
143 273
143 285
143 296
143 324
143 390
143 420
143 425
143 435
143 436
143 457
143 476
143 498
143 528
143 535
143 545
143 598
144 170
144 177
144 193
144 212
144 226
144 296
144 300
144 301
144 320
144 350
144 352
144 410
144 414
144 427
144 434
144 441
144 454
144 498
144 507
144 515
144 517
144 540
144 561
144 566
145 155
145 160
145 186
145 219
145 235
145 249
145 258
145 273
145 292
145 339
145 376
145 461
145 480
145 487
145 540
145 545
145 559
145 588
145 592
146 163
146 173
146 196
146 205
146 215
146 223
146 237
146 256
146 282
146 291
146 311
146 337
146 347
146 368
146 371
146 386
146 387
146 403
146 405
146 420
146 444
146 448
146 455
146 464
146 465
146 491
146 501
146 522
146 527
146 553
146 557
146 567
146 598
147 149
147 150
147 160
147 201
147 205
147 207
147 208
147 213
147 217
147 234
147 236
147 300
147 310
147 330
147 361
147 391
147 410
147 422
147 465
147 492
147 553
147 554
147 571
147 573
147 579
147 580
148 158
148 159
148 162
148 178
148 227
148 245
148 256
148 257
148 277
148 292
148 373
148 374
148 395
148 397
148 400
148 403
148 425
148 450
148 491
148 542
148 595
149 180
149 200
149 219
149 223
149 243
149 267
149 301
149 312
149 325
149 362
149 364
149 376
149 390
149 410
149 451
149 470
149 476
149 502
149 540
149 558
149 562
149 572
149 577
149 598
150 153
150 200
150 201
150 210
150 237
150 259
150 262
150 297
150 298
150 312
150 379
150 381
150 430
150 433
150 452
150 472
150 486
150 488
150 563
151 155
151 181
151 202
151 244
151 266
151 280
151 312
151 314
151 338
151 350
151 360
151 409
151 442
151 461
151 462
151 477
151 478
151 491
151 494
151 515
151 539
151 592
152 155
152 162
152 171
152 184
152 191
152 195
152 204
152 212
152 255
152 264
152 266
152 283
152 296
152 300
152 315
152 335
152 337
152 361
152 376
152 383
152 385
152 445
152 481
152 512
152 585
153 154
153 160
153 168
153 183
153 184
153 235
153 248
153 264
153 289
153 300
153 307
153 333
153 369
153 373
153 451
153 475
153 500
153 540
153 568
153 580
154 158
154 165
154 176
154 234
154 262
154 270
154 277
154 284
154 290
154 322
154 343
154 344
154 368
154 383
154 391
154 395
154 430
154 441
154 465
154 489
154 522
154 535
154 544
154 572
155 172
155 210
155 240
155 260
155 287
155 298
155 315
155 319
155 345
155 405
155 476
155 511
155 550
155 560
155 563
155 567
155 578
155 588
155 589
155 591
156 194
156 225
156 242
156 244
156 260
156 266
156 273
156 282
156 291
156 297
156 309
156 313
156 331
156 340
156 350
156 354
156 400
156 451
156 455
156 493
156 510
156 512
156 593
157 170
157 175
157 180
157 223
157 228
157 255
157 261
157 265
157 272
157 274
157 281
157 294
157 332
157 336
157 351
157 373
157 385
157 396
157 398
157 415
157 416
157 423
157 433
157 438
157 452
157 515
157 527
157 573
157 576
158 163
158 184
158 197
158 208
158 248
158 272
158 296
158 299
158 355
158 455
158 463
158 510
158 511
158 533
158 544
158 546
158 557
158 584
158 588
159 188
159 197
159 212
159 254
159 288
159 325
159 341
159 354
159 389
159 411
159 422
159 446
159 447
159 487
159 492
159 495
159 539
159 545
159 550
159 566
160 162
160 188
160 189
160 242
160 244
160 245
160 257
160 294
160 301
160 306
160 317
160 322
160 330
160 334
160 343
160 379
160 410
160 439
160 478
160 534
160 561
160 573
161 172
161 189
161 195
161 201
161 279
161 291
161 307
161 330
161 346
161 348
161 364
161 399
161 423
161 460
161 475
161 478
161 495
161 523
161 541
161 555
161 559
162 200
162 210
162 214
162 246
162 250
162 255
162 339
162 377
162 421
162 425
162 430
162 461
162 465
162 483
162 535
162 556
162 557
162 573
162 576
162 594
162 599
163 170
163 177
163 258
163 261
163 269
163 310
163 317
163 325
163 343
163 356
163 372
163 407
163 416
163 428
163 444
163 464
163 465
163 554
163 557
163 570
163 575
163 596
164 165
164 200
164 202
164 204
164 269
164 282
164 343
164 354
164 358
164 405
164 412
164 440
164 467
164 481
164 505
164 525
164 544
164 557
165 176
165 226
165 236
165 276
165 289
165 317
165 322
165 327
165 328
165 351
165 361
165 362
165 389
165 424
165 441
165 534
165 536
165 561
165 576
166 220
166 228
166 280
166 289
166 344
166 352
166 381
166 387
166 393
166 406
166 431
166 446
166 461
166 499
166 542
166 555
166 564
166 578
166 598
167 172
167 174
167 182
167 322
167 354
167 360
167 423
167 429
167 441
167 455
167 456
167 475
167 490
167 524
167 531
167 536
167 545
168 183
168 203
168 206
168 217
168 220
168 275
168 278
168 321
168 329
168 349
168 380
168 382
168 423
168 479
168 492
168 508
168 521
168 546
168 573
169 173
169 179
169 180
169 220
169 229
169 281
169 312
169 331
169 333
169 377
169 394
169 420
169 440
169 479
169 513
169 524
169 547
169 549
169 575
169 588
170 194
170 215
170 228
170 239
170 249
170 254
170 272
170 315
170 366
170 394
170 395
170 406
170 412
170 458
170 473
170 499
170 511
170 549
170 556
170 569
170 588
171 179
171 245
171 256
171 257
171 273
171 281
171 286
171 299
171 317
171 318
171 360
171 361
171 368
171 388
171 401
171 421
171 437
171 462
171 485
171 534
171 568
172 176
172 187
172 224
172 240
172 272
172 287
172 290
172 299
172 308
172 315
172 332
172 333
172 341
172 344
172 370
172 379
172 395
172 396
172 453
172 454
172 455
172 471
172 476
172 490
172 497
172 541
172 567
172 580
173 175
173 199
173 208
173 221
173 232
173 258
173 280
173 315
173 343
173 367
173 434
173 437
173 438
173 443
173 449
173 467
173 527
173 568
173 575
174 177
174 194
174 197
174 203
174 204
174 309
174 349
174 401
174 409
174 418
174 440
174 465
174 493
174 496
174 505
174 511
174 520
174 537
174 589
175 191
175 205
175 206
175 215
175 271
175 286
175 298
175 305
175 333
175 334
175 338
175 377
175 380
175 381
175 390
175 419
175 436
175 466
175 478
175 492
175 519
175 545
175 576
175 577
175 585
176 191
176 215
176 246
176 260
176 265
176 266
176 268
176 301
176 311
176 314
176 325
176 361
176 369
176 377
176 446
176 503
176 511
176 513
176 524
176 536
176 572
177 202
177 204
177 213
177 234
177 235
177 247
177 248
177 282
177 305
177 314
177 344
177 412
177 423
177 434
177 440
177 466
177 473
177 477
177 532
177 538
177 566
177 584
177 587
178 185
178 191
178 196
178 212
178 233
178 239
178 252
178 259
178 284
178 291
178 304
178 324
178 377
178 413
178 419
178 447
178 488
178 518
178 563
178 598
179 186
179 202
179 224
179 232
179 244
179 265
179 283
179 332
179 336
179 340
179 380
179 391
179 392
179 404
179 447
179 453
179 454
179 462
179 490
179 516
179 561
179 587
180 210
180 211
180 218
180 230
180 277
180 300
180 306
180 313
180 331
180 379
180 414
180 423
180 442
180 450
180 452
180 476
180 479
180 493
180 504
180 505
180 506
180 514
180 517
180 525
180 580
180 585
180 599
181 195
181 212
181 267
181 269
181 322
181 329
181 343
181 345
181 353
181 359
181 417
181 419
181 429
181 443
181 478
181 498
181 510
181 512
181 573
182 198
182 246
182 251
182 276
182 286
182 318
182 328
182 347
182 390
182 392
182 433
182 444
182 461
182 465
182 482
182 488
182 494
182 515
182 517
182 542
182 557
182 577
183 220
183 246
183 277
183 291
183 301
183 336
183 338
183 357
183 384
183 428
183 453
183 455
183 477
183 479
183 535
183 538
183 540
183 544
183 570
183 576
183 583
183 592
184 216
184 233
184 255
184 256
184 271
184 274
184 306
184 311
184 347
184 365
184 409
184 419
184 429
184 451
184 454
184 458
184 496
184 509
184 512
184 513
184 523
184 578
185 189
185 250
185 275
185 293
185 304
185 361
185 382
185 391
185 394
185 413
185 459
185 507
185 513
185 517
185 528
185 529
185 585
186 252
186 256
186 267
186 277
186 289
186 303
186 385
186 391
186 403
186 411
186 414
186 417
186 427
186 436
186 463
186 498
186 528
186 529
186 531
186 536
186 542
186 572
186 584
187 189
187 199
187 247
187 287
187 292
187 304
187 323
187 383
187 486
187 505
187 507
187 508
187 514
187 530
187 546
187 555
187 585
188 198
188 201
188 228
188 230
188 236
188 242
188 309
188 312
188 330
188 337
188 348
188 350
188 354
188 363
188 371
188 390
188 398
188 407
188 433
188 495
188 531
188 537
188 539
188 562
189 191
189 235
189 248
189 261
189 270
189 274
189 281
189 299
189 311
189 314
189 316
189 344
189 345
189 352
189 363
189 392
189 394
189 408
189 451
189 452
189 469
189 489
189 512
189 562
189 563
189 564
189 573
189 581
189 583
190 198
190 200
190 207
190 246
190 253
190 277
190 312
190 317
190 329
190 388
190 396
190 417
190 457
190 459
190 466
190 481
190 483
190 493
190 537
190 540
190 597
191 215
191 232
191 234
191 236
191 247
191 257
191 280
191 285
191 311
191 335
191 348
191 359
191 385
191 422
191 425
191 427
191 439
191 455
191 464
191 471
191 472
191 509
191 513
191 519
191 568
191 577
192 217
192 241
192 252
192 298
192 307
192 309
192 335
192 354
192 356
192 361
192 410
192 425
192 459
192 471
192 483
192 493
192 505
192 575
192 591
193 227
193 265
193 296
193 316
193 327
193 330
193 358
193 376
193 379
193 380
193 448
193 462
193 472
193 503
193 518
193 540
193 543
193 594
193 597
194 202
194 216
194 217
194 249
194 266
194 301
194 327
194 332
194 343
194 385
194 392
194 407
194 408
194 445
194 450
194 478
194 550
194 555
194 587
194 597
195 277
195 284
195 296
195 305
195 335
195 350
195 354
195 359
195 372
195 379
195 410
195 412
195 423
195 455
195 510
195 517
195 535
195 540
195 565
195 576
196 201
196 222
196 226
196 240
196 241
196 275
196 308
196 324
196 353
196 371
196 379
196 394
196 407
196 423
196 428
196 444
196 485
196 499
196 515
197 201
197 207
197 227
197 262
197 274
197 380
197 410
197 432
197 450
197 475
197 500
197 502
197 543
197 569
197 576
197 580
197 595
198 245
198 261
198 297
198 313
198 320
198 328
198 330
198 384
198 409
198 417
198 423
198 492
198 497
198 553
198 561
198 563
198 589
198 594
199 207
199 228
199 232
199 233
199 243
199 249
199 253
199 297
199 306
199 312
199 322
199 370
199 372
199 405
199 409
199 426
199 442
199 443
199 451
199 474
199 477
199 495
199 534
199 537
199 553
199 554
199 559
200 208
200 224
200 265
200 314
200 326
200 344
200 371
200 380
200 392
200 399
200 409
200 465
200 476
200 481
200 489
200 529
200 551
200 595
201 223
201 388
201 408
201 410
201 415
201 432
201 456
201 490
201 500
201 516
201 519
201 522
201 524
201 531
201 569
202 218
202 231
202 251
202 313
202 314
202 340
202 355
202 369
202 394
202 397
202 409
202 419
202 445
202 475
202 486
202 493
202 495
202 496
202 514
202 518
202 571
202 580
203 224
203 268
203 271
203 291
203 352
203 357
203 363
203 368
203 408
203 422
203 423
203 456
203 457
203 458
203 484
203 489
203 566
203 589
204 248
204 275
204 285
204 289
204 343
204 345
204 353
204 362
204 411
204 446
204 462
204 467
204 521
204 533
204 568
205 209
205 216
205 219
205 222
205 234
205 250
205 299
205 308
205 310
205 318
205 319
205 337
205 340
205 346
205 366
205 378
205 396
205 405
205 425
205 460
205 502
206 210
206 212
206 236
206 247
206 257
206 292
206 294
206 319
206 326
206 327
206 340
206 347
206 362
206 366
206 373
206 378
206 396
206 417
206 424
206 426
206 439
206 479
206 484
206 527
206 530
206 534
206 540
206 553
206 557
206 578
206 586
207 227
207 233
207 237
207 248
207 253
207 272
207 278
207 292
207 345
207 357
207 360
207 372
207 425
207 449
207 501
207 517
207 559
208 234
208 272
208 284
208 288
208 313
208 317
208 332
208 342
208 363
208 365
208 366
208 371
208 381
208 383
208 396
208 402
208 411
208 415
208 435
208 473
208 476
208 486
208 490
208 513
208 533
208 534
208 550
208 576
208 582
208 591
209 253
209 267
209 271
209 272
209 294
209 305
209 307
209 318
209 329
209 352
209 353
209 396
209 404
209 416
209 439
209 454
209 456
209 458
209 522
209 558
209 573
209 590
210 231
210 285
210 299
210 312
210 344
210 352
210 368
210 373
210 400
210 413
210 446
210 481
210 489
210 496
210 510
210 529
210 534
210 564
210 588
210 594
211 235
211 246
211 277
211 298
211 342
211 355
211 356
211 368
211 380
211 388
211 392
211 396
211 402
211 420
211 443
211 469
211 473
211 491
211 512
211 525
211 535
211 577
211 578
211 583
211 586
212 228
212 230
212 267
212 291
212 313
212 368
212 381
212 382
212 451
212 495
212 501
212 505
212 515
212 518
212 523
212 547
212 585
212 591
213 224
213 244
213 283
213 285
213 334
213 399
213 408
213 415
213 422
213 425
213 438
213 472
213 478
213 511
213 521
213 527
213 539
213 540
213 567
213 579
214 243
214 254
214 262
214 279
214 319
214 320
214 328
214 336
214 353
214 360
214 361
214 369
214 420
214 439
214 442
214 444
214 451
214 471
214 474
214 529
214 552
214 562
214 571
214 573
214 582
214 583
215 283
215 287
215 316
215 326
215 338
215 341
215 349
215 413
215 420
215 456
215 475
215 483
215 535
215 547
215 558
215 575
216 218
216 251
216 273
216 280
216 292
216 298
216 313
216 349
216 369
216 399
216 446
216 454
216 460
216 462
216 480
216 543
216 546
216 567
216 571
216 577
217 237
217 259
217 260
217 281
217 315
217 316
217 330
217 355
217 366
217 385
217 424
217 427
217 432
217 454
217 520
217 522
217 523
217 536
217 541
217 562
217 585
218 219
218 254
218 256
218 271
218 277
218 290
218 309
218 331
218 335
218 419
218 448
218 450
218 453
218 457
218 474
218 488
218 510
218 516
218 539
218 573
218 580
218 599
219 228
219 252
219 253
219 267
219 289
219 323
219 333
219 346
219 370
219 412
219 438
219 447
219 452
219 491
219 519
219 537
219 573
219 597
220 250
220 269
220 270
220 300
220 353
220 400
220 405
220 413
220 416
220 433
220 441
220 442
220 455
220 503
220 534
220 536
220 544
220 550
220 552
220 599
221 228
221 243
221 255
221 257
221 262
221 267
221 285
221 287
221 315
221 320
221 384
221 387
221 396
221 428
221 460
221 461
221 463
221 465
221 512
221 530
221 550
221 561
221 573
221 588
221 592
222 279
222 310
222 327
222 357
222 358
222 405
222 430
222 456
222 465
222 482
222 489
222 513
222 548
222 573
223 287
223 288
223 301
223 309
223 330
223 347
223 357
223 393
223 402
223 497
223 500
223 518
223 526
223 544
223 571
224 225
224 236
224 242
224 250
224 261
224 272
224 283
224 290
224 300
224 309
224 311
224 318
224 319
224 327
224 339
224 349
224 356
224 370
224 385
224 387
224 410
224 445
224 469
224 481
224 502
224 517
224 536
224 551
224 561
224 580
224 585
225 252
225 265
225 268
225 274
225 339
225 362
225 379
225 385
225 416
225 441
225 443
225 461
225 493
225 504
225 506
225 522
225 527
225 549
225 573
225 578
225 586
225 594
226 232
226 244
226 258
226 259
226 269
226 274
226 283
226 286
226 310
226 363
226 366
226 386
226 419
226 438
226 462
226 496
226 498
226 501
226 502
226 527
226 535
226 565
226 576
226 581
226 594
227 242
227 274
227 287
227 294
227 308
227 315
227 318
227 320
227 357
227 378
227 410
227 427
227 455
227 520
227 558
228 237
228 241
228 249
228 286
228 294
228 300
228 333
228 354
228 390
228 394
228 414
228 427
228 440
228 476
228 492
228 542
228 546
228 575
229 233
229 247
229 273
229 301
229 349
229 357
229 368
229 373
229 384
229 402
229 405
229 407
229 417
229 438
229 451
229 456
229 468
229 506
229 531
229 535
229 541
229 552
230 237
230 269
230 294
230 306
230 317
230 322
230 329
230 394
230 403
230 440
230 464
230 466
230 481
230 488
230 491
230 506
230 512
230 540
230 556
230 588
231 238
231 246
231 288
231 315
231 343
231 460
231 465
231 475
231 508
231 522
231 537
231 577
231 590
232 239
232 245
232 250
232 253
232 256
232 258
232 268
232 291
232 299
232 324
232 372
232 407
232 424
232 487
232 532
232 544
232 549
232 557
232 593
233 245
233 251
233 262
233 275
233 282
233 302
233 323
233 324
233 328
233 396
233 411
233 416
233 434
233 491
233 533
233 558
233 569
233 572
233 573
233 592
234 242
234 274
234 292
234 293
234 298
234 327
234 329
234 354
234 378
234 404
234 427
234 435
234 512
234 566
234 581
234 588
235 279
235 306
235 327
235 341
235 354
235 355
235 359
235 375
235 377
235 409
235 421
235 442
235 444
235 489
235 504
235 561
235 564
235 588
236 238
236 243
236 277
236 322
236 326
236 328
236 354
236 357
236 361
236 389
236 416
236 425
236 429
236 431
236 468
236 489
236 504
236 556
236 574
237 243
237 263
237 275
237 281
237 309
237 316
237 329
237 433
237 438
237 452
237 459
237 471
237 476
237 489
237 512
237 535
237 558
237 598
238 248
238 289
238 306
238 315
238 338
238 369
238 373
238 378
238 408
238 426
238 517
238 549
238 559
238 583
239 246
239 248
239 255
239 291
239 295
239 316
239 332
239 333
239 358
239 386
239 390
239 423
239 443
239 447
239 454
239 476
239 482
239 486
239 488
239 494
239 531
239 568
240 258
240 301
240 307
240 318
240 322
240 367
240 450
240 451
240 486
240 508
240 527
240 559
240 564
241 265
241 289
241 311
241 313
241 316
241 342
241 353
241 376
241 442
241 460
241 466
241 514
241 545
241 546
242 286
242 300
242 324
242 353
242 379
242 386
242 399
242 412
242 470
242 471
242 474
242 520
242 521
242 559
242 585
242 589
243 264
243 274
243 284
243 294
243 332
243 379
243 399
243 404
243 418
243 439
243 451
243 492
243 494
243 515
243 537
243 541
243 545
243 563
243 586
243 591
244 257
244 296
244 313
244 341
244 407
244 411
244 420
244 421
244 459
244 461
244 495
244 505
244 512
244 513
244 518
244 525
244 531
244 568
245 246
245 257
245 262
245 284
245 304
245 380
245 391
245 420
245 423
245 443
245 452
245 469
245 475
245 476
245 485
245 493
245 514
246 262
246 265
246 267
246 278
246 315
246 321
246 364
246 367
246 406
246 412
246 433
246 441
246 459
246 480
246 489
246 570
246 590
246 591
247 269
247 270
247 273
247 279
247 300
247 321
247 427
247 447
247 458
247 477
247 493
247 505
247 520
247 542
247 555
247 573
247 582
247 598
248 267
248 308
248 316
248 323
248 334
248 338
248 372
248 378
248 396
248 426
248 429
248 443
248 528
248 582
248 583
248 594
249 253
249 266
249 272
249 288
249 316
249 393
249 429
249 443
249 464
249 484
249 503
249 507
249 515
249 523
249 554
250 266
250 311
250 328
250 341
250 373
250 379
250 387
250 392
250 395
250 424
250 427
250 429
250 470
250 483
250 486
250 523
250 536
250 575
250 592
250 596
251 254
251 264
251 283
251 297
251 299
251 366
251 398
251 416
251 442
251 488
251 532
251 551
251 553
251 554
251 561
251 584
251 586
251 589
252 267
252 271
252 294
252 300
252 323
252 334
252 378
252 409
252 410
252 437
252 453
252 459
252 475
252 477
252 483
252 485
252 507
252 513
252 529
252 549
252 593
253 257
253 259
253 269
253 274
253 279
253 286
253 298
253 340
253 375
253 390
253 423
253 436
253 470
253 475
253 477
253 485
253 496
253 510
253 539
253 545
253 583
254 257
254 262
254 284
254 302
254 320
254 321
254 378
254 380
254 412
254 436
254 440
254 453
254 496
254 551
254 560
254 571
254 593
254 598
255 302
255 310
255 368
255 384
255 399
255 400
255 432
255 532
255 549
255 575
255 583
256 299
256 332
256 341
256 363
256 388
256 416
256 448
256 449
256 522
256 537
256 589
257 268
257 291
257 312
257 343
257 344
257 361
257 374
257 389
257 436
257 445
257 446
257 454
257 529
257 530
257 560
257 579
257 582
257 596
258 280
258 286
258 292
258 301
258 336
258 347
258 350
258 353
258 385
258 389
258 416
258 425
258 477
258 504
258 508
258 571
259 300
259 301
259 302
259 349
259 361
259 383
259 421
259 428
259 435
259 486
259 488
259 492
259 518
259 559
259 576
259 587
259 588
260 279
260 318
260 334
260 342
260 357
260 389
260 399
260 403
260 426
260 443
260 449
260 478
260 513
260 517
260 522
260 525
260 531
260 534
260 599
261 277
261 305
261 326
261 355
261 360
261 448
261 499
261 500
261 510
261 533
261 544
261 548
261 567
261 593
262 296
262 310
262 321
262 332
262 341
262 356
262 366
262 413
262 420
262 441
262 447
262 451
262 458
262 462
262 474
262 519
262 574
262 587
263 289
263 296
263 303
263 305
263 322
263 352
263 393
263 402
263 416
263 423
263 456
263 464
263 477
263 549
263 556
263 557
263 565
263 585
263 591
264 271
264 303
264 355
264 375
264 396
264 423
264 425
264 426
264 427
264 463
264 497
264 533
264 538
264 540
264 549
264 553
264 556
265 320
265 322
265 356
265 418
265 425
265 437
265 454
265 455
265 464
265 484
265 495
265 498
266 276
266 305
266 319
266 357
266 387
266 413
266 423
266 426
266 457
266 478
266 481
266 552
266 562
266 577
267 300
267 301
267 382
267 391
267 424
267 427
267 472
267 522
267 563
268 281
268 302
268 322
268 324
268 327
268 341
268 356
268 418
268 442
268 451
268 463
268 468
268 504
268 521
268 535
269 281
269 335
269 347
269 370
269 389
269 415
269 423
269 436
269 460
269 461
269 481
269 513
269 516
269 581
270 306
270 328
270 339
270 357
270 358
270 360
270 362
270 364
270 367
270 384
270 387
270 395
270 411
270 429
270 444
270 467
270 482
270 485
270 487
270 536
270 553
271 278
271 311
271 364
271 381
271 388
271 393
271 400
271 406
271 409
271 429
271 450
271 457
271 489
271 534
271 576
272 289
272 393
272 441
272 474
272 536
272 553
272 558
273 279
273 309
273 313
273 334
273 355
273 397
273 399
273 404
273 433
273 443
273 471
273 480
273 491
273 496
273 504
273 583
273 597
274 281
274 328
274 330
274 350
274 352
274 360
274 382
274 404
274 414
274 421
274 428
274 430
274 488
274 559
274 560
274 576
275 359
275 458
275 459
275 473
275 474
275 476
275 484
275 509
275 517
275 522
275 574
276 295
276 312
276 323
276 332
276 348
276 349
276 397
276 422
276 460
276 470
276 471
276 529
276 553
276 560
276 576
276 584
276 589
277 300
277 305
277 329
277 366
277 442
277 453
277 458
277 569
277 574
277 584
277 586
277 596
278 280
278 303
278 305
278 318
278 339
278 345
278 359
278 397
278 439
278 479
278 513
278 529
278 592
279 285
279 294
279 331
279 383
279 397
279 402
279 485
279 511
279 518
279 531
279 532
279 552
279 571
279 587
279 589
279 590
279 595
280 285
280 320
280 325
280 326
280 334
280 341
280 360
280 365
280 411
280 413
280 430
280 451
280 476
280 485
280 492
280 496
280 514
280 525
280 526
280 544
280 553
280 588
280 592
281 286
281 287
281 296
281 300
281 306
281 311
281 330
281 349
281 359
281 384
281 385
281 405
281 466
281 476
281 509
281 510
281 538
281 575
282 301
282 304
282 311
282 333
282 413
282 416
282 418
282 436
282 439
282 455
282 475
282 476
282 508
282 535
282 552
282 573
282 591
282 597
283 292
283 311
283 317
283 320
283 324
283 359
283 368
283 376
283 379
283 391
283 394
283 417
283 455
283 468
283 478
283 499
283 526
284 315
284 333
284 377
284 403
284 413
284 440
284 451
284 484
284 488
284 494
284 497
284 505
284 532
284 535
284 545
284 575
285 291
285 293
285 298
285 310
285 313
285 329
285 333
285 338
285 400
285 405
285 433
285 445
285 457
285 482
285 492
285 504
285 507
285 557
285 561
285 565
285 574
285 575
285 591
286 293
286 312
286 348
286 356
286 365
286 373
286 449
286 454
286 457
286 462
286 465
286 484
286 539
286 548
286 554
286 563
286 581
287 288
287 318
287 341
287 357
287 369
287 370
287 384
287 404
287 419
287 431
287 454
287 461
287 473
287 481
287 505
287 561
287 569
287 581
287 587
287 589
288 291
288 306
288 328
288 340
288 407
288 409
288 430
288 492
288 504
288 524
288 529
288 534
288 535
288 540
288 547
288 585
288 590
289 330
289 347
289 356
289 364
289 389
289 403
289 405
289 409
289 435
289 436
289 457
289 467
289 486
289 490
289 498
289 515
289 546
289 574
289 598
290 305
290 335
290 367
290 399
290 422
290 427
290 448
290 450
290 457
290 461
290 465
290 517
290 528
290 536
290 545
290 554
290 560
290 578
290 597
291 322
291 339
291 382
291 403
291 466
291 480
291 486
291 508
291 548
291 553
291 558
291 586
292 294
292 307
292 313
292 337
292 379
292 396
292 407
292 411
292 418
292 422
292 432
292 439
292 471
292 477
292 586
293 300
293 327
293 355
293 374
293 378
293 388
293 396
293 404
293 420
293 428
293 470
293 497
293 524
293 539
293 559
293 596
294 315
294 329
294 344
294 371
294 437
294 448
294 457
294 532
294 588
294 599
295 338
295 358
295 360
295 383
295 391
295 407
295 549
295 566
295 568
296 308
296 387
296 413
296 500
296 516
296 530
296 536
296 544
296 568
296 579
296 592
297 451
297 502
297 506
297 509
298 306
298 315
298 346
298 347
298 401
298 430
298 453
298 467
298 471
298 491
298 505
298 542
298 567
298 586
299 322
299 330
299 332
299 346
299 374
299 397
299 408
299 413
299 430
299 444
299 448
299 462
299 502
299 510
299 529
299 543
300 311
300 326
300 339
300 347
300 356
300 365
300 367
300 372
300 384
300 392
300 424
300 505
300 509
300 517
300 536
300 559
300 597
301 309
301 362
301 368
301 373
301 376
301 382
301 387
301 400
301 425
301 450
301 466
301 491
301 519
301 521
301 538
302 303
302 338
302 353
302 367
302 377
302 395
302 412
302 425
302 438
302 455
302 459
302 490
302 504
302 520
302 571
302 580
302 592
303 311
303 321
303 323
303 397
303 413
303 435
303 443
303 452
303 492
303 505
303 510
303 512
303 528
303 577
303 578
303 581
304 324
304 368
304 408
304 440
304 457
304 480
304 481
304 485
304 500
304 562
304 598
305 313
305 327
305 341
305 366
305 378
305 379
305 389
305 398
305 417
305 435
305 445
305 456
305 474
305 516
305 565
306 315
306 325
306 375
306 401
306 405
306 428
306 452
306 454
306 455
306 458
306 467
306 480
306 490
306 598
307 313
307 357
307 363
307 372
307 387
307 395
307 401
307 448
307 459
307 460
307 512
307 529
307 563
307 569
307 573
307 580
307 599
308 311
308 327
308 338
308 418
308 437
308 445
308 449
308 548
308 551
308 561
308 566
309 313
309 317
309 355
309 362
309 364
309 376
309 386
309 403
309 426
309 450
309 498
309 510
310 352
310 371
310 391
310 392
310 393
310 407
310 412
310 433
310 439
310 444
310 474
310 478
310 489
310 511
310 522
310 526
310 528
310 535
311 334
311 377
311 395
311 413
311 438
311 445
311 459
311 487
311 505
311 537
311 562
311 589
312 313
312 314
312 394
312 413
312 421
312 440
312 454
312 460
312 486
312 504
312 514
312 591
313 323
313 326
313 336
313 347
313 352
313 355
313 364
313 453
313 511
313 528
314 330
314 345
314 357
314 381
314 409
314 414
314 421
314 442
314 457
314 464
314 483
314 492
314 528
314 536
314 545
314 553
314 556
314 560
314 599
315 319
315 341
315 353
315 364
315 389
315 398
315 429
315 446
315 455
315 516
315 517
315 519
315 534
315 560
315 562
315 565
316 325
316 331
316 336
316 358
316 385
316 437
316 468
316 544
316 550
316 551
316 560
316 587
317 324
317 329
317 351
317 374
317 483
317 542
317 556
317 561
317 576
317 585
318 325
318 332
318 338
318 356
318 365
318 425
318 439
318 527
318 570
318 574
319 322
319 324
319 342
319 346
319 404
319 406
319 408
319 410
319 421
319 426
319 437
319 503
319 507
319 535
319 589
320 329
320 369
320 378
320 398
320 400
320 420
320 479
320 485
320 495
320 497
320 510
320 511
320 515
320 527
320 528
320 581
321 331
321 352
321 441
321 463
321 482
321 503
321 530
321 536
321 547
321 548
322 378
322 380
322 391
322 402
322 421
322 427
322 430
322 475
322 494
322 504
322 532
322 564
322 572
322 575
322 579
322 581
323 326
323 337
323 360
323 377
323 381
323 430
323 431
323 452
323 485
323 492
323 496
323 512
323 551
323 555
323 584
323 593
324 376
324 402
324 455
324 462
324 467
324 526
324 527
324 581
325 378
325 405
325 415
325 419
325 420
325 445
325 447
325 467
325 489
325 500
325 508
325 551
325 565
325 576
326 337
326 380
326 386
326 438
326 440
326 470
326 488
326 489
326 493
326 494
326 503
326 521
326 561
326 567
326 569
327 360
327 392
327 409
327 454
327 466
327 507
327 527
327 577
327 589
328 349
328 372
328 414
328 481
329 336
329 341
329 354
329 398
329 404
329 486
329 503
329 546
329 550
329 566
329 579
330 335
330 356
330 375
330 377
330 388
330 390
330 417
330 476
330 479
330 480
330 483
330 489
330 503
330 517
330 532
330 535
330 537
330 547
330 552
330 563
331 355
331 378
331 400
331 403
331 415
331 420
331 443
331 448
331 456
331 461
331 497
331 501
331 502
331 528
331 538
332 353
332 370
332 374
332 384
332 423
332 440
332 559
333 357
333 384
333 387
333 392
333 405
333 427
333 434
333 447
333 479
333 518
333 527
333 568
333 585
334 345
334 389
334 409
334 469
334 470
334 490
334 495
334 504
334 510
334 515
334 540
334 574
334 577
334 599
335 348
335 394
335 401
335 438
335 449
335 464
335 476
335 488
335 493
335 503
335 542
335 555
335 586
335 599
336 386
336 401
336 435
336 442
336 449
336 483
336 496
336 503
336 527
336 532
336 555
336 560
336 576
336 591
336 598
337 341
337 373
337 375
337 384
337 499
337 504
337 526
337 555
337 572
337 583
338 359
338 404
338 435
338 445
338 470
338 510
338 515
338 521
338 537
338 550
338 566
338 568
338 576
338 586
339 350
339 351
339 391
339 395
339 410
339 441
339 464
339 472
339 506
339 550
339 579
339 582
339 599
340 359
340 382
340 386
340 414
340 479
340 480
340 488
340 512
340 567
340 594
341 343
341 350
341 366
341 368
341 383
341 419
341 468
341 473
341 492
341 494
341 507
341 510
341 522
341 525
341 572
341 579
341 585
341 598
342 343
342 344
342 364
342 401
342 424
342 454
342 479
342 504
342 514
342 539
342 585
343 346
343 404
343 415
343 441
343 463
343 511
343 543
343 553
343 566
343 567
343 569
343 579
343 596
344 374
344 421
344 429
344 430
344 433
344 469
344 472
344 501
344 519
344 530
345 349
345 377
345 417
345 423
345 433
345 459
345 476
345 478
345 501
345 518
345 528
345 550
345 592
346 359
346 399
346 420
346 436
346 482
346 493
346 508
346 519
346 529
346 597
347 365
347 394
347 396
347 407
347 417
347 425
347 428
347 453
347 492
347 498
347 499
347 516
348 368
348 385
348 394
348 400
348 404
348 424
348 428
348 439
348 479
348 484
348 533
348 535
348 553
348 577
348 578
348 594
349 355
349 414
349 429
349 431
349 508
349 521
349 524
349 525
349 592
350 353
350 356
350 384
350 390
350 402
350 403
350 409
350 417
350 425
350 426
350 464
350 504
350 507
350 536
350 579
350 582
351 364
351 382
351 415
351 478
351 481
351 512
351 550
351 557
351 559
352 412
352 429
352 467
352 475
352 514
352 538
352 541
352 573
352 588
352 598
353 359
353 402
353 420
353 456
353 466
353 467
353 468
353 495
353 496
353 513
353 522
353 538
353 583
354 356
354 383
354 416
354 452
354 475
354 476
354 500
354 505
354 506
354 531
354 544
354 565
354 571
354 575
354 587
354 596
355 399
355 403
355 416
355 466
355 496
355 549
355 550
355 564
355 567
356 506
356 510
356 516
356 529
356 541
356 545
356 560
357 365
357 388
357 392
357 407
357 434
357 435
357 466
357 476
357 489
357 516
357 587
358 377
358 443
358 447
358 464
358 521
358 526
358 532
358 542
358 547
358 557
359 360
359 378
359 389
359 427
359 481
359 496
359 542
359 547
359 557
359 579
360 426
360 457
360 468
360 477
360 479
360 486
360 503
360 506
360 517
360 538
360 548
360 557
360 562
360 574
360 584
361 394
361 404
361 418
361 437
361 449
361 455
361 494
361 495
361 521
361 541
361 561
361 566
362 371
362 377
362 388
362 405
362 422
362 450
362 493
362 514
362 564
362 577
362 582
362 584
362 585
363 366
363 411
363 420
363 428
363 434
363 440
363 467
363 498
363 504
363 523
364 382
364 453
364 465
364 485
364 492
364 509
364 514
364 519
364 569
364 580
364 593
365 400
365 432
365 443
365 491
365 497
365 505
365 511
365 543
365 574
365 581
365 596
366 389
366 391
366 406
366 412
366 428
366 451
366 494
366 522
366 564
366 565
366 571
367 386
367 390
367 402
367 410
367 432
367 458
367 496
367 505
367 519
367 523
367 528
367 545
367 591
367 598
368 371
368 374
368 385
368 399
368 435
368 442
368 469
368 517
368 571
368 586
369 373
369 377
369 398
369 400
369 401
369 406
369 423
369 458
369 467
369 505
369 510
369 581
369 592
370 376
370 403
370 439
370 493
370 511
370 531
370 544
370 549
370 560
370 565
370 583
370 584
371 418
371 419
371 420
371 441
371 444
371 453
371 454
371 482
371 487
371 507
371 527
371 564
371 588
372 376
372 451
372 466
372 487
372 495
372 499
372 504
372 507
372 527
372 532
372 563
372 569
372 589
373 381
373 385
373 393
373 401
373 413
373 419
373 423
373 424
373 429
373 450
373 460
373 474
373 477
373 480
373 496
373 516
373 518
373 548
373 563
373 582
373 587
373 588
374 414
374 426
374 435
374 442
374 472
374 499
374 511
374 542
374 544
374 567
374 580
375 395
375 478
375 517
375 520
375 534
375 545
375 549
375 580
375 586
375 587
376 528
376 534
376 543
376 559
377 394
377 409
377 419
377 428
377 432
377 477
377 496
377 508
377 527
377 551
377 585
378 386
378 408
378 426
378 428
378 429
378 431
378 531
378 533
378 544
378 545
378 574
378 576
378 591
378 592
378 594
379 384
379 390
379 409
379 419
379 426
379 450
379 484
379 503
379 510
379 537
379 553
379 571
379 598
380 386
380 407
380 433
380 434
380 442
380 475
380 505
380 514
380 522
381 416
381 421
381 436
381 479
381 498
381 517
381 550
381 551
381 596
382 388
382 394
382 416
382 425
382 427
382 445
382 453
382 469
382 473
382 476
382 491
382 538
382 539
382 547
382 586
382 596
383 398
383 422
383 558
383 560
383 565
384 389
384 390
384 474
384 502
384 518
384 524
384 539
384 543
385 416
385 447
385 464
385 516
385 548
385 550
385 565
385 579
386 390
386 440
386 448
386 452
386 476
386 495
386 497
386 498
386 510
386 525
386 551
386 569
387 417
387 432
387 457
387 468
387 474
387 490
387 502
387 571
387 589
388 391
388 396
388 398
388 407
388 428
388 440
388 466
388 492
388 515
388 516
388 521
388 556
388 591
388 598
389 406
389 418
389 421
389 438
389 445
389 476
389 489
389 509
389 517
389 530
389 532
389 534
389 536
389 572
390 397
390 418
390 428
390 439
390 469
390 472
390 477
390 503
390 524
390 549
390 556
390 575
390 581
390 582
391 444
391 457
391 458
391 529
391 567
391 591
391 594
392 454
392 460
392 466
392 484
392 490
392 492
392 498
392 504
392 514
392 529
392 551
392 589
393 398
393 410
393 412
393 443
393 484
393 499
393 501
393 505
393 510
393 537
393 540
394 433
394 452
394 475
394 477
394 488
394 501
394 507
394 536
394 539
394 557
394 593
395 401
395 402
395 431
395 432
395 444
395 446
395 449
395 466
395 483
395 516
395 528
396 415
396 437
396 441
396 455
396 463
396 480
396 503
396 540
396 567
396 577
396 582
397 398
397 410
397 414
397 462
397 471
397 484
397 489
397 523
397 536
397 580
398 410
398 425
398 449
398 468
398 470
398 480
398 489
398 534
398 536
398 547
398 557
398 593
399 432
399 433
399 466
399 476
399 515
399 552
400 431
400 538
400 539
400 547
400 580
401 416
401 422
401 433
401 441
401 444
401 461
401 512
401 514
401 552
401 559
402 438
402 444
402 461
402 481
402 492
402 550
402 564
403 441
403 443
403 456
403 473
403 505
403 510
403 511
403 561
404 426
404 430
404 443
404 446
404 450
404 458
404 472
404 482
404 493
405 466
405 478
405 483
405 486
405 494
405 505
405 507
405 518
405 530
405 586
406 440
406 460
406 532
406 576
406 586
406 590
407 422
407 441
407 444
407 517
407 525
407 558
407 578
407 598
408 410
408 437
408 466
408 524
408 546
408 574
408 588
408 594
409 432
409 435
409 439
409 456
409 511
409 571
409 578
410 433
410 456
410 474
410 534
410 546
410 551
410 554
411 442
411 453
411 459
411 464
411 485
411 495
411 512
411 540
411 557
411 570
411 586
411 589
412 425
412 437
412 441
412 472
412 493
412 494
412 552
412 555
412 576
412 586
413 477
413 489
413 494
413 521
413 525
414 423
414 473
414 549
414 570
414 594
415 429
415 442
415 451
415 494
415 497
415 500
415 504
415 519
415 539
415 545
415 553
415 569
415 580
416 489
416 501
416 523
416 554
417 421
417 428
417 440
417 442
417 486
417 491
417 500
417 560
417 571
417 599
418 419
418 433
418 450
418 492
418 558
419 449
419 467
419 487
419 507
419 518
419 540
419 553
419 555
419 574
419 579
420 437
420 438
420 496
420 499
420 526
420 532
420 540
420 554
420 559
420 587
421 435
421 438
421 441
421 458
421 467
421 471
421 476
421 513
421 574
421 593
422 423
422 435
422 457
422 519
422 520
422 552
422 554
422 586
422 587
423 427
423 432
423 445
423 467
423 560
423 565
423 595
423 597
424 443
424 465
424 471
424 508
424 535
424 553
424 576
425 440
425 463
425 480
425 492
425 504
425 521
425 524
425 533
425 553
425 557
425 574
425 579
425 581
425 585
426 468
426 477
426 479
426 518
426 535
426 555
426 565
426 567
426 571
426 599
427 440
427 458
427 478
427 503
429 446
429 506
429 531
429 537
429 574
429 578
430 431
430 454
430 528
430 544
430 546
430 582
431 443
431 446
431 452
431 461
431 489
431 528
431 560
431 589
432 433
432 440
432 451
432 467
432 492
432 517
432 521
432 557
432 560
432 579
433 543
433 575
433 578
433 594
434 440
434 467
434 485
434 515
434 558
434 573
434 578
435 438
435 462
435 469
435 506
435 519
435 541
435 565
435 569
435 574
435 586
436 441
436 445
436 454
436 455
436 550
436 573
436 587
437 484
437 508
437 514
437 523
437 529
437 531
437 559
437 571
438 452
438 514
438 569
438 581
438 596
439 460
439 493
439 500
439 553
439 556
439 569
440 533
440 543
440 548
440 559
440 568
440 585
441 444
441 452
441 461
441 467
441 487
441 513
441 519
441 555
441 562
441 579
442 453
442 472
442 487
442 511
442 578
443 447
443 453
443 454
443 525
443 564
443 593
443 597
444 476
444 490
444 497
444 501
444 580
445 496
445 500
445 582
446 458
446 491
446 537
446 588
447 484
447 486
447 493
447 512
447 549
447 553
447 560
447 576
447 598
448 477
448 481
448 492
448 536
448 554
448 566
448 594
449 490
449 524
449 550
449 554
449 561
450 557
450 558
451 458
451 495
451 496
451 512
451 530
451 554
451 556
451 578
451 595
452 453
452 458
452 459
452 476
452 487
452 493
452 544
453 463
453 481
453 491
453 498
453 521
453 559
453 587
453 592
453 595
454 482
454 483
454 491
454 502
454 510
454 529
454 530
454 560
454 563
454 579
455 499
455 568
455 577
455 599
456 470
456 502
456 544
456 546
456 559
456 565
456 567
456 592
457 467
457 505
457 527
457 531
457 537
457 538
457 549
457 560
458 467
458 477
458 481
458 489
458 501
458 514
458 516
459 461
459 479
459 492
459 525
459 526
459 575
459 580
460 464
460 479
460 516
460 520
460 526
460 561
460 564
460 587
461 488
461 495
461 521
461 539
461 553
461 587
461 590
462 466
462 485
462 490
462 533
462 537
462 548
462 586
462 599
463 510
463 532
463 551
463 566
463 576
463 584
464 502
464 517
464 544
464 579
464 584
464 590
465 477
465 496
465 500
465 558
465 567
465 574
465 592
465 594
466 486
466 489
466 496
466 500
466 509
466 513
466 555
466 568
466 569
467 509
467 515
467 567
468 472
468 498
468 512
468 513
468 525
468 530
468 544
468 572
468 586
469 479
469 500
469 508
469 512
469 515
469 540
469 566
469 599
470 471
470 507
470 518
470 554
470 560
470 566
470 567
470 569
470 582
470 589
470 597
471 491
471 528
471 537
471 541
471 543
471 547
471 552
471 557
471 586
471 587
472 483
472 485
472 499
472 544
472 548
472 562
472 571
472 592
473 483
473 507
473 518
473 526
473 542
473 543
473 562
473 577
474 504
474 556
474 588
475 505
475 584
475 589
476 497
476 517
476 530
476 558
476 597
477 482
477 486
477 502
477 507
477 517
477 526
477 552
477 597
477 599
478 482
478 486
478 539
478 541
478 546
478 557
478 573
478 597
479 519
479 527
479 533
479 580
479 596
479 598
480 488
480 494
480 506
480 508
480 532
480 539
480 559
481 483
481 498
481 507
481 541
481 569
482 503
482 530
482 541
482 560
482 562
482 568
482 570
483 515
483 516
483 518
483 526
483 540
483 569
483 580
483 588
484 496
484 528
484 551
484 567
484 574
484 580
485 488
485 504
485 510
485 528
485 548
486 491
486 509
486 520
486 524
486 555
486 584
487 516
487 530
488 489
488 518
488 522
488 530
488 545
488 550
488 564
488 599
489 504
489 527
489 529
489 550
489 580
489 592
490 493
490 504
490 558
490 561
490 563
491 496
491 512
491 529
491 533
491 547
491 587
491 588
491 589
492 497
492 499
492 515
492 526
492 528
492 545
492 566
492 576
492 584
492 596
493 511
493 522
493 532
493 541
493 547
493 562
493 585
494 538
494 540
494 541
494 573
494 574
494 584
494 587
495 517
495 522
495 549
495 565
495 573
495 592
496 504
496 517
496 556
496 584
496 589
497 501
497 510
497 511
497 548
497 556
497 566
498 506
498 518
498 528
498 536
498 564
498 565
498 566
498 573
499 531
499 540
499 560
499 577
499 578
500 532
500 537
500 545
500 586
500 587
501 534
501 547
501 560
501 569
501 582
501 596
502 512
502 548
502 580
502 593
503 507
503 520
503 537
503 583
503 596
504 524
504 533
505 512
505 518
505 554
505 558
505 560
505 580
505 586
505 589
505 595
505 599
506 526
506 539
506 552
506 574
507 511
507 559
507 570
507 585
507 593
508 513
508 533
508 542
508 548
508 551
508 557
508 592
508 596
509 530
509 537
509 542
510 553
510 580
510 593
511 533
511 549
511 553
511 554
511 596
512 522
512 542
512 563
512 572
513 538
513 591
514 530
514 536
514 538
514 557
514 581
515 520
515 532
515 540
515 567
515 597
516 531
516 557
516 573
517 552
517 557
517 572
517 592
518 535
518 549
518 551
518 571
519 520
519 546
519 574
519 579
520 539
520 565
520 575
520 583
520 591
521 534
521 554
522 549
522 551
522 556
522 584
523 528
523 543
523 599
524 540
524 542
524 553
524 563
524 575
525 575
525 599
526 555
526 589
526 592
527 557
527 559
527 585
528 557
528 574
528 583
528 586
529 542
529 570
529 579
529 589
529 599
530 538
530 562
530 587
531 532
531 549
531 561
531 596
531 598
532 543
532 545
532 557
533 541
533 542
533 584
533 595
533 596
534 558
534 578
535 550
535 578
535 597
536 545
536 558
536 585
537 555
538 570
538 591
538 599
539 547
539 550
539 582
539 599
540 573
541 553
541 589
542 553
542 555
542 558
542 570
542 582
542 586
542 598
543 546
543 586
543 589
544 564
544 578
545 552
545 553
545 570
546 556
547 577
547 578
548 577
551 558
551 563
551 585
552 570
553 559
553 562
553 582
554 558
554 561
555 560
555 576
555 577
555 597
557 567
558 566
558 575
558 588
559 562
559 565
559 591
560 591
560 596
561 575
561 580
561 581
561 582
562 590
563 578
563 592
565 583
565 597
566 574
566 598
567 570
567 572
567 576
567 590
568 573
568 577
568 579
568 595
569 581
569 594
569 595
571 573
571 588
573 598
574 590
574 596
576 585
576 587
576 588
577 588
578 580
578 581
578 585
579 585
579 590
581 588
582 594
583 595
585 588
585 596
587 589
587 598
589 595
591 598
594 598
