600 5477
0 432
0 368
0 515
0 388
0 557
0 44
0 301
0 431
0 48
0 370
0 179
0 468
0 501
0 217
0 47
0 61
0 447
1 256
1 259
1 167
1 382
1 343
1 387
1 14
1 80
1 595
1 339
1 446
1 277
1 22
1 57
1 345
1 346
1 427
1 350
1 442
2 160
2 3
2 486
2 454
2 103
2 552
2 60
2 235
2 462
2 143
2 560
2 107
2 267
2 347
2 251
2 284
2 413
2 30
3 132
3 353
3 599
3 322
3 525
3 273
3 147
3 249
3 474
3 97
3 571
3 357
3 230
3 488
3 361
3 428
3 104
3 500
3 181
3 569
3 443
3 190
4 451
4 231
4 40
4 266
4 107
4 109
4 432
4 579
4 245
4 505
4 217
4 282
4 124
4 189
5 323
5 195
5 420
5 581
5 487
5 296
5 201
5 10
5 267
5 204
5 312
5 147
5 404
5 41
5 566
5 137
5 88
5 250
5 156
5 554
5 415
6 576
6 257
6 107
6 581
6 321
6 456
6 460
6 77
6 526
6 333
6 144
6 404
6 406
6 537
6 218
6 26
6 589
6 290
6 299
6 109
6 178
6 439
6 312
6 122
6 572
6 254
7 482
7 587
7 197
7 392
7 567
7 268
7 238
7 477
7 464
7 339
7 180
7 437
7 57
7 276
7 125
7 254
8 66
8 11
8 357
8 166
8 331
8 364
8 110
8 470
8 218
8 539
8 445
8 406
9 160
9 355
9 136
9 141
9 206
9 207
9 304
9 17
9 557
9 515
9 372
9 334
9 182
9 343
9 472
9 153
9 282
9 411
9 58
9 559
10 196
10 71
10 73
10 332
10 143
10 337
10 213
10 470
10 215
10 538
10 93
10 224
10 552
10 297
10 364
10 493
10 112
10 306
10 501
10 121
10 505
10 309
11 97
11 87
11 263
11 327
11 499
11 399
11 528
11 145
11 595
11 307
11 417
11 311
11 58
11 478
12 256
12 225
12 227
12 580
12 197
12 425
12 41
12 55
12 397
12 433
12 437
12 374
12 87
12 57
12 479
12 28
12 453
13 64
13 36
13 101
13 327
13 265
13 202
13 44
13 237
13 399
13 51
13 524
13 437
13 566
13 377
13 56
13 249
13 559
13 460
13 564
13 254
14 272
14 290
14 131
14 85
14 81
14 58
14 285
14 261
15 130
15 131
15 453
15 582
15 264
15 393
15 459
15 590
15 208
15 148
15 406
15 537
15 539
15 478
15 581
15 272
15 421
15 166
15 552
15 105
15 44
15 240
15 369
15 309
15 440
15 444
15 16
16 195
16 457
16 205
16 143
16 464
16 82
16 515
16 589
16 481
16 354
16 419
16 422
16 167
16 236
16 496
16 113
16 50
16 435
16 437
16 121
16 506
16 443
16 382
16 556
17 544
17 457
17 291
17 423
17 328
17 393
17 236
17 419
17 175
17 401
17 371
17 233
17 56
17 252
18 450
18 104
18 457
18 459
18 236
18 493
18 240
18 434
18 403
18 244
18 151
18 440
18 313
18 187
18 28
19 257
19 323
19 136
19 587
19 143
19 401
19 82
19 531
19 548
19 282
19 479
19 225
19 227
19 356
19 230
19 552
19 297
19 554
19 107
19 492
19 557
19 442
19 380
19 61
19 446
20 49
20 147
20 244
20 101
20 54
20 449
20 355
20 532
20 218
20 219
20 524
21 228
21 293
21 326
21 296
21 140
21 205
21 430
21 111
21 592
21 277
21 375
21 462
21 315
21 540
21 253
21 85
21 133
22 224
22 418
22 485
22 582
22 225
22 503
22 76
22 78
22 497
22 275
22 84
22 23
22 507
22 403
22 575
23 592
23 418
23 228
23 392
23 476
23 458
23 428
23 303
23 112
23 328
23 403
23 468
23 405
23 444
23 531
23 542
24 320
24 129
24 546
24 387
24 25
24 135
24 535
24 453
24 299
24 365
24 148
24 54
24 87
24 52
24 247
24 319
25 577
25 354
25 35
25 278
25 104
25 380
25 234
25 172
25 418
25 239
25 336
25 369
25 310
25 215
25 28
25 330
25 414
26 97
26 226
26 516
26 389
26 417
26 454
26 491
26 140
26 269
26 303
26 307
26 148
26 57
26 540
26 478
26 31
27 448
27 512
27 290
27 475
27 389
27 198
27 297
27 588
27 493
27 274
27 52
27 341
27 214
27 183
27 57
27 474
27 251
27 319
28 448
28 325
28 39
28 361
28 74
28 231
28 210
28 494
28 239
28 80
28 563
28 57
28 575
28 92
28 93
28 549
29 194
29 196
29 582
29 520
29 585
29 267
29 335
29 593
29 466
29 493
29 413
29 543
29 32
29 98
29 232
29 370
29 110
29 433
29 498
29 438
29 380
29 63
30 512
30 579
30 392
30 137
30 76
30 290
30 498
30 117
30 502
30 524
30 537
30 379
30 190
30 437
31 64
31 193
31 450
31 507
31 582
31 168
31 105
31 42
31 407
31 288
31 335
31 424
31 547
31 406
31 375
31 344
31 91
32 193
32 450
32 108
32 74
32 530
32 148
32 85
32 222
32 161
32 226
32 420
32 489
32 491
32 364
32 241
32 178
32 499
32 312
32 596
32 442
32 428
32 189
32 63
33 416
33 354
33 131
33 95
33 523
33 557
33 368
33 594
33 373
33 311
33 351
33 221
33 382
33 117
34 544
34 257
34 418
34 131
34 388
34 550
34 326
34 551
34 361
34 42
34 562
34 365
34 110
34 466
34 531
34 596
34 521
34 314
34 252
34 191
35 131
35 197
35 294
35 199
35 237
35 462
35 397
35 114
35 163
35 378
35 92
35 589
35 287
36 65
36 322
36 260
36 69
36 135
36 450
36 78
36 401
36 339
36 333
36 349
36 225
36 227
36 486
36 294
36 593
36 43
36 438
36 375
36 57
36 187
36 508
37 432
37 544
37 68
37 597
37 374
37 263
37 568
37 265
37 282
37 479
38 400
38 598
38 486
38 476
38 266
38 428
38 494
38 335
38 112
38 189
38 435
38 245
38 310
38 247
38 442
38 527
38 412
38 93
39 322
39 43
39 68
39 422
39 71
39 456
39 137
39 331
39 560
39 547
39 242
39 147
39 372
39 56
40 48
40 321
40 66
40 534
40 396
40 142
41 544
41 289
41 323
41 518
41 552
41 267
41 593
41 582
41 139
41 535
41 280
41 250
41 90
42 224
42 518
42 131
42 228
42 165
42 422
42 454
42 453
42 331
42 205
42 45
42 580
42 305
42 83
42 153
42 217
42 186
42 572
42 427
43 464
43 290
43 325
43 134
43 264
43 599
43 263
43 588
43 434
43 450
43 369
43 274
43 560
43 324
43 413
43 190
43 95
44 192
44 514
44 387
44 246
44 134
44 321
44 551
44 106
44 523
44 524
44 558
44 271
44 82
44 435
44 594
44 182
44 567
45 448
45 129
45 522
45 427
45 421
45 296
45 457
45 266
45 279
45 565
45 464
45 83
45 245
45 512
45 215
45 478
45 281
45 314
45 234
45 63
46 128
46 441
46 307
46 340
46 550
46 374
46 151
46 356
46 378
46 76
46 319
47 352
47 194
47 570
47 548
47 230
47 71
47 520
47 489
47 298
47 395
47 494
47 306
47 211
47 436
47 373
47 217
47 218
47 189
47 126
48 147
48 461
48 337
48 82
48 275
48 563
48 345
48 539
48 95
48 225
48 355
48 484
48 427
48 556
48 174
48 111
48 432
48 113
48 179
48 249
48 379
49 259
49 535
49 598
49 531
49 264
49 169
49 235
49 300
49 270
49 303
49 272
49 168
49 242
49 451
49 374
49 439
49 154
49 123
49 346
50 134
50 519
50 457
50 462
50 79
50 527
50 89
50 474
50 219
50 486
50 422
50 361
50 491
50 492
50 173
50 303
50 434
50 371
50 180
50 120
50 116
50 445
51 160
51 476
51 132
51 422
51 102
51 135
51 329
51 391
51 239
51 560
51 532
51 309
51 333
51 120
51 154
51 380
51 285
51 574
51 255
52 96
52 482
52 516
52 423
52 265
52 427
52 588
52 466
52 238
52 548
52 156
52 562
52 86
52 183
52 249
52 188
52 125
53 192
53 161
53 386
53 323
53 228
53 133
53 360
53 170
53 224
53 430
53 544
53 355
53 308
53 494
53 311
53 592
53 249
53 538
54 224
54 482
54 573
54 168
54 489
54 586
54 332
54 366
54 175
54 270
54 430
54 438
54 585
54 507
54 156
54 508
55 192
55 571
55 578
55 423
55 421
55 70
55 327
55 168
55 267
55 210
55 153
55 378
55 187
56 323
56 68
56 485
56 358
56 360
56 234
56 107
56 597
56 550
56 250
56 379
56 394
57 389
57 203
57 146
57 532
57 161
57 507
57 348
57 426
57 363
57 364
57 560
57 417
57 383
57 575
57 442
57 443
57 554
57 447
58 192
58 267
58 398
58 401
58 338
58 595
58 537
58 153
58 221
58 350
58 352
58 353
58 229
58 78
58 210
58 498
58 182
58 568
58 185
58 570
58 189
58 191
59 420
59 101
59 327
59 329
59 234
59 107
59 77
59 464
59 535
59 472
59 218
59 123
59 221
59 222
59 223
60 65
60 550
60 391
60 168
60 301
60 597
60 269
60 432
60 209
60 114
60 437
60 214
60 441
60 153
60 399
60 510
60 351
61 387
61 393
61 202
61 591
61 563
61 515
61 407
61 408
61 548
61 478
61 354
61 99
61 420
61 421
61 360
61 554
61 235
61 175
61 547
61 500
61 570
62 448
62 336
62 322
62 101
62 577
62 296
62 137
62 555
62 460
62 526
62 272
62 305
62 147
62 244
62 308
62 282
62 378
63 128
63 226
63 229
63 263
63 161
63 360
63 107
63 386
63 285
63 400
63 145
63 338
63 594
63 533
63 118
63 289
63 566
64 128
64 514
64 459
64 460
64 589
64 273
64 212
64 537
64 346
64 347
64 220
64 286
64 539
64 357
64 423
64 490
64 112
64 310
64 376
64 124
64 510
65 539
65 258
65 163
65 357
65 456
65 233
65 108
65 111
65 307
65 117
65 406
65 364
65 367
65 127
66 385
66 388
66 293
66 103
66 585
66 140
66 273
66 433
66 456
66 310
66 90
66 380
66 257
67 193
67 386
67 456
67 268
67 74
67 567
67 204
67 141
67 450
67 82
67 340
67 86
67 478
67 95
67 480
67 98
67 251
67 422
67 487
67 371
67 183
67 569
67 396
67 443
67 510
68 473
68 489
68 427
68 366
68 208
68 147
68 116
68 247
68 344
68 180
68 379
68 573
68 543
69 450
69 251
69 325
69 136
69 170
69 530
69 496
69 338
69 184
69 121
69 379
69 426
69 510
70 515
70 370
70 163
70 84
70 372
70 74
70 420
70 467
70 143
71 448
71 245
71 261
71 73
71 270
71 207
71 80
71 594
71 532
71 561
71 598
71 480
71 227
71 166
71 170
71 174
71 495
71 497
71 117
71 511
72 128
72 344
72 485
72 327
72 200
72 502
72 426
72 235
72 557
72 78
72 207
72 305
72 179
72 310
72 120
72 509
72 125
72 319
73 385
73 587
73 197
73 265
73 459
73 290
73 461
73 583
73 344
73 281
73 95
73 97
73 98
73 561
73 104
73 106
73 171
73 494
73 232
73 501
73 124
73 266
74 513
74 324
74 197
74 458
74 403
74 341
74 260
74 93
74 100
74 518
74 422
74 323
74 494
74 369
74 371
74 309
74 123
74 277
75 416
75 97
75 322
75 356
75 261
75 390
75 103
75 232
75 553
75 234
75 587
75 76
75 239
75 402
75 86
75 472
75 182
76 256
76 577
76 459
76 260
76 165
76 169
76 397
76 301
76 369
76 457
77 129
77 231
77 200
77 458
77 146
77 302
77 301
77 584
77 82
77 341
77 474
77 597
78 353
78 549
78 535
78 599
78 119
78 461
78 536
78 309
78 343
78 344
78 292
78 315
78 285
79 224
79 379
79 262
79 593
79 298
79 299
79 237
79 302
79 152
79 382
79 116
79 85
79 214
79 216
79 187
79 252
79 190
79 117
80 384
80 227
80 454
80 524
80 522
80 208
80 507
80 190
80 112
80 85
80 503
80 123
80 126
80 309
81 513
81 260
81 389
81 263
81 169
81 545
81 487
81 108
81 145
81 245
81 536
81 313
81 573
82 576
82 198
82 267
82 465
82 86
82 472
82 248
82 288
82 240
82 230
82 106
82 302
82 497
82 498
82 595
82 440
82 569
82 188
82 536
83 353
83 418
83 385
83 188
83 461
83 240
83 514
83 594
83 341
83 154
83 284
83 509
83 415
84 224
84 588
84 322
84 136
84 137
84 172
84 173
84 142
84 368
84 108
84 308
84 597
84 118
84 280
84 592
84 347
84 189
84 543
85 416
85 390
85 207
85 520
85 335
85 271
85 275
85 537
85 152
85 473
85 92
85 415
85 289
85 233
85 300
85 306
85 310
85 567
85 569
85 449
85 444
85 189
85 469
86 576
86 385
86 134
86 199
86 464
86 529
86 466
86 339
86 596
86 535
86 220
86 291
86 297
86 355
86 579
86 439
86 443
86 189
87 588
87 331
87 262
87 393
87 211
87 597
87 535
87 356
87 154
87 223
87 291
87 292
87 232
87 170
87 559
87 561
87 180
87 565
87 376
87 443
87 252
87 447
88 130
88 131
88 166
88 135
88 554
88 455
88 492
88 322
88 205
88 207
88 124
88 351
89 129
89 325
89 296
89 453
89 555
89 140
89 179
89 372
89 247
89 282
89 490
89 414
89 389
90 480
90 164
90 486
90 487
90 520
90 238
90 208
90 437
90 585
90 409
91 480
91 258
91 131
91 261
91 487
91 174
91 515
91 419
91 180
91 569
91 537
91 186
91 283
92 353
92 388
92 470
92 264
92 187
92 332
92 237
92 239
92 438
92 580
92 347
93 320
93 360
93 303
93 112
93 564
93 542
93 215
93 186
93 283
93 222
94 450
94 227
94 196
94 278
94 583
94 169
94 234
94 461
94 270
94 554
94 113
94 466
94 447
94 374
94 215
94 377
94 411
94 348
94 189
94 380
94 421
95 198
95 103
95 584
95 202
95 494
95 399
95 385
95 149
95 502
95 343
95 221
96 512
96 199
96 140
96 268
96 239
96 466
96 403
96 213
96 246
96 311
96 536
96 313
96 122
96 379
96 190
96 597
97 512
97 423
97 342
97 313
97 471
98 551
98 104
98 426
98 491
98 462
98 189
98 497
98 599
98 471
98 184
98 506
98 495
98 351
99 545
99 324
99 229
99 519
99 553
99 171
99 333
99 461
99 467
99 280
99 575
99 287
99 421
100 352
100 420
100 262
100 136
100 169
100 172
100 525
100 285
100 114
100 342
100 313
100 298
101 133
101 137
101 203
101 237
101 273
101 278
101 574
101 197
101 546
101 422
101 554
101 108
101 493
101 240
101 434
101 435
101 511
101 382
101 447
102 293
102 201
102 170
102 588
102 369
102 498
102 534
102 216
102 441
102 282
102 186
102 453
103 160
103 353
103 324
103 464
103 230
103 360
103 535
103 331
103 418
103 432
103 433
103 371
103 244
103 374
103 471
103 284
104 231
104 210
104 491
104 173
104 125
104 529
104 316
104 281
104 344
104 508
104 156
104 189
104 572
105 417
105 195
105 420
105 230
105 198
105 584
105 216
105 355
105 475
106 576
106 545
106 356
106 555
106 372
106 118
106 364
106 123
106 543
107 385
107 115
107 184
107 215
107 516
107 411
107 416
107 229
107 428
107 561
107 370
107 243
107 564
107 117
107 252
108 322
108 447
108 263
108 128
108 500
108 495
108 404
108 373
108 313
108 513
108 219
108 330
108 589
108 383
109 225
109 354
109 547
109 422
109 359
109 328
109 138
109 395
109 594
109 151
109 378
109 476
110 160
110 294
110 292
110 133
110 198
110 561
110 171
110 194
110 174
110 177
110 371
110 564
110 238
110 470
110 565
110 488
110 318
110 517
111 576
111 516
111 391
111 204
111 490
111 331
111 268
111 289
111 206
111 531
112 581
112 499
112 279
112 345
112 282
112 288
112 227
112 166
112 361
112 477
112 563
112 374
112 570
112 507
112 138
112 190
112 127
113 379
113 420
113 571
113 129
113 360
113 394
113 135
113 430
113 175
113 598
113 503
113 376
113 121
113 251
113 127
114 132
114 532
114 200
114 340
114 458
114 268
114 397
114 334
114 547
114 244
114 302
114 566
114 489
114 216
114 324
114 526
114 428
114 414
115 128
115 161
115 194
115 261
115 214
115 360
115 290
115 591
115 210
115 565
115 246
115 262
115 566
115 154
115 251
115 159
116 256
116 360
116 226
116 323
116 359
116 296
116 169
116 588
116 338
116 177
116 340
116 374
116 471
116 344
116 228
116 314
116 412
117 354
117 454
117 193
117 335
117 464
117 531
117 339
117 405
117 503
117 186
117 221
117 319
118 576
118 289
118 578
118 261
118 267
118 172
118 549
118 177
118 453
118 342
118 185
118 218
118 159
118 284
118 186
119 256
119 257
119 484
119 454
119 422
119 199
119 329
119 426
119 498
119 495
119 400
119 384
119 148
119 278
119 503
119 472
119 250
119 458
120 383
120 539
120 227
120 134
120 497
120 395
120 499
120 306
120 494
120 143
120 465
120 565
120 598
120 315
120 188
120 349
120 351
121 560
121 131
121 420
121 361
121 139
121 205
121 179
121 472
121 408
121 286
122 354
122 163
122 324
122 167
122 590
122 285
122 505
122 562
122 342
122 183
122 527
122 185
122 251
122 253
122 254
123 162
123 196
123 358
123 172
123 333
123 526
123 271
123 418
123 180
123 150
123 280
123 260
123 540
123 255
124 289
124 194
124 267
124 504
124 327
124 169
124 330
124 183
124 546
124 177
124 217
124 380
124 253
124 247
125 353
125 294
125 329
125 362
125 140
125 593
125 592
125 414
125 470
125 532
125 253
125 394
125 575
126 145
126 384
126 578
126 549
126 353
126 138
126 175
126 186
126 142
127 194
127 299
127 423
127 363
127 556
127 386
127 238
127 255
127 598
127 441
127 506
127 315
127 316
127 351
128 354
128 355
128 197
128 583
128 329
128 394
128 482
128 337
128 373
128 233
128 517
129 193
129 196
129 261
129 264
129 401
129 595
129 404
129 433
129 279
129 218
129 475
129 348
129 282
129 289
129 423
129 296
129 487
129 236
129 434
129 563
129 314
129 251
129 252
130 509
130 444
130 331
130 140
130 301
130 366
130 508
130 435
130 500
130 373
130 251
130 220
130 317
130 542
130 575
131 193
131 417
131 584
131 465
131 416
131 462
131 407
131 537
131 218
131 224
131 309
131 508
131 510
132 544
132 577
132 324
132 455
132 243
132 200
132 362
132 299
132 460
132 237
132 527
132 401
132 273
132 414
132 484
132 476
132 286
132 469
133 450
133 579
133 422
133 552
133 329
133 399
133 368
133 479
133 527
133 346
133 207
133 540
134 193
134 491
134 487
134 329
134 525
134 436
134 500
134 316
134 413
135 385
135 328
135 460
135 237
135 175
135 304
135 248
135 313
135 315
135 316
135 445
135 351
136 547
136 211
136 200
136 265
136 458
136 429
136 558
136 461
136 240
136 552
136 274
136 504
136 276
136 412
137 361
137 203
137 591
137 146
137 310
137 596
137 474
137 477
138 448
138 459
138 373
138 582
138 486
138 263
138 585
138 363
138 396
138 334
138 303
138 595
138 199
138 506
138 207
138 158
138 223
139 353
139 450
139 163
139 390
139 296
139 364
139 366
139 335
139 176
139 434
139 227
139 494
139 214
139 506
139 403
139 382
140 523
140 332
140 526
140 146
140 275
140 270
140 598
140 535
140 479
140 488
140 362
140 338
140 182
140 191
140 188
140 254
141 288
141 225
141 507
141 325
141 539
141 561
141 234
141 204
141 269
141 462
141 400
141 209
141 259
141 436
141 447
141 411
141 348
141 287
142 481
142 569
142 292
142 421
142 584
142 490
142 523
142 173
142 175
142 424
142 213
142 598
142 279
142 185
142 250
142 493
142 444
142 543
143 576
143 417
143 451
143 296
143 201
143 343
143 428
143 446
143 342
143 169
143 152
143 190
143 211
144 512
144 545
144 502
144 577
144 331
144 366
144 369
144 435
144 244
144 341
144 374
144 281
144 379
144 188
144 349
145 203
145 453
145 329
145 399
145 400
145 146
145 494
145 346
145 159
145 359
145 492
145 301
145 302
145 240
145 181
145 310
145 247
145 314
145 575
146 546
146 516
146 467
146 296
146 206
146 399
146 592
146 274
146 237
146 439
146 568
146 314
146 434
146 589
147 481
147 576
147 322
147 518
147 289
147 493
147 158
147 224
147 225
147 294
147 166
147 362
147 237
147 430
147 498
147 179
147 184
147 404
147 571
148 160
148 483
148 200
148 399
148 562
148 531
148 566
148 311
148 251
148 284
149 353
149 547
149 273
149 268
149 577
149 496
149 241
149 579
149 275
149 182
149 410
149 542
150 513
150 294
150 262
150 492
150 202
150 468
150 436
150 471
150 408
150 313
150 442
150 411
150 586
150 524
151 451
151 388
151 418
151 532
151 277
151 285
151 222
151 223
151 226
151 419
151 421
151 167
151 363
151 368
151 242
151 566
151 430
151 313
151 446
152 443
152 196
152 199
152 426
152 428
152 334
152 238
152 210
152 374
152 407
152 440
152 324
152 346
152 522
153 546
153 195
153 517
153 166
153 295
153 395
153 594
153 280
153 185
153 379
153 297
153 222
154 320
154 226
154 179
154 243
154 291
154 234
154 558
154 536
154 576
154 410
154 252
154 351
155 225
155 450
155 483
155 214
155 390
155 545
155 266
155 582
155 322
155 494
155 579
155 182
155 378
155 507
155 554
155 478
156 227
156 456
156 529
156 328
156 522
156 431
156 183
156 286
157 552
157 386
157 292
157 245
157 247
157 488
157 535
157 511
157 431
157 255
158 474
158 355
158 524
158 395
158 300
158 397
158 366
158 303
158 536
158 478
158 406
158 280
158 186
158 410
158 459
159 225
159 450
159 475
159 422
159 297
159 432
159 242
159 564
159 280
159 187
159 348
159 415
160 547
160 166
160 304
160 466
160 558
160 212
160 479
160 190
160 223
161 288
161 578
161 451
161 198
161 492
161 399
161 464
161 530
161 340
161 409
161 539
161 284
161 208
161 289
161 549
161 428
161 304
161 242
161 499
161 382
162 271
162 293
162 163
162 228
162 229
162 357
162 500
162 234
162 239
163 197
163 199
163 396
163 527
163 400
163 401
163 562
163 404
163 592
163 543
163 573
163 511
164 448
164 261
164 390
164 456
164 587
164 398
164 296
164 501
164 315
164 573
164 446
164 453
165 193
165 580
165 325
165 572
165 458
165 462
165 381
165 208
165 499
165 347
165 252
165 255
166 352
166 262
166 267
166 333
166 213
166 278
166 281
166 474
166 290
166 483
166 558
166 368
166 436
166 510
166 248
166 506
166 254
167 192
167 196
167 358
167 489
167 480
167 366
167 465
167 338
167 595
167 437
167 187
167 476
167 479
168 256
168 321
168 197
168 390
168 267
168 563
168 402
168 533
168 284
168 480
168 291
168 489
168 363
168 559
168 498
168 179
168 310
168 569
169 581
169 390
169 476
169 583
169 559
169 560
170 480
170 544
170 422
170 357
170 453
170 268
170 206
170 495
170 560
170 370
170 469
170 246
170 312
170 462
170 444
171 196
171 389
171 403
171 303
171 339
171 187
171 375
171 472
171 251
171 348
171 508
172 436
172 549
172 270
172 207
172 560
172 241
172 515
172 214
172 505
172 506
172 347
172 389
173 386
173 227
173 550
173 262
173 530
173 177
173 245
173 441
173 255
174 360
174 591
174 294
174 296
174 466
174 495
174 264
174 338
174 589
174 538
174 350
175 448
175 449
175 323
175 388
175 502
175 540
175 272
175 403
175 532
175 407
175 596
175 508
176 419
176 228
176 297
176 491
176 204
176 238
176 570
176 244
176 506
176 508
176 349
176 510
176 287
177 353
177 419
177 212
177 198
177 425
177 236
177 525
177 564
177 563
177 244
177 599
177 548
178 568
178 586
178 294
178 358
178 567
178 488
178 585
178 445
178 405
179 480
179 195
179 598
179 455
179 203
179 269
179 547
179 529
179 405
179 406
179 408
179 477
179 255
180 496
180 322
180 229
180 265
180 311
180 572
180 494
180 331
180 593
180 307
180 341
180 479
180 279
180 508
180 405
181 523
181 597
181 582
181 409
181 457
181 490
181 519
182 448
182 386
182 455
182 278
182 419
182 561
182 362
182 238
182 369
182 500
182 187
182 457
182 251
182 446
182 341
183 225
183 392
183 328
183 333
183 418
183 273
183 259
183 212
184 320
184 289
184 358
184 200
184 591
184 497
184 309
184 312
184 284
184 222
185 514
185 420
185 587
185 434
185 497
185 274
185 286
185 374
185 494
185 318
185 517
186 385
186 391
186 393
186 334
186 463
186 348
186 420
186 367
186 381
186 376
186 249
186 378
186 445
186 575
187 394
187 269
187 595
187 397
187 414
187 225
187 357
187 232
187 553
187 554
187 299
187 556
187 493
187 559
187 240
187 350
187 312
187 522
187 574
188 454
188 295
188 458
188 519
188 435
188 206
188 273
188 566
188 316
188 254
189 555
189 454
189 392
189 226
189 290
189 527
189 595
189 342
189 535
189 324
189 411
189 557
189 479
189 553
189 363
189 556
189 237
189 552
189 444
189 509
190 258
190 198
190 330
190 272
190 515
190 276
190 277
190 299
190 293
190 238
190 495
190 400
190 222
190 443
191 283
191 424
191 371
191 271
191 560
191 305
191 307
191 342
191 536
191 347
191 348
191 509
191 507
192 576
192 230
192 266
192 247
192 559
192 479
192 283
192 254
192 351
193 424
193 331
193 499
193 367
193 498
193 544
193 535
193 312
193 299
193 533
193 445
193 355
194 506
194 450
194 323
194 292
194 391
194 545
194 555
194 336
194 387
194 430
194 401
194 314
194 558
195 256
195 262
195 497
195 232
195 426
195 491
195 468
195 205
195 334
195 273
195 372
195 405
195 406
195 281
195 318
196 363
196 356
196 550
196 556
196 271
196 465
196 370
196 596
196 501
196 374
196 475
197 422
197 435
197 239
197 328
197 249
197 316
197 222
197 325
198 481
198 549
198 199
198 447
198 263
198 396
198 291
198 302
198 593
198 247
198 510
198 251
199 544
199 357
199 395
199 337
199 427
199 374
199 540
199 349
200 481
200 419
200 340
200 586
200 432
200 403
200 281
200 447
201 482
201 259
201 294
201 455
201 535
201 498
201 462
201 242
201 483
201 372
201 343
201 325
202 262
202 241
202 265
202 298
202 433
202 209
202 437
202 572
202 414
203 225
203 315
203 294
203 231
203 264
203 355
203 300
203 589
203 581
203 594
203 438
203 407
203 569
203 255
203 287
204 418
204 363
204 428
204 597
204 564
204 254
204 376
204 249
204 570
204 349
204 350
204 469
205 571
205 258
205 453
205 392
205 238
205 367
205 206
205 579
205 403
205 278
205 503
205 526
205 399
205 444
206 544
206 225
206 260
206 289
206 327
206 366
206 498
206 599
206 245
206 593
206 457
207 582
207 397
207 210
207 215
207 569
207 411
207 412
207 283
207 484
207 487
207 302
207 434
207 435
207 245
207 494
207 444
208 482
208 577
208 425
208 394
208 491
208 461
208 334
208 466
208 586
208 279
208 440
208 445
208 362
208 383
209 522
209 366
209 397
209 592
209 276
209 302
209 535
209 376
209 564
210 225
210 582
210 230
210 343
210 270
210 592
210 338
210 501
210 217
210 597
211 353
211 354
211 387
211 452
211 357
211 487
211 360
211 457
211 439
211 237
211 398
211 467
211 475
211 408
211 553
211 379
211 446
212 502
212 454
212 257
212 361
212 586
212 503
212 334
212 591
212 306
212 544
212 501
212 214
212 564
212 442
212 316
213 497
213 226
213 291
213 244
213 318
213 235
214 544
214 481
214 585
214 359
214 363
214 519
214 466
214 398
214 434
214 339
214 495
215 546
215 452
215 328
215 428
215 400
215 584
215 275
215 462
215 278
215 249
215 506
215 330
215 285
216 224
216 546
216 562
216 465
216 596
216 565
216 248
216 252
216 589
216 479
217 577
217 290
217 328
217 374
217 283
217 316
217 394
218 329
218 479
218 557
218 432
218 369
218 536
218 537
218 316
218 223
219 480
219 226
219 326
219 300
219 558
219 591
219 403
219 440
219 347
219 220
219 541
219 540
220 387
220 325
220 582
220 599
220 596
220 471
220 474
220 572
220 482
220 358
220 295
220 297
220 306
220 245
220 566
220 248
220 505
220 252
220 318
221 578
221 489
221 363
221 498
221 408
221 380
221 540
222 272
222 388
222 457
222 396
222 429
222 558
222 495
222 240
222 241
222 492
222 275
222 280
222 447
223 560
223 491
223 486
223 567
223 332
223 496
223 466
223 340
223 313
223 522
224 523
224 558
224 355
224 233
224 235
224 238
224 433
224 436
224 553
224 312
224 442
224 317
224 575
225 589
225 467
225 599
225 474
225 285
225 287
225 417
225 507
225 368
226 417
226 327
226 404
226 299
226 442
226 433
226 599
226 278
226 413
226 340
226 251
226 411
227 481
227 265
227 458
227 397
227 241
227 594
227 284
227 410
228 355
228 519
228 444
228 588
228 595
228 376
228 441
228 543
228 380
229 576
229 232
229 330
229 396
229 500
229 399
229 515
229 403
229 340
229 379
229 395
229 589
230 545
230 396
230 333
230 467
230 537
230 284
230 351
230 481
230 547
230 234
230 530
230 436
230 553
230 376
231 418
231 330
231 236
231 399
231 536
231 243
231 502
231 429
231 484
231 409
231 346
231 316
231 382
232 539
232 556
232 452
232 455
232 524
232 397
232 471
232 569
232 508
232 491
233 452
233 594
233 518
233 337
233 365
233 301
233 498
233 244
233 599
233 568
233 276
233 474
233 527
234 384
234 577
234 324
234 263
234 461
234 528
234 595
234 596
234 429
234 475
234 285
234 480
234 424
234 501
234 508
235 257
235 259
235 557
235 541
235 464
235 530
235 249
235 252
235 341
236 587
236 523
236 456
236 599
236 331
236 332
236 591
236 535
236 378
236 400
236 506
237 334
237 337
237 275
237 281
237 284
237 557
237 412
237 298
237 365
237 375
237 440
237 405
238 370
238 359
238 261
238 330
238 295
238 466
238 338
238 574
238 564
239 320
239 264
239 554
239 302
239 560
239 407
239 248
239 540
239 479
240 544
240 545
240 459
240 403
240 335
240 432
240 500
240 425
240 280
241 548
241 423
241 296
241 272
241 275
241 280
241 477
242 576
242 290
242 323
242 356
242 390
242 262
242 328
242 362
242 343
242 385
242 499
242 415
242 361
243 354
243 355
243 518
243 588
243 492
243 302
243 559
243 497
243 316
243 542
244 577
244 259
244 390
244 460
244 269
244 529
244 535
244 548
244 479
244 288
244 292
244 490
245 459
245 326
245 395
245 524
245 473
245 350
245 290
245 554
245 300
245 499
245 501
245 251
245 445
245 429
246 321
246 315
246 389
246 508
246 427
246 431
246 448
246 471
246 312
246 505
246 443
246 507
246 517
246 479
247 552
247 330
247 303
247 472
247 326
247 381
247 293
248 408
248 331
248 263
248 329
248 411
248 273
248 483
248 315
248 255
249 385
249 263
249 559
249 404
249 570
250 555
250 489
250 438
250 503
250 588
250 461
250 334
250 304
250 434
250 468
250 310
250 408
250 596
250 297
250 414
250 469
251 407
251 536
251 284
251 570
251 554
251 559
251 311
251 443
251 254
251 319
252 260
252 444
252 599
252 450
252 478
252 345
252 367
252 446
253 514
253 457
253 590
253 430
253 445
253 402
253 311
253 412
253 501
254 488
254 331
254 584
254 557
254 433
254 497
254 393
254 505
254 442
254 524
255 449
255 514
255 323
255 519
255 464
255 276
255 534
255 282
255 475
255 351
255 424
255 362
255 495
255 305
255 372
256 482
256 459
256 434
256 499
256 308
257 448
257 544
257 323
257 488
257 425
257 267
257 495
257 337
257 475
257 471
258 497
258 411
258 468
258 495
258 362
258 479
259 578
259 516
259 550
259 358
259 391
259 492
259 493
259 449
259 403
259 377
259 442
259 543
259 441
259 425
260 480
260 411
260 412
260 423
260 271
260 528
260 401
260 419
260 404
260 526
260 593
260 279
260 317
261 452
261 400
261 403
261 404
261 597
261 278
261 346
261 541
261 283
261 550
261 488
261 556
261 561
261 506
262 422
262 584
262 503
262 301
262 379
262 394
262 382
262 287
263 404
263 317
263 272
263 387
263 340
263 447
263 547
263 443
264 514
264 324
264 454
264 526
264 340
264 527
264 271
264 412
264 480
264 289
264 428
264 499
264 312
264 379
264 317
265 418
265 394
265 528
265 465
265 446
265 407
265 346
265 350
266 490
266 450
266 323
266 487
266 456
266 298
266 516
266 301
266 368
266 291
266 590
266 452
266 394
267 452
267 284
267 285
267 317
267 468
267 597
268 457
268 429
268 398
268 435
268 376
268 314
268 525
268 415
269 321
269 323
269 504
269 550
269 385
269 584
269 586
269 583
269 558
269 365
269 560
269 465
269 470
269 344
269 543
270 514
270 365
270 431
270 400
270 596
270 407
270 285
271 387
271 583
271 524
271 590
271 275
271 598
271 348
271 479
271 293
271 369
271 362
271 392
271 562
271 315
272 352
272 385
272 523
272 369
272 480
272 567
272 590
272 437
273 457
273 331
273 396
273 408
273 356
273 475
273 543
273 517
274 480
274 587
274 324
274 549
274 359
274 456
274 399
274 340
274 505
274 569
274 540
274 510
275 356
275 520
275 283
275 333
276 480
276 387
276 293
276 328
276 584
276 367
276 372
276 433
276 303
276 538
277 451
277 470
277 328
277 428
277 590
277 592
277 547
277 562
277 403
277 278
277 377
278 508
278 332
278 529
278 406
278 378
278 447
278 377
278 413
279 512
279 518
279 328
279 393
279 456
279 495
279 296
279 309
279 420
279 492
279 574
279 501
280 539
280 580
280 296
280 299
280 498
280 307
280 543
281 419
281 357
281 427
281 428
281 301
281 334
281 307
281 587
281 377
282 496
282 322
282 458
282 565
282 335
282 401
282 403
282 512
282 407
282 352
282 416
282 310
282 315
282 446
283 322
283 591
283 489
283 418
283 334
283 496
283 370
283 431
283 293
283 476
284 512
284 294
284 502
284 437
284 355
284 573
284 453
285 458
285 483
285 390
285 428
285 429
285 527
285 574
285 317
286 449
286 482
286 295
286 360
286 361
286 429
286 434
286 465
286 338
286 438
286 292
286 442
286 559
286 506
287 456
287 453
287 328
287 586
287 482
287 465
287 597
287 407
287 347
287 349
287 546
287 518
287 529
287 366
287 305
287 562
287 311
287 568
288 371
288 294
288 391
289 323
289 518
289 340
289 462
289 547
289 363
289 365
289 371
289 504
289 510
290 352
290 437
290 295
290 405
290 508
290 452
290 594
290 476
290 389
291 386
291 387
291 581
291 459
291 461
291 526
291 434
291 499
291 308
291 409
291 514
292 483
292 516
292 410
292 329
292 583
292 538
292 332
292 396
292 507
292 556
292 421
293 362
293 533
293 568
293 505
293 410
293 298
293 511
294 386
294 327
294 458
294 578
294 594
294 481
294 421
294 361
294 428
294 374
294 314
294 572
295 545
295 355
295 484
295 429
295 561
295 430
295 503
295 344
296 390
296 385
296 419
296 532
296 408
296 335
296 557
296 479
296 411
296 455
296 556
296 472
296 501
296 378
296 405
297 336
297 579
297 415
297 360
297 598
297 369
297 308
297 407
297 574
298 586
298 513
298 514
298 550
298 392
298 460
298 428
298 573
298 305
298 434
298 456
298 373
298 445
298 446
299 549
299 561
299 488
299 330
299 371
299 500
299 473
299 520
300 576
300 513
300 514
300 388
300 522
300 523
300 589
300 335
300 465
300 451
300 534
300 484
300 359
300 488
300 425
300 492
300 443
300 380
301 480
301 460
301 398
301 397
301 476
301 571
302 320
302 529
302 426
302 436
302 471
302 527
302 452
302 570
303 387
303 524
303 589
303 595
303 403
303 536
303 473
303 476
303 479
303 488
303 365
303 367
303 371
303 310
303 378
303 571
304 515
304 582
304 474
304 455
304 366
304 477
304 465
304 579
304 339
304 340
304 373
304 442
305 323
305 583
305 509
305 533
305 337
305 373
305 343
305 413
305 569
306 480
306 507
306 502
306 551
306 395
307 514
307 323
307 321
307 551
307 562
307 598
307 541
307 587
307 319
308 365
308 533
309 320
309 512
309 356
309 485
309 392
309 562
309 341
309 470
309 537
309 442
309 527
310 523
310 461
310 367
310 485
310 568
310 360
310 554
310 496
310 329
310 440
310 317
311 356
311 517
311 441
311 362
311 394
311 382
312 457
312 477
312 372
312 469
312 445
313 387
313 520
313 335
313 579
313 527
314 512
314 451
314 581
314 588
314 583
314 460
314 596
314 534
314 357
314 552
314 494
314 565
314 521
314 504
314 570
315 320
315 451
315 488
315 425
315 532
315 444
316 320
316 418
316 484
316 553
316 437
316 345
316 473
317 360
317 583
317 588
317 401
317 598
317 342
317 343
318 353
318 580
318 362
318 408
318 579
318 435
318 472
318 570
318 381
319 379
319 584
319 458
319 525
319 563
319 508
319 573
320 545
320 534
320 561
320 540
320 531
320 376
320 434
320 499
320 542
320 373
321 558
321 364
321 494
321 495
321 501
321 342
321 504
321 506
321 543
321 510
321 421
322 522
322 557
322 470
322 474
322 544
322 490
322 370
322 596
322 434
322 574
322 438
322 532
322 380
323 385
323 334
323 333
323 407
323 476
323 416
323 369
324 579
324 330
324 527
324 537
324 347
324 413
324 543
324 559
324 508
324 382
324 511
325 549
325 390
325 513
325 360
325 517
325 475
325 413
325 574
326 385
326 521
326 361
326 364
326 546
326 494
326 431
326 573
326 511
326 409
326 477
327 386
327 458
327 395
327 399
327 467
327 408
327 346
327 541
327 351
327 547
327 484
327 359
327 362
327 500
328 449
328 518
328 339
328 389
328 355
328 549
328 432
328 595
328 436
328 569
329 353
329 387
329 456
329 521
329 483
329 419
329 558
329 367
329 464
330 385
330 515
330 471
330 394
330 496
330 580
330 503
330 469
331 548
331 592
331 514
331 597
331 580
331 569
331 598
332 454
332 457
332 566
332 462
332 531
332 499
332 564
332 516
332 428
332 586
333 585
333 586
333 524
333 463
333 599
333 543
333 545
333 551
333 421
333 492
333 496
333 510
334 432
334 418
334 395
334 590
334 401
334 540
334 574
335 419
335 484
335 425
335 426
335 494
335 427
335 414
336 352
336 384
336 486
336 433
336 424
336 455
336 584
336 496
336 369
336 596
336 521
336 509
337 368
337 579
337 562
337 456
337 338
337 494
337 400
337 467
337 563
337 503
337 504
337 557
338 512
338 579
338 526
338 527
338 595
338 468
338 599
338 581
338 484
338 517
338 501
338 568
339 423
339 553
339 522
339 499
339 399
339 451
339 500
340 512
340 482
340 579
340 472
340 359
340 362
340 417
340 496
340 498
340 380
341 576
341 579
341 438
341 519
341 460
341 494
341 557
341 342
341 567
341 485
342 386
342 452
342 455
342 378
342 479
342 482
342 571
342 424
342 492
342 557
342 558
342 431
342 497
342 569
342 443
343 544
343 386
343 539
343 493
343 424
343 428
343 594
343 462
343 596
343 463
343 350
344 458
344 580
344 465
344 435
344 373
344 473
344 573
345 578
345 579
345 374
345 410
345 593
345 351
346 516
346 560
346 543
346 442
347 384
347 481
347 585
347 394
347 363
347 469
347 502
347 372
348 547
348 531
348 501
348 510
348 351
348 506
349 578
349 389
349 461
349 496
349 566
349 452
349 572
350 588
350 418
350 450
350 463
350 402
350 371
350 374
350 494
350 378
350 437
351 454
351 571
351 484
351 357
351 358
351 412
351 373
351 505
351 444
352 419
352 529
352 488
352 361
352 505
352 367
352 489
352 378
352 565
352 470
352 375
352 377
352 476
353 448
353 385
353 450
353 524
353 461
353 481
353 360
353 489
353 387
353 496
353 571
354 454
354 458
354 509
354 498
354 471
354 480
355 579
355 432
356 556
356 435
356 525
356 414
357 470
357 553
357 535
357 462
357 369
357 594
357 469
357 406
357 473
358 471
358 562
358 430
358 496
358 371
358 440
358 473
359 541
359 470
359 411
359 509
359 485
360 528
360 464
360 536
360 408
360 415
360 499
361 459
361 396
361 591
361 469
361 407
361 521
361 503
361 505
361 378
361 507
362 539
362 486
362 389
362 534
362 379
363 518
363 461
363 400
363 473
363 421
363 561
363 429
363 488
363 582
363 438
364 514
364 402
364 435
364 508
364 382
365 505
365 401
365 579
365 471
365 404
366 421
366 460
366 578
366 536
366 484
367 525
367 550
367 555
367 438
367 599
367 504
367 591
368 578
368 579
368 392
368 584
368 551
368 599
368 465
368 518
368 372
368 380
368 381
368 485
369 566
369 523
369 461
369 483
369 492
369 437
369 570
369 510
370 448
370 518
370 520
370 585
370 476
370 414
371 395
371 463
371 451
371 471
371 477
371 420
371 563
371 440
371 443
372 432
372 550
372 573
372 554
372 406
372 507
372 445
372 542
373 423
373 448
373 441
373 474
373 508
373 574
374 463
374 424
374 564
374 504
374 379
375 566
375 381
375 494
375 490
375 382
376 544
376 394
376 491
376 500
376 478
376 492
376 414
376 597
377 460
377 558
377 495
377 528
377 579
377 397
377 540
378 488
378 536
378 409
378 460
379 576
379 476
379 390
379 562
379 531
379 501
379 437
380 417
380 516
380 403
380 405
380 598
381 545
381 450
381 535
381 521
381 546
381 578
381 499
381 436
381 407
381 473
381 539
381 572
382 392
382 457
382 533
382 539
382 558
382 400
382 438
382 505
382 543
383 384
383 448
383 483
383 581
383 593
383 521
383 439
383 589
383 561
383 489
383 541
384 546
384 455
384 385
384 395
384 499
384 589
384 494
384 399
384 466
384 435
384 446
384 479
384 573
385 526
385 527
385 506
385 428
385 477
385 574
386 481
386 444
386 518
386 567
386 502
386 432
386 497
386 530
386 390
387 539
387 579
387 453
387 525
387 461
387 536
387 537
387 480
387 494
387 585
387 441
388 521
388 486
388 491
389 424
389 420
389 502
389 464
389 579
389 436
389 533
389 392
389 408
390 417
390 455
390 562
390 496
390 430
390 510
390 549
391 392
391 457
391 461
391 560
391 488
391 402
391 598
391 567
391 557
392 578
392 585
392 535
392 400
392 529
392 531
392 469
392 414
392 463
392 560
392 422
392 487
392 489
392 561
392 447
393 570
393 420
393 520
393 554
393 493
393 399
393 401
393 437
393 409
393 597
394 420
394 583
394 587
394 428
394 493
394 468
394 524
395 574
395 556
395 466
395 559
395 412
395 405
396 583
396 567
396 556
396 558
396 593
396 503
396 571
396 598
397 448
397 484
397 558
397 508
398 450
398 549
398 522
398 575
399 401
399 593
399 485
399 508
399 556
399 563
400 448
400 577
400 418
400 426
400 424
400 453
401 448
401 460
401 537
402 484
402 517
402 593
402 466
402 436
402 567
402 506
403 585
403 404
403 541
403 425
403 439
403 553
403 510
404 533
404 566
404 471
404 571
404 574
405 523
405 549
405 455
405 499
405 470
405 579
406 422
406 425
406 582
406 559
406 443
407 480
407 468
407 589
408 578
408 585
408 533
408 415
408 484
408 421
408 550
408 424
409 576
409 572
409 518
409 525
409 462
409 500
409 425
409 412
409 501
410 497
410 578
410 536
411 496
411 581
411 497
412 422
412 529
412 554
412 552
412 511
412 525
413 416
413 449
413 451
413 593
413 514
413 474
414 449
414 473
414 519
414 504
414 593
415 546
415 428
415 562
415 593
416 594
416 523
416 591
417 452
417 433
417 579
417 542
417 511
418 455
418 552
418 430
419 459
419 452
419 528
419 540
419 477
419 559
420 514
420 520
420 557
420 584
420 595
421 448
421 579
421 458
421 593
421 531
421 479
421 422
421 553
421 493
421 562
422 554
422 468
422 472
422 571
422 456
422 437
423 448
423 524
423 590
423 431
423 560
423 501
423 592
423 575
424 516
424 523
424 591
424 529
424 532
424 526
424 489
424 559
424 434
424 502
424 570
425 544
425 546
425 553
425 555
425 521
425 556
425 543
426 576
426 553
426 471
426 492
426 530
426 511
427 448
427 579
427 431
427 594
427 496
427 437
427 510
428 512
428 578
428 583
428 547
428 432
428 563
428 501
429 522
429 434
429 435
430 451
430 554
430 477
430 596
430 506
431 486
431 595
431 469
432 524
432 526
432 448
432 478
433 486
433 588
433 444
434 538
434 548
434 505
434 507
434 573
435 455
435 561
435 512
435 524
435 577
436 451
436 582
436 599
436 510
436 538
436 501
436 441
436 507
436 446
437 535
437 508
437 572
437 493
438 503
438 527
439 453
439 457
439 588
439 590
439 472
439 598
440 544
440 454
440 470
440 467
440 589
441 476
441 596
441 472
441 473
442 598
442 459
442 590
442 589
442 482
442 552
442 556
442 497
442 565
443 514
443 457
443 468
443 479
443 453
443 555
443 585
443 556
444 596
444 473
444 496
444 462
444 505
444 509
444 559
445 538
445 580
445 523
445 567
445 540
446 485
446 449
446 478
447 450
447 460
447 590
447 581
448 576
448 451
448 457
448 538
448 481
449 481
449 546
449 466
449 502
450 456
450 554
451 550
452 571
452 463
452 559
453 469
453 599
453 480
453 487
453 492
454 515
454 583
454 495
454 557
454 473
454 564
455 482
455 597
455 542
455 492
455 567
455 570
455 469
456 461
456 521
456 506
457 459
457 533
457 536
457 545
457 506
458 565
458 543
459 550
459 535
459 546
459 563
459 564
460 492
460 476
461 577
461 566
461 520
461 597
461 536
461 494
461 554
462 523
462 538
462 498
462 504
462 543
463 521
463 492
463 569
463 575
464 512
464 578
464 486
464 558
464 599
464 568
465 586
465 574
465 543
466 520
466 494
467 514
467 548
467 556
468 512
468 487
468 553
468 562
468 540
469 547
469 493
469 496
469 492
469 484
470 589
471 587
471 529
471 509
472 473
472 570
473 585
473 526
473 549
473 487
473 498
473 502
473 567
474 548
474 518
474 564
474 572
475 534
475 489
476 490
476 495
476 598
476 564
478 553
478 590
478 593
478 569
478 575
479 570
480 578
480 483
481 598
481 527
481 542
481 543
482 524
482 507
483 589
483 585
484 514
484 594
484 575
484 590
485 491
485 517
485 593
487 513
487 489
487 524
487 556
487 510
488 510
488 553
489 514
489 585
489 587
489 496
489 572
490 518
490 589
490 496
490 559
490 509
491 524
491 559
491 579
491 576
492 531
492 498
492 560
493 497
493 575
495 515
495 595
496 519
496 581
496 497
496 562
496 501
498 553
498 499
499 513
500 509
500 515
500 599
500 506
501 579
501 557
501 585
501 511
502 511
503 516
503 585
503 575
504 555
505 532
506 544
506 547
507 571
507 538
508 583
508 521
508 539
508 540
508 575
509 554
509 525
509 598
510 523
510 544
510 557
511 528
511 535
511 537
512 545
512 564
513 578
513 579
513 519
513 557
513 564
513 556
514 597
516 520
517 576
517 589
517 563
517 571
518 520
518 528
518 574
519 565
519 596
520 596
520 553
521 576
521 582
521 595
521 597
521 559
522 528
523 545
523 587
523 565
523 593
523 536
523 549
523 550
524 528
525 576
525 528
526 529
526 530
526 590
526 593
527 544
527 554
527 556
527 594
528 576
528 584
528 562
528 597
530 583
530 593
530 563
531 583
531 566
531 542
532 573
533 539
533 587
533 540
534 585
534 594
534 536
534 575
535 580
535 582
535 591
535 590
535 567
535 564
538 582
538 574
539 549
539 584
540 583
541 565
546 581
547 554
548 553
548 592
548 558
549 557
550 596
550 575
551 585
552 555
555 560
556 586
556 599
558 563
559 569
560 583
560 590
561 599
561 588
561 562
562 566
563 577
563 595
564 583
564 594
564 593
565 576
565 583
565 585
565 593
565 574
566 576
566 581
567 584
567 590
567 570
568 574
569 588
569 593
571 596
573 574
574 596
577 593
579 594
580 582
580 590
583 584
588 589
