600 5400
0 98
0 550
0 243
0 535
0 266
0 135
0 578
0 29
0 189
0 338
0 179
0 117
0 182
0 343
0 411
0 202
0 574
0 479
1 72
1 141
1 397
1 208
1 210
1 22
1 538
1 525
1 541
1 94
1 351
1 224
1 33
1 484
1 106
1 108
1 111
1 456
1 114
1 309
1 592
1 317
1 63
2 561
2 449
2 164
2 549
2 359
2 574
2 361
2 266
2 139
2 598
2 591
2 528
2 113
2 499
2 503
2 406
2 311
2 548
2 219
2 285
2 394
3 450
3 519
3 8
3 137
3 272
3 465
3 536
3 548
3 219
3 477
3 478
3 546
3 420
3 362
3 43
3 112
3 50
3 286
3 567
3 184
3 314
3 59
4 192
4 321
4 323
4 68
4 583
4 584
4 108
4 10
4 418
4 592
4 184
4 346
4 284
4 221
4 94
4 354
4 28
4 44
4 173
4 559
4 52
4 373
4 118
4 312
4 121
5 160
5 253
5 258
5 387
5 374
5 588
5 308
5 76
5 236
5 354
5 143
5 562
5 115
5 121
5 150
5 247
5 249
5 219
5 412
5 29
5 287
6 545
6 66
6 515
6 470
6 577
6 553
6 334
6 437
6 22
6 569
6 121
6 590
7 128
7 321
7 452
7 68
7 199
7 519
7 247
7 272
7 580
7 83
7 448
7 281
7 164
7 28
7 413
7 100
7 104
7 425
7 235
7 241
7 370
7 105
8 192
8 162
8 103
8 104
8 106
8 108
8 141
8 173
8 560
8 305
8 115
8 53
8 445
8 312
8 249
8 571
8 572
8 322
8 350
9 51
9 66
9 11
9 135
9 586
9 267
9 226
9 80
9 563
9 387
9 476
9 16
9 546
9 355
9 230
9 104
9 298
9 44
9 369
9 306
9 179
9 362
9 511
10 544
10 545
10 210
10 165
10 377
10 328
10 265
10 537
10 45
10 78
11 34
11 571
11 503
11 73
11 331
11 162
11 14
11 269
11 369
11 557
11 179
11 85
11 374
11 568
11 539
11 590
11 297
11 94
11 437
12 32
12 544
12 261
12 581
12 584
12 425
12 522
12 140
12 460
12 421
12 499
12 308
12 265
12 188
12 447
13 34
13 324
13 211
13 359
13 551
13 139
13 435
13 366
13 208
13 81
13 147
13 564
13 467
13 54
13 376
13 548
13 218
13 541
13 415
14 259
14 452
14 135
14 105
14 493
14 525
14 370
14 244
14 377
14 345
14 570
14 379
14 447
15 64
15 520
15 73
15 395
15 589
15 142
15 335
15 80
15 27
15 348
15 157
15 352
15 225
15 485
15 231
15 40
15 60
15 560
15 488
15 566
15 571
15 508
16 320
16 65
16 195
16 197
16 486
16 327
16 362
16 332
16 116
16 440
16 276
16 379
16 349
16 542
16 127
17 129
17 419
17 163
17 228
17 161
17 424
17 599
17 139
17 172
17 173
17 398
17 450
17 83
17 560
17 534
17 503
17 484
17 185
17 316
17 31
18 320
18 582
18 73
18 397
18 79
18 272
18 56
18 340
18 279
18 217
18 410
18 540
18 97
18 355
18 165
18 230
18 362
18 497
18 52
18 373
18 521
18 312
18 244
18 59
19 290
19 516
19 326
19 135
19 300
19 237
19 181
19 310
19 567
19 123
19 220
19 221
19 190
20 417
20 422
20 102
20 552
20 491
20 397
20 78
20 499
20 56
20 179
20 212
20 373
20 89
20 88
20 372
20 188
20 574
21 450
21 291
21 484
21 166
21 328
21 329
21 457
21 333
21 430
21 495
21 208
21 305
21 244
21 94
21 279
21 120
21 155
21 317
21 62
21 255
22 258
22 486
22 366
22 578
22 526
22 244
22 85
22 508
22 381
22 517
23 96
23 288
23 300
23 294
23 417
23 40
23 275
23 586
23 311
23 76
23 461
23 552
23 83
23 148
23 53
23 183
23 92
23 597
24 480
24 161
24 66
24 165
24 465
24 296
24 258
24 368
24 304
24 337
24 150
24 119
24 440
24 592
24 250
24 431
24 478
25 192
25 97
25 146
25 164
25 385
25 263
25 104
25 506
25 235
25 588
25 93
26 518
26 577
26 546
26 515
26 179
26 38
26 329
26 458
26 172
26 525
26 366
26 49
26 259
26 364
27 263
27 353
27 516
27 359
27 540
27 39
27 429
27 590
27 141
27 177
27 562
27 149
27 537
27 444
27 253
28 98
28 549
28 471
28 135
28 489
28 362
28 365
28 429
28 222
28 343
28 313
28 493
28 444
28 286
29 193
29 386
29 68
29 256
29 208
29 593
29 403
29 350
29 277
29 472
29 410
29 542
29 224
29 161
29 419
29 430
29 501
29 375
29 572
29 383
30 196
30 582
30 38
30 71
30 298
30 459
30 273
30 590
30 254
30 241
30 126
30 214
30 215
30 216
30 121
30 527
30 222
31 82
31 456
31 494
31 199
31 56
31 58
31 599
31 493
31 280
31 319
32 554
32 182
32 391
32 200
32 332
32 82
32 339
32 596
32 469
32 153
32 218
32 517
32 542
32 389
32 98
32 163
32 106
32 428
32 177
32 50
32 116
32 54
32 188
32 362
32 574
33 576
33 98
33 594
33 325
33 113
33 392
33 545
33 500
33 524
33 333
33 110
33 301
33 49
33 402
33 495
33 430
33 183
33 313
33 578
33 315
34 64
34 320
34 548
34 37
34 199
34 40
34 586
34 334
34 527
34 272
34 466
34 212
34 117
34 470
34 247
34 314
34 511
34 284
34 309
35 256
35 131
35 230
35 488
35 169
35 145
35 451
35 148
35 470
35 73
35 249
35 412
36 160
36 438
36 295
36 137
36 570
36 443
36 589
36 286
36 383
37 385
37 195
37 452
37 138
37 464
37 466
37 341
37 90
37 539
37 350
37 480
37 417
37 164
37 293
37 490
37 364
37 304
37 52
37 255
37 125
37 127
38 353
38 102
38 72
38 457
38 427
38 236
38 558
38 93
38 82
38 527
38 175
38 314
38 126
38 556
39 320
39 193
39 292
39 439
39 327
39 537
39 295
39 140
39 432
39 337
39 85
39 528
39 119
39 376
39 516
39 504
39 510
40 384
40 258
40 451
40 580
40 69
40 455
40 322
40 514
40 342
40 475
40 285
40 479
40 484
40 166
40 552
40 301
40 176
40 50
40 310
40 575
40 188
40 317
40 382
40 447
41 384
41 194
41 323
41 516
41 263
41 393
41 109
41 156
41 149
41 283
41 92
41 350
41 159
41 289
41 219
41 296
41 297
41 42
41 365
41 238
41 47
41 481
41 180
41 373
41 568
41 415
41 437
42 448
42 66
42 523
42 262
42 135
42 520
42 585
42 266
42 139
42 514
42 398
42 465
42 339
42 407
42 345
42 559
42 412
42 549
42 352
42 163
42 101
42 487
42 234
42 509
42 560
42 308
42 438
42 343
42 458
43 488
43 459
43 301
43 77
43 336
43 82
43 579
43 84
43 117
43 310
43 407
43 244
43 410
43 271
43 188
44 193
44 451
44 101
44 102
44 599
44 205
44 590
44 403
44 438
44 505
44 248
44 153
44 157
44 447
45 522
45 389
45 593
45 264
45 493
45 427
45 109
45 349
45 424
45 565
45 184
45 315
45 188
45 477
46 64
46 578
46 455
46 398
46 339
46 590
46 215
46 536
46 474
46 283
46 540
46 222
46 159
46 357
46 550
46 170
46 171
46 558
46 305
46 436
46 118
46 439
46 376
46 351
47 65
47 322
47 391
47 528
47 402
47 416
47 281
47 216
47 473
47 474
47 96
47 353
47 164
47 364
47 530
47 430
47 275
47 53
47 118
47 570
47 189
47 382
47 255
48 417
48 227
48 132
48 568
48 377
48 168
48 212
48 474
48 235
48 92
48 451
49 192
49 450
49 451
49 321
49 566
49 555
49 257
49 71
49 208
49 546
49 206
49 144
49 338
49 116
49 334
49 528
49 217
49 316
50 102
50 348
50 108
50 79
50 241
50 403
50 243
50 308
50 405
50 598
50 404
50 58
50 475
50 316
50 90
50 223
51 97
51 251
51 374
51 353
51 584
51 271
51 560
51 277
51 118
51 283
51 117
51 349
51 213
52 579
52 393
52 271
52 84
52 537
52 101
52 287
52 416
52 168
52 233
52 299
52 238
52 112
52 177
52 499
52 244
52 265
52 377
52 191
53 129
53 291
53 484
53 518
53 326
53 137
53 176
53 264
53 466
53 542
53 438
53 412
53 315
53 156
53 475
53 319
54 464
54 245
54 487
54 296
54 74
54 461
54 176
54 483
54 84
54 309
54 577
54 120
54 250
54 317
54 213
55 417
55 162
55 169
55 74
55 141
55 111
55 208
55 595
55 499
55 578
55 567
55 314
55 475
56 512
56 65
56 514
56 548
56 550
56 390
56 264
56 107
56 496
56 145
56 246
56 92
56 477
57 352
57 450
57 324
57 326
57 584
57 586
57 524
57 206
57 561
57 254
57 534
57 452
57 186
57 253
57 126
58 257
58 323
58 228
58 197
58 326
58 519
58 136
58 489
58 521
58 395
58 236
58 530
58 464
58 497
58 561
58 149
58 87
58 59
58 586
59 224
59 161
59 546
59 452
59 581
59 263
59 266
59 396
59 399
59 148
59 380
59 93
60 64
60 96
60 196
60 269
60 225
60 264
60 265
60 202
60 588
60 205
60 324
60 560
60 209
60 180
60 479
60 212
60 410
60 399
60 572
60 159
61 68
61 550
61 70
61 552
61 554
61 460
61 494
61 392
61 174
61 502
61 538
61 127
62 352
62 194
62 586
62 340
62 414
62 486
62 170
62 258
62 270
63 416
63 258
63 259
63 326
63 405
63 267
63 268
63 290
63 495
63 400
63 433
63 514
63 383
63 341
63 345
63 346
63 315
63 539
63 559
63 127
64 197
64 444
64 138
64 522
64 141
64 472
64 82
64 546
64 244
64 478
64 553
64 344
64 187
64 285
64 382
64 357
65 192
65 464
65 395
65 355
65 101
65 104
65 75
65 414
65 205
65 536
65 149
65 333
65 154
65 124
65 186
65 126
65 485
66 472
66 147
66 230
66 264
66 492
66 271
66 176
66 115
66 468
66 85
66 567
66 216
66 249
66 90
66 159
67 288
67 161
67 322
67 311
67 519
67 331
67 386
67 114
67 275
67 151
67 442
67 127
68 256
68 161
68 418
68 261
68 518
68 297
68 208
68 210
68 181
68 342
68 463
68 156
69 481
69 194
69 456
69 326
69 135
69 233
69 426
69 231
69 76
69 145
69 492
69 116
69 487
69 566
69 183
69 157
69 255
70 481
70 163
70 529
70 393
70 490
70 395
70 268
70 398
70 554
70 337
70 483
70 545
70 593
70 407
70 280
70 248
70 329
71 256
71 160
71 196
71 390
71 72
71 78
71 272
71 145
71 340
71 480
71 280
71 409
71 156
71 96
71 289
71 433
71 364
71 238
71 565
71 502
71 441
71 380
72 101
72 262
72 129
72 455
72 108
72 173
72 307
72 117
72 567
72 508
73 385
73 580
73 102
73 552
73 200
73 573
73 461
73 238
73 304
73 81
73 432
73 119
73 123
73 444
73 427
74 224
74 321
74 355
74 324
74 133
74 577
74 392
74 106
74 339
74 87
74 152
74 452
74 219
74 266
74 382
74 229
75 197
75 199
75 392
75 266
75 140
75 206
75 149
75 407
75 539
75 476
75 350
75 227
75 597
75 485
75 166
75 296
75 233
75 583
75 455
75 433
75 91
75 563
75 127
76 388
76 502
76 264
76 142
76 209
76 595
76 398
76 86
76 346
76 347
76 92
76 157
76 389
76 352
76 297
76 566
76 111
76 520
76 562
76 436
76 374
76 440
76 383
77 352
77 324
77 200
77 138
77 368
77 403
77 375
77 184
77 572
77 266
77 543
78 449
78 294
78 198
78 135
78 328
78 204
78 269
78 526
78 477
78 560
78 82
78 277
78 409
78 442
78 155
78 167
78 255
79 258
79 518
79 102
79 391
79 584
79 553
79 367
79 80
79 120
79 404
79 341
79 470
79 495
79 312
79 185
79 399
79 527
80 257
80 570
80 420
80 205
80 398
80 368
80 339
80 479
80 589
80 122
80 445
80 414
80 383
81 432
81 576
81 434
81 436
81 521
81 118
81 167
81 315
82 256
82 323
82 580
82 198
82 268
82 291
82 596
82 526
82 473
82 346
82 478
82 161
82 227
82 487
82 233
82 497
82 114
82 350
82 124
83 384
83 480
83 322
83 515
83 470
83 574
83 503
83 208
83 563
83 404
83 85
83 89
83 345
83 315
83 318
84 385
84 459
84 550
84 417
84 108
84 483
84 435
84 151
84 281
84 187
84 317
84 446
85 147
85 357
85 361
85 202
85 268
85 322
85 499
85 498
85 344
85 290
85 346
85 573
85 474
86 162
86 115
86 100
86 229
86 439
86 232
86 340
86 171
86 333
86 420
87 274
87 276
87 469
87 154
87 565
87 137
87 527
87 348
87 287
88 480
88 417
88 418
88 420
88 197
88 231
88 169
88 138
88 375
88 468
88 111
88 337
88 481
88 185
88 89
88 123
88 252
88 540
88 319
89 480
89 545
89 386
89 99
89 131
89 167
89 168
89 265
89 299
89 141
89 431
89 580
89 341
89 500
89 164
89 379
89 475
89 565
90 195
90 294
90 199
90 488
90 522
90 203
90 175
90 520
90 180
90 213
90 246
90 536
90 373
91 256
91 257
91 299
91 196
91 296
91 112
91 594
91 149
91 535
91 218
91 92
91 286
91 159
92 482
92 579
92 263
92 589
92 143
92 307
92 277
92 281
92 396
92 380
93 163
93 133
93 230
93 199
93 392
93 490
93 203
93 268
93 141
93 339
93 510
93 433
93 346
93 455
93 158
93 447
94 448
94 322
94 163
94 102
94 193
94 380
94 330
94 300
94 461
94 414
94 144
94 278
94 284
94 126
94 543
95 497
95 132
95 293
95 422
95 263
95 586
95 487
95 397
95 177
95 211
95 529
95 318
95 446
95 532
95 411
95 413
95 350
95 373
96 343
96 484
96 439
96 524
96 234
96 331
96 396
96 429
96 466
96 529
96 274
96 279
96 516
96 317
97 354
97 388
97 454
97 455
97 519
97 394
97 279
97 462
97 496
97 249
97 217
97 595
97 477
97 350
98 483
98 360
98 135
98 507
98 303
98 373
98 345
98 282
98 431
98 284
98 447
99 258
99 169
99 203
99 524
99 434
99 174
99 253
99 368
99 465
99 178
99 340
99 245
99 312
99 314
99 431
99 221
99 538
100 320
100 322
100 195
100 520
100 599
100 334
100 209
100 215
100 155
100 284
100 541
100 542
100 485
100 162
100 294
100 358
100 297
100 430
100 241
100 181
100 505
101 193
101 394
101 597
101 278
101 350
101 480
101 359
101 488
101 519
101 494
101 168
101 222
101 439
101 308
101 442
101 187
101 446
102 357
102 558
102 244
102 186
102 303
102 541
102 218
102 255
103 160
103 131
103 454
103 166
103 363
103 233
103 469
103 267
103 396
103 334
103 207
103 142
103 219
103 155
103 478
103 373
104 507
104 537
104 141
104 275
104 559
104 264
104 147
104 244
104 430
104 185
104 187
104 477
105 163
105 372
105 414
105 428
105 282
105 348
105 269
106 514
106 407
106 470
106 449
106 171
106 141
106 174
106 237
106 595
106 531
106 278
106 183
106 410
106 573
106 286
107 385
107 226
107 440
107 260
107 357
107 441
107 433
107 237
107 349
107 272
107 113
107 242
107 277
107 151
107 292
107 410
107 248
107 382
107 421
108 160
108 131
108 133
108 166
108 449
108 372
108 394
108 208
108 211
108 213
108 214
108 544
108 356
108 347
108 229
109 544
109 577
109 555
109 132
109 359
109 456
109 299
109 269
109 207
109 273
109 309
109 278
110 180
110 534
110 278
110 209
110 559
110 140
110 141
110 525
111 196
111 360
111 458
111 431
111 216
111 562
111 276
111 207
111 252
112 474
112 400
112 194
112 228
112 583
112 554
112 331
112 403
112 498
112 272
112 401
112 114
112 275
112 532
112 122
112 443
112 382
113 192
113 451
113 356
113 393
113 498
113 461
113 431
113 337
113 114
113 150
113 376
113 187
113 412
113 285
113 159
114 160
114 421
114 529
114 457
114 146
114 402
114 221
114 339
114 381
114 592
114 569
114 400
114 252
114 125
114 286
114 485
115 161
115 420
115 358
115 167
115 457
115 453
115 434
115 371
115 505
115 154
115 123
115 285
115 190
115 421
116 144
116 347
116 165
116 359
116 405
116 460
116 427
116 236
116 597
116 180
116 117
116 502
116 599
116 543
116 219
116 159
117 133
117 199
117 396
117 204
117 269
117 526
117 409
117 223
117 352
117 547
117 551
117 169
117 490
117 392
117 562
117 499
117 502
117 120
117 564
118 203
118 389
118 536
118 305
118 488
118 331
118 140
118 549
118 432
118 376
118 527
118 510
118 453
119 290
119 575
119 406
119 169
119 314
119 426
119 137
119 431
120 352
120 194
120 411
120 327
120 405
120 300
120 523
120 332
120 271
120 436
120 214
120 349
121 129
121 228
121 481
121 201
121 431
121 305
121 497
121 340
121 502
121 186
121 187
121 412
121 157
121 222
121 405
122 128
122 290
122 198
122 311
122 143
122 209
122 530
122 147
122 150
122 247
122 377
122 495
122 509
122 471
123 555
123 418
123 515
123 516
123 423
123 552
123 459
123 269
123 597
123 369
123 213
123 503
123 313
123 575
123 188
123 478
123 341
124 386
124 291
124 361
124 459
124 428
124 399
124 304
124 527
124 587
124 507
124 508
125 384
125 531
125 278
125 329
125 202
125 508
125 364
125 157
125 303
126 370
126 283
126 486
126 273
126 418
126 236
126 205
126 175
126 177
126 353
126 185
126 186
126 219
126 221
126 319
127 263
127 136
127 457
127 333
127 529
127 338
127 147
127 405
127 153
127 411
127 231
127 199
127 430
127 563
127 250
127 444
128 570
128 353
128 355
128 404
128 549
128 311
128 154
128 493
129 359
129 532
129 199
129 395
129 462
129 464
129 276
129 526
129 427
129 264
130 504
130 164
130 421
130 184
130 460
130 469
130 485
130 412
130 543
130 303
131 257
131 450
131 132
131 389
131 390
131 552
131 235
131 143
131 211
131 212
131 215
131 550
131 507
131 483
131 479
132 480
132 225
132 452
132 229
132 235
132 494
132 271
132 472
132 339
132 500
132 341
132 150
132 408
132 501
132 495
132 252
132 542
133 261
133 455
133 461
133 462
133 205
133 400
133 466
133 213
133 598
133 218
133 463
133 478
133 287
133 545
133 356
133 298
133 240
133 253
134 538
134 389
134 166
134 359
134 521
134 458
134 139
134 492
134 176
134 286
134 408
134 409
134 346
134 317
134 254
134 421
135 448
135 196
135 230
135 524
135 148
135 407
135 186
135 298
135 149
136 523
136 289
136 226
136 451
136 415
136 201
136 266
136 299
136 553
136 593
136 210
136 180
136 457
136 440
136 378
136 155
137 290
137 293
137 326
137 167
137 392
137 233
137 492
137 578
137 271
137 561
137 228
137 571
137 491
137 350
137 287
138 576
138 548
138 401
138 393
138 363
138 430
138 368
138 372
138 581
138 473
138 376
138 153
138 453
139 257
139 324
139 328
139 524
139 140
139 334
139 530
139 339
139 153
139 585
139 233
139 555
139 364
139 302
139 567
139 376
139 571
140 487
140 357
140 265
140 373
140 471
140 504
140 473
140 155
140 188
140 413
140 543
140 191
141 356
141 569
141 490
141 167
141 316
141 224
141 397
141 498
141 431
141 202
141 284
142 416
142 353
142 386
142 261
142 326
142 593
142 172
142 235
142 400
142 401
142 512
142 150
142 329
142 506
142 527
142 349
142 542
142 453
143 353
143 164
143 481
143 502
143 429
143 342
143 155
143 509
143 507
144 321
144 263
144 333
144 273
144 274
144 211
144 342
144 472
144 218
144 411
144 481
144 355
144 401
144 177
144 531
144 501
144 417
144 312
144 190
144 575
145 225
145 482
145 164
145 595
145 167
145 593
145 338
145 563
145 212
145 279
145 410
145 443
145 541
145 491
146 322
146 579
146 549
146 486
146 327
146 264
146 361
146 572
146 530
146 305
146 245
146 249
146 314
146 479
146 316
146 286
146 255
147 461
147 196
147 197
147 171
147 492
147 365
147 475
147 317
148 193
148 326
148 455
148 460
148 562
148 306
148 467
148 150
148 312
148 537
149 587
149 198
149 588
149 418
149 416
149 345
149 223
149 160
149 546
149 354
149 551
149 488
149 231
149 493
149 553
149 505
149 318
150 576
150 198
150 264
150 205
150 342
150 516
150 348
150 352
150 482
150 357
150 359
150 360
150 367
150 502
150 568
150 252
150 510
151 385
151 482
151 297
151 202
151 558
151 509
151 573
151 451
151 246
151 329
151 596
151 218
151 251
151 490
151 447
152 354
152 419
152 485
152 425
152 458
152 397
152 366
152 240
152 594
152 315
152 251
152 581
153 439
153 492
153 298
153 206
153 527
153 403
153 574
153 183
153 218
153 572
153 221
153 318
154 326
154 263
154 169
154 371
154 270
154 532
154 446
154 502
154 313
154 382
154 377
155 353
155 360
155 427
155 294
155 168
155 553
155 391
155 235
155 296
155 307
155 280
155 392
155 220
155 191
156 512
156 454
156 237
156 462
156 463
156 272
156 557
156 212
156 470
156 407
156 468
156 411
156 157
156 511
157 513
157 326
157 269
157 463
157 336
157 527
157 344
157 473
157 476
157 542
157 239
157 496
157 375
157 506
157 574
158 425
158 458
158 492
158 370
158 175
158 568
158 338
158 307
158 280
158 409
158 187
158 318
159 453
159 262
159 493
159 365
159 174
159 207
159 400
159 367
159 279
159 377
159 573
159 485
160 257
160 195
160 489
160 368
160 433
160 339
160 513
160 245
160 536
160 443
160 507
160 181
161 480
161 449
161 162
161 293
161 481
161 465
161 268
161 253
161 317
161 506
161 469
162 293
162 519
162 220
162 593
162 239
162 241
162 371
162 431
162 250
162 367
162 252
162 361
163 394
163 172
163 499
163 435
163 474
163 543
164 205
164 402
164 497
164 546
164 418
164 291
164 356
164 422
164 487
164 552
164 555
164 173
164 305
164 564
164 442
164 443
164 382
165 227
165 167
165 361
165 555
165 396
165 461
165 466
165 433
165 469
165 313
165 186
166 193
166 514
166 516
166 197
166 265
166 458
166 204
166 461
166 216
166 495
166 477
166 231
166 480
166 299
166 174
166 175
166 567
166 189
167 514
167 264
167 268
167 333
167 533
167 591
167 525
167 547
167 552
167 298
167 438
167 265
167 573
167 318
168 320
168 514
168 233
168 586
168 460
168 559
168 530
168 245
168 534
168 279
168 504
168 187
169 503
169 518
169 497
169 524
169 334
169 370
169 598
169 440
169 494
169 188
169 543
170 291
170 228
170 438
170 460
170 306
170 461
170 178
170 341
170 406
170 315
170 590
171 225
171 453
171 555
171 396
171 304
171 529
171 466
171 276
171 341
171 188
171 394
172 576
172 515
172 267
172 338
172 467
172 404
172 341
172 534
172 344
172 250
172 280
172 417
172 418
172 488
172 594
172 497
172 371
172 526
172 446
173 321
173 421
173 518
173 497
173 363
173 484
173 367
173 464
173 594
173 568
173 488
173 223
174 194
174 485
174 522
174 204
174 483
174 179
174 495
174 207
174 572
174 253
175 259
175 231
175 328
175 489
175 234
175 242
175 404
175 279
175 217
175 341
175 477
175 293
176 203
176 235
176 268
176 591
176 241
176 594
176 596
176 183
176 538
176 444
176 285
177 384
177 448
177 591
177 197
177 454
177 202
177 460
177 527
177 469
177 544
177 281
177 410
177 477
177 483
177 228
177 357
177 360
177 236
177 250
177 548
177 318
178 539
178 337
178 565
178 390
178 214
178 427
178 598
178 506
178 211
179 322
179 551
179 329
179 428
179 493
179 303
179 306
179 280
179 495
179 350
180 384
180 428
180 242
180 339
180 215
180 255
181 226
181 578
181 357
181 422
181 365
181 525
181 580
181 433
181 340
181 565
181 502
181 279
181 250
181 285
182 195
182 357
182 481
182 588
182 426
182 471
182 428
182 368
182 529
182 534
182 439
182 504
182 377
182 411
182 443
183 257
183 452
183 417
183 331
183 397
183 533
183 470
183 407
183 408
183 474
183 475
183 284
183 349
183 416
183 292
183 235
183 500
183 375
183 215
184 293
184 203
184 269
184 531
184 291
184 213
184 459
184 453
185 578
185 587
185 329
185 203
185 205
185 337
185 593
185 228
185 550
185 488
185 491
185 236
185 304
185 243
185 565
185 570
185 379
186 578
186 507
186 452
186 296
186 234
186 395
186 366
186 335
186 496
186 446
186 309
186 187
186 586
186 441
187 368
187 229
187 456
187 539
187 476
187 303
187 208
187 473
187 592
187 316
187 232
187 191
188 256
188 258
188 428
188 237
188 337
188 498
188 291
188 567
188 372
188 347
189 257
189 548
189 359
189 236
189 490
189 300
189 429
189 401
189 278
189 544
189 412
189 285
189 510
190 481
190 322
190 229
190 199
190 476
190 435
190 365
190 276
190 503
190 596
190 461
190 316
190 572
191 320
191 385
191 194
191 406
191 454
191 265
191 523
191 493
191 596
191 401
191 214
191 521
191 212
191 314
191 507
191 223
192 422
192 390
192 455
192 452
192 302
192 531
192 270
192 563
192 281
192 558
192 296
192 383
193 352
193 392
193 588
193 298
193 363
193 205
193 462
193 401
193 211
193 433
193 599
193 253
193 517
194 460
194 266
194 332
194 595
194 535
194 344
194 477
194 356
194 233
194 426
194 303
194 240
194 497
194 499
194 441
194 446
195 321
195 396
195 337
195 341
195 544
195 536
195 281
195 227
195 488
195 239
195 368
195 373
195 440
195 441
195 509
195 565
196 290
196 580
196 246
196 393
196 599
196 524
196 435
196 594
196 310
196 569
196 440
196 377
197 353
197 395
197 199
197 373
197 531
197 311
197 218
197 223
198 449
198 259
198 356
198 457
198 523
198 242
198 365
198 272
198 467
198 340
198 350
199 447
199 396
199 354
199 271
199 350
199 469
199 214
199 538
199 539
199 346
199 414
199 455
199 365
199 562
199 499
199 513
199 373
199 577
199 567
199 383
200 251
200 556
200 451
200 568
200 211
200 278
200 344
200 443
200 412
200 413
200 572
201 324
201 325
201 203
201 593
201 530
201 404
201 533
201 280
201 452
201 410
201 478
201 290
201 422
201 358
201 360
201 301
201 562
201 564
201 376
201 569
202 450
202 427
202 455
202 328
202 586
202 476
202 396
202 334
202 335
202 579
202 277
202 348
202 352
202 353
202 418
202 229
202 360
202 425
202 235
202 300
202 559
202 318
203 257
203 522
203 463
203 529
203 465
203 339
203 533
203 295
203 366
203 305
203 275
203 436
203 437
203 444
203 573
204 334
204 295
204 344
204 569
204 331
205 418
205 328
205 461
205 370
205 436
205 309
205 539
205 208
206 550
206 294
206 391
206 333
206 207
206 563
206 469
206 287
207 384
207 226
207 325
207 425
207 382
207 301
207 272
207 530
207 559
207 398
207 521
207 345
207 222
208 450
208 579
208 513
208 457
208 322
208 465
208 598
208 280
208 281
208 416
208 226
208 426
208 495
208 370
209 516
209 399
209 440
209 405
209 408
209 462
209 303
209 380
209 255
209 319
210 422
210 257
210 551
210 527
210 249
210 344
210 409
210 250
210 234
211 582
211 550
211 587
211 300
211 271
211 433
211 435
211 308
211 408
211 476
212 421
212 550
212 423
212 487
212 332
212 551
212 463
212 435
212 471
213 418
213 391
213 421
213 457
213 401
213 465
213 375
213 477
213 261
214 258
214 472
214 453
214 264
214 584
214 270
214 465
214 243
214 404
214 462
214 374
214 410
214 221
215 578
215 503
215 419
215 239
215 304
215 274
215 323
215 533
215 248
215 484
215 412
216 288
216 363
216 298
216 331
216 268
216 558
216 402
216 243
216 245
216 247
216 569
216 383
217 481
217 524
217 402
217 340
217 277
217 598
217 375
217 538
217 572
217 557
218 326
218 503
218 371
218 251
218 509
218 254
219 396
219 589
219 334
219 559
219 451
219 439
219 284
219 286
219 325
220 356
220 261
220 406
220 275
220 514
220 399
220 305
220 468
220 246
220 500
220 453
221 293
221 554
221 269
221 273
221 404
221 313
221 280
221 475
222 544
222 514
222 483
222 580
222 263
222 369
222 537
222 346
222 447
222 412
222 415
223 257
223 419
223 315
223 392
223 242
223 234
223 439
223 428
223 269
223 450
223 307
223 578
223 425
223 572
223 477
224 258
224 570
224 524
224 463
224 499
224 286
224 538
224 478
225 576
225 449
225 518
225 568
225 494
225 340
225 310
225 376
225 316
225 508
226 425
226 514
226 419
226 487
226 357
226 585
226 481
226 556
226 562
226 462
226 370
226 279
226 379
226 285
226 511
227 264
227 467
227 515
227 435
227 500
227 570
227 343
227 314
227 445
228 512
228 579
228 454
228 331
228 398
228 335
228 281
228 411
228 540
228 477
228 390
228 231
228 559
228 298
228 255
229 541
229 392
229 301
229 493
229 464
229 573
229 243
229 511
229 312
229 412
229 319
230 321
230 325
230 590
230 463
230 404
230 340
230 341
230 510
230 494
230 583
230 360
230 489
230 298
230 427
230 300
230 238
230 431
230 488
230 436
230 318
230 441
230 506
230 382
230 556
231 347
231 326
231 393
231 534
231 270
231 432
231 479
231 285
232 290
232 555
232 581
232 530
232 268
232 397
232 254
233 576
233 257
233 235
233 562
233 433
233 499
233 406
233 343
233 508
233 325
234 454
234 489
234 594
234 496
234 469
234 312
234 542
234 341
235 454
235 265
235 471
235 461
235 525
235 467
235 468
235 342
235 324
235 356
235 363
235 428
235 242
235 388
235 246
235 255
236 544
236 273
236 348
236 485
236 477
236 498
236 414
236 559
236 346
236 318
236 325
237 544
237 356
237 453
237 392
237 425
237 368
237 566
237 316
238 577
238 345
238 382
238 503
238 529
238 434
238 404
238 478
238 350
239 257
239 487
239 521
239 419
239 272
239 274
239 435
239 596
239 284
240 432
240 528
240 467
240 502
240 569
240 598
241 289
241 291
241 295
241 303
241 305
241 483
241 564
241 311
241 440
241 388
242 292
242 486
242 272
242 305
242 547
242 501
242 411
243 555
243 262
243 459
243 525
243 527
243 528
243 338
243 595
243 591
243 542
243 417
243 422
243 299
243 350
243 509
243 382
243 319
244 323
244 598
244 585
244 498
244 557
244 376
244 344
244 415
244 285
244 255
245 539
245 546
245 518
245 457
245 458
245 299
245 428
245 594
245 303
245 451
245 406
245 442
245 347
245 412
246 320
246 262
246 267
246 460
246 301
246 375
246 451
246 312
246 249
246 539
246 382
246 536
247 483
247 324
247 456
247 393
247 586
247 567
247 364
247 589
247 271
247 505
247 388
247 347
247 250
247 507
248 513
248 283
248 407
248 551
248 520
248 585
248 311
248 347
249 384
249 271
249 374
249 544
249 376
249 250
250 387
250 588
250 306
250 595
250 443
251 420
251 567
251 555
251 269
251 561
251 562
251 373
251 381
252 518
252 552
252 329
252 404
252 438
252 452
252 351
253 584
253 329
253 300
253 541
253 560
253 383
253 308
253 502
253 345
253 403
253 364
253 325
254 450
254 461
254 389
254 583
254 457
254 266
254 301
254 335
254 308
254 599
254 312
254 554
254 453
255 587
255 527
255 402
255 569
255 346
255 348
255 427
255 480
255 299
255 564
255 338
255 305
256 421
256 582
256 501
256 452
256 469
257 384
257 544
257 325
257 583
257 471
257 524
257 343
257 410
257 488
257 443
257 383
258 408
258 519
258 588
258 462
258 337
258 563
258 399
258 439
258 383
258 413
259 337
259 371
259 260
259 348
259 479
260 416
260 549
260 456
260 362
260 434
260 302
260 271
260 528
260 520
260 338
260 435
260 563
260 539
261 520
261 393
261 527
261 406
261 452
261 349
261 416
261 354
261 379
261 485
261 298
261 370
261 432
261 434
261 443
261 380
261 319
262 562
262 545
262 539
262 389
262 297
262 439
262 557
262 584
262 433
262 530
262 343
262 410
262 347
262 570
263 352
263 571
263 418
263 444
263 367
263 531
263 515
263 372
264 487
264 449
264 469
264 485
264 480
264 357
264 561
264 299
264 433
264 511
264 277
265 425
265 460
265 356
265 422
265 424
265 361
265 519
265 337
265 470
265 297
265 317
266 288
266 467
266 322
266 430
266 368
266 352
266 416
266 415
267 551
267 328
267 583
267 331
267 302
267 338
267 469
267 407
267 344
267 494
267 570
268 419
268 421
268 486
268 395
268 492
268 335
268 367
268 542
269 512
269 579
269 521
269 464
269 547
269 417
269 291
269 550
269 305
269 370
269 372
269 425
269 444
269 446
269 575
270 515
270 435
270 456
270 330
270 301
270 479
271 458
271 582
271 330
271 527
271 529
271 542
271 415
271 291
271 484
271 438
271 509
272 576
272 387
272 477
272 427
273 518
273 327
273 527
273 339
273 596
273 341
273 342
273 473
273 442
273 287
274 592
274 332
274 590
274 462
274 405
274 343
274 507
274 412
275 566
275 328
275 586
275 364
275 515
275 596
275 278
275 345
275 559
276 354
276 585
276 551
276 456
276 535
276 524
276 301
276 429
276 469
276 407
276 478
276 559
276 285
277 490
277 354
277 548
277 585
277 363
277 461
277 367
277 371
277 591
277 459
278 481
278 360
278 428
278 573
278 372
278 430
278 471
278 378
278 411
279 480
279 330
279 587
279 524
279 595
279 407
279 413
279 293
279 358
279 298
279 432
279 504
279 507
280 321
280 324
280 518
280 520
280 375
280 399
280 466
280 531
280 455
280 557
280 385
280 503
280 446
281 384
281 546
281 513
281 291
281 396
281 594
281 307
281 470
281 345
281 412
281 547
281 556
282 389
282 457
282 344
282 459
282 428
283 584
283 310
283 430
283 526
283 541
284 291
284 549
284 586
284 556
284 386
284 596
284 559
284 310
285 299
285 592
285 387
285 407
285 358
285 425
285 363
285 428
285 438
285 442
285 317
285 511
286 534
286 298
286 459
286 364
286 388
286 324
286 350
287 577
287 323
287 580
287 599
287 572
287 401
287 387
287 598
287 538
287 574
287 325
288 356
288 549
288 343
288 370
288 336
288 338
288 382
288 491
289 512
289 453
289 358
289 391
289 458
289 335
289 304
289 583
289 405
289 346
289 303
289 501
290 512
290 321
290 459
290 391
290 436
290 368
290 370
290 340
290 345
290 349
291 451
291 342
291 599
291 475
291 485
291 486
291 436
291 438
291 445
292 320
292 448
292 322
292 457
292 332
292 335
292 306
292 340
292 316
293 427
293 299
293 524
293 450
293 565
293 534
293 375
293 377
293 556
293 446
294 384
294 389
294 391
294 490
294 459
294 302
294 465
294 500
294 438
294 356
295 579
295 517
295 327
295 585
295 335
295 337
295 497
295 468
295 341
295 406
295 407
295 408
295 527
295 570
295 542
295 489
295 593
295 372
295 442
295 571
296 325
296 492
296 461
296 430
296 336
296 370
296 547
296 569
296 349
297 579
297 582
297 586
297 461
297 301
297 532
297 378
297 507
298 456
298 330
298 587
298 462
298 346
298 347
298 419
298 367
298 562
298 313
298 380
298 565
299 539
299 411
299 315
299 396
299 526
299 559
299 582
299 312
299 325
300 384
300 514
300 420
300 329
300 305
300 434
300 543
300 409
300 399
300 312
301 529
301 589
301 400
301 360
301 309
301 560
302 580
302 550
302 585
302 587
302 592
302 593
302 425
303 419
303 373
303 581
303 527
303 368
303 402
303 404
303 564
303 508
304 416
304 454
304 327
304 519
304 330
304 365
304 367
304 467
304 544
305 389
305 453
305 562
305 430
305 474
305 571
306 390
306 331
306 428
306 399
306 496
306 563
306 580
306 371
306 340
306 509
307 388
307 565
307 358
308 425
308 395
308 594
308 445
308 409
308 559
309 406
309 328
309 524
309 462
309 397
309 528
309 510
309 414
309 581
310 320
310 419
310 417
310 522
310 364
310 584
310 531
310 352
310 545
310 380
310 445
310 507
311 486
311 362
311 375
311 386
311 565
311 575
311 426
311 312
312 576
312 578
312 585
312 592
312 487
312 360
312 428
312 446
313 590
313 358
313 385
313 412
313 395
313 455
313 398
313 477
313 528
313 447
313 511
313 415
314 416
314 581
314 451
314 559
314 469
314 438
314 574
314 351
315 356
315 497
315 567
315 338
315 511
316 449
316 583
316 403
316 405
316 544
316 480
316 418
316 549
316 432
316 436
316 504
316 378
316 533
317 323
317 581
317 522
317 583
317 419
317 425
317 346
317 351
317 319
318 419
318 517
318 371
318 582
318 547
318 478
318 491
318 522
319 385
319 419
319 417
319 424
319 588
319 561
319 396
319 533
319 599
320 353
320 455
320 402
320 590
320 593
320 580
320 344
321 352
321 480
321 326
321 322
321 547
321 440
321 570
321 527
322 453
322 583
322 524
322 477
322 487
322 556
322 376
322 383
323 417
323 523
323 503
323 373
323 536
323 414
324 491
324 453
324 520
324 462
324 579
324 532
324 410
324 417
324 356
324 550
324 366
324 435
324 372
325 514
325 587
325 490
325 494
325 415
326 484
326 549
326 569
326 414
327 418
327 555
327 433
327 556
327 399
327 340
327 476
328 516
328 531
328 438
328 599
328 345
328 539
328 540
329 448
329 512
329 487
329 427
329 577
329 463
329 446
330 569
330 467
330 596
330 429
330 413
331 518
331 528
331 336
331 451
331 596
331 597
331 400
331 485
331 529
331 427
331 364
331 557
331 568
331 377
331 506
331 379
332 570
332 398
332 529
332 366
332 569
332 538
332 412
332 509
333 459
333 581
333 518
333 547
333 461
333 531
333 337
333 370
333 339
333 372
333 573
334 396
334 514
334 462
334 509
334 597
334 569
334 436
334 540
334 452
335 450
335 550
335 518
335 456
335 562
335 404
335 566
335 347
336 353
336 419
336 548
336 517
336 456
336 466
336 451
336 507
337 390
337 368
337 566
337 373
337 489
337 459
337 585
338 515
338 582
338 556
338 524
338 585
338 561
338 488
338 553
338 562
338 439
339 384
339 583
339 404
339 533
339 342
339 415
339 448
339 422
339 489
339 413
339 564
339 383
340 396
340 484
340 398
340 400
340 529
340 342
340 574
340 389
340 359
340 498
340 494
340 593
340 502
340 573
340 565
341 512
341 459
341 460
341 525
341 597
341 555
341 506
342 485
342 364
342 498
342 376
342 399
342 477
343 590
343 451
343 553
344 486
344 589
344 367
344 529
344 538
344 409
344 495
345 385
345 457
345 592
345 534
345 472
345 544
345 481
345 419
345 360
345 561
346 448
346 390
346 582
346 555
346 430
346 513
346 471
347 495
347 456
347 487
347 572
347 494
347 530
347 499
347 444
347 383
348 482
348 391
348 360
348 475
348 409
348 411
348 508
348 443
348 414
349 368
349 587
349 361
349 472
349 498
349 377
350 359
350 588
350 584
350 533
350 441
351 448
351 418
351 477
351 581
351 359
351 362
351 535
351 529
351 512
351 503
351 473
351 410
351 591
352 461
352 588
352 471
352 494
352 404
352 381
353 580
353 574
353 531
353 542
353 544
353 410
354 360
354 426
354 429
354 552
355 421
355 577
355 525
355 497
355 480
355 502
355 569
355 540
355 478
355 511
356 490
356 420
356 445
356 459
357 448
357 483
357 588
357 512
357 594
357 440
357 358
358 546
358 571
358 545
358 488
358 566
358 493
358 445
358 469
358 406
358 443
359 539
359 449
359 418
359 557
359 511
359 525
360 399
360 471
360 414
360 415
360 423
360 476
360 495
360 441
360 381
360 446
361 420
361 550
361 588
361 526
361 493
361 560
361 435
361 471
361 444
362 496
362 585
362 382
363 419
363 484
363 556
363 431
363 573
363 439
363 442
363 589
363 501
364 498
364 451
364 400
364 423
364 378
364 382
365 481
365 483
365 548
365 520
365 491
365 460
365 462
365 374
365 474
365 574
366 539
366 488
366 425
366 431
366 377
366 527
366 543
367 536
367 465
367 411
368 520
368 458
368 547
368 534
368 412
368 528
368 564
369 576
369 580
369 489
369 523
369 494
369 451
369 504
369 540
369 575
370 579
370 588
370 524
370 421
370 555
370 495
370 488
370 563
370 372
371 512
371 580
371 520
371 458
371 396
371 527
371 387
371 599
371 544
371 547
371 503
371 376
371 380
372 576
372 481
372 466
372 531
372 499
372 527
372 509
372 540
373 591
373 405
373 444
374 576
374 470
374 553
374 433
374 498
374 572
375 545
375 489
375 496
375 436
375 475
375 476
376 386
376 492
376 435
376 394
377 456
377 536
377 452
377 411
377 414
377 419
377 550
377 552
377 492
377 493
377 378
377 597
378 389
378 471
378 582
378 589
379 471
379 402
379 386
379 466
379 443
380 455
380 461
380 563
380 503
380 568
380 381
381 385
381 549
381 487
381 460
381 525
381 552
382 453
382 519
382 499
382 464
382 478
383 440
383 396
383 567
383 408
383 417
383 560
383 591
384 416
384 522
384 552
384 507
385 576
385 571
385 392
385 404
385 584
385 477
385 426
386 548
386 535
386 488
386 425
386 503
386 557
386 540
387 455
387 395
388 487
388 535
388 428
388 499
388 532
388 533
388 409
388 443
388 413
388 543
389 391
389 470
389 554
389 530
389 536
389 574
389 453
390 576
390 549
390 526
390 463
390 397
390 539
390 508
390 542
391 520
391 412
391 433
391 403
391 441
391 474
391 446
391 581
392 459
392 452
392 519
392 523
392 579
392 534
392 536
392 484
392 558
392 505
393 555
393 515
393 488
393 550
393 397
393 399
393 466
393 406
393 568
393 570
393 527
394 515
394 426
394 525
394 495
394 560
394 498
394 594
394 589
395 454
395 458
395 436
395 500
395 582
395 535
395 472
395 591
395 525
396 452
396 451
396 420
396 522
397 559
397 464
398 583
398 552
398 470
398 508
399 582
399 447
400 500
400 452
400 458
400 428
400 589
400 580
400 585
400 436
401 546
401 475
401 520
401 429
401 468
401 598
401 507
402 418
402 553
402 423
402 466
402 528
402 425
403 546
403 419
404 578
404 468
404 484
404 498
404 564
405 597
405 493
405 444
405 447
405 491
405 532
405 461
405 438
406 517
406 572
406 526
406 559
406 500
407 450
407 410
407 411
407 417
407 482
407 436
407 572
407 446
408 515
408 453
408 558
408 436
408 597
408 566
408 541
409 540
409 427
409 589
409 462
409 575
409 565
410 531
410 415
410 484
410 582
410 573
410 570
410 490
410 511
411 455
411 588
411 536
411 532
411 565
411 439
412 516
412 587
412 549
412 544
412 417
412 491
412 494
412 498
412 439
413 419
413 518
413 459
413 428
413 557
413 597
413 504
413 491
414 480
414 587
414 434
414 532
414 479
415 448
415 549
415 504
415 522
415 543
416 578
416 584
416 421
416 493
416 529
416 476
417 513
417 453
417 518
417 581
417 540
417 491
417 564
417 436
417 446
418 516
418 591
418 472
418 477
418 423
418 437
418 510
419 515
419 535
420 432
420 578
420 486
420 586
420 494
420 463
420 508
421 458
421 494
421 531
421 433
421 530
421 533
422 428
422 528
422 569
423 504
423 439
423 524
423 434
424 498
424 582
424 518
424 577
424 554
424 427
424 444
425 456
425 526
425 547
425 495
425 570
425 543
426 489
426 431
426 561
426 533
426 461
426 445
427 512
427 583
427 557
427 529
427 547
427 472
427 539
427 548
427 492
427 558
427 496
427 595
427 576
428 581
428 460
428 469
428 557
428 575
429 529
429 583
429 557
430 523
430 455
430 467
431 452
431 485
431 492
431 574
432 487
432 567
432 594
433 459
433 453
433 469
433 599
433 487
433 553
434 553
434 579
434 542
434 539
434 590
435 581
435 458
435 516
435 527
435 540
436 577
436 459
436 465
436 548
436 574
437 516
437 537
437 488
438 538
438 551
438 503
438 585
438 494
438 596
438 575
439 449
439 521
439 596
439 470
439 538
439 485
439 496
439 502
440 458
440 498
440 499
440 567
440 505
440 542
441 513
441 454
441 589
441 494
441 499
441 476
441 479
442 449
442 545
442 498
442 511
443 515
443 467
443 573
444 481
444 491
444 452
444 554
445 512
446 515
446 525
446 562
446 563
447 588
448 576
448 483
448 455
448 461
449 512
449 578
449 488
449 481
449 593
449 455
450 561
450 520
450 556
450 492
450 465
450 502
450 495
451 583
451 471
451 515
451 497
451 587
451 565
452 599
452 576
452 552
452 556
453 577
453 582
453 585
453 530
453 596
453 590
453 598
453 510
454 494
454 495
454 583
454 468
454 570
455 589
455 599
455 480
455 551
456 489
456 598
456 536
456 506
456 541
457 592
458 576
458 588
458 530
458 475
458 572
459 513
459 588
459 502
460 561
460 503
460 532
460 466
460 589
460 533
461 512
461 481
462 463
462 597
462 544
462 556
462 577
462 505
463 500
463 564
463 496
463 473
464 524
464 522
464 465
464 534
464 598
466 517
466 469
466 498
466 562
466 468
466 506
467 522
467 513
467 530
467 508
468 480
468 531
468 566
468 595
469 567
469 597
470 519
470 493
470 578
470 485
471 580
471 498
471 589
471 593
472 581
472 532
473 513
473 579
473 565
473 511
474 515
474 500
474 571
475 552
475 571
475 575
476 549
476 524
476 477
476 561
476 530
476 565
476 593
477 491
477 496
477 533
478 521
478 540
478 549
479 584
479 582
479 508
479 591
479 561
480 555
480 591
480 504
481 531
481 597
481 582
482 584
482 525
483 559
483 591
484 576
484 518
484 524
484 570
484 548
484 554
484 567
484 506
484 573
484 510
485 522
485 597
485 556
486 565
486 597
486 532
486 543
487 579
487 546
487 589
487 559
487 495
488 512
488 496
488 573
489 585
489 524
489 590
489 507
490 570
490 585
491 507
491 493
491 574
492 551
492 599
492 502
493 590
493 522
493 562
493 586
494 578
494 545
494 542
494 564
495 515
495 537
495 582
496 512
496 522
496 593
496 567
496 584
496 542
497 527
498 543
498 500
499 574
499 557
499 541
500 537
500 595
500 501
501 581
501 522
501 556
501 559
502 588
503 582
503 529
503 508
504 544
504 551
504 522
504 514
504 592
504 537
505 553
505 509
505 559
506 520
506 564
506 568
506 507
507 576
507 582
507 534
507 561
508 555
508 524
508 569
509 578
509 530
509 524
509 525
510 568
510 534
510 536
510 537
511 529
511 568
512 522
512 556
512 565
513 599
513 546
513 573
514 570
514 587
514 559
514 517
515 545
515 546
516 590
516 593
518 586
518 592
518 585
519 556
519 562
519 540
520 582
520 543
521 529
521 594
521 541
522 580
522 534
522 526
522 581
522 562
523 557
524 586
524 591
524 536
524 530
524 558
524 573
524 561
524 565
526 559
526 563
526 566
527 585
528 545
528 595
528 541
530 541
530 589
532 553
533 560
534 584
535 548
535 590
536 576
537 574
538 588
539 585
539 552
540 543
541 587
541 582
541 566
542 583
542 593
544 598
544 548
545 549
545 558
546 573
547 589
548 585
549 591
550 565
551 579
551 568
551 552
551 585
552 574
554 579
555 564
556 576
556 590
556 562
556 565
557 573
557 567
558 577
558 570
559 587
560 579
562 593
563 581
563 586
566 584
567 577
567 582
567 584
569 572
569 581
569 585
569 582
572 598
575 594
576 589
578 580
582 593
584 593
586 587
592 596
