1
0 133
0 494
1 236
1 113
2 261
2 159
3 145
3 187
4 32
4 473
5 143
5 462
6 270
6 285
7 76
7 292
8 219
8 495
9 273
9 308
10 387
10 182
11 257
11 323
12 438
12 328
13 484
13 229
14 81
14 364
15 151
15 313
16 34
16 89
17 266
17 270
18 144
18 296
19 410
19 356
20 340
20 109
21 305
21 83
22 393
22 440
23 68
23 127
24 416
24 460
25 485
25 337
26 265
26 378
27 81
27 123
28 97
28 374
29 129
29 474
30 451
30 481
31 444
31 488
32 448
33 116
33 408
34 227
35 249
35 360
36 333
36 371
37 345
37 405
38 171
38 450
39 90
39 260
40 288
40 381
41 244
41 376
42 200
42 443
43 130
43 239
44 292
44 459
45 287
45 437
46 189
46 307
47 175
47 383
48 294
48 461
49 100
49 475
50 453
50 458
51 464
51 477
52 137
52 347
53 69
53 254
54 408
54 440
55 179
55 350
56 226
56 494
57 427
57 491
58 215
58 361
59 446
59 452
60 162
60 432
61 120
61 174
62 158
62 426
63 264
63 484
64 299
64 482
65 379
65 456
66 130
66 421
67 289
67 263
68 281
69 319
70 425
70 445
71 331
71 213
72 121
72 239
73 237
73 431
74 83
74 247
75 414
75 324
76 193
77 300
77 400
78 347
78 107
79 146
79 152
80 206
80 429
82 293
82 170
84 455
84 107
85 165
85 323
86 482
86 336
87 212
87 120
88 398
88 355
89 155
90 485
91 177
91 93
92 385
92 366
93 325
94 415
94 479
95 314
95 441
96 320
96 212
97 369
98 257
98 250
99 399
99 237
100 200
101 177
101 210
102 222
102 218
103 305
103 111
104 341
104 366
105 268
105 332
106 141
106 280
108 277
108 220
109 312
110 329
110 489
111 242
112 412
112 201
113 458
114 444
114 253
115 430
115 439
116 132
117 136
117 406
118 181
118 232
119 466
119 205
121 221
122 296
122 498
123 424
124 449
124 479
125 493
125 370
126 461
126 373
127 203
128 333
128 395
129 220
131 470
131 230
132 157
133 304
134 449
134 274
135 287
135 322
136 299
137 476
138 386
138 166
139 346
139 354
140 262
140 308
141 261
142 358
142 362
143 235
144 487
145 358
146 291
147 211
147 363
148 402
148 206
149 199
149 191
150 345
150 353
151 391
152 195
153 282
153 471
154 453
154 162
155 242
156 282
156 284
157 331
158 376
159 429
160 474
160 234
161 496
161 240
163 332
163 367
164 286
164 441
165 188
166 478
167 410
167 371
168 435
168 359
169 293
169 382
170 259
171 418
172 328
172 198
173 330
173 357
174 352
175 394
176 194
176 195
178 225
178 498
179 367
180 438
180 354
181 289
182 216
183 396
183 253
184 281
184 205
185 391
185 224
186 389
186 397
187 430
188 240
189 300
190 387
190 368
191 298
192 393
192 489
193 214
194 274
196 256
196 442
197 443
197 324
198 336
199 202
201 317
202 467
203 384
204 465
204 346
207 457
207 247
208 344
208 491
209 417
209 462
210 341
211 378
213 217
214 375
215 263
216 432
217 464
218 302
219 392
221 245
222 260
223 312
223 313
224 415
225 359
226 233
227 283
228 417
228 298
229 243
230 368
231 276
231 356
232 353
233 238
234 355
235 447
236 416
238 487
241 425
241 248
243 250
244 262
245 456
246 279
246 327
248 259
249 460
251 268
251 348
252 402
252 421
254 427
255 303
255 412
256 433
258 454
258 370
264 288
265 463
266 454
267 271
267 286
269 314
269 403
271 285
272 339
272 379
273 472
275 311
275 337
276 409
277 280
278 283
278 339
279 480
284 420
290 297
290 496
291 382
294 478
295 320
295 335
297 409
301 392
301 411
302 321
303 398
304 433
306 473
306 403
307 352
309 428
309 468
310 349
310 492
311 434
315 335
315 480
316 463
316 361
317 365
318 390
318 486
319 406
321 423
322 424
325 343
326 375
326 383
327 436
329 395
330 400
334 389
334 428
338 386
338 447
340 364
342 419
342 360
343 472
344 470
348 351
349 363
350 413
351 381
357 365
362 372
369 434
372 380
373 404
374 388
377 405
377 475
380 469
384 448
385 388
390 422
394 465
397 488
399 499
401 497
401 469
404 486
407 437
407 493
411 413
414 468
418 420
419 439
422 452
423 446
426 471
431 457
435 490
436 477
442 466
445 495
450 459
451 467
455 497
476 483
481 499
490 492
500 483
501 396
-1 -1
22.089
