1
0 278
0 457
1 50
1 447
2 298
2 414
3 489
3 251
4 430
4 52
5 208
5 319
6 287
6 368
7 481
7 115
8 29
8 477
9 302
9 76
10 307
10 416
11 330
11 162
12 183
12 348
13 165
13 292
14 222
14 480
15 333
15 474
16 267
16 422
17 332
17 286
18 342
18 379
19 113
19 276
20 442
20 497
21 304
21 330
22 187
22 433
23 203
23 332
24 86
24 354
25 234
25 462
26 348
26 228
27 283
27 247
28 305
28 353
29 425
30 475
30 492
31 427
31 127
32 352
32 495
33 228
33 377
34 74
34 204
35 90
35 399
36 423
36 372
37 473
37 199
38 181
38 121
39 391
39 143
40 153
40 276
41 265
41 305
42 290
42 275
43 498
43 116
44 318
44 329
45 410
45 479
46 284
46 259
47 316
47 378
48 470
48 104
49 295
49 446
50 68
51 249
51 250
52 403
53 60
53 97
54 200
54 207
55 316
55 337
56 390
56 353
57 279
57 453
58 79
58 111
59 406
59 154
60 289
61 460
61 100
62 258
62 474
63 394
63 72
64 431
64 320
65 267
65 113
66 356
66 383
67 423
67 187
68 493
69 173
69 483
70 442
70 198
71 278
71 329
72 209
73 439
73 488
74 179
75 473
75 287
76 445
77 185
77 188
78 260
78 468
79 378
80 311
80 374
81 264
81 181
82 434
82 368
83 202
83 366
84 258
84 166
85 142
85 355
86 118
87 301
87 99
88 437
88 339
89 392
89 164
90 91
91 376
92 452
92 413
93 447
93 484
94 451
94 486
95 430
95 186
96 220
96 361
97 391
98 475
98 123
99 221
100 381
101 136
101 404
102 299
102 461
103 449
103 117
104 397
105 288
105 224
106 302
106 182
107 145
107 288
108 157
108 428
109 149
109 216
110 143
110 443
111 138
112 411
112 476
114 291
114 361
115 163
116 285
117 417
118 238
119 325
119 466
120 313
120 340
121 173
122 343
122 218
123 134
124 266
124 410
125 158
125 481
126 469
126 248
127 299
128 152
128 371
129 418
129 347
130 485
130 494
131 311
131 268
132 156
132 499
133 231
133 141
134 482
135 420
135 221
136 194
137 154
137 150
138 293
139 419
139 487
140 427
140 310
141 433
142 321
144 352
144 251
145 282
146 490
146 372
147 358
147 366
148 277
148 465
149 412
150 257
151 261
151 275
152 495
153 317
155 212
155 408
156 297
157 273
158 364
159 340
159 184
160 215
160 217
161 277
161 298
162 269
163 309
164 188
165 274
166 227
167 326
167 245
168 454
168 219
169 483
169 369
170 452
170 312
171 425
171 345
172 338
172 438
174 204
174 236
175 242
175 373
176 488
176 444
177 262
177 239
178 470
178 392
179 460
180 467
180 379
182 390
183 271
184 416
185 448
186 450
189 308
189 317
190 291
190 197
191 402
191 285
192 233
192 211
193 219
193 256
194 280
195 283
195 231
196 385
196 312
197 293
198 280
199 384
200 264
201 303
201 320
202 432
203 486
205 387
205 290
206 367
206 435
207 306
208 344
209 319
210 259
210 491
211 384
212 292
213 362
213 478
214 294
214 369
215 342
216 479
217 334
218 412
220 458
222 237
223 405
223 456
224 359
225 393
225 494
226 349
226 318
227 365
229 256
229 497
230 327
230 270
232 393
232 498
233 382
234 454
235 357
235 266
236 357
237 238
239 284
240 455
240 459
241 360
241 409
242 306
243 322
243 315
244 435
244 415
245 407
246 457
246 350
247 382
248 303
249 294
250 362
252 472
252 491
253 381
253 383
254 307
254 417
255 398
255 350
257 262
260 401
261 365
263 331
263 466
265 326
268 367
269 355
270 469
271 420
272 338
272 478
273 300
274 376
279 324
281 438
281 424
282 465
286 464
289 429
295 476
296 489
296 380
297 461
300 471
301 422
304 403
308 402
309 347
310 341
313 405
314 401
314 351
315 371
321 468
322 477
323 386
323 336
324 396
325 426
327 335
328 395
328 434
331 419
334 360
335 432
336 421
337 351
341 480
343 344
345 364
346 436
346 397
349 400
354 387
356 413
358 396
359 449
363 409
363 426
370 395
370 373
374 441
375 388
375 414
377 441
380 444
385 428
386 431
388 448
389 492
389 404
394 439
398 463
399 415
400 440
406 487
407 450
408 463
411 443
418 499
421 485
424 459
429 456
436 455
437 446
440 464
445 490
451 472
453 471
458 496
462 496
467 493
482 484
500 333
501 339
-1 -1
6.04986
