100 990
0 1
0 3
0 68
0 6
0 8
0 78
0 15
0 17
0 83
0 84
0 21
0 87
0 88
0 89
0 90
0 27
0 92
0 29
0 30
0 39
0 57
0 62
1 65
1 4
1 70
1 97
1 8
1 96
1 12
1 13
1 77
1 80
1 81
1 83
1 84
1 23
1 68
1 91
1 28
1 93
1 32
1 16
1 6
1 38
1 92
1 50
1 51
1 61
2 98
2 99
2 4
2 5
2 73
2 74
2 75
2 12
2 14
2 79
2 16
2 90
2 22
2 24
2 89
2 58
2 92
2 10
3 67
3 5
3 8
3 9
3 75
3 14
3 82
3 19
3 21
3 22
3 92
3 95
3 96
3 37
3 39
3 28
3 46
3 48
3 49
3 51
3 60
4 35
4 71
4 8
4 42
4 11
4 44
4 98
4 20
4 85
4 30
5 65
5 7
5 12
5 98
5 14
5 18
5 19
5 90
5 27
5 28
5 31
5 33
5 67
5 91
5 38
5 99
5 49
5 50
5 83
5 53
5 58
5 59
5 62
6 22
6 70
6 64
6 74
6 75
6 17
6 82
6 86
6 23
6 89
6 29
6 30
6 69
6 98
6 38
6 42
6 93
6 10
6 52
6 54
6 61
6 62
7 97
7 67
7 41
7 10
7 15
7 80
7 18
7 99
7 56
7 91
7 28
8 83
8 70
8 72
8 9
8 79
8 84
8 15
8 80
8 91
8 51
8 52
8 73
8 55
8 57
8 27
8 60
8 63
9 49
9 54
9 22
9 56
9 25
9 27
9 77
9 93
9 89
10 97
10 67
10 98
10 72
10 42
10 13
10 78
10 47
10 17
10 82
10 51
10 74
10 21
10 23
10 89
10 58
10 29
10 53
11 34
11 49
11 83
11 44
11 66
11 46
11 15
11 48
11 17
11 51
11 52
11 53
11 89
11 55
11 88
11 25
11 26
11 79
12 32
12 33
12 64
12 42
12 44
12 77
12 47
12 81
12 20
12 62
12 89
12 25
12 91
12 92
12 74
12 30
12 52
13 34
13 99
13 38
13 40
13 60
13 44
13 81
13 18
13 20
13 73
13 23
13 25
13 28
13 52
14 71
14 40
14 75
14 43
14 44
14 45
14 16
14 18
14 67
14 52
14 94
14 89
14 84
14 98
14 27
14 60
14 62
14 63
15 96
15 99
15 37
15 74
15 46
15 93
15 16
15 17
15 20
15 21
15 57
15 92
15 29
15 69
16 64
16 59
16 36
16 37
16 38
16 92
16 47
16 49
16 82
16 83
16 23
16 56
16 88
16 60
16 62
17 69
17 94
17 78
17 23
17 88
17 25
17 29
17 30
17 34
17 37
17 42
17 44
17 70
17 93
17 48
17 53
17 54
17 57
17 58
17 60
17 63
18 51
18 98
18 35
18 65
18 41
18 82
18 19
18 22
18 25
18 57
18 93
18 69
19 32
19 66
19 43
19 82
19 46
19 83
19 54
19 26
19 91
19 28
19 29
19 31
20 69
20 70
20 71
20 41
20 80
20 49
20 50
20 56
20 89
20 90
20 59
20 92
20 61
20 95
21 64
21 97
21 40
21 41
21 75
21 49
21 53
21 73
21 23
21 25
21 28
22 34
22 66
22 98
22 39
22 93
22 79
22 27
22 86
22 59
22 61
22 30
22 63
23 36
23 70
23 48
23 80
23 73
23 75
23 78
23 77
23 68
23 26
23 93
23 95
24 64
24 68
24 73
24 77
24 80
24 85
24 91
24 94
24 34
24 99
24 37
24 38
24 39
24 40
24 43
24 46
24 52
24 55
24 60
24 61
24 63
25 66
25 75
25 68
25 69
25 70
25 71
25 80
25 26
25 90
25 95
25 32
25 34
25 42
25 44
25 82
25 46
25 54
25 57
25 58
25 59
26 70
26 71
26 73
26 77
26 78
26 83
26 86
26 89
26 92
26 30
26 33
26 38
26 97
26 40
26 43
26 44
26 50
26 63
27 64
27 34
27 35
27 38
27 80
27 74
27 43
27 66
27 77
27 48
27 49
27 51
28 64
28 66
28 70
28 73
28 74
28 76
28 79
28 81
28 92
28 31
28 96
28 97
28 34
28 35
28 37
28 38
28 42
28 44
28 50
28 51
28 57
28 60
28 65
29 67
29 38
29 49
29 40
29 76
29 84
29 30
29 86
29 87
29 62
29 85
30 67
30 69
30 88
30 94
30 32
30 33
30 98
30 38
30 40
30 44
30 46
30 55
30 57
30 59
30 60
30 61
30 62
31 51
31 83
31 35
31 40
31 92
31 74
31 43
31 76
31 93
31 49
31 50
31 85
31 75
31 61
32 87
32 68
32 51
32 40
32 75
32 77
32 46
32 93
32 72
32 94
32 57
32 58
32 60
32 61
32 95
33 96
33 97
33 68
33 40
33 73
33 84
33 55
33 89
33 59
33 92
34 65
34 66
34 86
34 77
34 81
34 83
34 94
34 69
34 98
34 91
34 37
34 47
34 50
34 53
34 54
34 59
35 96
35 65
35 98
35 91
35 70
35 41
35 95
35 50
35 86
35 68
35 58
35 60
35 61
36 96
36 80
36 67
36 69
36 73
36 75
36 92
36 91
36 53
36 57
36 59
36 60
37 73
37 83
37 45
37 77
37 67
37 84
37 86
37 89
37 57
37 61
38 74
38 76
38 77
38 78
38 82
38 92
38 44
38 45
38 46
38 93
38 79
38 53
38 57
38 59
39 65
39 70
39 96
39 40
39 73
39 42
39 76
39 45
39 46
39 48
39 72
39 89
39 90
39 60
39 74
40 95
40 71
40 44
40 94
40 58
40 91
41 64
41 98
41 71
41 45
41 93
41 86
41 56
41 52
41 58
41 92
41 90
41 85
41 53
42 96
42 65
42 99
42 69
42 45
42 50
42 83
42 95
43 64
43 98
43 99
43 69
43 45
43 48
43 50
43 78
43 56
43 89
43 90
44 82
44 50
44 62
44 86
44 88
44 72
44 93
45 64
45 66
45 76
45 79
45 48
45 83
45 52
45 78
45 86
45 84
45 58
45 91
46 65
46 78
46 80
46 49
46 82
46 62
46 86
46 95
46 60
46 81
47 96
47 67
47 78
47 79
47 81
47 86
47 90
47 91
47 92
47 74
48 69
48 81
48 76
48 94
48 53
48 59
48 55
48 92
48 61
48 62
48 85
49 72
49 78
49 82
49 61
49 81
49 53
49 85
49 69
50 96
50 68
50 73
50 77
50 99
50 53
50 86
50 56
50 90
50 94
51 63
51 79
51 84
51 54
51 87
51 89
51 90
51 61
52 67
52 68
52 69
52 70
52 71
52 76
52 77
52 82
52 83
52 86
52 95
52 55
52 57
52 58
52 60
52 61
53 64
53 68
53 73
53 77
53 94
53 69
53 95
53 59
53 74
53 63
54 65
54 97
54 83
54 98
54 82
54 84
54 90
54 61
54 94
55 65
55 91
55 73
55 56
55 82
55 99
55 85
55 59
55 61
56 80
56 76
56 82
56 89
56 58
56 59
57 67
57 64
57 78
57 94
57 73
57 72
57 88
57 61
58 64
58 96
58 73
58 79
58 82
58 84
58 86
58 87
58 91
58 98
59 65
59 67
59 70
59 71
59 72
59 73
59 75
59 94
59 83
59 89
59 92
59 93
59 80
59 84
60 98
60 78
60 82
60 91
61 97
61 92
61 90
61 70
62 66
62 67
62 71
62 76
62 75
62 83
62 85
62 90
62 94
62 97
62 73
63 71
63 79
63 80
63 72
63 91
64 99
64 79
64 77
64 93
65 73
65 79
65 80
65 84
65 85
65 86
65 87
65 88
65 90
65 94
65 69
66 97
66 67
66 71
66 72
66 92
66 77
66 91
66 85
67 76
67 79
67 86
67 89
67 91
67 94
67 95
67 96
67 97
68 72
68 73
68 75
68 78
68 79
68 99
68 94
68 85
69 73
69 98
69 88
69 81
69 93
70 96
70 83
70 89
70 94
71 91
71 74
71 72
71 86
71 73
72 75
72 79
72 84
72 86
72 90
73 88
73 84
73 86
73 93
73 95
74 96
74 92
74 80
74 83
74 84
74 93
75 91
75 98
75 79
75 80
75 82
75 90
76 94
76 78
76 83
76 85
76 86
76 87
77 99
77 78
77 88
78 98
78 80
78 83
78 88
78 81
79 80
79 84
79 86
79 89
79 95
80 81
80 82
80 96
80 88
81 96
81 92
81 84
81 90
81 93
81 94
81 95
82 90
83 98
83 84
83 85
83 91
83 92
83 99
84 85
84 91
84 94
84 95
85 99
85 97
86 98
86 87
86 88
87 89
87 94
87 92
88 99
88 93
89 97
89 91
90 99
91 93
91 96
91 97
92 96
93 98
93 99
93 95
93 96
94 98
94 99
96 98
98 99
