1
0 357
0 647
1 17
1 523
2 202
2 444
3 337
3 530
4 485
4 317
5 747
5 722
6 743
6 701
7 499
7 772
8 686
8 366
9 487
9 263
10 675
10 730
11 100
11 476
12 661
12 732
13 139
13 493
14 262
14 733
15 737
15 253
16 729
16 719
17 619
18 245
18 490
19 329
19 91
20 53
20 232
21 720
21 33
22 561
22 210
23 440
23 37
24 645
24 742
25 689
25 703
26 609
26 527
27 617
27 165
28 641
28 613
29 349
29 720
30 199
30 653
31 491
31 132
32 640
32 238
33 377
34 489
34 657
35 504
35 478
36 684
36 695
37 443
38 306
38 127
39 579
39 501
40 78
40 765
41 261
41 154
42 621
42 119
43 118
43 770
44 426
44 367
45 340
45 616
46 481
46 419
47 725
47 678
48 311
48 316
49 576
49 257
50 417
50 196
51 78
51 90
52 514
52 517
53 519
54 649
54 418
55 322
55 325
56 295
56 423
57 296
57 745
58 617
58 93
59 289
59 558
60 264
60 541
61 785
61 91
62 675
62 537
63 679
63 203
64 98
64 414
65 320
65 129
66 492
66 348
67 179
67 297
68 258
68 709
69 534
69 522
70 681
70 361
71 562
71 278
72 288
72 650
73 107
73 403
74 644
74 327
75 144
75 732
76 138
76 749
77 317
77 478
79 161
79 660
80 432
80 774
81 707
81 781
82 779
82 555
83 728
83 590
84 475
84 315
85 764
85 575
86 105
86 598
87 642
87 200
88 758
88 662
89 791
89 335
90 283
92 680
92 628
93 122
94 761
94 510
95 626
95 295
96 310
96 607
97 746
97 559
98 588
99 551
99 301
100 362
101 723
101 586
102 704
102 766
103 690
103 609
104 249
104 798
105 116
106 792
106 358
107 631
108 634
108 147
109 697
109 167
110 515
110 657
111 693
111 239
112 739
112 167
113 528
113 770
114 691
114 790
115 248
115 207
116 683
117 652
117 602
118 600
119 336
120 623
120 333
121 242
121 758
122 778
123 481
123 525
124 220
124 494
125 453
125 139
126 625
126 164
127 629
128 401
128 343
129 769
130 353
130 346
131 470
131 533
132 731
133 505
133 263
134 740
134 390
135 479
135 172
136 656
136 787
137 205
137 776
138 694
140 592
140 763
141 448
141 188
142 608
142 535
143 294
143 585
144 775
145 529
145 222
146 519
146 681
147 755
148 673
148 687
149 312
149 445
150 759
150 542
151 272
151 528
152 560
152 241
153 704
153 736
154 205
155 594
155 516
156 753
156 510
157 408
157 611
158 787
158 799
159 275
159 572
160 386
160 541
161 373
162 499
162 279
163 186
163 218
164 532
165 669
166 180
166 555
168 489
168 172
169 193
169 302
170 619
170 203
171 744
171 694
173 358
173 667
174 296
174 587
175 195
175 620
176 323
176 648
177 305
177 570
178 186
178 702
179 543
180 369
181 456
181 682
182 692
182 605
183 324
183 548
184 668
184 374
185 516
185 189
187 473
187 618
188 490
189 452
190 585
190 751
191 210
191 622
192 300
192 624
193 370
194 486
194 377
195 373
196 671
197 422
197 569
198 782
198 759
199 248
200 763
201 767
201 288
202 524
204 413
204 302
206 281
206 713
207 595
208 497
208 229
209 455
209 762
211 748
211 349
212 755
212 236
213 624
213 665
214 539
214 359
215 749
215 561
216 403
216 649
217 411
217 493
218 714
219 503
219 559
220 582
221 741
221 287
222 525
223 434
223 604
224 469
224 271
225 616
225 332
226 762
226 539
227 677
227 485
228 457
228 647
229 573
230 779
230 546
231 588
231 364
232 784
233 267
233 464
234 643
234 318
235 256
235 610
236 471
237 466
237 611
238 529
239 618
240 378
240 598
241 469
242 430
243 464
243 441
244 264
244 748
245 341
246 521
246 375
247 683
247 280
249 604
250 739
250 654
251 794
251 639
252 433
252 280
253 550
254 733
254 782
255 595
255 477
256 421
257 678
258 293
259 532
260 700
260 735
261 319
262 794
265 567
265 381
266 721
266 629
267 765
268 664
268 482
269 337
269 699
270 305
270 381
271 318
272 479
273 659
273 518
274 468
274 580
275 303
276 711
276 698
277 402
277 449
278 639
279 613
281 742
282 391
282 696
283 433
284 774
284 443
285 463
285 446
286 630
286 321
287 590
289 422
290 513
290 394
291 530
291 431
292 508
292 670
293 383
294 345
297 511
298 330
298 415
299 746
299 363
300 632
301 354
303 427
304 554
304 796
306 315
307 457
307 527
308 526
308 398
309 581
309 406
310 397
311 448
312 558
313 388
313 399
314 520
314 738
316 658
319 693
320 795
321 518
322 596
323 496
324 583
325 602
326 461
326 405
327 785
328 472
328 466
329 583
330 352
331 359
331 413
332 750
333 387
334 601
334 554
335 668
336 508
338 387
338 711
339 581
339 725
340 548
341 788
342 420
342 460
343 550
344 418
345 436
346 458
347 797
347 719
348 697
350 451
350 601
351 459
351 685
352 599
353 383
354 573
355 731
355 792
356 368
356 622
357 425
360 665
360 405
361 412
362 771
363 608
364 750
365 592
365 513
366 569
367 371
368 473
369 712
370 571
371 404
372 776
372 521
374 447
375 382
376 442
376 523
378 425
379 615
379 437
380 467
380 793
382 724
384 674
384 551
385 591
385 788
386 426
388 764
389 408
389 428
390 610
391 505
392 568
392 447
393 722
393 424
394 695
395 753
395 562
396 450
396 692
397 689
398 537
399 456
400 771
400 444
401 699
402 474
404 439
406 627
407 566
407 717
409 432
409 483
410 769
410 445
411 756
412 605
414 642
415 586
416 465
416 434
417 652
419 636
420 666
421 679
423 451
424 556
427 760
428 453
429 563
429 430
431 458
435 512
435 531
436 718
437 614
438 547
438 638
439 734
440 757
441 627
442 741
446 663
449 651
450 484
452 476
454 713
454 786
455 757
459 544
460 589
461 638
462 650
462 780
463 623
465 515
467 576
468 761
470 553
471 780
472 716
474 641
475 730
477 646
480 531
480 549
482 663
483 507
484 571
486 784
487 577
488 621
488 655
491 658
492 710
494 677
495 729
495 751
496 760
497 687
498 684
498 669
500 768
500 698
501 708
502 614
502 504
503 706
506 646
506 727
507 607
509 520
509 752
511 791
512 645
514 768
517 630
522 672
524 727
526 542
533 662
534 615
535 716
536 676
536 628
538 715
538 600
540 691
540 566
543 680
544 676
545 715
545 781
546 721
547 671
549 631
552 594
552 738
553 593
556 706
557 773
557 565
560 575
563 724
564 708
564 597
565 754
567 796
568 752
570 599
572 654
574 626
574 597
577 584
578 634
578 655
579 670
580 582
584 672
587 795
589 673
591 633
593 659
596 635
603 737
603 797
606 705
606 660
612 644
612 735
620 772
625 740
632 637
633 723
635 656
636 651
637 703
640 736
643 664
648 799
653 789
661 686
666 786
667 688
674 705
682 707
685 783
688 793
690 712
696 718
700 726
701 754
702 734
709 777
710 717
714 783
726 773
728 790
743 745
744 777
747 798
756 775
766 778
767 789
800 259
801 344
-1 -1
2.05552
