2
0 107
0 19
1 71
1 462
2 121
2 511
3 180
3 693
4 85
4 76
5 385
5 104
6 752
6 156
7 497
7 123
8 58
8 748
9 420
9 276
10 595
10 181
11 244
11 491
12 208
12 335
13 513
13 753
14 449
14 542
15 609
15 717
16 778
16 587
17 352
17 239
18 490
18 501
19 487
20 311
20 693
21 753
21 275
22 115
22 683
23 32
23 66
24 512
24 265
25 624
25 60
26 544
26 587
27 772
27 797
28 785
28 62
29 279
29 415
30 451
30 639
31 466
31 421
32 232
33 97
33 337
34 177
34 351
35 438
35 782
36 786
36 297
37 604
37 412
38 113
38 260
39 128
39 341
40 544
40 680
41 69
41 743
42 198
42 277
43 741
43 61
44 472
44 124
45 49
45 408
46 416
46 616
47 617
47 687
48 363
48 529
49 563
50 785
50 439
51 160
51 92
52 96
52 442
53 450
53 255
54 768
54 261
55 177
55 407
56 473
56 664
57 212
57 457
58 495
59 347
59 118
60 605
61 469
62 233
63 375
63 90
64 145
64 392
65 610
65 486
66 493
67 676
67 470
68 437
68 170
69 634
70 784
70 701
71 779
72 639
72 175
73 312
73 323
74 792
74 302
75 435
75 458
76 216
77 243
77 105
78 328
78 319
79 295
79 101
80 355
80 479
81 339
81 414
82 176
82 483
83 426
83 788
84 591
84 428
85 251
86 256
86 447
87 313
87 641
88 192
88 509
89 411
89 93
90 155
91 769
91 790
92 217
93 303
94 344
94 492
95 112
95 596
96 534
97 427
98 250
98 546
99 225
99 579
100 770
100 326
101 559
102 204
102 351
103 443
103 735
104 600
105 526
106 116
106 671
107 264
108 305
108 543
109 455
109 606
110 481
110 525
111 720
111 402
112 358
113 330
114 201
114 682
115 603
116 798
117 727
117 719
118 269
119 493
119 613
120 726
120 502
121 176
122 658
122 478
123 297
124 610
125 482
125 594
126 195
126 599
127 440
127 149
128 569
129 709
129 651
130 398
130 405
131 376
131 607
132 441
132 399
133 370
133 419
134 743
134 730
135 774
135 207
136 296
136 795
137 292
137 521
138 642
138 651
139 355
139 729
140 225
140 713
141 633
141 290
142 167
142 271
143 778
143 500
144 620
144 282
145 323
146 721
146 511
147 739
147 286
148 260
148 445
149 733
150 752
150 171
151 256
151 322
152 679
152 798
153 455
153 554
154 584
154 774
155 791
156 782
157 259
157 500
158 354
158 757
159 615
159 244
160 236
161 394
161 703
162 285
162 671
163 213
163 476
164 308
164 777
165 676
165 424
166 794
166 340
167 182
168 776
168 248
169 468
169 561
170 236
171 523
172 571
172 670
173 712
173 612
174 452
174 566
175 628
178 342
178 699
179 650
179 269
180 206
181 488
182 294
183 358
183 423
184 375
184 705
185 518
185 695
186 704
186 564
187 705
187 301
188 448
188 737
189 538
189 554
190 714
190 574
191 317
191 494
192 603
193 464
193 418
194 547
194 228
195 454
196 791
196 292
197 371
197 764
198 433
199 373
199 799
200 209
200 333
201 744
202 619
202 475
203 710
203 467
204 747
205 417
205 541
206 596
207 314
208 235
209 381
210 480
210 465
211 755
211 644
212 502
213 567
214 536
214 510
215 744
215 568
216 578
217 685
218 636
218 508
219 737
219 453
220 343
220 298
221 561
221 463
222 424
222 361
223 229
223 617
224 352
224 593
226 697
226 794
227 384
227 270
228 499
229 669
230 674
230 349
231 666
231 329
232 530
233 592
234 291
234 652
235 432
237 362
237 315
238 548
238 655
239 307
240 718
240 340
241 314
241 330
242 369
242 499
243 342
245 272
245 402
246 673
246 471
247 795
247 633
248 585
249 337
249 764
250 427
251 516
252 298
252 267
253 608
253 696
254 738
254 648
255 263
257 565
257 293
258 692
258 583
259 324
261 517
262 519
262 665
263 611
264 347
265 690
266 640
266 290
267 681
268 741
268 474
270 756
271 430
272 461
273 688
273 784
274 569
274 595
275 750
276 766
277 681
278 407
278 362
279 451
280 572
280 430
281 767
281 335
282 724
283 644
283 343
284 299
284 661
285 549
286 301
287 460
287 462
288 635
288 378
289 601
289 458
291 321
293 789
294 392
295 494
296 388
299 383
300 553
300 631
302 470
303 374
304 482
304 685
305 459
306 771
306 602
307 773
308 453
309 376
309 678
310 368
310 786
311 714
312 391
313 732
315 360
316 625
316 431
317 692
318 378
318 578
319 632
320 379
320 485
321 754
322 711
324 647
325 548
325 369
326 394
327 574
327 686
328 684
329 504
331 484
331 461
332 466
332 506
333 601
334 793
334 397
336 372
336 775
338 512
338 727
339 700
341 656
344 576
345 468
345 413
346 447
346 423
348 409
348 746
349 770
350 432
350 408
353 745
353 532
354 436
356 747
356 718
357 409
357 524
359 736
359 646
360 444
361 563
363 531
364 416
364 749
365 472
365 590
366 498
366 558
367 520
367 410
368 557
370 773
371 735
372 761
373 758
374 632
377 400
377 797
379 713
380 653
380 446
381 389
382 521
382 751
383 677
384 477
385 509
386 507
386 485
387 640
387 749
388 731
389 612
390 555
390 734
391 523
393 533
393 726
395 560
395 675
396 638
396 666
397 460
398 787
399 660
400 568
401 434
401 539
403 768
403 456
404 696
404 570
405 474
406 513
406 665
410 605
411 599
412 787
413 759
414 649
415 593
417 618
418 456
419 498
421 703
422 698
422 619
425 748
425 724
426 654
428 629
429 553
429 442
431 740
433 663
434 594
435 757
436 505
437 643
438 716
439 629
440 723
441 550
443 621
444 694
445 630
446 734
448 626
449 679
450 626
452 662
454 722
457 725
459 799
463 688
464 490
465 673
467 503
469 489
471 488
473 575
475 577
476 530
477 781
478 715
479 558
480 659
481 556
483 783
484 584
486 642
487 638
489 564
491 754
492 721
495 691
496 634
496 732
497 654
501 763
503 577
504 598
505 618
506 604
507 567
508 637
510 598
514 519
514 602
515 641
515 583
516 694
517 691
518 668
520 543
522 672
522 588
524 650
525 780
526 592
527 648
527 682
528 689
528 541
529 684
531 649
532 697
533 675
534 613
535 542
535 557
536 559
537 777
537 588
538 590
539 687
540 761
545 616
545 607
546 615
547 614
549 765
550 659
551 609
551 678
552 792
552 715
555 597
556 591
560 690
562 729
562 796
565 711
566 670
570 630
571 706
572 759
573 677
573 680
575 755
576 586
579 736
580 731
580 652
581 636
581 620
582 661
582 653
585 635
586 667
589 712
589 779
597 722
600 725
608 657
611 723
614 756
621 645
622 788
622 647
623 625
623 717
624 719
627 646
627 707
628 763
631 700
637 760
643 683
645 733
655 789
656 702
657 709
658 796
660 772
662 771
663 695
664 686
667 762
668 790
672 760
674 702
689 746
698 730
699 707
701 708
704 767
706 720
708 769
710 742
716 766
728 765
728 750
738 739
740 776
742 762
745 775
751 781
758 783
780 793
800 540
800 669
801 420
801 606
-1 -1
0.10506
