50 98
0 38
0 14
0 6
1 17
1 2
1 36
1 5
1 13
1 37
2 19
3 8
3 39
3 45
3 15
4 28
4 30
4 47
5 42
5 27
5 46
5 41
6 16
6 48
6 7
6 24
6 10
7 23
7 22
7 15
8 20
8 21
8 23
8 40
8 9
9 33
9 44
9 15
10 41
10 21
11 24
11 48
11 30
11 14
11 37
12 25
12 36
12 33
13 48
13 19
13 46
13 22
13 45
13 30
15 33
15 21
15 38
15 25
16 45
17 37
19 38
19 47
20 34
20 29
20 46
21 24
21 37
21 39
21 28
22 49
22 38
23 43
23 42
23 31
25 45
25 38
25 29
25 31
26 48
26 33
26 28
26 38
27 33
28 33
28 31
29 31
30 34
30 39
31 34
31 37
31 43
33 40
34 40
34 41
36 44
37 47
38 42
41 44
44 49
