1
0 16
0 734
1 659
1 372
2 849
2 442
3 7
3 770
4 856
4 653
5 272
5 357
6 358
6 392
7 225
8 786
8 276
9 61
9 607
10 296
10 893
11 641
11 509
12 811
12 31
13 796
13 642
14 307
14 407
15 440
15 768
16 490
17 117
17 827
18 544
18 605
19 614
19 508
20 297
20 604
21 396
21 445
22 581
22 412
23 404
23 93
24 800
24 601
25 114
25 374
26 816
26 598
27 721
27 868
28 584
28 570
29 776
29 207
30 213
30 835
31 315
32 622
32 691
33 354
33 612
34 610
34 79
35 391
35 606
36 882
36 157
37 547
37 252
38 151
38 461
39 739
39 462
40 57
40 587
41 574
41 409
42 204
42 190
43 198
43 775
44 691
44 329
45 788
45 855
46 586
46 859
47 713
47 843
48 226
48 593
49 755
49 814
50 652
50 369
51 704
51 577
52 453
52 701
53 231
53 414
54 370
54 680
55 772
55 398
56 186
56 871
57 99
58 370
58 606
59 174
59 537
60 229
60 759
61 118
62 451
62 361
63 497
63 174
64 148
64 667
65 320
65 676
66 239
66 495
67 164
67 598
68 315
68 479
69 521
69 545
70 739
70 485
71 645
71 761
72 120
72 810
73 114
73 242
74 178
74 543
75 246
75 175
76 448
76 334
77 243
77 730
78 199
78 281
79 736
80 262
80 175
81 339
81 212
82 196
82 567
83 388
83 189
84 802
84 334
85 209
85 820
86 572
86 813
87 155
87 109
88 263
88 634
89 331
89 702
90 399
90 541
91 856
91 317
92 631
92 711
93 866
94 456
94 459
95 404
95 554
96 817
96 327
97 376
97 389
98 580
98 741
99 810
100 310
100 831
101 387
101 437
102 290
102 365
103 326
103 667
104 256
104 579
105 846
105 364
106 583
106 347
107 131
107 755
108 694
108 121
109 300
110 681
110 689
111 516
111 431
112 448
112 781
113 345
113 898
115 708
115 855
116 198
116 699
117 356
118 487
119 428
119 176
120 732
121 140
122 224
122 405
123 520
123 793
124 665
124 220
125 671
125 221
126 798
126 143
127 481
127 676
128 513
128 278
129 422
129 818
130 515
130 845
131 538
132 194
132 890
133 201
133 779
134 832
134 602
135 162
135 844
136 763
136 202
137 424
137 469
138 689
138 482
139 432
139 801
140 643
141 646
141 550
142 609
142 578
143 512
144 591
144 884
145 420
145 629
146 502
146 874
147 242
147 377
148 668
149 383
149 206
150 528
150 690
151 189
152 849
152 579
153 203
153 533
154 169
154 442
155 519
156 513
156 285
157 291
158 262
158 359
159 771
159 726
160 890
160 332
161 228
161 501
162 428
163 837
163 829
164 434
165 620
165 447
166 201
166 237
167 784
167 861
168 539
168 863
169 770
170 740
170 837
171 366
171 873
172 708
172 444
173 470
173 209
176 340
177 841
177 734
178 670
179 833
179 834
180 387
180 869
181 592
181 791
182 199
182 301
183 500
183 824
184 364
184 381
185 736
185 260
186 557
187 457
187 278
188 545
188 771
190 355
191 712
191 234
192 587
192 669
193 512
193 206
194 367
195 548
195 723
196 618
197 486
197 791
200 357
200 887
202 444
203 377
204 435
205 294
205 619
207 564
208 449
208 564
210 426
210 895
211 227
211 388
212 679
213 692
214 731
214 238
215 473
215 666
216 768
216 466
217 656
217 552
218 227
218 669
219 898
219 317
220 686
221 251
222 632
222 879
223 288
223 575
224 661
225 750
226 706
228 419
229 792
230 586
230 597
231 402
232 752
232 600
233 299
233 668
234 302
235 541
235 367
236 260
236 777
237 722
238 259
239 422
240 303
240 767
241 294
241 318
243 261
244 451
244 621
245 585
245 551
246 738
247 826
247 894
248 582
248 623
249 566
249 500
250 304
250 547
251 646
252 847
253 648
253 862
254 401
254 740
255 480
255 853
256 311
257 343
257 637
258 852
258 644
259 759
261 697
263 727
264 681
264 682
265 726
265 418
266 733
266 634
267 491
267 525
268 716
268 590
269 807
269 899
270 830
270 685
271 353
271 333
272 697
273 839
273 621
274 358
274 568
275 534
275 381
276 710
277 899
277 815
279 657
279 892
280 632
280 876
281 883
282 417
282 517
283 840
283 575
284 311
284 350
285 305
286 803
286 308
287 568
287 778
288 549
289 769
289 785
290 871
291 826
292 640
292 775
293 709
293 495
295 416
295 656
296 300
297 588
298 611
298 742
299 713
301 700
302 742
303 394
304 429
305 824
306 695
306 356
307 808
308 309
309 857
310 514
312 886
312 577
313 608
313 838
314 822
314 414
316 490
316 487
318 694
319 529
319 342
320 872
321 342
321 506
322 518
322 630
323 797
323 565
324 496
324 756
325 683
325 359
326 763
327 701
328 820
328 789
329 777
330 688
330 799
331 376
332 411
333 474
335 751
335 778
336 664
336 542
337 510
337 714
338 401
338 886
339 561
340 599
341 710
341 772
343 628
344 433
344 454
345 666
346 449
346 805
347 675
348 788
348 684
349 531
349 885
350 558
351 373
351 433
352 472
352 502
353 674
354 531
355 730
360 877
360 617
361 447
362 385
362 745
363 660
363 868
365 511
366 785
368 864
368 635
369 707
371 658
371 861
372 762
373 627
374 705
375 458
375 754
378 744
378 806
379 729
379 617
380 714
380 674
382 562
382 477
383 873
384 595
384 870
385 835
386 629
386 395
389 485
390 836
390 585
391 877
392 795
393 764
393 686
394 836
395 773
396 510
397 432
397 605
398 421
399 464
400 484
400 700
402 523
403 553
403 478
405 519
406 725
406 892
407 879
408 673
408 452
409 651
410 489
410 882
411 450
412 450
413 612
413 429
415 809
415 750
416 441
417 863
418 767
419 780
420 677
421 437
423 672
423 542
424 783
425 821
425 557
426 728
427 786
427 707
430 758
430 782
431 504
434 717
435 790
436 550
436 486
438 479
438 476
439 794
439 614
440 616
441 651
443 864
443 787
445 724
446 828
446 626
452 459
453 524
454 494
455 498
455 819
456 470
457 865
458 745
460 782
460 663
461 896
462 715
463 812
463 703
464 684
465 848
465 802
466 831
467 555
467 654
468 582
468 505
469 560
471 594
471 633
472 525
473 687
474 580
475 559
475 506
476 613
477 492
478 808
480 652
481 566
482 724
483 559
483 603
484 862
488 503
488 765
489 804
491 641
492 870
493 658
494 746
496 867
497 799
498 590
499 832
499 821
501 698
503 639
504 563
505 746
507 611
507 601
508 727
509 846
511 885
514 592
515 857
516 534
517 571
518 888
520 603
521 647
522 753
522 622
523 798
524 602
526 661
526 639
527 540
527 613
528 609
529 678
530 664
530 607
532 572
532 749
533 636
535 683
535 696
536 544
536 822
537 874
538 670
539 850
540 813
543 819
546 883
546 848
548 549
551 608
552 793
553 781
554 827
555 888
556 653
556 719
558 720
560 823
561 817
562 680
563 806
565 735
567 675
569 620
569 640
571 685
573 743
573 783
574 852
576 642
576 825
578 630
581 628
583 648
584 840
588 867
589 841
589 842
591 645
593 627
594 692
595 894
596 859
596 718
597 889
599 737
600 860
604 699
610 732
615 649
615 672
616 654
618 773
619 797
623 624
624 688
625 752
625 687
626 881
631 723
633 792
635 757
636 637
638 800
638 807
643 749
644 796
647 725
649 702
650 887
650 858
655 779
655 761
657 844
659 891
660 881
662 729
662 751
663 804
665 829
671 851
673 801
677 698
678 839
679 728
682 705
690 843
693 842
693 758
695 720
696 776
703 897
704 833
706 774
709 765
711 766
712 766
715 717
716 875
718 815
719 737
721 756
722 896
731 816
733 762
735 764
738 794
741 748
743 747
744 866
747 803
748 805
753 814
754 854
757 878
760 784
760 850
769 774
780 878
787 823
789 818
790 847
795 872
809 858
811 895
812 865
825 884
828 834
830 880
838 893
845 854
851 889
853 876
860 897
869 880
875 891
900 570
901 493
-1 -1
2.44579
