1
0 61
0 228
1 32
1 33
2 84
2 284
3 69
3 282
4 34
4 101
5 179
5 193
6 75
6 207
7 34
7 139
8 36
8 59
9 142
10 41
10 191
11 224
11 235
12 131
12 144
13 53
13 267
14 24
14 38
15 146
15 195
16 20
16 183
17 124
17 173
18 58
18 168
19 172
19 178
20 246
21 107
21 243
22 189
22 256
23 38
23 187
24 175
25 286
25 96
26 48
26 259
27 40
27 170
28 174
28 188
29 67
29 167
30 133
30 239
31 211
31 254
32 252
33 110
35 55
35 164
36 282
37 98
37 159
39 120
39 256
40 293
41 236
42 74
42 250
43 52
43 83
44 161
44 299
45 170
45 217
46 147
46 280
47 98
47 225
48 91
49 231
49 248
50 102
50 141
51 156
51 163
52 261
53 276
54 104
54 160
55 153
56 202
56 292
57 226
58 212
59 85
60 99
60 232
61 281
62 127
62 277
63 84
63 237
64 134
64 239
65 111
65 114
66 169
66 198
67 214
68 162
68 259
69 228
70 97
70 295
71 91
71 105
72 109
72 138
73 165
73 253
74 288
75 286
76 171
76 230
77 152
77 186
78 148
78 290
79 86
79 145
80 252
80 253
81 132
81 203
82 102
82 195
83 258
85 288
86 212
87 167
87 171
88 117
88 150
89 295
89 185
90 223
90 242
92 182
92 278
93 165
93 267
94 181
94 272
95 166
95 231
96 279
97 238
99 276
100 181
100 251
101 245
103 115
103 265
104 184
105 190
106 162
106 214
107 126
108 208
108 227
109 136
110 199
111 153
112 116
112 130
113 241
113 280
114 296
115 294
116 145
117 147
118 140
118 151
119 122
119 247
120 270
121 192
121 218
122 194
123 129
123 157
124 206
125 176
125 197
126 154
127 257
128 146
128 217
129 149
130 264
131 219
132 222
133 166
134 297
135 169
135 213
136 263
137 144
137 163
138 294
139 186
140 173
141 287
142 271
143 182
143 205
148 249
149 223
150 213
151 202
152 205
154 203
155 196
155 251
156 193
157 291
158 218
158 269
159 180
160 265
161 189
164 260
168 277
172 210
174 237
175 238
176 266
177 271
177 236
178 227
179 187
180 244
183 297
184 299
185 201
188 246
190 268
191 225
192 224
194 266
196 255
197 249
198 283
199 272
200 209
200 233
201 273
204 244
204 291
206 230
207 292
208 250
209 275
210 229
211 243
215 221
215 274
216 247
216 260
219 270
220 221
220 257
222 261
226 283
229 234
232 289
233 262
234 263
235 284
240 242
240 298
241 278
245 274
248 275
254 290
255 281
258 269
262 279
264 285
268 289
273 298
285 293
287 296
300 57
301 9
-1 -1
6.51115
