1
0 201
0 279
1 40
1 48
2 104
2 232
3 297
3 296
4 287
4 295
5 7
5 203
6 18
6 220
7 275
8 51
8 142
9 141
9 288
10 43
10 230
11 86
11 149
12 171
12 175
13 165
13 225
14 258
14 184
15 229
16 199
16 282
17 174
17 296
18 185
19 262
19 75
20 233
20 246
21 106
21 135
22 166
22 206
23 146
23 222
24 196
24 270
25 26
25 70
26 39
27 132
27 250
28 110
28 172
29 62
29 211
30 51
30 128
31 57
31 211
32 121
32 280
33 48
33 215
34 262
34 237
35 154
35 180
36 47
36 220
37 44
37 89
38 124
38 178
39 291
40 141
41 218
41 266
42 134
42 153
43 88
44 109
45 152
45 285
46 58
46 107
47 217
49 50
49 214
50 252
52 166
52 247
53 128
53 243
54 237
54 264
55 131
55 215
56 160
56 200
57 79
58 96
59 155
59 204
60 115
60 283
61 82
61 299
62 209
63 168
63 271
64 196
64 276
65 82
65 97
66 124
66 143
67 80
67 119
68 241
68 263
69 74
69 111
70 161
71 145
71 248
72 102
72 290
73 259
73 75
74 213
76 191
76 232
77 112
77 138
78 253
78 276
79 221
80 163
81 160
81 210
83 277
83 250
84 202
84 291
85 103
85 298
86 132
87 140
87 179
88 289
89 178
90 295
90 225
91 199
91 236
92 117
92 238
93 127
93 264
94 207
94 224
95 148
95 249
96 157
97 103
98 159
98 218
99 260
99 272
100 173
100 204
101 142
101 281
102 278
104 172
105 170
105 270
106 266
107 222
108 274
108 241
109 121
110 286
111 134
112 216
113 242
113 255
114 123
114 206
115 182
116 136
116 202
117 277
118 235
118 249
119 214
120 186
120 265
122 221
122 268
123 179
125 191
125 289
126 176
126 210
127 260
129 226
129 247
130 139
130 192
131 152
133 173
133 299
135 245
136 171
137 192
137 234
138 243
139 209
140 158
143 154
144 147
144 174
145 290
146 208
147 284
148 165
149 294
150 197
150 240
151 198
151 223
153 161
155 285
156 183
156 219
157 219
158 279
159 256
162 182
162 183
164 257
164 292
167 187
167 203
168 176
169 229
169 261
170 248
175 297
177 261
177 286
180 205
181 226
181 242
184 282
185 269
186 256
187 267
188 197
188 287
189 212
189 240
190 251
190 259
193 265
193 273
194 257
194 275
195 201
195 217
198 281
200 212
205 263
207 208
213 273
216 228
223 255
224 293
227 244
227 288
228 267
230 236
231 238
231 246
233 298
234 293
235 244
239 272
239 274
245 251
252 254
253 284
254 294
258 292
268 269
271 278
280 283
300 163
301 15
-1 -1
2.26278
