1
0 149
0 178
1 58
1 268
2 165
2 167
3 90
3 203
4 200
4 265
5 66
5 108
6 131
6 168
7 81
7 185
8 39
8 253
9 25
9 30
10 54
10 150
11 116
11 235
12 99
12 263
13 29
13 162
14 156
14 210
15 61
15 292
16 70
16 86
17 146
17 243
18 22
18 124
19 219
19 275
20 40
20 205
21 48
21 116
22 250
23 105
23 167
24 89
24 270
25 277
26 102
26 201
27 166
27 267
28 272
28 80
29 190
30 273
31 93
31 243
32 101
32 160
33 234
33 261
34 91
34 260
35 246
35 280
36 112
36 137
37 38
37 237
38 267
39 201
40 83
41 155
41 297
42 139
42 278
43 100
43 298
44 148
44 281
45 52
45 209
46 127
46 133
47 142
47 223
48 177
49 89
49 282
50 67
50 125
51 138
51 211
52 96
53 228
53 247
54 181
55 140
55 248
56 104
56 293
57 157
57 197
58 84
59 138
59 200
60 109
60 133
61 196
62 213
62 220
63 86
63 124
64 158
64 256
65 177
65 209
66 292
67 255
68 168
68 239
69 149
69 215
70 173
71 180
71 228
72 202
72 225
73 183
73 236
74 232
74 283
75 88
75 191
76 221
76 235
77 296
77 287
78 129
78 139
79 122
79 276
80 126
81 223
82 166
82 286
83 242
84 191
85 273
85 244
87 132
87 198
88 94
90 279
91 153
92 266
92 151
93 184
94 254
95 121
95 298
96 134
97 137
97 229
98 207
98 282
99 176
100 263
101 272
102 136
103 262
103 264
104 277
105 204
106 193
106 257
107 118
107 227
108 294
109 114
110 203
110 212
111 214
111 215
112 233
113 134
113 238
114 186
115 171
115 226
117 187
117 218
118 159
119 262
119 294
120 189
120 229
121 222
122 140
123 256
123 288
125 252
126 153
127 218
128 135
128 141
129 172
130 161
131 241
132 299
135 295
136 182
141 172
142 222
143 175
143 202
144 165
144 176
145 159
145 233
146 217
147 196
147 214
148 289
150 240
151 295
152 231
152 293
154 199
154 265
155 249
156 192
157 237
158 268
160 164
161 188
162 224
163 216
163 239
164 240
169 171
169 189
170 182
170 184
173 291
174 245
174 254
175 241
178 179
179 275
180 281
181 271
183 211
185 220
187 212
188 287
190 266
192 249
193 260
194 284
194 274
195 245
195 269
197 279
198 199
204 297
205 283
206 251
206 291
207 258
208 216
208 264
210 246
213 252
217 286
219 288
221 285
224 230
225 231
226 242
227 261
230 250
232 247
234 285
236 290
238 270
244 289
248 278
251 299
253 271
255 276
257 274
258 284
259 269
259 280
290 296
300 186
301 130
-1 -1
14.9565
