55
0 56
1 78
3 67
3 46
5 53
5 63
6 93
8 36
9 91
9 86
10 82
10 68
12 40
14 18
17 19
17 20
22 43
22 60
24 90
25 70
26 52
28 89
28 50
30 72
30 87
31 73
31 90
35 62
36 64
37 49
38 72
39 42
40 63
41 65
41 71
42 55
43 82
48 61
50 59
54 66
54 69
55 73
64 67
70 92
89 94
100 0
100 2
100 4
100 7
100 8
100 11
100 13
100 14
100 15
100 16
100 19
100 20
100 21
100 23
100 24
100 25
100 27
100 29
100 32
100 33
100 34
100 35
100 37
100 39
100 44
100 45
100 47
100 51
100 52
100 56
100 57
100 58
100 59
100 66
100 71
100 74
100 75
100 76
100 77
100 78
100 79
100 80
100 81
100 83
100 84
100 85
100 88
100 91
100 93
100 94
100 95
100 96
100 97
100 98
100 99
101 1
101 2
101 4
101 6
101 7
101 11
101 12
101 13
101 15
101 16
101 18
101 21
101 23
101 26
101 27
101 29
101 32
101 33
101 34
101 38
101 44
101 45
101 46
101 47
101 48
101 49
101 51
101 53
101 57
101 58
101 60
101 61
101 62
101 65
101 68
101 69
101 74
101 75
101 76
101 77
101 79
101 80
101 81
101 83
101 84
101 85
101 86
101 87
101 88
101 92
101 95
101 96
101 97
101 98
101 99
-1 -1
0.002968
