1
0 174
0 437
1 552
1 17
2 290
2 707
3 377
3 60
4 486
4 105
5 572
5 240
6 524
6 560
7 195
7 334
8 98
8 504
9 780
9 741
10 352
10 273
11 596
11 118
12 135
12 61
13 51
13 773
14 129
14 689
15 292
15 305
16 167
16 730
17 605
18 189
18 93
19 45
19 560
20 440
20 411
21 593
21 180
22 420
22 763
23 265
23 540
24 691
24 205
25 617
25 254
26 56
26 405
27 202
27 432
28 398
28 37
29 263
29 303
30 185
30 703
31 167
31 159
32 470
32 239
33 308
33 151
34 726
34 631
35 69
35 489
36 733
36 94
37 669
38 264
38 633
39 112
39 592
40 476
40 688
41 362
42 170
42 306
43 430
43 298
44 268
44 117
45 272
46 614
46 307
47 619
47 531
48 778
48 445
49 436
49 603
50 721
50 281
51 506
52 615
52 374
53 259
53 525
54 103
54 450
55 349
56 375
57 626
57 511
58 590
58 182
59 269
59 242
60 179
61 582
62 392
62 295
63 737
63 323
64 82
64 83
65 492
65 538
66 472
66 724
67 214
67 382
68 204
68 90
69 228
70 409
70 621
71 176
71 767
72 557
72 568
73 114
73 735
74 388
74 297
75 433
75 276
76 455
76 745
77 548
77 137
78 431
78 286
79 422
79 152
80 417
80 284
81 616
81 648
82 769
83 329
84 452
84 441
85 466
85 570
86 119
86 381
87 103
87 786
88 116
88 444
89 186
89 671
90 494
91 452
91 698
92 704
92 621
93 234
94 127
95 680
95 337
96 160
96 378
97 559
97 471
98 381
99 227
99 515
100 742
100 340
101 753
101 109
102 610
102 683
104 426
104 729
105 635
106 516
106 201
107 368
107 735
108 646
108 700
109 328
110 516
110 338
111 355
111 684
112 695
113 710
113 406
114 154
115 362
115 600
116 554
117 734
118 738
119 634
120 635
120 654
121 418
121 664
122 785
122 748
123 580
123 561
124 448
124 775
125 665
125 421
126 774
126 583
127 146
128 357
128 444
129 534
130 657
130 798
131 359
131 445
132 282
132 687
133 266
133 459
134 294
134 277
135 462
136 791
136 250
137 408
138 539
138 501
139 544
139 349
140 598
140 687
141 314
141 447
142 685
142 653
143 268
143 697
144 546
144 380
145 178
145 702
146 786
147 257
147 421
148 749
148 543
149 279
149 187
150 527
150 535
151 542
152 595
153 359
153 335
154 260
155 484
155 229
156 283
156 693
157 198
157 348
158 531
158 602
159 743
160 439
161 316
161 226
162 368
162 522
163 474
163 659
164 666
164 291
165 619
165 736
166 589
166 407
168 611
168 663
169 199
169 751
170 751
171 512
171 672
172 782
172 508
173 458
173 409
174 331
175 720
175 607
176 681
177 194
177 422
178 587
179 732
180 253
181 258
181 391
182 373
183 494
183 410
184 779
184 208
185 532
186 709
187 586
188 579
188 585
189 378
190 617
190 374
191 230
191 746
192 676
192 524
193 573
193 541
194 210
195 763
196 716
196 285
197 285
197 441
198 662
199 766
200 626
200 571
201 288
202 585
203 614
203 311
204 206
205 414
206 471
207 484
207 538
208 325
209 772
209 633
210 485
211 435
211 438
212 759
212 595
213 271
213 638
214 330
215 705
215 218
216 457
216 478
217 419
217 437
218 777
219 606
219 676
220 775
220 566
221 333
221 382
222 654
222 703
223 608
223 774
224 461
224 570
225 760
225 281
226 427
227 528
228 290
229 554
230 797
231 661
231 597
232 620
232 634
233 432
233 241
234 367
235 673
235 424
236 661
236 565
237 449
237 655
238 483
238 519
239 507
240 795
241 392
242 778
243 546
243 551
244 457
244 435
245 558
245 660
246 400
246 559
247 327
247 567
248 496
248 310
249 493
249 317
250 439
251 262
251 446
252 302
252 567
253 733
254 577
255 301
255 561
256 453
256 495
257 556
258 797
259 420
260 297
261 655
261 503
262 529
263 529
264 696
265 465
266 624
267 697
267 584
269 434
270 558
270 761
271 348
272 468
273 532
274 719
274 781
275 322
275 277
276 491
278 479
278 740
279 365
280 795
280 575
282 584
283 740
284 624
286 372
287 609
287 310
288 327
289 721
289 440
291 451
292 606
293 353
293 518
294 442
295 300
296 455
296 394
298 424
299 416
299 410
300 597
301 329
302 449
303 340
304 785
304 562
305 768
306 506
307 465
308 361
309 322
309 415
311 678
312 404
312 330
313 699
313 700
314 706
315 468
315 674
316 320
317 478
318 612
318 407
319 396
319 746
320 379
321 513
321 613
323 684
324 782
324 346
325 722
326 474
326 648
328 477
331 464
332 366
332 517
333 354
334 678
335 739
336 522
336 499
337 454
338 656
339 632
339 498
341 361
341 571
342 360
342 799
343 717
343 399
344 738
344 412
345 358
345 427
346 510
347 799
347 369
350 501
350 639
351 705
351 575
352 777
353 688
354 637
355 545
356 662
356 395
357 713
358 694
360 454
363 530
363 722
364 781
364 686
365 704
366 659
367 396
369 553
370 647
370 625
371 582
371 762
372 417
373 510
375 483
376 448
376 602
377 657
379 771
380 537
383 416
383 769
384 716
384 497
385 550
385 406
386 679
386 725
387 425
387 525
388 710
389 718
389 677
390 677
390 669
391 401
393 473
393 517
394 790
395 765
397 605
397 737
398 428
399 549
400 651
401 598
402 599
402 588
403 756
403 759
404 608
405 572
408 481
411 442
412 423
413 747
413 460
414 564
415 696
418 581
419 534
423 519
425 787
426 730
428 564
429 557
429 756
430 779
431 466
433 502
434 556
436 594
438 551
443 719
443 752
446 636
447 475
450 660
451 477
453 623
456 744
456 788
458 725
459 656
460 757
461 760
462 591
463 731
463 475
464 500
467 744
467 569
469 734
469 754
470 521
472 717
473 623
476 765
479 618
480 601
480 783
481 796
482 718
482 537
485 521
486 499
487 627
487 527
488 612
488 539
489 492
490 748
490 750
491 592
493 603
495 628
496 708
497 787
498 508
500 594
502 512
503 764
504 743
505 609
505 651
507 574
509 675
509 750
511 784
513 629
514 649
514 692
515 665
518 622
520 683
520 586
523 625
523 627
526 732
526 788
528 607
530 789
533 757
533 576
535 708
536 741
536 668
540 770
541 549
542 666
543 645
544 563
545 673
547 583
547 630
548 640
550 622
552 758
553 728
555 776
555 658
562 632
563 579
565 675
566 645
568 604
569 755
573 620
574 794
576 767
577 650
578 601
578 639
580 643
581 596
587 691
588 711
589 702
590 709
591 679
593 745
599 747
600 642
604 637
610 618
611 726
613 682
615 739
616 649
628 695
629 650
630 712
631 764
636 674
638 798
640 672
641 714
641 727
642 701
643 768
644 736
644 652
646 728
647 652
653 780
658 690
663 720
664 731
667 712
667 694
668 711
670 790
670 699
671 755
680 742
681 701
682 783
685 692
686 715
689 753
690 715
693 727
698 772
706 758
707 754
713 766
714 771
723 770
723 793
724 793
729 789
749 784
752 792
761 773
762 791
776 796
792 794
800 41
801 55
-1 -1
5.11275
