1
0 710
0 717
1 336
1 255
2 431
2 299
3 87
3 191
4 702
4 47
5 517
5 750
6 495
6 656
7 652
7 644
8 672
8 16
9 623
9 283
10 172
10 354
11 658
11 123
12 387
12 63
13 240
13 119
14 281
14 411
15 475
15 580
16 334
17 534
17 221
18 648
18 435
19 267
19 424
20 196
20 81
21 49
21 276
22 513
22 703
23 641
23 335
24 197
24 146
25 767
25 329
26 165
26 308
27 543
27 491
28 491
28 695
29 649
29 615
30 624
30 215
31 742
31 145
32 622
32 201
33 565
33 57
34 677
34 787
35 74
35 47
36 529
36 315
37 356
37 221
38 258
38 260
39 178
39 660
40 401
40 189
41 490
41 126
42 617
42 383
43 646
43 468
44 348
44 748
45 591
45 181
46 720
46 322
48 169
48 447
49 674
50 293
50 88
51 196
51 104
52 345
52 734
53 174
53 614
54 212
54 89
55 343
55 183
56 773
56 234
57 233
58 545
58 305
59 453
59 71
60 719
60 286
61 581
61 378
62 484
62 747
63 83
64 620
64 690
65 710
65 713
66 661
66 617
67 352
67 707
68 205
68 346
69 128
69 756
70 530
70 505
71 703
72 544
72 372
73 552
73 474
74 523
75 246
75 410
76 777
76 440
77 86
77 573
78 449
78 421
79 552
79 99
80 353
80 368
81 720
82 601
82 301
83 596
84 619
84 313
85 326
85 759
86 700
87 537
88 685
89 674
90 329
90 314
91 548
91 166
92 394
92 606
93 588
93 347
94 494
94 319
95 594
95 592
96 736
96 607
97 338
97 236
98 171
98 310
99 645
100 663
100 602
101 696
101 732
102 111
102 751
103 594
103 371
104 575
105 659
105 751
106 582
106 469
107 456
107 626
108 321
108 558
109 231
109 149
110 182
110 157
111 546
112 244
112 494
113 731
113 290
114 343
114 510
115 400
115 728
116 363
116 318
117 423
117 796
118 438
118 373
119 374
120 640
120 132
121 237
121 270
122 779
122 190
123 598
124 554
124 236
125 328
125 280
126 219
127 609
127 545
128 255
129 363
129 176
130 257
130 507
131 361
131 191
132 366
133 294
133 501
134 577
134 774
135 788
135 600
136 503
136 558
137 245
137 248
138 337
138 441
139 760
139 463
140 511
140 315
141 768
141 587
142 780
142 348
143 516
143 536
144 675
144 746
145 147
146 627
147 389
148 358
148 528
149 386
150 629
150 601
151 239
151 337
152 356
152 701
153 527
153 440
154 743
154 430
155 432
155 543
156 688
156 676
157 271
158 705
158 381
159 260
159 377
160 480
160 489
161 174
161 296
162 665
162 536
163 621
163 562
164 515
164 668
165 396
166 503
167 391
167 177
168 261
168 742
169 473
170 716
170 675
171 591
172 250
173 332
173 441
175 354
175 362
176 798
177 767
178 681
179 525
179 414
180 327
180 342
181 413
182 578
183 541
184 228
184 458
185 740
185 647
186 372
186 190
187 321
187 253
188 339
188 662
189 697
192 633
192 254
193 637
193 436
194 277
194 673
195 326
195 765
197 528
198 514
198 540
199 712
199 277
200 227
200 624
201 308
202 242
202 410
203 628
203 412
204 416
204 540
205 569
206 629
206 689
207 709
207 506
208 651
208 634
209 256
209 469
210 705
210 462
211 271
211 605
212 371
213 631
213 334
214 485
214 428
215 749
216 508
216 506
217 462
217 604
218 340
218 478
219 544
220 385
220 426
222 793
222 694
223 482
223 737
224 750
224 493
225 564
226 721
226 664
227 769
228 423
229 619
229 466
230 655
230 745
231 686
232 437
232 282
233 760
234 390
235 307
235 799
237 727
238 298
238 541
239 366
240 551
241 459
241 650
242 296
243 490
243 439
244 404
245 485
246 368
247 522
247 369
248 263
249 391
249 425
250 739
251 578
251 380
252 537
252 603
253 560
254 310
256 311
257 706
258 712
259 386
259 373
261 379
262 303
262 726
263 437
264 706
264 444
265 387
265 771
266 303
266 305
267 792
268 713
268 798
269 272
269 273
270 638
272 501
273 681
274 651
274 766
275 377
275 473
276 281
278 480
278 569
279 794
279 723
280 715
282 564
283 472
284 612
284 431
285 616
285 375
286 311
287 746
287 588
288 580
288 724
289 718
289 499
290 752
291 398
291 304
292 589
293 699
294 342
295 450
295 299
297 643
297 567
298 694
300 451
300 531
301 313
302 445
302 459
304 796
306 754
306 476
307 663
309 696
309 685
312 783
312 475
314 546
316 388
316 367
317 776
317 533
318 599
319 662
320 748
320 374
322 353
323 628
323 639
324 680
324 350
325 774
325 401
327 370
328 460
330 769
330 622
331 648
331 671
332 509
333 476
333 735
335 656
336 557
338 571
339 782
340 668
341 603
341 623
344 577
344 447
345 521
346 405
347 587
349 555
349 581
350 432
351 452
351 715
352 634
355 435
355 719
357 736
357 729
358 464
359 593
359 701
360 417
360 553
361 465
362 650
364 367
364 722
365 472
365 383
369 691
370 616
375 775
376 793
376 407
378 641
379 422
380 420
381 550
382 714
382 692
384 583
384 689
385 465
388 649
389 657
390 724
392 777
392 684
393 586
393 499
394 398
395 599
395 693
396 755
397 626
397 399
399 770
400 684
402 561
402 721
403 620
403 632
404 453
405 479
406 741
406 779
407 415
408 486
408 414
409 477
409 678
411 529
412 481
413 421
415 614
416 709
417 443
418 756
418 445
419 527
419 434
420 539
422 729
424 764
425 676
426 484
427 613
427 716
428 708
429 784
429 470
430 584
433 794
433 763
434 655
436 790
438 632
439 776
442 730
442 698
443 488
444 783
446 486
446 734
448 792
448 474
449 702
450 597
451 478
452 698
454 467
454 487
455 595
455 682
456 757
457 512
457 611
458 576
460 795
461 692
461 606
463 652
464 574
466 630
467 507
468 669
470 770
471 566
471 633
477 753
479 500
481 520
482 630
483 773
483 590
487 598
488 744
489 787
492 610
492 583
493 557
495 625
496 615
496 797
497 739
497 784
498 772
498 722
500 502
502 680
504 764
504 725
505 772
508 731
509 733
510 785
511 667
512 754
513 575
514 661
515 660
516 700
517 670
518 679
518 522
519 643
519 572
520 733
521 768
523 665
524 642
524 608
525 683
526 640
526 732
530 693
531 688
532 586
532 789
533 556
534 749
535 596
535 605
538 758
538 738
539 778
542 669
542 570
547 627
547 737
548 752
549 791
549 647
550 579
551 559
553 559
554 609
555 646
556 725
560 795
561 744
562 563
563 604
565 671
566 758
567 726
568 642
568 579
570 753
571 645
572 600
573 607
574 673
576 589
582 654
584 727
585 778
585 667
590 786
592 670
593 740
595 743
597 618
602 699
608 636
610 788
611 789
612 755
613 677
618 691
621 735
625 766
631 781
635 717
635 707
636 711
637 695
638 718
639 745
644 761
653 747
653 654
657 761
658 687
659 771
664 738
666 763
666 730
672 704
678 781
679 786
682 782
683 762
686 759
687 690
697 728
704 785
708 791
711 723
714 790
741 762
757 780
765 775
797 799
800 292
801 225
-1 -1
17.1804
