1
0 490
0 574
1 65
1 304
2 425
2 270
3 729
3 314
4 491
4 607
5 162
5 396
6 64
6 304
7 578
7 580
8 237
8 769
9 227
9 586
10 161
10 451
11 102
11 733
12 619
12 279
13 199
13 122
14 739
14 682
15 665
15 116
16 662
16 152
17 649
17 47
18 450
18 61
19 660
19 118
20 539
20 108
21 272
21 797
22 354
22 743
23 335
23 379
24 458
24 646
25 544
25 477
26 433
26 499
27 167
27 367
28 289
28 547
29 545
29 328
30 83
30 220
31 513
31 351
32 513
32 302
33 49
33 118
34 554
34 524
35 460
35 255
36 554
36 316
37 454
37 614
38 650
38 406
39 326
39 741
40 128
40 204
41 198
41 154
42 393
42 497
43 588
43 352
44 331
44 422
45 265
45 668
46 480
46 643
47 81
48 398
48 307
49 247
50 179
50 281
51 261
51 332
52 455
52 712
53 405
53 559
54 527
54 572
55 714
55 254
56 464
56 120
57 144
57 318
58 123
58 59
59 399
60 177
60 75
61 594
62 646
62 63
63 542
64 373
65 125
66 492
66 621
67 324
67 138
68 77
68 500
69 647
69 144
70 532
70 444
71 100
71 758
72 708
72 361
73 267
73 692
74 721
74 530
75 727
76 400
76 506
77 731
78 664
78 126
79 697
79 700
80 389
80 432
81 86
82 172
82 723
83 555
84 462
84 735
85 577
85 338
86 225
87 616
87 181
88 782
88 207
89 526
89 119
90 656
90 645
91 392
91 306
92 449
92 466
93 146
93 252
94 407
94 770
95 163
95 127
96 779
96 774
97 693
97 484
98 260
98 745
99 534
99 784
100 276
101 114
101 563
102 507
103 105
103 368
104 389
104 614
105 459
106 520
106 222
107 197
107 486
108 137
109 215
109 143
110 347
110 191
111 701
111 519
112 616
112 708
113 662
113 574
114 576
115 183
115 327
116 193
117 303
117 569
119 390
120 495
121 620
121 232
122 221
123 696
124 272
124 405
125 766
126 291
127 543
128 705
129 528
129 403
130 566
130 590
131 358
131 174
132 133
132 402
133 575
134 353
134 699
135 517
135 152
136 611
136 413
137 798
138 774
139 485
139 600
140 558
140 319
141 180
141 426
142 359
142 680
143 552
145 198
145 751
146 238
147 201
147 629
148 688
148 184
149 740
149 537
150 548
150 572
151 326
151 570
153 278
153 315
154 502
155 366
155 669
156 399
156 698
157 608
157 317
158 521
158 493
159 483
159 684
160 168
160 514
161 780
162 673
163 698
164 494
164 666
165 236
165 408
166 201
166 181
167 577
168 789
169 210
169 630
170 240
170 282
171 293
171 233
172 417
173 635
173 433
174 745
175 782
175 281
176 595
176 345
177 675
178 609
178 661
179 602
180 653
182 623
182 488
183 348
184 508
185 300
185 721
186 796
186 333
187 533
187 476
188 330
188 363
189 264
189 597
190 555
190 278
191 535
192 301
192 336
193 742
194 736
194 702
195 786
195 624
196 465
196 200
197 381
199 309
200 514
202 364
202 587
203 542
203 799
204 580
205 305
205 632
206 701
206 757
207 585
208 483
208 415
209 693
210 357
211 539
211 709
212 386
212 582
213 465
213 515
214 546
214 484
215 573
216 604
216 443
217 692
217 378
218 421
218 735
219 718
219 738
220 788
221 665
223 453
223 764
224 640
224 440
225 717
226 706
226 505
227 429
228 716
228 284
229 705
229 716
230 497
230 479
231 518
231 431
232 531
233 658
234 700
234 316
235 707
235 374
236 561
237 683
238 248
239 536
239 453
240 579
241 418
241 771
242 522
242 401
243 783
243 344
244 715
244 477
245 256
245 291
246 348
246 329
247 525
248 458
249 452
249 437
250 667
250 615
251 341
251 599
252 595
253 300
253 601
254 763
255 641
256 571
257 323
257 637
258 301
258 634
259 663
259 756
260 664
261 742
262 561
262 759
263 776
263 747
264 543
265 760
266 763
266 591
267 446
268 710
268 308
269 388
269 382
270 429
271 623
271 308
273 528
273 625
274 593
274 703
275 472
275 349
276 730
277 550
277 597
279 768
280 773
280 461
282 557
283 777
283 376
284 383
285 642
285 781
286 674
286 319
287 586
287 562
288 711
288 588
289 686
290 628
290 469
292 611
292 307
293 600
294 427
294 485
295 322
295 541
296 547
296 382
297 715
297 638
298 654
298 437
299 568
299 412
302 391
303 525
305 374
306 696
309 532
310 311
310 639
311 375
312 608
312 446
313 769
313 689
314 571
315 791
317 496
318 794
320 448
320 329
321 524
321 369
322 566
323 372
324 673
325 679
325 457
327 703
328 517
330 592
331 768
332 425
333 621
334 754
334 378
335 598
336 507
337 581
337 440
338 352
339 729
339 503
340 626
340 441
341 778
342 463
342 345
343 604
343 364
344 478
346 398
346 599
347 795
349 401
350 644
350 791
351 449
353 473
354 456
355 358
355 529
356 694
356 631
357 669
359 676
360 659
360 734
361 676
362 384
362 648
363 464
365 392
365 695
366 796
367 482
368 431
369 627
370 377
370 639
371 644
371 518
372 776
373 681
375 489
376 640
377 428
379 713
380 395
380 777
381 475
383 596
384 536
385 733
385 413
386 415
387 531
387 414
388 470
390 591
391 412
393 772
394 795
394 565
395 506
396 660
397 488
397 607
400 617
402 463
403 670
404 755
404 584
406 659
407 552
408 681
409 438
409 445
410 725
410 629
411 620
411 632
414 559
416 451
416 695
417 765
418 652
419 585
419 657
420 619
420 788
421 515
422 512
423 502
423 618
424 758
424 435
426 564
427 622
428 596
430 496
430 792
432 434
434 589
435 454
436 598
436 570
438 663
439 582
439 727
441 736
442 737
442 605
443 553
444 636
445 724
447 688
447 535
448 648
450 479
452 677
455 784
456 683
457 512
459 473
460 653
461 722
462 753
466 772
467 487
467 767
468 613
468 568
469 540
470 489
471 516
471 537
472 714
474 672
474 785
475 521
476 752
478 798
480 481
481 556
482 584
486 635
487 490
491 612
492 797
493 720
494 601
495 558
498 670
498 744
499 689
500 789
501 762
501 508
503 710
504 602
504 510
505 773
509 723
509 638
510 726
511 713
511 749
516 761
519 792
520 549
522 749
523 581
523 613
526 778
527 709
529 545
530 707
533 560
534 719
538 790
538 671
540 748
541 641
544 576
546 687
548 583
549 690
550 575
551 743
551 594
553 793
556 775
557 627
560 687
562 711
563 671
564 631
565 691
567 728
567 666
569 730
573 752
578 610
579 702
583 642
587 739
589 787
590 606
592 717
593 704
603 750
603 605
606 746
609 771
610 685
612 630
615 744
617 737
618 704
622 781
624 647
625 685
626 720
628 636
633 650
633 657
634 799
637 740
643 680
645 751
649 690
651 787
651 757
652 775
654 755
655 738
655 675
656 785
658 741
661 770
667 725
668 734
672 765
674 746
677 694
678 712
678 728
679 754
682 786
684 793
686 691
697 724
699 759
706 732
718 761
719 783
722 731
726 794
732 747
748 760
750 779
753 780
756 790
762 764
766 767
800 209
801 222
-1 -1
43.7085
