1
0 215
0 364
1 29
1 120
2 37
2 248
3 220
3 308
4 107
4 397
5 10
5 37
6 25
6 298
7 33
7 229
8 16
8 117
9 15
9 160
10 183
11 105
11 199
12 32
12 391
13 203
13 299
14 232
14 300
15 127
16 94
17 128
17 197
18 133
18 309
19 139
19 227
20 200
20 264
21 191
21 311
22 115
22 376
23 83
23 105
24 108
24 126
25 379
26 32
26 301
27 136
27 165
28 136
28 249
29 165
30 97
30 280
31 44
31 373
33 34
34 104
35 48
35 93
36 76
36 150
38 85
38 364
39 61
39 222
40 173
40 265
41 277
41 368
42 128
42 131
43 92
43 207
44 391
45 196
45 238
46 159
46 222
47 253
47 394
48 307
49 111
49 187
50 84
50 229
51 333
51 399
52 280
52 351
53 274
53 396
54 89
54 154
55 188
55 240
56 119
56 183
57 59
57 159
58 221
58 325
59 196
60 209
60 234
61 194
62 65
62 71
63 177
63 292
64 94
64 112
65 383
66 124
66 254
67 79
67 100
68 216
68 312
69 239
69 356
70 125
70 156
71 218
72 204
72 338
73 190
73 360
74 82
74 369
75 147
75 382
76 256
77 151
77 269
78 327
78 381
79 306
80 303
80 344
81 86
81 193
82 200
83 237
84 318
85 129
86 182
87 167
87 321
88 99
88 267
89 96
90 97
90 296
91 235
91 252
92 101
93 95
95 368
96 124
98 247
98 330
99 306
100 341
101 155
102 262
102 377
103 212
103 230
104 293
106 279
106 298
107 214
108 340
109 210
109 357
110 197
110 281
111 290
112 320
113 182
113 241
114 257
114 277
115 142
116 160
116 260
117 135
118 344
118 349
119 350
120 122
121 234
121 262
122 216
123 172
123 202
125 270
126 286
127 345
129 147
130 143
130 157
131 285
132 141
132 176
133 355
134 271
134 370
135 228
137 264
137 387
138 178
138 184
139 173
140 251
140 259
141 378
142 349
143 174
144 292
144 314
145 220
145 312
146 186
146 321
148 246
148 385
149 304
149 359
150 316
151 331
152 201
152 389
153 157
153 375
154 205
155 192
156 299
158 242
158 363
161 287
161 361
162 221
162 365
163 166
163 346
164 254
164 311
166 219
167 263
168 250
168 285
169 224
169 300
170 251
170 263
171 210
171 259
172 217
174 291
175 179
175 212
176 265
177 370
178 181
179 206
180 214
180 244
181 381
184 293
185 204
185 366
186 363
187 224
188 328
189 309
189 380
190 245
191 332
192 305
193 211
194 236
195 223
195 297
198 325
198 362
199 318
201 384
202 346
203 334
205 302
206 354
207 386
208 282
208 289
209 376
211 301
213 278
213 330
215 294
217 365
218 269
219 373
223 231
225 287
225 288
226 323
226 343
227 296
228 395
230 271
231 345
232 248
233 353
233 393
235 359
236 328
237 398
239 319
240 313
241 283
242 255
243 294
243 396
244 268
245 261
246 324
247 252
249 367
250 336
253 354
255 397
256 283
257 266
258 336
258 367
260 281
261 291
266 290
267 302
268 275
270 303
272 322
272 335
273 375
273 392
274 392
275 307
276 315
276 327
278 320
279 353
282 383
284 342
284 362
286 304
288 310
289 332
295 348
295 351
297 374
305 308
310 347
313 340
314 339
315 343
316 350
317 386
317 395
319 322
323 388
324 369
326 371
326 378
329 382
329 385
331 379
333 358
334 388
335 374
337 356
337 399
338 372
339 384
341 352
342 358
347 389
348 355
352 361
357 398
360 390
366 390
371 394
372 380
377 393
400 387
401 238
-1 -1
33.7633
