1
0 63
0 356
1 11
1 156
2 126
2 291
3 278
3 307
4 197
4 219
5 321
5 338
6 192
6 261
7 259
7 384
8 67
8 72
9 82
9 87
10 148
10 232
11 317
12 188
12 330
13 161
13 301
14 97
14 325
15 77
15 201
16 151
16 286
17 305
17 384
18 123
18 159
19 90
19 117
20 113
20 161
21 52
21 148
22 25
22 305
23 319
23 326
24 120
24 156
25 278
26 78
26 293
27 215
27 392
28 66
28 360
29 66
29 94
30 78
30 271
31 110
31 289
32 71
32 322
33 240
33 386
34 226
34 320
35 67
35 242
36 69
36 391
37 197
37 345
38 210
38 245
39 43
39 122
40 72
40 138
41 42
41 59
42 178
43 106
44 312
44 339
45 295
45 322
46 153
46 182
47 139
47 150
48 70
48 320
49 63
49 195
50 232
50 237
51 308
51 397
52 97
53 224
53 238
54 167
54 222
55 88
55 248
56 91
56 271
57 85
57 279
58 94
58 328
59 270
60 154
60 182
61 82
61 239
62 152
62 262
64 84
64 263
65 280
65 351
68 279
68 296
69 221
70 339
71 220
73 133
73 353
74 193
74 215
75 208
75 228
76 121
76 155
77 256
79 342
79 360
80 196
80 226
81 110
81 299
83 135
83 198
84 117
85 378
86 146
86 189
87 359
88 120
89 186
89 328
90 296
91 118
92 270
92 312
93 196
93 304
95 107
95 192
96 167
96 313
98 244
98 359
99 216
99 276
100 130
100 267
101 171
101 262
102 111
102 280
103 157
103 186
104 179
104 378
105 228
105 253
106 178
107 187
108 131
108 237
109 222
109 268
111 346
112 248
112 349
113 373
114 244
114 345
115 194
115 254
116 211
116 355
118 233
119 298
119 327
121 210
122 241
123 163
124 190
124 364
125 157
125 321
126 363
127 208
127 375
128 177
128 247
129 251
129 269
130 380
131 179
132 231
132 398
133 376
134 199
134 338
135 329
136 275
136 388
137 189
137 392
138 315
139 211
140 247
140 366
141 183
141 357
142 168
142 243
143 354
143 395
144 171
144 365
145 194
145 317
146 284
147 283
147 388
149 180
149 291
150 313
151 259
152 191
153 283
154 193
155 354
158 277
158 334
159 367
160 238
160 316
162 217
162 343
163 258
164 377
165 299
165 376
166 173
166 198
168 364
169 396
169 399
170 172
170 209
172 236
173 242
174 251
174 341
175 216
175 382
176 266
176 303
177 207
180 253
181 282
181 290
183 332
184 190
184 394
185 282
185 395
187 367
188 394
191 298
195 311
199 386
200 324
200 379
201 223
202 361
202 397
203 236
203 289
204 323
204 390
205 233
205 243
206 284
206 358
207 229
209 239
212 258
212 389
213 323
213 387
214 327
214 375
217 361
218 256
218 281
219 344
220 263
221 377
223 285
224 336
225 355
225 368
227 301
227 351
229 297
230 257
230 350
231 331
234 241
234 336
235 319
235 340
240 333
245 297
246 261
246 288
249 274
249 303
250 276
250 306
252 254
252 335
255 391
255 399
257 387
260 348
260 365
264 324
264 357
265 268
265 325
266 342
267 334
269 277
272 300
272 349
273 292
273 366
274 295
275 362
281 350
285 371
286 353
287 314
287 374
288 343
290 389
292 316
293 385
294 333
294 362
300 385
302 332
302 368
304 341
306 310
307 370
308 379
309 352
309 370
310 373
311 318
314 398
315 393
318 369
326 335
329 374
330 380
331 337
337 347
340 383
344 348
346 381
347 369
352 356
358 381
363 382
371 383
372 393
372 396
400 390
401 164
-1 -1
1.41888
