1
0 2
0 5
1 19
1 285
2 338
3 29
3 205
4 165
4 182
5 366
6 77
6 248
7 27
7 208
8 122
8 159
9 180
9 302
10 326
10 357
11 277
11 310
12 242
12 338
13 78
13 139
14 218
14 396
15 270
15 282
16 372
16 393
17 79
17 370
18 318
18 366
19 319
20 123
20 342
21 49
21 290
22 342
22 373
23 207
23 243
24 358
24 368
25 358
25 384
26 125
26 195
27 357
28 232
28 270
29 115
30 136
30 245
31 199
31 394
32 217
32 274
33 65
33 184
34 37
34 256
35 144
35 165
36 247
36 376
37 127
38 39
38 82
39 44
40 110
40 202
41 149
41 283
42 80
42 331
43 124
43 140
44 171
45 81
45 390
46 228
46 345
47 91
47 215
48 189
48 378
49 173
50 161
50 243
51 209
51 351
52 254
52 354
53 113
53 187
54 97
54 148
55 260
55 308
56 93
56 97
57 309
57 328
58 127
58 330
59 213
59 335
60 64
60 198
61 101
61 228
62 179
62 364
63 330
63 343
64 381
65 332
66 245
66 377
67 240
67 247
68 292
68 328
69 112
69 162
70 329
70 337
71 91
71 265
72 313
72 314
73 210
73 244
74 153
74 215
75 114
75 307
76 155
76 305
77 303
78 125
79 273
80 327
81 106
82 220
83 111
83 253
84 202
84 371
85 115
85 258
86 193
86 370
87 145
87 356
88 92
88 360
89 101
89 119
90 286
90 377
92 327
93 120
94 177
94 280
95 186
95 396
96 299
96 378
98 122
98 287
99 166
99 256
100 363
100 385
102 210
102 246
103 323
103 340
104 287
104 304
105 241
105 279
106 138
107 233
107 379
108 147
108 347
109 316
109 390
110 383
111 329
112 386
113 155
114 152
116 225
116 294
117 266
117 322
118 143
118 351
119 140
120 367
121 218
121 360
123 131
124 321
126 163
126 168
128 171
128 239
129 213
129 221
130 159
130 222
131 141
132 149
132 387
133 257
133 275
134 180
134 316
135 151
135 244
136 349
137 295
137 305
138 250
139 263
141 322
142 161
142 300
143 346
144 221
145 346
146 208
146 271
147 279
148 212
150 345
150 399
151 298
152 284
153 306
154 331
154 371
156 184
156 237
157 286
157 293
158 188
158 314
160 246
160 265
162 312
163 206
164 166
164 382
167 174
167 200
168 391
169 289
169 326
170 216
170 362
172 234
172 310
173 294
174 284
175 193
175 214
176 359
176 392
177 238
178 349
178 353
179 189
181 219
181 318
182 231
183 222
183 350
185 381
185 397
186 278
187 225
188 239
190 200
190 320
191 236
191 317
192 258
192 398
194 201
194 361
195 389
196 252
196 288
197 293
197 376
198 306
199 201
203 242
203 352
204 224
204 301
205 268
206 333
207 248
211 229
211 276
212 290
214 231
216 259
217 269
219 341
220 291
223 269
223 291
224 227
226 350
226 373
227 300
229 364
230 233
230 237
232 369
234 391
235 273
235 375
236 257
238 380
240 388
241 344
249 296
249 363
250 264
251 268
251 303
252 337
253 340
254 355
255 281
255 321
259 398
260 319
261 325
261 333
262 298
262 361
263 292
264 320
266 313
267 339
267 367
271 341
272 315
272 365
274 307
275 295
276 280
277 393
278 399
281 380
282 289
283 308
285 353
288 315
296 375
297 317
297 344
299 343
301 382
304 332
309 385
311 368
311 387
312 352
323 392
324 356
324 362
325 379
334 336
334 389
335 372
336 374
339 359
347 374
348 383
348 386
354 369
355 388
365 397
384 395
394 395
400 302
401 209
-1 -1
11.1392
