1
0 10
0 16
1 10
1 102
2 221
2 281
3 79
3 80
4 35
4 298
5 133
5 196
6 157
6 244
7 226
7 300
8 119
8 212
9 29
9 354
11 120
11 383
12 305
12 366
13 33
13 320
14 146
14 390
15 35
15 332
16 326
17 366
17 393
18 126
18 215
19 258
20 39
20 342
21 383
21 385
22 140
22 253
23 142
23 322
24 243
24 303
25 190
25 278
26 228
26 257
27 56
27 315
28 151
28 216
29 59
30 57
30 184
31 233
31 277
32 258
32 367
33 43
34 71
34 219
36 61
36 144
37 220
37 234
38 50
38 142
39 381
40 138
40 192
41 179
41 314
42 75
42 279
43 156
44 111
44 130
45 147
45 264
46 55
46 127
47 204
47 360
48 99
48 132
49 246
49 371
50 190
51 283
51 310
52 61
52 185
53 341
53 396
54 56
54 317
55 367
57 363
58 196
58 335
59 189
60 240
60 330
62 152
62 291
63 101
63 268
64 141
64 316
65 162
65 242
66 116
66 146
67 224
67 307
68 251
68 306
69 128
69 349
70 180
70 270
71 203
72 87
72 139
73 75
73 155
74 76
74 266
76 94
77 176
77 284
78 274
78 331
79 247
80 339
81 250
81 262
82 260
82 302
83 86
83 379
84 298
84 375
85 211
85 321
86 92
87 141
88 198
88 323
89 95
89 299
90 219
90 328
91 116
91 370
92 302
93 220
93 313
94 289
95 205
96 228
96 252
97 119
97 345
98 125
98 273
99 143
100 134
100 227
101 124
102 167
103 153
103 297
104 136
104 263
105 175
105 394
106 137
106 343
107 351
107 369
108 197
108 257
109 272
109 355
110 150
110 379
111 195
112 185
112 202
113 334
113 362
114 222
114 321
115 269
115 316
117 227
117 327
118 194
118 359
120 382
121 199
121 272
122 198
122 292
123 181
123 233
124 154
125 309
126 374
127 271
128 294
129 200
129 231
130 191
131 165
131 208
132 341
133 384
134 206
135 189
135 250
136 358
137 168
138 214
139 194
140 350
143 256
144 254
145 382
145 386
147 244
148 306
148 358
149 174
149 313
150 210
151 268
152 278
153 177
154 311
155 311
156 374
157 267
158 261
158 324
159 236
159 319
160 380
160 387
161 238
161 397
162 167
163 222
163 337
164 173
164 307
165 300
166 312
166 336
168 199
169 259
169 295
170 333
170 391
171 288
171 338
172 289
172 290
173 347
174 202
175 376
176 187
177 361
178 217
178 365
179 184
180 351
181 378
182 344
182 357
183 225
183 232
186 193
186 226
187 223
188 305
188 363
191 229
192 271
193 211
195 373
197 342
200 393
201 333
201 362
203 217
204 218
205 210
206 284
207 282
207 314
208 352
209 309
209 392
212 328
213 266
213 397
214 287
215 349
216 345
218 330
221 337
223 394
224 280
225 276
229 322
230 356
230 361
231 332
232 287
234 346
235 318
235 396
236 376
237 325
237 348
238 301
239 269
239 325
240 283
241 288
241 375
242 369
243 301
245 292
245 350
246 373
247 334
248 274
248 295
249 391
249 395
251 384
252 359
253 262
254 355
255 265
255 368
256 324
259 370
260 398
261 388
263 299
264 315
265 347
267 327
270 318
273 277
275 360
275 399
276 293
279 372
280 296
281 388
282 310
285 354
286 323
286 338
290 377
291 353
293 312
294 352
296 329
297 378
303 304
304 389
308 340
308 390
317 356
319 340
320 346
326 398
329 339
331 399
335 377
336 368
343 386
344 364
348 364
353 395
357 389
365 381
371 380
372 387
385 392
400 285
401 19
-1 -1
3.83415
