1
0 381
1 347
1 802
2 17
2 58
3 44
3 846
4 601
4 180
5 31
5 63
6 617
6 735
7 404
7 566
8 356
8 190
9 834
9 120
10 815
10 225
11 762
11 636
12 280
12 675
13 466
13 476
14 150
14 373
15 602
15 108
16 135
16 294
17 474
18 650
18 38
19 721
19 431
20 686
20 111
21 187
21 597
22 195
22 401
23 525
23 507
24 65
24 169
25 171
25 817
26 298
26 171
27 200
27 894
28 794
28 558
29 878
29 275
30 784
30 619
31 455
32 707
32 632
33 262
33 763
34 579
34 253
35 128
35 677
36 96
36 547
37 273
37 188
38 567
39 832
39 788
40 629
40 148
41 627
41 249
42 323
42 653
43 333
43 820
44 82
45 874
45 114
46 721
46 796
47 518
47 620
48 201
48 730
49 555
49 124
50 527
50 337
51 810
51 510
52 99
52 229
53 259
53 162
54 275
54 180
55 839
55 96
56 357
56 255
57 470
57 446
58 501
59 753
59 541
60 884
60 572
61 327
61 232
62 316
62 882
63 539
64 427
64 142
65 593
66 93
66 189
67 343
67 603
68 558
68 533
69 523
69 284
70 198
70 668
71 141
71 511
72 570
72 235
73 309
73 288
74 335
74 746
75 455
75 509
76 364
76 315
77 857
77 301
78 203
78 477
79 349
79 883
80 233
80 305
81 409
81 676
82 253
83 201
83 698
84 344
84 287
85 698
85 702
86 235
86 377
87 612
87 559
88 874
88 189
89 193
89 495
90 484
90 245
91 457
91 613
92 544
92 647
93 755
94 452
94 864
95 412
95 497
97 258
97 296
98 576
98 356
99 257
100 209
100 760
101 236
101 856
102 841
102 395
103 591
103 117
104 482
104 184
105 325
105 432
106 241
106 862
107 549
107 493
108 314
109 390
109 345
110 461
110 440
111 756
112 503
112 486
113 503
113 525
114 890
115 844
115 748
116 577
116 150
117 252
118 206
118 336
119 383
119 380
120 847
121 332
121 254
122 706
122 358
123 144
123 279
124 177
125 419
125 845
126 658
126 488
127 822
127 199
128 805
129 732
129 417
130 781
130 167
131 463
131 491
132 794
132 734
133 855
133 244
134 395
134 767
135 362
136 268
136 495
137 386
137 847
138 384
138 768
139 835
139 297
140 672
140 868
141 729
142 740
143 591
143 485
144 813
145 386
145 766
146 853
146 575
147 799
147 200
148 742
149 837
149 362
151 811
151 517
152 259
152 490
153 670
153 697
154 804
154 440
155 606
155 818
156 861
157 854
157 446
158 328
158 726
159 186
159 757
160 420
160 447
161 465
161 614
162 680
163 666
163 382
164 753
164 754
165 263
165 871
166 390
166 355
167 560
168 877
168 389
169 869
170 460
170 871
172 262
172 597
173 580
173 445
174 417
174 522
175 278
175 176
176 496
177 577
178 584
178 474
179 822
179 701
181 885
181 659
182 870
182 378
183 321
183 505
184 371
185 770
185 859
186 679
187 649
188 692
190 811
191 449
191 288
192 219
192 492
193 434
194 400
194 592
195 867
196 613
196 310
197 695
197 599
198 771
199 329
202 863
202 302
203 338
204 529
204 502
205 462
205 866
206 618
207 209
207 655
208 357
208 506
210 341
210 872
211 712
211 830
212 365
212 765
213 775
213 313
214 897
214 222
215 406
215 679
216 411
216 442
217 840
217 747
218 322
218 718
219 533
220 324
220 389
221 888
221 425
222 764
223 779
223 839
224 240
224 302
225 358
226 850
226 429
227 451
227 272
228 477
228 494
229 781
230 896
230 317
231 835
231 761
232 563
233 367
234 711
234 375
236 680
237 238
237 819
238 575
239 652
239 605
240 842
241 422
242 550
242 311
243 396
243 683
244 727
245 863
246 816
246 502
247 595
247 690
248 643
248 825
249 441
250 491
250 859
251 403
251 540
252 334
254 363
255 882
256 774
256 351
257 665
258 444
260 646
260 364
261 419
261 676
263 541
264 654
264 508
265 873
265 554
266 273
266 722
267 268
267 625
269 569
269 308
270 801
270 552
271 603
271 416
272 662
274 299
274 519
276 325
276 726
277 388
277 867
278 312
279 425
280 467
281 714
281 661
282 777
282 828
283 523
283 414
284 875
285 841
285 845
286 678
286 438
287 685
289 461
289 376
290 532
290 439
291 640
291 620
292 710
292 501
293 349
293 671
294 752
295 402
295 759
296 493
297 803
298 544
299 382
300 307
300 372
301 737
303 789
303 347
304 459
304 855
305 795
306 737
306 820
307 606
308 436
309 773
310 671
311 330
312 548
313 507
314 704
315 720
316 571
317 619
318 667
318 327
319 727
319 340
320 360
320 738
321 751
322 415
323 890
324 687
326 696
326 703
328 379
329 645
330 706
331 681
331 892
332 391
333 827
334 686
335 790
336 535
337 401
338 573
339 488
339 564
340 658
341 377
342 480
342 361
343 824
344 504
345 506
346 825
346 826
348 578
348 719
350 487
350 876
351 791
352 647
352 749
353 657
353 816
354 655
354 498
355 420
359 570
359 812
360 472
361 787
363 894
365 797
366 458
366 410
367 854
368 641
368 562
369 709
369 736
370 540
370 574
371 731
372 463
373 776
374 516
374 740
375 556
376 899
378 634
379 479
380 530
381 785
383 623
384 844
385 552
385 750
387 609
387 536
388 678
391 546
392 595
392 888
393 709
393 821
394 787
394 662
396 561
397 576
397 752
398 521
398 696
399 838
399 609
400 783
402 593
403 757
404 808
405 788
405 408
406 685
407 621
407 886
408 708
409 806
410 865
411 840
412 699
413 805
413 565
414 519
415 699
416 607
418 644
418 436
421 449
421 769
422 568
423 731
423 701
424 522
424 813
426 623
426 650
427 454
428 666
428 824
429 432
430 612
430 728
431 587
433 843
433 767
434 682
435 681
435 889
437 793
437 739
438 796
439 622
441 682
442 571
443 799
443 518
444 858
445 451
447 604
448 513
448 684
450 705
450 792
452 692
453 870
453 893
454 611
456 465
456 876
457 468
458 778
459 508
460 520
462 891
464 580
464 582
466 866
467 551
468 531
469 543
469 607
470 515
471 817
471 895
472 594
473 548
473 634
475 515
475 596
476 478
478 821
479 482
480 693
481 587
481 849
483 499
483 734
484 585
485 826
486 628
487 604
489 652
489 588
490 520
492 551
494 743
496 514
497 837
498 500
499 700
500 643
504 547
505 836
509 793
510 744
511 565
512 868
512 616
513 769
514 771
516 537
517 843
521 836
524 853
524 830
526 668
526 625
527 784
528 651
528 697
529 812
530 881
531 694
532 708
534 751
534 745
535 610
536 851
537 755
538 800
538 879
539 756
542 584
542 703
543 872
545 716
545 559
546 887
549 891
550 614
553 780
553 730
554 777
555 782
556 724
557 602
557 562
560 637
561 879
563 611
564 735
566 776
567 765
568 880
569 760
572 800
573 630
574 723
578 895
579 714
581 772
581 621
582 695
583 640
583 610
585 807
586 823
586 630
588 616
589 663
589 827
590 672
590 831
592 763
594 850
596 892
598 707
598 806
599 798
600 608
600 691
601 884
605 639
608 690
615 712
615 742
617 889
618 828
622 704
624 659
624 809
626 744
626 670
627 710
628 758
629 664
631 653
631 746
632 644
633 783
633 677
635 877
635 669
636 803
637 814
638 768
638 887
639 798
641 865
642 852
642 748
645 873
646 688
648 688
648 700
649 657
651 673
654 878
656 823
656 896
660 897
660 691
661 674
663 702
664 846
665 848
667 829
669 857
673 792
674 883
675 862
683 766
684 838
687 842
689 858
689 750
693 809
694 885
705 802
711 779
713 898
713 717
715 801
715 724
716 782
717 749
718 733
719 780
720 754
722 807
723 880
725 833
725 732
728 789
729 797
733 747
736 832
738 869
739 773
741 861
741 831
743 814
745 778
758 759
761 795
762 808
764 770
772 785
774 818
775 819
786 851
786 852
790 848
791 856
804 860
810 815
829 875
833 886
834 898
849 860
864 899
881 893
900 156
901 0
-1 -1
11.5459
