1
0 297
0 821
1 427
1 465
2 227
2 867
3 102
3 403
4 35
4 646
5 585
5 596
6 590
6 663
7 74
7 787
8 750
8 883
9 308
9 463
10 136
10 464
11 57
11 354
12 350
12 698
13 152
13 776
14 16
14 856
15 372
15 754
16 312
17 205
17 756
18 399
18 820
19 327
19 819
20 39
20 694
21 380
21 754
22 390
22 812
23 656
23 849
24 114
24 265
25 616
25 736
26 98
26 748
27 355
27 500
28 257
28 555
29 467
29 877
30 666
30 780
31 183
31 231
32 549
32 771
33 189
33 422
34 558
34 813
35 336
36 187
36 462
37 208
37 672
38 348
38 772
39 306
40 320
40 670
41 276
41 711
42 157
42 409
43 753
43 767
44 437
44 881
45 170
45 815
46 62
46 134
47 56
47 559
48 533
48 776
49 196
49 783
50 77
50 787
51 408
51 781
52 133
52 770
53 269
53 396
54 61
54 201
55 63
55 207
56 458
57 103
58 360
58 515
59 212
59 860
60 483
60 775
61 525
62 565
63 496
64 399
64 420
65 200
65 762
66 514
66 647
67 277
67 686
68 145
68 683
69 304
69 489
70 267
70 695
71 526
71 658
72 287
72 482
73 655
73 712
74 750
75 234
75 238
76 748
76 827
77 837
78 369
78 888
79 173
79 479
80 218
80 807
81 716
81 844
82 574
82 784
83 240
83 340
84 614
84 798
85 250
85 514
86 538
86 837
87 398
87 613
88 413
88 587
89 442
89 726
90 490
90 681
91 597
91 665
92 745
92 788
93 365
93 582
94 462
94 688
95 101
95 322
96 535
96 635
97 729
97 761
98 654
99 302
99 722
100 455
100 582
101 786
102 171
103 371
104 143
104 406
105 678
105 803
106 161
106 254
107 290
107 664
108 563
108 641
109 843
109 861
110 288
110 737
111 728
111 798
112 171
112 465
113 379
113 657
114 729
115 238
115 415
116 396
116 793
117 625
117 885
118 687
118 703
119 279
119 638
120 167
120 645
121 301
121 868
122 287
122 426
123 148
123 270
124 170
124 542
125 277
125 836
126 333
126 853
127 339
127 634
128 523
128 570
129 382
129 459
130 777
130 811
131 419
131 715
132 215
132 878
133 195
134 568
135 537
135 560
136 649
137 413
137 747
138 676
138 685
139 594
139 844
140 328
140 359
141 193
141 400
142 353
142 630
143 239
144 222
144 607
145 329
146 513
146 603
147 589
147 734
148 770
149 504
149 801
150 427
150 466
151 178
151 740
152 411
153 334
153 417
154 725
154 824
155 384
155 590
156 241
156 569
157 430
158 221
158 493
159 496
159 575
160 330
160 353
161 274
162 237
162 358
163 624
163 668
164 376
164 764
165 426
165 460
166 179
166 431
167 441
168 440
168 473
169 181
169 717
172 318
172 755
173 891
174 279
174 810
175 246
175 266
176 264
176 434
177 599
177 737
178 182
179 506
180 429
180 438
181 341
182 610
183 381
184 588
184 880
185 454
185 676
186 392
186 585
187 724
188 668
189 475
190 733
190 777
191 448
191 461
192 570
192 674
193 232
194 545
194 829
195 299
196 543
197 366
197 726
198 518
198 628
199 509
199 746
200 261
201 524
202 388
202 592
203 686
203 803
204 303
204 628
205 347
206 267
206 373
207 223
208 826
209 246
209 721
210 249
210 710
211 588
211 700
212 444
213 290
213 639
214 245
214 278
215 454
216 233
216 708
217 572
217 704
218 567
219 498
219 696
220 226
220 817
221 507
222 667
223 735
224 461
224 606
225 536
225 635
226 707
227 261
228 357
228 811
229 636
229 696
230 580
230 830
231 715
232 556
233 464
234 317
235 417
235 485
236 489
236 507
237 621
239 544
240 393
241 774
242 300
242 852
243 648
243 797
244 730
244 831
245 835
247 299
247 415
248 666
248 873
249 671
250 253
251 534
251 562
252 448
252 477
253 519
254 741
255 840
255 893
256 662
256 775
257 866
258 538
258 637
259 545
259 704
260 325
260 494
262 348
262 660
263 498
263 884
264 615
265 758
266 442
268 595
268 864
269 680
270 445
271 418
271 621
272 360
272 517
273 449
273 592
274 644
275 318
275 404
276 379
278 862
280 281
280 474
281 414
282 439
282 529
283 673
283 831
284 407
284 455
285 623
285 851
286 320
286 673
288 477
289 333
289 815
291 306
291 452
292 344
292 760
293 322
293 604
294 347
294 834
295 337
295 349
296 718
296 835
297 409
298 735
298 826
300 675
301 436
302 345
303 403
304 479
305 421
305 657
307 412
307 591
308 562
309 402
309 824
310 367
310 509
311 356
311 874
312 766
313 383
313 859
314 420
314 717
315 491
315 577
316 488
316 633
317 806
319 524
319 697
321 608
321 734
323 350
323 422
324 424
324 643
325 899
326 731
326 891
327 502
328 765
329 330
331 778
331 785
332 352
332 388
334 349
335 346
335 385
336 354
337 534
338 659
338 854
339 763
340 375
341 602
342 755
342 868
343 744
343 885
344 701
345 682
346 894
351 758
351 779
352 662
355 397
356 739
357 555
358 860
359 618
361 607
361 876
362 543
362 682
363 709
363 857
364 386
364 573
365 618
366 450
367 596
368 405
368 486
369 645
370 593
370 800
371 865
372 892
373 615
374 842
374 890
375 840
376 609
377 495
377 869
378 564
378 817
380 780
381 688
382 651
383 519
384 443
385 630
386 510
387 493
387 648
389 731
389 768
390 872
391 421
391 697
392 605
393 578
394 690
394 875
395 497
395 856
397 528
398 568
400 452
401 572
401 793
402 471
404 617
405 491
406 703
407 532
408 566
410 553
410 794
411 548
412 759
414 608
416 425
416 472
418 483
419 670
423 453
423 710
424 693
425 702
428 565
428 631
429 855
430 470
431 757
432 842
432 886
433 476
433 792
434 740
435 683
435 805
436 627
437 463
438 576
439 611
440 512
441 690
443 768
444 575
445 499
446 527
446 834
447 525
447 677
449 512
450 852
451 550
451 698
453 843
456 503
456 841
457 579
457 882
458 771
459 492
460 849
466 796
467 576
468 725
468 763
469 527
469 713
470 653
471 873
472 757
473 500
474 548
475 899
476 850
478 549
478 647
480 675
480 700
481 598
481 692
482 642
484 612
484 869
485 672
486 871
487 693
487 799
488 685
490 870
492 766
494 789
495 794
497 584
499 691
501 661
501 866
502 858
503 814
504 744
505 839
505 884
506 829
508 560
508 663
510 722
511 610
511 821
513 791
515 818
516 577
516 827
517 535
518 833
520 541
520 742
521 769
521 887
522 581
522 848
523 749
526 637
528 898
529 557
530 559
530 692
531 659
531 727
532 848
533 896
536 652
537 814
539 564
539 595
540 759
540 832
541 636
542 741
544 681
546 669
546 801
547 552
547 574
550 580
551 561
551 749
552 810
553 894
554 557
554 584
556 818
558 895
561 871
563 800
566 783
567 629
569 839
571 738
571 796
573 620
578 785
579 863
581 701
583 684
583 897
586 760
586 877
587 594
589 727
591 765
593 799
597 841
598 631
599 622
600 619
600 649
601 724
601 804
602 689
603 706
604 805
605 718
606 653
609 629
611 719
612 746
613 788
614 709
616 762
617 680
619 816
620 743
622 875
623 833
624 862
625 813
626 733
626 855
627 832
632 689
632 699
633 652
634 732
638 846
639 863
640 702
640 723
641 819
642 655
643 836
644 864
646 878
650 809
650 812
651 723
654 807
656 881
658 671
660 820
661 716
664 730
665 751
667 678
669 778
674 714
677 712
679 822
679 854
684 739
687 699
691 769
694 823
695 732
705 761
705 879
706 898
707 890
708 857
711 806
713 816
714 728
719 850
720 845
720 853
721 845
736 893
738 882
742 889
743 858
745 779
747 784
751 825
752 781
752 809
753 838
756 804
764 888
767 825
772 797
773 823
773 880
774 897
782 790
782 872
786 792
789 876
790 870
791 802
795 838
795 879
802 859
808 830
808 886
822 847
828 861
828 867
846 847
851 889
865 883
874 896
887 892
900 895
901 188
-1 -1
8.11941
