1
0 98
0 117
1 494
1 588
2 90
2 281
3 89
3 490
4 418
4 896
5 709
5 893
6 255
6 730
7 119
7 363
8 549
8 561
9 458
9 666
10 236
10 813
11 67
11 713
12 75
12 84
13 290
13 619
14 167
14 636
15 364
15 731
16 63
16 874
17 478
17 767
18 23
18 44
19 655
19 858
20 708
20 832
21 683
21 772
22 211
22 256
23 174
24 473
24 862
25 486
25 661
26 275
26 484
27 64
27 540
28 538
28 658
29 501
29 899
30 34
30 214
31 396
31 427
32 675
32 856
33 76
33 641
34 367
35 46
35 297
36 302
36 883
37 393
37 589
38 498
38 528
39 49
39 876
40 814
40 834
41 285
41 459
42 601
42 764
43 259
43 726
44 481
45 673
45 800
46 668
47 409
47 461
48 692
48 738
49 491
50 158
50 664
51 603
51 652
52 401
52 464
53 679
53 843
54 140
54 453
55 346
55 871
56 91
56 347
57 502
57 788
58 116
58 742
59 199
59 376
60 687
60 689
61 449
61 518
62 128
62 790
63 807
64 828
65 103
65 526
66 602
66 682
67 565
68 454
68 572
69 474
69 499
70 613
70 783
71 363
71 776
72 559
72 671
73 641
73 889
74 469
74 563
75 131
76 406
77 480
77 706
78 274
78 435
79 665
79 704
80 681
80 740
81 306
81 846
82 120
82 417
83 92
83 788
84 658
85 169
85 322
86 379
86 665
87 660
87 833
88 94
88 169
89 637
90 305
92 642
93 332
93 539
94 895
95 377
95 630
96 782
96 842
97 157
97 642
98 114
99 326
99 369
100 564
100 789
101 141
101 695
102 537
102 735
103 861
104 172
104 548
105 173
105 840
106 243
106 574
107 369
107 801
108 151
108 866
109 225
109 762
110 184
110 483
111 146
111 614
112 200
112 321
113 160
113 336
114 586
115 283
115 565
116 576
117 165
118 221
118 651
119 159
120 769
121 260
121 678
122 285
122 829
123 317
123 492
124 570
124 668
125 711
125 750
126 384
126 456
127 364
127 720
128 543
129 292
129 504
130 237
130 676
131 433
132 323
132 803
133 707
133 828
134 646
134 817
135 247
135 812
136 307
136 851
137 694
137 810
138 215
138 383
139 235
139 443
140 618
141 648
142 189
142 827
143 474
143 823
144 264
144 584
145 217
145 679
146 240
147 268
147 473
148 425
148 462
149 213
149 843
150 526
150 564
151 880
152 424
152 484
153 404
153 649
154 516
154 772
155 231
155 809
156 500
156 824
157 789
158 663
159 518
160 707
161 192
161 375
162 455
162 769
163 576
163 899
164 517
164 591
165 747
166 523
166 858
167 355
168 623
168 635
170 291
170 350
171 218
171 273
172 361
173 892
174 452
175 512
175 623
176 536
176 746
177 354
177 696
178 351
178 407
179 205
179 542
180 655
180 703
181 318
181 425
182 197
182 422
183 258
183 792
184 373
185 635
185 759
186 211
186 340
187 195
187 767
188 393
188 801
189 647
190 325
190 552
191 222
191 722
192 489
193 263
193 505
194 488
194 705
195 329
196 639
196 797
197 201
198 521
198 702
199 508
200 343
201 314
202 341
202 714
203 204
203 298
204 605
205 362
206 352
206 701
207 508
207 884
208 267
208 573
209 240
209 470
210 844
210 856
212 692
212 799
213 878
214 378
215 452
216 397
216 701
217 277
218 628
219 764
219 845
220 529
220 571
221 241
222 896
223 245
223 725
224 335
224 667
225 897
226 378
226 716
227 454
227 874
228 357
228 715
229 522
229 723
230 618
230 659
231 744
232 269
232 438
233 362
233 784
234 681
234 752
235 898
236 496
237 891
238 416
238 683
239 415
239 758
241 272
242 686
242 754
243 754
244 412
244 759
245 602
246 691
246 795
247 646
248 513
248 657
249 340
249 409
250 451
250 575
251 569
251 633
252 328
252 893
253 426
253 519
254 710
254 817
255 800
256 722
257 746
257 863
258 487
259 450
260 779
261 333
261 529
262 442
262 694
263 481
264 699
265 510
265 619
266 485
266 864
267 524
268 821
269 465
270 303
270 709
271 550
271 855
272 718
273 729
274 313
275 766
276 638
276 827
277 372
278 297
278 778
279 471
279 615
280 479
280 593
281 370
282 426
282 774
283 625
284 509
284 868
286 551
286 669
287 366
287 448
288 470
288 684
289 859
289 863
290 669
291 461
292 294
293 492
293 517
294 563
295 385
295 712
296 677
296 839
298 833
299 776
299 869
300 708
300 783
301 330
301 640
302 587
303 862
304 505
304 857
305 376
306 819
307 446
308 728
308 848
309 365
309 711
310 312
310 712
311 690
311 870
312 579
313 826
314 745
315 446
315 865
316 650
316 813
317 598
318 859
319 371
319 737
320 323
320 777
321 607
322 331
324 336
324 568
325 592
326 520
327 652
327 735
328 359
329 577
330 760
331 560
332 885
333 511
334 536
334 562
335 864
337 414
337 624
338 355
338 428
339 830
339 851
341 566
342 527
342 678
343 599
344 530
344 786
345 372
345 468
346 676
347 572
348 544
348 792
349 375
349 403
350 664
351 476
352 499
353 361
353 631
354 663
356 399
356 842
357 887
358 423
358 624
359 763
360 388
360 877
365 413
366 605
367 597
368 535
368 808
370 558
371 639
373 751
374 743
374 823
377 644
379 475
380 577
380 611
381 519
381 806
382 445
382 849
383 860
384 804
385 760
386 612
386 816
387 609
387 757
388 557
389 390
389 749
390 724
391 507
391 672
392 429
392 523
394 545
394 674
395 405
395 510
396 621
397 485
398 544
398 553
399 465
400 608
400 808
401 500
402 604
402 633
403 848
404 704
405 897
406 690
407 745
408 773
408 852
410 552
410 886
411 587
411 660
412 617
413 773
414 558
415 805
416 603
417 727
418 643
419 532
419 534
420 794
420 855
421 765
421 768
422 831
423 761
424 555
427 554
428 782
429 661
430 585
430 599
431 490
431 656
432 554
432 852
433 437
434 448
434 537
435 809
436 578
436 846
437 756
438 535
439 550
439 581
440 822
440 845
441 611
441 888
442 546
443 785
444 534
444 654
445 716
447 710
447 741
449 506
450 527
451 717
453 777
455 640
456 743
457 826
457 881
458 569
459 645
460 480
460 761
462 878
463 696
463 847
464 648
466 502
466 509
467 589
467 627
468 672
469 596
471 867
472 626
472 824
475 541
476 847
477 608
477 853
478 875
479 562
482 600
482 785
483 675
486 636
487 797
488 737
489 568
491 514
493 647
493 818
494 879
495 880
495 882
496 596
497 501
497 649
498 629
503 720
503 883
504 673
506 687
507 512
511 653
513 762
514 793
515 825
515 873
516 838
520 771
521 771
522 628
524 593
525 784
525 879
528 531
530 837
531 875
532 721
533 621
533 674
538 832
539 685
540 670
541 607
542 861
543 730
545 881
546 882
547 580
547 723
548 742
549 750
551 582
553 873
555 560
556 632
556 841
557 732
559 719
561 632
566 849
567 706
567 865
570 578
571 839
573 748
574 614
575 595
579 898
580 751
581 770
582 588
583 799
583 812
584 634
585 732
586 756
590 630
590 781
591 844
592 653
594 815
594 889
595 753
597 680
598 765
600 793
601 811
604 872
606 693
606 753
609 884
610 697
610 703
612 860
613 798
615 768
616 682
616 780
617 693
620 698
620 699
622 796
622 869
625 872
626 890
627 841
629 656
631 695
634 870
637 802
638 700
643 885
644 891
645 747
650 834
651 755
654 778
657 791
659 728
662 757
662 853
666 766
667 736
670 715
671 892
677 888
680 729
684 836
685 741
686 787
688 725
688 804
689 758
691 816
697 835
698 733
700 821
702 820
705 739
713 802
714 807
717 727
718 786
719 850
721 780
724 854
726 748
731 775
733 779
734 755
734 810
736 814
738 871
739 822
740 840
744 850
749 806
752 857
763 798
770 805
774 815
775 895
781 794
787 867
791 836
795 877
796 835
803 811
818 894
819 838
820 868
825 829
830 854
831 837
866 890
876 887
886 894
900 790
901 91
-1 -1
293.941
