1
0 489
0 804
1 458
1 510
2 117
2 223
3 683
3 827
4 313
4 801
5 234
5 366
6 806
6 828
7 38
7 621
8 472
8 517
9 511
9 569
10 423
10 821
11 93
11 553
12 80
12 391
13 719
13 774
14 491
14 731
15 276
15 488
16 146
16 295
17 379
17 831
18 446
18 789
19 296
19 691
20 26
20 369
21 94
21 348
22 325
22 574
23 96
23 342
24 55
24 171
25 671
25 844
26 644
27 393
27 587
28 775
28 845
29 525
29 622
30 674
30 724
31 111
31 877
32 280
32 465
33 297
33 371
34 412
34 635
35 428
35 662
36 198
36 875
37 383
37 649
38 66
39 79
39 700
40 227
40 878
41 89
41 477
42 102
42 475
43 298
43 846
44 582
44 649
45 84
45 508
46 509
46 726
47 69
47 440
48 167
48 652
49 476
49 523
50 274
50 831
51 124
51 567
52 316
52 695
53 266
53 634
54 73
54 676
55 636
56 465
56 856
57 430
57 517
58 107
58 460
59 168
59 764
60 164
60 540
61 515
61 572
62 312
62 641
63 207
63 451
64 88
64 169
65 747
65 770
66 127
67 150
67 516
68 353
68 390
69 777
70 402
70 482
71 87
71 217
72 707
72 854
73 241
74 182
74 343
75 312
75 597
76 614
76 850
77 405
77 420
78 258
78 722
79 659
80 689
81 183
81 473
82 113
82 700
83 259
83 800
84 630
85 425
85 585
86 659
86 871
87 463
88 778
89 390
90 253
90 526
91 101
91 529
92 496
92 891
93 895
94 296
95 144
95 165
96 599
97 452
97 623
98 315
98 783
99 620
99 829
100 133
100 181
101 556
102 121
103 136
103 327
104 366
104 583
105 478
105 862
106 193
106 855
107 558
108 196
108 224
109 513
109 726
110 292
110 325
111 561
112 480
112 722
113 755
114 393
114 445
115 269
115 731
116 720
116 803
117 123
118 200
118 579
119 795
119 848
120 204
120 269
121 656
122 355
122 692
123 718
124 691
125 313
125 667
126 290
126 378
127 164
128 373
128 499
129 440
129 501
130 684
130 786
131 305
131 880
132 167
132 189
133 220
134 260
134 760
135 231
135 324
136 189
137 609
138 375
138 601
139 302
139 677
140 197
140 394
141 469
141 688
142 564
142 615
143 627
143 682
144 438
145 414
145 596
146 590
147 159
147 177
148 251
148 737
149 290
149 395
150 450
151 640
151 713
152 468
152 867
153 286
153 415
154 532
154 669
155 291
155 826
156 364
156 580
157 272
157 702
158 400
158 502
159 411
160 199
160 588
161 174
161 184
162 493
162 733
163 172
163 882
165 394
166 521
166 893
168 581
169 263
170 475
170 675
171 886
172 320
173 499
173 736
174 759
175 612
175 867
176 184
176 834
177 263
178 743
178 792
179 547
179 563
180 214
180 747
181 898
182 310
183 230
185 418
185 647
186 573
186 792
187 704
187 712
188 353
188 484
190 451
190 510
191 223
191 582
192 467
192 496
193 284
194 203
194 750
195 490
195 704
196 413
197 401
198 512
199 650
200 696
201 477
201 617
202 413
202 824
203 603
204 566
205 571
205 635
206 346
206 718
207 365
208 667
208 865
209 267
209 287
210 742
210 771
211 474
211 609
212 265
212 392
213 277
213 793
214 870
215 626
215 879
216 629
216 752
217 721
218 824
218 839
219 249
219 670
220 859
221 303
221 519
222 744
222 757
224 474
225 388
225 852
226 642
226 771
227 483
228 537
228 709
229 436
229 757
230 541
231 497
232 396
232 651
233 840
233 863
234 531
235 403
235 421
236 524
236 898
237 377
237 890
238 259
238 808
239 527
239 825
240 420
240 788
241 851
242 314
242 710
243 345
243 830
244 377
244 872
245 486
245 809
246 471
246 750
247 308
247 323
248 736
248 897
249 802
250 386
250 687
251 615
252 697
252 777
253 281
254 482
254 812
255 327
255 763
256 811
256 833
257 338
257 515
258 566
260 498
261 732
261 860
262 548
262 781
264 398
264 761
265 585
266 783
267 436
268 842
268 851
270 589
270 672
271 633
271 761
272 568
273 847
273 892
274 318
275 438
275 577
276 663
277 326
278 593
278 774
279 314
279 712
280 317
281 583
282 698
282 784
283 544
283 632
284 840
285 406
285 745
286 848
287 329
288 514
288 866
289 730
289 739
291 321
292 347
293 406
293 889
294 738
294 823
295 351
297 821
298 410
299 430
299 559
300 547
300 720
301 729
301 735
302 322
303 479
304 309
304 466
305 481
306 464
306 669
307 380
307 650
308 352
309 885
310 630
311 495
311 870
315 426
316 428
317 344
318 734
319 416
319 725
320 706
321 454
322 442
323 441
324 663
326 536
328 766
328 868
329 595
330 638
330 684
331 359
331 374
332 795
332 879
333 487
333 537
334 422
334 753
335 651
335 899
336 427
336 863
337 706
337 844
338 739
339 538
339 546
340 530
340 832
341 379
341 782
342 803
343 779
344 539
345 820
346 493
347 507
348 419
349 382
349 448
350 434
350 594
351 562
352 693
354 362
354 639
355 887
356 391
356 457
357 407
357 845
358 527
358 873
359 841
360 400
360 467
361 497
361 780
362 518
363 809
363 876
364 494
365 411
367 429
367 455
368 385
368 617
369 453
370 638
370 655
371 807
372 423
372 631
373 623
374 776
375 762
376 730
376 884
378 544
380 703
381 408
381 692
382 610
383 837
384 555
384 857
385 699
386 683
387 532
387 858
388 412
389 447
389 678
392 592
395 470
396 786
397 432
397 506
398 805
399 417
399 790
401 897
402 733
403 740
404 484
404 869
405 802
407 893
408 483
409 546
409 882
410 443
414 640
415 666
416 814
417 695
418 874
419 775
421 823
422 452
424 533
424 653
425 694
426 773
427 784
429 660
431 462
431 780
432 578
433 591
433 829
434 446
435 654
435 868
437 636
437 679
439 866
439 881
441 717
442 799
443 745
444 530
444 602
445 727
447 487
448 756
449 616
449 861
450 672
453 754
454 524
455 709
456 598
456 835
457 632
458 604
459 764
459 785
460 488
461 508
461 758
462 548
463 503
464 531
466 536
468 796
469 584
470 504
471 880
472 660
473 476
478 645
479 578
480 542
481 850
485 523
485 843
486 797
489 791
490 752
491 839
492 711
492 847
494 525
495 773
498 725
500 559
500 876
501 708
502 743
503 760
504 639
505 562
505 741
506 833
507 846
509 550
511 664
512 644
513 674
514 590
516 607
518 767
519 685
520 593
520 818
521 841
522 557
522 789
526 648
528 643
528 877
529 815
533 705
534 661
534 735
535 738
535 759
538 552
539 625
540 810
541 701
542 888
543 666
543 728
545 842
545 854
549 587
549 864
550 567
551 563
551 896
552 625
553 763
554 668
554 767
555 728
556 869
557 619
558 658
560 865
560 891
561 689
564 654
565 574
565 699
568 687
569 610
570 814
570 864
571 719
572 746
573 599
575 584
575 612
576 749
576 785
577 817
579 624
580 746
581 740
586 820
586 889
588 592
589 834
591 673
594 874
595 705
596 600
597 858
598 872
600 827
601 799
602 729
603 646
604 807
605 646
605 665
606 741
606 754
607 819
608 656
608 769
611 620
611 680
613 723
613 766
614 637
616 668
618 710
618 753
619 849
621 853
622 819
624 631
626 688
627 884
628 697
628 787
629 892
633 873
634 662
637 755
641 682
642 772
643 655
645 707
647 836
648 721
652 856
653 765
657 813
657 852
658 862
661 768
664 835
665 830
670 796
671 748
673 781
675 871
676 681
677 822
678 698
679 811
680 693
681 861
685 686
686 843
690 732
690 765
694 711
696 716
701 826
702 825
703 790
708 816
713 715
714 727
714 751
715 797
716 744
717 782
723 801
724 772
734 770
737 822
742 860
748 887
749 853
751 828
756 855
758 896
762 885
768 806
769 791
776 888
778 815
779 875
787 838
788 878
793 816
794 886
794 895
798 857
798 883
800 832
804 894
805 881
808 812
810 813
817 838
818 894
837 859
849 899
883 890
900 836
901 137
-1 -1
305.994
