1
0 32
0 603
1 32
1 200
2 590
2 708
3 130
3 317
4 654
4 732
5 629
5 732
6 769
6 867
7 141
7 722
8 348
8 636
9 58
9 214
10 193
10 297
11 539
11 698
12 181
12 755
13 248
13 871
14 379
14 468
15 349
15 639
16 440
16 642
17 387
17 761
18 593
18 740
19 279
19 753
20 687
20 723
21 134
21 407
22 424
22 878
23 641
23 656
24 86
24 142
25 173
25 872
26 291
26 827
27 392
27 679
28 49
28 397
29 361
29 517
30 318
30 561
31 139
31 677
33 697
33 768
34 858
34 860
35 60
35 518
36 404
36 857
37 671
37 805
38 749
38 807
39 356
39 480
40 79
40 354
41 480
41 846
42 351
42 736
43 532
43 752
44 167
44 432
45 183
45 835
46 60
46 523
47 549
47 588
48 489
48 615
49 448
50 746
50 808
51 642
51 687
52 619
52 770
53 266
53 569
54 365
55 463
55 850
56 118
56 443
57 410
57 464
58 446
59 140
59 448
61 87
61 870
62 413
62 852
63 501
63 556
64 203
64 355
65 117
65 648
66 483
66 682
67 183
67 255
68 434
68 879
69 822
69 868
70 551
70 577
71 307
71 411
72 175
72 785
73 611
73 725
74 499
74 780
75 80
75 84
76 185
76 809
77 609
77 682
78 306
78 402
79 676
80 854
81 329
81 449
82 195
82 578
83 662
83 794
84 205
85 287
85 542
86 632
87 694
88 444
88 656
89 398
89 420
90 219
90 282
91 376
91 670
92 350
92 383
93 253
93 813
94 326
94 417
95 768
95 866
96 606
96 875
97 103
97 613
98 605
98 672
99 245
99 580
100 467
100 584
101 321
101 838
102 707
102 856
103 451
104 795
104 887
105 133
105 785
106 789
106 806
107 196
107 254
108 209
108 823
109 118
109 377
110 188
110 256
111 271
111 525
112 432
112 671
113 187
113 626
114 338
114 782
115 163
115 199
116 551
116 608
117 865
119 497
119 831
120 621
120 649
121 250
121 424
122 655
122 748
123 138
123 604
124 337
124 542
125 589
125 808
126 528
126 728
127 497
127 680
128 332
128 766
129 848
129 863
130 893
131 709
131 806
132 501
132 573
133 552
134 275
135 154
135 283
136 270
136 344
137 678
137 891
138 665
139 229
140 505
141 618
142 836
143 435
143 447
144 627
144 793
145 303
145 596
146 653
146 774
147 227
147 247
148 631
148 694
149 495
149 569
150 347
150 397
151 225
151 249
152 238
152 890
153 512
153 757
154 637
155 332
155 664
156 627
156 708
157 252
157 824
158 513
158 561
159 260
159 270
160 455
160 565
161 408
161 430
162 262
162 363
163 748
164 228
164 266
165 210
165 500
166 340
166 840
167 557
168 756
168 826
169 696
169 846
170 578
170 831
171 233
171 676
172 623
172 888
173 826
174 384
174 844
175 496
176 477
176 504
177 453
177 714
178 202
178 547
179 245
179 372
180 390
180 721
181 699
182 639
182 757
184 242
184 705
185 455
186 735
186 788
187 651
188 781
189 324
189 357
190 374
190 629
191 379
191 449
192 210
192 223
193 460
194 760
194 841
195 414
196 410
197 292
197 485
198 236
198 272
199 668
200 598
201 391
201 821
202 380
203 484
204 367
204 445
205 273
206 554
206 759
207 566
207 758
208 543
208 640
209 645
211 305
211 339
212 321
212 751
213 324
213 673
214 264
215 537
215 559
216 730
216 876
217 364
217 596
218 669
218 841
219 493
220 442
220 474
221 423
221 740
222 256
222 359
223 626
224 809
224 890
225 523
226 729
226 802
227 752
228 519
229 474
230 325
230 844
231 317
231 462
232 531
232 792
233 597
234 815
234 892
235 562
235 855
236 351
237 416
237 560
238 454
239 538
239 540
240 241
240 560
241 650
242 516
243 481
243 575
244 305
244 327
246 784
246 791
247 261
248 306
249 343
250 286
251 320
251 885
252 883
253 797
254 697
255 617
257 315
257 576
258 494
258 662
259 348
259 643
260 337
261 360
262 803
263 607
263 700
264 704
265 345
265 591
267 571
267 858
268 666
268 899
269 325
269 418
271 490
272 340
273 703
274 330
274 801
275 415
276 422
276 853
277 389
277 398
278 660
278 804
279 289
280 647
280 690
281 556
281 765
282 710
283 650
284 409
284 667
285 675
285 727
286 604
287 892
288 619
288 895
289 674
290 335
290 476
291 498
292 534
293 465
293 733
294 352
294 425
295 491
295 884
296 745
296 847
297 530
298 439
298 586
299 567
299 897
300 381
300 624
301 463
301 747
302 730
302 778
303 403
304 563
304 571
307 313
308 462
308 796
309 625
309 894
310 481
310 553
311 403
311 519
312 540
312 564
313 754
314 592
314 824
315 545
316 388
316 876
318 376
319 421
319 779
320 533
322 374
322 378
323 612
323 850
326 574
327 698
328 750
328 799
329 706
330 862
331 373
331 887
333 736
333 763
334 382
334 749
335 613
336 352
336 647
338 384
339 567
341 617
341 866
342 601
342 622
343 371
344 759
345 638
346 718
346 773
347 557
349 594
350 500
353 549
353 673
354 484
355 526
356 664
357 377
358 797
358 819
359 811
360 776
361 661
362 368
362 425
363 872
364 381
365 787
366 636
366 653
367 695
368 648
369 718
369 810
370 508
370 514
371 726
372 691
373 508
375 395
375 433
378 457
380 889
382 507
383 620
385 712
385 825
386 446
386 659
387 893
388 392
389 456
390 891
391 620
393 679
393 821
394 807
394 878
395 592
396 461
396 473
399 407
399 842
400 452
400 818
401 654
401 754
402 775
404 440
405 602
405 758
406 531
406 550
408 717
409 669
411 717
412 814
412 829
413 715
414 458
415 661
416 724
417 734
418 793
419 536
419 555
420 882
421 621
422 527
423 428
426 443
426 707
427 762
427 896
428 830
429 520
429 547
430 587
431 630
431 815
433 506
434 798
435 459
436 652
436 776
437 705
437 833
438 643
438 845
439 456
441 579
441 585
442 582
444 689
445 771
447 610
450 611
450 838
451 487
452 599
453 784
454 782
457 789
458 568
459 469
460 670
461 883
464 533
465 895
466 622
466 699
467 607
468 603
469 550
470 869
470 898
471 475
471 562
472 529
472 624
473 499
475 511
476 590
477 836
478 663
479 515
479 796
482 517
482 845
483 874
485 835
486 783
486 863
487 573
488 712
488 729
489 775
490 668
491 504
492 544
492 794
493 777
494 524
495 751
496 595
498 828
502 723
502 798
503 644
503 743
505 660
506 546
507 541
509 518
509 897
510 530
510 825
511 764
512 689
513 731
514 745
515 804
516 746
520 522
521 580
521 739
522 761
524 792
525 737
526 591
527 881
528 579
529 873
532 814
534 630
535 832
535 856
536 763
537 739
538 899
539 692
541 594
543 861
544 600
545 583
546 886
548 585
548 801
552 885
553 610
554 574
555 894
558 710
558 719
559 608
563 633
564 786
565 595
566 805
568 753
570 634
570 813
572 635
572 741
575 735
576 769
577 812
581 833
581 849
582 696
583 680
584 832
586 688
587 631
588 767
589 828
593 693
597 780
598 615
599 854
600 750
601 829
602 781
605 727
606 879
609 695
612 760
614 853
614 861
616 726
616 855
618 688
623 684
625 802
628 816
628 822
632 741
633 779
634 675
635 711
637 641
638 690
640 817
644 830
645 880
646 667
646 743
649 716
651 713
652 795
655 889
657 684
657 840
658 778
658 869
659 888
663 738
665 720
666 834
672 725
674 898
677 786
678 737
681 823
681 864
683 852
683 864
685 742
685 886
686 756
686 771
691 701
692 873
693 827
700 773
701 843
702 738
702 799
703 788
704 865
706 722
709 762
711 882
713 790
714 877
715 837
716 766
719 747
720 881
721 839
724 803
728 742
731 837
733 849
734 867
744 851
744 874
755 839
764 859
765 857
767 820
770 847
772 800
772 816
774 777
783 870
787 810
790 896
791 811
800 877
812 820
817 859
818 875
819 862
834 842
843 868
848 880
851 871
860 884
900 478
901 54
-1 -1
340.845
