1
0 28
0 40
1 33
1 109
2 214
2 491
3 9
3 318
4 115
4 215
5 197
5 411
6 430
6 517
7 151
7 211
8 205
8 590
9 313
10 177
10 588
11 425
11 541
12 323
12 557
13 273
13 340
14 46
14 144
15 201
15 528
16 114
16 538
17 131
17 438
18 317
18 456
19 52
19 55
20 306
20 422
21 405
21 472
22 533
23 204
23 359
24 124
24 216
25 53
25 224
26 34
26 378
27 260
27 437
28 482
29 98
29 161
30 291
30 321
31 514
31 523
32 245
32 551
33 369
34 249
35 479
35 534
36 244
36 498
37 88
37 296
38 377
38 530
39 477
39 524
40 333
41 69
41 185
42 182
42 220
43 119
43 499
44 123
44 490
45 242
45 361
46 278
47 56
47 176
48 367
48 407
49 368
49 473
50 389
50 536
51 439
51 529
52 305
53 467
54 181
54 286
55 208
56 431
57 207
57 314
58 218
58 343
59 187
59 584
60 65
60 274
61 468
61 538
62 177
62 225
63 154
63 247
64 350
64 484
65 578
66 257
66 390
67 299
67 505
68 471
68 506
69 259
70 288
70 367
71 188
71 471
72 338
72 535
73 102
73 490
74 597
74 599
75 76
75 453
76 155
77 315
77 374
78 146
78 201
79 105
79 303
80 200
80 477
81 150
81 283
82 173
82 383
83 399
83 596
84 458
84 485
85 89
85 186
86 258
86 330
87 508
87 541
88 259
89 142
90 268
90 495
91 275
91 349
92 268
92 389
93 317
93 560
94 362
94 563
95 246
95 363
96 582
96 588
97 139
97 221
98 540
99 235
99 447
100 276
100 492
101 240
101 521
102 299
103 139
103 279
104 202
104 310
105 214
106 531
106 569
107 378
107 517
108 206
108 571
109 484
110 339
110 507
111 115
111 395
112 328
112 404
113 306
113 510
114 253
116 138
116 332
117 166
117 190
118 290
118 507
119 537
120 387
120 553
121 561
121 599
122 388
122 573
123 302
124 231
125 164
125 311
126 352
126 410
127 143
127 595
128 472
128 563
129 130
129 409
130 579
131 322
132 169
132 415
133 287
133 426
134 205
134 384
135 327
135 566
136 184
136 554
137 496
137 501
138 144
140 505
140 543
141 210
141 381
142 262
143 344
145 365
145 483
146 402
147 394
147 502
148 415
148 537
149 453
149 551
150 196
151 546
152 318
152 464
153 319
153 424
154 326
155 159
156 167
156 361
157 422
157 514
158 391
158 593
159 469
160 374
160 575
161 545
162 347
162 565
163 331
163 577
164 512
165 394
165 435
166 174
167 303
168 366
168 508
169 356
170 195
170 364
171 276
171 409
172 503
172 527
173 382
174 309
175 258
175 591
176 292
178 296
178 547
179 383
179 576
180 503
180 584
181 518
182 364
183 192
183 560
184 234
185 598
186 454
187 437
188 531
189 222
189 262
190 577
191 399
191 474
192 526
193 251
193 307
194 405
194 598
195 294
196 444
197 293
198 261
198 333
199 462
199 592
200 416
202 274
203 325
203 586
204 247
206 567
207 334
208 436
209 521
209 552
210 236
211 544
212 380
212 528
213 376
213 398
215 362
216 486
217 250
217 480
218 366
219 237
219 469
220 360
221 430
222 476
223 411
223 542
224 331
225 346
226 297
226 434
227 351
227 401
228 426
228 564
229 348
229 464
230 478
230 579
231 414
232 470
232 568
233 244
233 493
234 496
235 511
236 539
237 350
238 511
238 522
239 241
239 487
240 443
241 305
242 573
243 320
243 450
245 312
246 512
248 534
248 544
249 300
250 342
251 463
252 272
252 591
253 504
254 433
254 548
255 480
255 504
256 348
256 524
257 270
260 349
261 452
263 266
263 550
264 427
264 459
265 414
265 583
266 316
267 489
267 516
269 465
269 548
270 408
271 475
271 550
272 390
273 370
275 288
277 358
277 581
278 358
279 372
280 323
280 533
281 308
281 597
282 485
282 572
283 450
284 313
284 556
285 391
285 423
286 435
287 448
289 570
290 546
291 334
292 421
293 518
294 468
295 403
295 499
297 486
298 342
298 575
300 523
301 339
301 413
302 321
304 373
304 408
307 418
308 440
309 483
310 479
311 345
312 449
314 432
315 351
316 582
319 436
320 412
322 353
324 549
324 574
325 354
326 421
327 481
328 561
329 336
329 402
330 354
332 428
335 347
335 545
336 398
337 395
337 585
338 397
340 520
341 522
341 558
343 576
344 509
345 443
346 481
352 360
353 574
355 457
355 566
356 476
357 562
357 581
359 451
363 385
365 494
368 445
369 547
370 562
371 500
371 525
372 495
373 423
375 536
375 567
376 564
377 583
379 380
379 475
381 497
382 465
384 432
385 448
386 397
386 466
387 424
388 540
392 425
392 596
393 457
393 492
396 406
396 594
400 488
400 595
401 482
403 487
404 520
406 519
407 445
410 570
412 458
413 473
416 419
417 434
417 466
418 420
419 532
420 569
427 571
428 488
429 532
429 568
431 500
433 552
438 470
439 557
440 530
441 460
441 489
442 478
442 542
444 451
446 501
446 513
447 459
449 559
452 509
454 558
455 461
455 592
456 506
460 556
461 497
462 559
463 525
467 555
474 565
491 585
493 549
494 513
498 587
502 515
510 572
515 589
516 590
519 580
526 554
527 593
529 580
535 589
539 587
543 555
553 578
586 594
600 289
601 22
-1 -1
41.1943
