1
0 27
0 215
1 6
1 303
2 324
2 502
3 37
3 247
4 303
4 503
5 435
5 440
6 41
7 187
7 308
8 375
8 446
9 206
9 553
10 136
10 540
11 319
11 352
12 28
12 128
13 61
13 314
14 15
14 387
15 234
16 24
16 546
17 354
17 401
18 318
18 332
19 45
19 462
20 68
20 448
21 56
21 328
22 310
22 596
23 423
23 597
24 455
25 356
25 502
26 326
26 471
27 597
28 493
29 34
29 298
30 82
30 432
31 210
31 416
32 165
32 572
33 158
33 530
34 50
35 45
35 114
36 151
36 485
37 116
38 284
38 497
39 126
39 510
40 211
40 494
41 576
42 338
42 452
43 227
43 414
44 150
44 568
46 196
46 312
47 355
47 447
48 202
49 379
49 564
50 500
51 74
51 164
52 515
52 519
53 419
53 565
54 126
54 474
55 147
55 152
56 585
57 105
57 166
58 438
58 488
59 124
59 330
60 130
60 335
61 283
62 302
62 311
63 78
63 256
64 364
64 585
65 94
65 451
66 287
66 487
67 382
67 427
68 110
69 75
69 84
70 415
70 519
71 154
71 404
72 143
72 372
73 168
73 271
74 454
75 255
76 99
76 128
77 490
77 545
78 412
79 338
79 472
80 354
80 359
81 112
81 157
82 406
83 119
83 567
84 486
85 260
85 264
86 180
86 333
87 104
87 534
88 329
88 599
89 191
89 286
90 394
90 450
91 333
91 536
92 347
92 420
93 212
93 243
94 214
95 185
95 369
96 146
96 524
97 236
97 443
98 148
98 496
99 494
100 330
100 483
101 458
101 581
102 290
102 495
103 323
103 457
104 396
105 587
106 246
106 322
107 280
107 372
108 454
108 470
109 120
109 433
110 440
111 217
111 500
112 556
113 318
113 505
114 474
115 208
115 298
116 475
117 135
117 508
118 461
118 522
119 274
120 259
121 307
121 480
122 365
122 373
123 219
123 337
124 587
125 327
125 563
127 291
127 514
129 289
129 479
130 172
131 222
131 319
132 144
132 533
133 446
133 557
134 218
134 434
135 516
136 473
137 143
137 343
138 506
138 567
139 157
139 173
140 430
140 475
141 311
141 313
142 190
142 252
144 574
145 264
145 328
146 245
147 481
148 374
149 522
149 545
150 229
151 187
152 462
153 242
153 595
154 541
155 404
155 468
156 369
156 476
158 399
159 390
159 471
160 245
160 552
161 171
161 346
162 509
162 551
163 269
163 465
164 592
165 344
166 252
167 310
167 511
168 577
169 231
169 554
170 254
170 467
171 516
172 417
173 558
174 222
174 432
175 398
175 575
176 387
176 524
177 312
177 527
178 259
178 437
179 192
179 334
180 184
181 293
181 403
182 205
182 401
183 213
183 262
184 497
185 279
186 377
186 590
188 385
188 477
189 262
189 561
190 260
191 442
192 253
193 280
193 380
194 400
194 444
195 285
195 577
196 276
197 326
197 559
198 204
198 590
199 514
199 526
200 350
200 385
201 340
201 595
202 242
203 282
203 331
204 598
205 281
206 329
207 414
207 542
208 334
209 393
209 396
210 517
211 428
212 365
213 268
214 358
215 525
216 352
216 589
217 336
218 503
219 450
220 228
220 469
221 362
221 579
223 470
223 507
224 429
224 491
225 317
225 346
226 325
226 344
227 287
228 363
229 460
230 239
230 510
231 529
232 270
232 509
233 250
233 537
234 275
235 272
235 543
236 592
237 273
237 513
238 436
238 441
239 422
240 341
240 386
241 368
241 528
243 536
244 391
244 520
246 377
247 589
248 367
248 483
249 559
249 568
250 384
251 453
251 515
253 350
254 257
255 341
256 294
257 368
258 348
258 518
261 290
261 447
263 423
263 538
265 321
265 583
266 348
266 482
267 357
267 398
268 565
269 277
270 552
271 563
272 569
273 566
274 315
275 406
276 491
277 294
278 527
278 539
279 336
281 558
282 366
283 518
284 466
285 292
286 594
288 392
289 521
291 358
292 376
293 508
295 473
295 598
296 455
296 492
297 309
297 351
299 347
299 520
300 421
300 424
301 375
301 421
302 360
304 435
304 582
305 309
305 538
306 356
306 505
307 405
308 376
313 546
314 383
315 456
316 464
316 530
317 479
320 366
320 393
321 511
322 324
323 529
325 487
327 576
331 340
332 360
335 478
337 599
339 384
339 431
342 526
342 535
343 493
345 512
345 586
349 408
349 463
351 445
353 492
353 584
355 517
357 439
359 523
361 555
361 578
362 507
363 574
364 550
367 525
370 451
370 554
371 441
371 472
373 424
374 588
378 411
378 452
379 548
380 383
381 411
381 544
382 584
386 523
388 426
388 560
389 484
389 572
390 469
391 498
392 575
394 397
395 418
395 422
397 557
399 532
400 580
402 477
402 542
403 419
405 425
407 449
407 586
408 461
409 415
409 417
410 555
410 591
412 573
413 426
413 489
416 434
418 429
420 427
425 549
428 534
430 476
431 499
433 562
436 528
437 444
438 549
439 562
442 460
443 481
445 579
448 548
449 596
453 566
456 484
457 489
458 580
459 495
459 551
463 553
464 556
465 485
466 468
467 547
478 531
480 531
482 543
486 533
488 588
490 535
496 498
499 506
501 504
501 561
504 582
512 513
521 569
532 564
537 571
539 571
540 570
541 593
544 581
547 550
560 594
570 573
578 583
591 593
600 288
601 48
-1 -1
40.1392
