1
0 25
0 472
1 19
1 588
2 116
2 576
3 134
3 313
4 52
4 347
5 83
5 438
6 221
6 527
7 118
7 470
8 290
8 516
9 392
9 510
10 183
10 427
11 91
11 144
12 284
12 303
13 239
13 414
14 304
14 318
15 68
15 167
16 158
16 170
17 348
17 533
18 75
18 509
19 126
20 27
20 30
21 195
21 396
22 130
22 159
23 352
23 593
24 469
24 584
25 555
26 336
26 560
27 271
28 557
28 587
29 47
29 187
30 498
31 132
31 322
32 431
32 592
33 45
33 435
34 37
34 372
35 144
35 263
36 478
36 541
37 330
38 139
38 220
39 243
39 507
40 133
40 321
41 339
41 582
42 176
42 458
43 336
43 512
44 332
44 541
45 564
46 172
46 400
47 538
48 191
48 194
49 112
49 473
50 185
50 405
51 107
51 539
52 287
53 340
53 544
54 274
54 315
55 525
55 545
56 255
56 485
57 95
57 378
58 62
58 128
59 153
59 198
60 189
60 472
61 83
61 137
62 226
63 154
63 581
64 124
64 250
65 305
65 523
66 202
66 343
67 77
67 265
68 279
69 145
69 363
70 122
70 216
71 131
71 446
72 207
72 572
73 252
73 371
74 92
74 415
75 534
76 236
76 439
77 227
78 269
78 517
79 453
79 532
80 217
80 372
81 161
81 399
82 96
82 407
84 241
84 490
85 590
85 594
86 405
86 406
87 388
87 434
88 351
88 561
89 185
89 424
90 165
90 205
91 559
92 587
93 206
93 456
94 489
94 519
95 376
96 496
97 572
97 599
98 192
98 441
99 268
99 574
100 180
100 290
101 301
101 495
102 408
102 570
103 240
103 482
104 304
104 435
105 200
105 349
106 379
106 467
107 333
108 428
108 455
109 294
109 373
110 289
110 540
111 259
111 518
112 491
113 360
113 528
114 300
114 443
115 257
115 260
116 379
117 302
117 425
118 168
119 522
119 528
120 150
120 414
121 218
121 512
122 385
123 129
123 451
124 586
125 201
125 353
126 293
127 341
127 498
128 445
129 329
130 497
131 374
132 393
133 524
134 477
135 139
135 341
136 293
136 468
137 554
138 444
138 494
140 267
140 463
141 196
141 506
142 464
142 584
143 340
143 466
145 267
146 291
146 386
147 188
147 200
148 173
148 535
149 530
149 581
150 275
151 447
151 558
152 276
152 438
153 526
154 383
155 236
155 375
156 436
156 517
157 310
157 349
158 416
159 220
160 169
160 238
161 431
162 311
162 402
163 300
163 332
164 281
164 535
165 542
166 190
166 570
167 354
168 288
169 246
170 214
171 247
171 355
172 481
173 295
174 234
174 439
175 225
175 459
176 261
177 309
177 397
178 362
178 487
179 286
179 548
180 501
181 258
181 352
182 253
182 594
183 278
184 427
184 490
186 400
186 424
187 306
188 391
189 403
190 468
191 367
192 412
193 429
193 502
194 365
195 418
196 237
197 248
197 473
198 566
199 249
199 411
201 549
202 493
203 344
203 518
204 314
204 533
205 327
206 344
207 568
208 228
208 263
209 258
209 459
210 407
210 515
211 318
211 434
212 484
212 555
213 298
213 319
214 287
215 292
215 453
216 595
217 388
218 410
219 251
219 298
221 280
222 272
222 551
223 342
223 381
224 454
224 585
225 591
226 557
227 335
228 504
229 283
229 578
230 308
230 398
231 404
231 452
232 338
232 373
233 265
233 387
234 493
235 359
235 408
237 589
238 506
239 521
240 423
241 460
242 432
242 527
243 361
244 254
244 350
245 442
245 476
246 495
247 467
248 406
249 420
250 565
251 430
252 552
253 484
254 536
255 377
256 378
256 588
257 384
259 325
260 597
261 465
262 280
262 534
264 460
264 496
266 514
266 547
268 401
269 482
270 325
270 389
271 357
272 477
273 539
273 577
274 417
275 567
276 548
277 475
277 562
278 412
279 358
281 595
282 486
282 580
283 297
284 396
285 381
285 542
286 415
288 335
289 592
291 420
292 329
294 509
295 462
296 330
296 560
297 445
299 464
299 563
301 505
302 566
303 564
305 596
306 447
307 583
308 513
309 421
310 442
311 524
312 441
312 538
313 475
314 356
315 458
316 357
316 598
317 382
317 599
319 530
320 348
320 478
321 437
322 324
323 368
323 483
324 476
326 337
326 402
327 579
328 375
328 529
331 417
331 440
333 511
334 356
334 514
337 479
338 500
339 342
343 393
345 394
345 418
346 364
346 576
347 591
350 423
351 368
353 499
354 543
355 474
358 387
359 483
360 585
361 543
362 471
363 426
364 507
365 575
366 513
366 536
367 394
369 471
369 590
370 454
370 582
371 462
374 419
376 404
377 480
380 551
380 569
382 385
383 455
384 419
386 410
389 470
390 433
390 540
391 504
392 558
395 461
395 491
397 440
398 422
399 486
401 501
403 596
409 489
409 575
411 421
413 429
413 469
416 450
422 531
425 546
426 556
428 503
430 449
432 449
433 550
436 520
437 523
443 537
444 519
446 531
448 545
448 578
450 474
451 577
452 488
456 550
457 544
457 580
461 583
463 485
465 508
479 497
480 492
481 522
487 525
488 549
492 573
494 505
499 562
500 573
502 553
503 567
508 552
510 565
511 586
515 569
516 559
520 529
521 571
526 561
532 574
537 593
546 553
547 571
554 556
563 568
579 589
597 598
600 466
601 307
-1 -1
17.3764
