1
0 619
0 291
1 40
1 47
2 677
2 257
3 634
3 696
4 91
4 201
5 79
5 470
6 517
6 552
7 617
7 828
8 60
8 850
9 758
9 714
10 530
10 606
11 533
11 590
12 331
12 365
13 654
13 881
14 727
14 763
15 370
15 479
16 123
16 595
17 284
17 672
18 537
18 702
19 184
19 322
20 49
20 841
21 31
21 151
22 553
22 699
23 284
23 584
24 678
24 745
25 524
25 656
26 839
26 425
27 265
27 780
28 733
28 652
29 786
29 610
30 342
30 422
31 546
32 594
32 336
33 833
33 478
34 158
34 713
35 847
35 897
36 99
37 602
37 834
38 162
38 814
39 89
39 354
40 504
41 152
41 273
42 61
42 666
43 519
43 319
44 641
44 853
45 614
45 835
46 822
46 834
47 421
48 820
48 856
49 171
50 591
50 409
51 318
51 507
52 802
52 767
53 89
53 709
54 732
54 886
55 136
55 507
56 855
56 253
57 611
57 390
58 100
58 271
59 179
59 324
60 296
61 489
62 63
62 430
63 800
64 575
64 501
65 324
65 852
66 571
66 849
67 842
67 430
68 553
68 576
69 235
69 818
70 248
70 378
71 153
71 392
72 873
72 457
73 578
73 432
74 297
74 418
75 359
75 803
76 622
76 650
77 605
77 221
78 558
78 216
79 675
80 618
80 230
81 454
81 492
82 643
82 622
83 125
83 211
84 573
84 639
85 145
85 307
86 533
86 619
87 413
87 439
88 112
88 497
90 513
90 873
91 890
92 786
92 377
93 514
93 361
94 741
94 405
95 311
95 437
96 102
96 662
97 760
97 411
98 356
98 410
99 569
100 636
101 398
101 426
102 170
103 680
103 412
104 610
104 250
105 829
105 740
106 638
106 317
107 821
107 724
108 545
108 836
109 155
109 571
110 812
110 373
111 225
111 263
112 640
113 154
113 755
114 136
114 292
115 641
115 498
116 597
116 153
117 525
117 713
118 523
118 217
119 762
119 336
120 878
120 222
121 203
121 354
122 558
122 620
123 341
124 840
124 482
125 231
126 522
126 739
127 582
127 190
128 659
128 302
129 823
129 826
130 310
130 876
131 521
131 487
132 741
132 733
133 645
133 254
134 550
134 875
135 639
135 251
137 597
137 383
138 289
138 496
139 406
139 434
140 236
140 750
141 233
141 857
142 600
142 195
143 211
143 894
144 544
144 629
145 215
146 708
146 585
147 679
147 280
148 552
148 172
149 162
149 815
150 686
150 455
151 816
152 796
154 653
155 872
156 189
156 369
157 346
157 406
158 335
159 669
159 209
160 728
160 892
161 194
161 362
163 274
163 318
164 521
164 592
165 359
165 419
166 444
166 458
167 316
167 335
168 803
168 682
169 281
169 827
170 254
171 716
172 494
173 587
173 764
174 416
174 480
175 348
175 375
176 710
176 810
177 770
177 371
178 561
178 814
179 456
180 319
180 329
181 829
181 746
182 703
182 463
183 672
183 781
184 812
185 804
185 871
186 270
186 456
187 662
187 889
188 586
188 364
189 759
190 783
191 322
191 695
192 739
192 787
193 293
193 429
194 820
195 400
196 651
196 459
197 529
197 530
198 325
198 429
199 599
199 757
200 621
200 360
201 251
202 604
202 416
203 307
204 349
204 896
205 895
205 481
206 625
206 441
207 566
207 765
208 724
208 473
209 213
210 660
210 862
212 343
212 474
213 532
214 764
214 853
215 380
216 559
217 789
218 275
218 415
219 351
219 468
220 800
220 262
221 327
222 787
223 297
223 344
224 779
224 328
225 403
226 258
226 415
227 572
227 840
228 766
228 668
229 564
229 632
230 808
231 421
232 777
232 448
233 701
234 527
234 238
235 290
236 735
237 609
237 313
238 511
239 774
239 304
240 721
240 729
241 863
241 783
242 276
242 423
243 766
243 396
244 673
244 838
245 300
245 395
246 520
246 657
247 255
247 464
248 810
249 540
249 736
250 704
252 700
252 363
253 368
255 607
256 893
256 769
257 691
258 849
259 794
259 846
260 545
260 404
261 627
261 720
262 496
263 490
264 520
264 738
265 513
266 377
266 483
267 567
267 287
268 538
268 368
269 550
269 604
270 574
271 837
272 730
272 314
273 887
274 844
275 734
276 277
277 279
278 818
278 479
279 807
280 654
281 381
282 286
282 765
283 695
283 795
285 402
285 798
286 355
287 846
288 867
288 419
289 859
290 565
291 705
292 583
293 501
294 893
294 462
295 531
295 500
296 685
298 665
298 387
299 540
299 394
300 350
301 704
301 690
302 527
303 362
303 587
304 321
305 802
305 433
306 334
306 417
308 608
308 482
309 549
309 817
310 524
311 702
312 334
312 767
313 828
314 316
315 863
315 678
317 725
320 642
320 510
321 833
323 668
323 747
325 556
326 795
326 582
327 630
328 433
329 534
330 877
330 752
331 796
332 801
332 410
333 701
333 864
337 644
337 687
338 706
338 813
339 696
339 731
340 629
340 498
341 611
342 567
343 590
344 374
345 866
345 443
346 400
347 676
347 434
348 623
349 462
350 676
351 471
352 736
352 743
353 557
353 500
355 364
356 890
357 771
357 750
358 537
358 799
360 394
361 761
363 805
365 401
366 898
366 470
367 616
367 880
369 712
370 891
371 843
372 516
372 612
373 427
374 653
375 454
376 681
376 395
378 546
379 782
379 391
380 446
381 475
382 603
382 628
383 630
384 816
384 566
385 635
385 432
386 692
386 637
387 468
388 694
388 476
389 519
389 437
390 798
391 547
392 554
393 693
393 756
396 438
397 627
397 894
398 543
399 644
399 717
401 832
402 593
403 508
404 570
405 857
407 636
407 411
408 663
408 455
409 495
412 570
413 591
414 806
414 808
417 466
418 707
420 791
420 848
422 618
423 603
424 760
424 469
425 870
426 756
427 563
428 536
428 693
431 772
431 646
435 831
435 896
436 575
436 478
438 715
439 593
440 605
440 648
441 768
442 870
442 686
443 861
444 874
445 700
445 789
446 698
447 617
447 735
448 581
449 568
449 779
450 557
450 794
451 842
451 827
452 876
452 825
453 723
453 788
457 711
458 880
459 529
460 715
460 502
461 673
461 755
463 613
464 778
465 773
465 574
466 850
467 684
467 807
469 538
471 721
472 855
472 871
473 502
474 576
475 650
476 528
477 719
477 776
480 782
481 561
483 845
484 752
484 860
485 780
485 722
486 541
486 690
487 509
488 577
488 679
489 664
490 663
491 609
491 539
492 595
493 817
493 506
494 738
495 624
497 581
499 638
499 761
503 651
503 664
504 508
505 573
505 692
506 601
509 703
510 637
511 852
512 799
512 792
514 601
515 688
515 879
516 562
517 734
518 788
518 559
522 728
523 666
525 615
526 633
526 689
528 717
531 746
532 858
534 742
535 865
535 621
536 888
539 554
541 727
542 716
542 626
543 640
544 697
547 585
548 844
548 872
549 793
551 889
551 867
555 577
555 754
556 620
560 775
560 674
562 578
563 751
564 821
565 592
568 801
569 811
572 683
579 665
579 874
580 785
580 723
583 777
584 790
586 862
588 748
588 851
589 688
589 891
594 681
596 882
596 836
598 804
598 868
599 832
600 841
602 861
606 892
607 684
608 677
612 661
613 826
614 748
615 691
616 864
623 859
624 869
625 718
626 708
628 732
631 877
631 793
632 689
633 775
634 885
635 784
642 897
643 895
645 699
646 813
647 751
647 875
648 868
649 866
649 809
652 882
655 667
655 744
656 683
657 854
658 709
658 805
659 854
660 865
661 860
667 747
669 819
670 822
670 781
671 825
671 851
674 797
675 687
680 726
682 815
685 845
694 884
697 884
698 743
705 835
706 769
707 830
710 772
711 887
712 722
714 774
718 823
719 754
720 740
725 883
726 886
729 768
730 773
731 770
737 745
737 809
742 749
744 824
749 879
753 762
753 792
757 858
759 883
763 806
771 790
776 898
778 888
784 839
785 881
791 899
797 847
811 831
819 848
824 878
830 869
837 843
838 856
885 899
900 36
901 758
-1 -1
93.2885
