1
0 684
0 493
1 30
1 39
2 15
2 776
3 51
3 462
4 122
4 233
5 31
5 828
6 76
6 686
7 86
7 623
8 617
8 889
9 35
9 483
10 822
10 366
11 71
11 893
12 743
12 727
13 383
13 459
14 896
14 848
15 816
16 772
16 665
17 74
17 624
18 301
18 452
19 343
19 364
20 124
20 425
21 400
21 437
22 645
22 459
23 629
23 164
24 542
24 472
25 705
25 253
26 609
26 223
27 605
27 899
28 356
29 237
29 295
30 213
31 249
32 658
32 788
33 70
33 398
34 132
34 464
35 765
36 533
36 268
37 226
37 316
38 532
38 678
39 597
40 52
40 430
41 372
41 888
42 586
42 883
43 830
43 471
44 94
44 715
45 296
45 461
46 516
46 667
47 470
47 478
48 589
48 304
49 778
49 275
50 837
50 500
51 740
52 627
53 87
53 135
54 524
54 495
55 538
55 246
56 868
56 312
57 371
57 454
58 838
58 456
59 62
59 565
60 514
60 729
61 362
61 444
62 850
63 614
63 310
64 489
64 506
65 87
65 363
66 532
66 468
67 881
67 475
68 723
68 235
69 709
69 411
70 173
71 277
72 96
72 639
73 182
73 319
74 322
75 832
75 592
76 584
77 242
77 320
78 522
78 201
79 710
79 456
80 709
80 761
81 522
81 561
82 534
82 283
83 611
83 211
84 818
84 871
85 300
85 388
86 294
88 603
88 846
89 700
89 271
90 202
90 314
91 210
92 386
92 455
93 689
93 324
94 564
95 872
95 286
96 547
97 334
97 581
98 615
98 136
99 700
99 781
100 258
100 333
101 683
101 191
102 664
102 674
103 161
103 804
104 461
104 511
105 521
105 732
106 637
106 500
107 575
107 781
108 377
108 450
109 620
109 851
110 256
110 471
111 801
111 654
112 677
112 831
113 289
113 650
114 563
114 713
115 373
115 507
116 187
116 233
117 808
117 607
118 519
118 811
119 180
119 419
120 725
120 334
121 898
121 449
122 354
123 236
123 584
124 326
125 129
125 266
126 707
126 655
127 673
127 344
128 280
128 502
129 605
130 697
130 337
131 238
131 814
132 536
133 656
133 496
134 188
134 866
135 735
136 206
137 740
137 769
138 145
138 795
139 849
139 410
140 768
140 292
141 176
141 554
142 801
142 813
143 660
143 897
144 202
144 727
145 857
146 704
146 488
147 232
147 352
148 742
148 657
149 625
149 879
150 357
150 744
151 353
151 486
152 630
152 769
153 332
153 446
154 407
154 836
155 808
155 327
156 855
156 265
157 803
157 315
158 513
158 890
159 520
159 833
160 636
160 721
161 194
162 752
162 287
163 634
163 894
164 423
165 254
165 381
166 734
166 465
167 171
167 511
168 702
168 232
169 608
169 313
170 284
170 432
171 488
172 569
172 282
173 203
174 768
174 780
175 809
175 311
176 350
177 293
177 369
178 566
178 720
179 186
179 773
180 745
181 634
181 895
182 423
183 784
183 854
184 688
184 229
185 298
185 414
186 866
187 460
188 843
189 729
189 587
190 607
190 404
191 306
192 667
192 243
193 875
193 405
194 557
195 517
195 315
196 210
196 493
197 805
197 819
198 285
198 685
199 518
199 770
200 697
200 429
201 608
203 421
204 896
204 328
205 813
205 351
206 439
207 546
207 220
208 767
208 385
209 877
209 669
211 544
212 535
212 831
213 746
214 609
214 716
215 241
215 387
216 558
216 717
217 372
217 443
218 819
218 898
219 527
219 802
220 325
221 539
221 732
222 762
222 487
223 563
224 751
224 597
225 542
225 279
226 632
227 548
227 770
228 698
228 731
229 439
230 540
230 314
231 680
231 291
234 567
234 876
235 342
236 296
237 750
238 823
239 885
239 710
240 708
240 333
241 303
242 806
243 835
244 593
244 614
245 512
245 621
246 757
247 591
247 309
248 574
248 567
249 733
250 619
250 810
251 604
251 699
252 742
252 847
253 293
254 481
255 568
255 269
256 718
257 692
257 359
258 268
259 663
259 599
260 321
260 811
261 327
261 361
262 319
262 329
263 778
263 467
264 888
264 401
265 695
266 380
267 807
267 491
269 720
270 675
270 706
271 555
272 513
272 578
273 601
273 291
274 600
274 295
275 649
276 556
276 508
277 859
278 827
278 358
279 637
280 620
281 771
281 586
282 318
283 373
284 843
285 818
286 364
287 758
288 576
288 507
289 346
290 753
290 881
292 519
294 644
297 760
297 837
298 662
299 878
299 474
300 836
301 807
302 530
302 627
303 862
304 353
305 796
305 750
306 352
307 437
307 484
308 631
308 552
309 642
310 761
311 409
312 894
313 347
316 651
317 636
317 701
318 480
320 884
321 485
322 501
323 867
323 657
324 431
325 721
326 708
328 777
329 378
330 693
330 800
331 741
331 479
332 652
335 606
335 728
336 525
336 375
337 601
338 722
338 726
339 873
339 882
340 383
340 846
341 690
341 384
342 624
343 525
344 569
345 487
345 489
346 629
347 467
348 650
348 814
349 577
349 494
350 851
351 393
354 536
355 600
355 378
356 480
357 594
358 428
359 795
360 653
360 779
361 828
362 854
363 748
365 514
365 509
366 869
367 674
367 379
368 786
368 453
369 534
370 654
370 661
371 436
374 540
374 583
375 440
376 787
376 849
377 390
379 496
380 477
381 815
382 424
382 436
384 427
385 693
386 426
387 741
388 501
389 399
389 469
390 755
391 711
391 767
392 677
392 758
393 448
394 398
394 476
395 687
395 682
396 681
396 725
397 724
397 502
399 670
400 590
401 484
402 606
402 816
403 722
403 764
404 582
405 756
406 612
406 852
407 564
408 691
408 744
409 844
410 716
411 773
412 745
412 858
413 730
413 797
414 785
415 783
415 509
416 646
416 823
417 521
417 835
418 547
418 891
419 613
420 551
420 841
421 473
422 666
422 554
424 857
425 623
426 639
427 679
428 659
429 516
430 434
431 560
432 465
433 559
433 848
434 728
435 838
435 714
438 826
438 662
440 549
441 852
441 874
442 779
442 679
443 830
444 812
445 789
445 879
446 753
447 599
447 508
448 665
449 719
450 711
451 632
451 466
452 541
453 847
454 841
455 780
457 591
457 887
458 877
458 482
460 573
462 696
463 574
463 701
464 783
466 880
468 692
469 596
470 749
472 774
473 735
474 840
475 739
476 766
477 559
478 803
479 785
481 531
482 572
483 738
485 739
486 822
490 549
490 676
491 648
492 524
492 850
494 799
495 618
497 555
497 766
498 824
498 499
499 792
503 528
503 517
504 543
504 817
505 515
505 861
506 535
510 537
510 738
512 793
515 897
518 583
520 670
523 548
523 821
526 772
526 747
527 790
528 626
529 575
529 800
530 890
531 685
533 794
537 682
538 683
539 887
541 829
543 551
544 840
545 743
545 886
546 610
550 782
550 658
552 615
553 678
553 865
556 747
557 626
558 684
560 853
561 703
562 573
562 566
565 578
568 589
570 776
570 810
571 631
571 799
572 699
576 656
577 870
579 594
579 622
580 641
580 834
581 596
582 723
585 736
585 760
587 590
588 875
588 661
592 774
593 746
595 638
595 736
598 640
598 845
602 833
602 884
603 805
604 815
610 660
611 730
612 659
613 687
616 726
616 820
617 643
618 842
619 648
621 791
622 775
625 733
628 655
628 696
630 704
633 702
633 797
635 790
635 642
638 649
640 754
641 880
643 712
644 759
645 859
646 817
647 748
647 839
651 842
652 698
653 844
663 713
664 883
666 737
668 672
668 872
669 860
671 784
671 793
672 856
673 686
675 717
676 762
680 765
681 832
688 714
689 885
690 759
691 705
694 820
694 775
695 871
703 861
706 731
707 882
712 826
715 839
718 751
719 825
724 869
734 798
737 788
749 756
752 754
755 806
757 864
763 809
763 792
764 787
771 845
777 886
782 892
786 794
789 891
791 858
796 860
798 876
802 864
804 824
812 855
821 827
825 868
829 878
834 863
853 863
856 895
862 873
865 889
867 899
870 874
892 893
900 91
901 28
-1 -1
32.1473
