1
0 198
0 470
1 557
1 676
2 648
2 652
3 197
3 310
4 99
4 164
5 400
5 511
6 580
6 691
7 45
7 521
8 474
8 672
9 462
9 479
10 11
10 344
11 220
12 19
12 369
13 42
13 296
14 352
14 371
15 327
15 660
16 374
16 611
17 264
17 649
18 96
18 484
19 131
20 263
21 228
21 534
22 491
22 644
23 211
23 481
24 382
24 503
25 632
25 638
26 214
26 571
27 151
27 493
28 200
28 460
29 235
29 506
30 146
30 568
31 116
31 639
32 35
32 38
33 178
33 272
34 281
34 597
35 641
36 173
36 396
37 230
37 261
38 665
39 308
39 384
40 291
40 392
41 133
41 557
42 578
43 128
43 351
44 269
44 308
45 173
46 274
46 387
47 572
47 614
48 168
48 397
49 301
49 493
50 93
50 233
51 429
51 538
52 162
52 684
53 397
53 548
54 58
54 317
55 335
55 508
56 396
56 502
57 82
57 281
58 585
59 170
59 587
60 72
60 652
61 64
61 278
62 436
62 460
63 159
63 416
64 642
65 216
65 596
66 201
66 425
67 562
67 646
68 132
68 355
69 75
69 631
70 356
70 448
71 129
71 415
72 565
73 186
73 667
74 271
74 564
75 698
76 319
76 414
77 578
77 681
78 323
78 619
79 436
79 567
80 330
80 434
81 570
81 628
82 288
83 362
83 371
84 194
84 344
85 134
85 393
86 191
86 245
87 232
87 288
88 301
88 699
89 138
89 692
90 626
90 637
91 95
91 367
92 294
92 326
93 386
94 489
94 525
95 189
96 179
97 335
97 535
98 426
98 588
99 454
100 148
100 594
101 313
101 385
102 167
102 685
103 261
103 412
104 536
104 657
105 603
105 668
106 222
106 550
107 253
107 409
108 478
108 661
109 315
109 690
110 157
110 355
111 220
111 441
112 246
112 643
113 576
113 650
114 316
114 512
115 363
115 605
116 170
117 129
117 249
118 278
118 477
119 183
119 507
120 242
120 666
121 160
121 516
122 289
122 347
123 352
123 405
124 564
124 656
125 243
125 669
126 563
126 618
127 473
127 585
128 491
130 548
130 634
131 644
132 660
133 624
134 331
135 166
135 552
136 459
136 664
137 471
137 544
138 559
139 300
139 628
140 215
140 507
141 349
141 413
142 175
142 348
143 153
143 251
144 477
144 612
145 468
145 620
146 584
147 221
147 449
148 640
149 340
149 661
150 202
150 336
151 309
152 333
152 448
153 364
154 368
154 630
155 370
155 388
156 290
156 357
157 510
158 195
158 404
159 381
160 524
161 329
161 439
162 532
163 378
163 520
164 609
165 399
165 683
166 645
167 617
168 294
169 215
169 357
171 625
171 651
172 576
172 601
174 207
174 662
175 681
176 419
176 541
177 637
177 685
178 208
179 250
180 193
180 593
181 266
181 682
182 263
182 268
183 527
184 405
184 693
185 379
185 443
186 334
187 264
187 439
188 203
188 421
189 399
190 268
190 665
191 593
192 323
192 648
193 303
194 299
195 217
196 463
196 655
197 680
198 683
199 293
199 409
200 466
201 328
202 245
203 226
204 411
205 417
205 625
206 327
206 541
207 373
208 251
209 517
209 602
210 285
210 365
211 231
212 341
212 488
213 462
213 617
214 586
216 518
217 629
218 224
218 354
219 489
219 602
221 440
222 302
223 280
223 605
224 275
225 588
225 677
226 634
227 500
227 553
228 674
229 382
229 453
230 599
231 470
232 486
233 589
234 297
234 305
235 358
236 383
236 594
237 410
237 465
238 428
238 615
239 277
239 483
240 463
240 656
241 332
241 678
242 276
243 277
244 586
244 626
246 286
247 266
247 287
248 513
248 517
249 520
250 366
252 555
252 569
253 442
254 362
254 590
255 503
255 579
256 414
256 608
257 282
257 423
258 490
258 674
259 624
259 699
260 575
260 581
262 339
262 659
265 369
265 451
267 523
267 597
269 341
270 446
270 539
271 353
272 347
273 505
273 558
274 595
275 291
276 509
279 442
279 485
280 312
282 467
283 368
283 390
284 408
284 647
285 473
286 363
287 566
289 545
290 423
292 447
292 583
293 633
295 320
295 350
296 350
297 433
298 324
298 458
299 498
300 577
302 690
303 455
304 543
304 647
305 630
306 675
306 693
307 361
307 432
309 325
310 540
311 654
311 677
312 452
313 376
314 338
314 343
315 487
316 636
317 392
318 418
318 575
319 613
320 428
321 438
321 606
322 333
322 522
324 530
325 547
326 389
328 499
329 343
330 403
331 492
332 694
334 640
336 663
337 461
337 469
338 551
339 469
340 666
342 555
342 621
345 434
345 562
346 453
346 549
348 457
349 433
351 481
353 398
354 599
356 504
358 646
359 441
359 457
360 420
360 642
361 531
364 519
365 622
366 654
367 558
370 641
372 390
372 686
373 407
374 445
375 412
375 546
376 386
377 591
377 649
378 381
379 563
380 487
380 611
383 492
384 431
385 671
387 570
388 638
389 438
391 395
391 667
393 443
394 403
394 407
395 556
398 430
400 609
401 416
401 488
402 494
402 551
404 450
406 527
406 561
408 600
410 418
411 676
413 657
415 524
417 437
419 662
420 539
421 631
422 514
422 583
424 554
424 653
425 614
426 618
427 471
427 697
429 450
430 582
431 446
432 589
435 560
435 604
437 695
440 496
444 472
444 579
445 509
447 620
449 566
451 689
452 511
454 672
455 675
456 537
456 643
458 525
459 518
461 580
464 515
464 658
465 499
466 645
467 655
468 679
472 610
474 526
475 495
475 615
476 497
476 627
478 616
479 502
480 595
480 607
482 514
482 535
483 565
484 540
485 688
486 663
490 582
494 528
495 521
496 658
497 682
498 547
500 504
501 546
501 619
505 639
506 573
508 536
510 686
512 591
513 691
515 608
516 696
519 526
522 587
523 601
528 689
529 554
529 556
530 590
531 542
532 569
533 550
533 600
534 571
537 553
538 650
542 678
543 559
544 610
545 604
549 687
552 622
560 574
561 668
567 636
568 635
572 688
573 669
574 694
577 670
581 659
584 623
592 671
592 684
596 627
598 623
598 629
603 607
606 679
612 670
613 680
616 653
621 673
632 698
633 651
635 692
664 697
673 687
695 696
700 204
701 20
-1 -1
14.8476
