1
0 28
0 317
1 102
1 204
2 272
2 306
3 226
3 13
4 68
4 142
5 291
5 362
6 33
6 164
7 166
7 190
8 133
8 107
9 225
9 290
10 226
10 164
11 196
11 344
12 307
12 312
13 237
14 326
14 284
15 100
15 396
16 213
16 376
17 392
17 166
18 198
18 113
19 259
19 121
20 47
20 85
21 40
21 85
22 174
22 106
23 301
23 352
24 175
24 95
25 150
25 49
26 289
26 325
27 73
27 284
28 286
29 296
29 61
30 206
30 154
31 233
31 303
32 358
32 75
33 301
34 104
34 82
35 145
35 332
36 359
37 367
37 357
38 302
38 303
39 224
39 336
40 114
41 97
41 77
42 399
42 297
43 197
43 63
44 56
44 253
45 220
45 364
46 137
46 337
47 230
48 236
48 369
49 384
50 172
50 219
51 354
51 74
52 392
52 248
53 158
53 56
54 129
54 93
55 233
55 159
57 100
57 181
58 225
58 154
59 256
59 348
60 205
60 311
61 130
62 86
62 356
63 157
64 323
64 91
65 98
65 186
66 262
66 294
67 142
67 340
68 117
69 347
69 126
70 204
70 396
71 286
71 121
72 143
72 145
73 268
74 298
75 158
76 322
76 372
77 278
78 321
78 171
79 238
79 117
80 287
80 173
81 171
81 206
82 398
83 131
83 134
84 208
84 244
86 367
87 267
87 337
88 338
88 93
89 333
89 184
90 249
90 255
91 238
92 240
92 314
94 224
94 293
95 102
96 106
96 108
97 255
98 328
99 258
99 304
101 259
101 342
103 257
103 274
104 339
105 128
105 368
107 378
108 247
109 265
109 361
110 311
110 188
111 215
111 271
112 177
112 185
113 378
114 288
115 335
115 305
116 270
116 147
118 313
118 181
119 333
119 182
120 135
120 316
122 160
122 132
123 390
123 330
124 183
124 273
125 203
125 308
126 210
127 235
127 344
128 316
129 260
130 271
131 136
132 143
133 203
134 147
135 232
136 215
137 223
138 231
138 381
139 384
139 281
140 159
140 179
141 297
141 188
144 292
144 148
146 234
146 287
148 187
149 210
149 369
150 389
151 279
151 243
152 276
152 242
153 334
153 220
155 193
155 285
156 197
156 211
157 355
160 320
161 185
161 380
162 263
162 216
163 292
163 249
165 228
165 295
167 178
167 183
168 276
168 358
169 251
169 349
170 234
170 341
172 266
173 395
174 395
175 315
176 274
176 247
177 314
178 229
179 394
180 360
180 393
182 245
184 268
186 386
189 354
189 350
190 371
191 269
191 270
192 244
192 380
193 272
194 290
194 331
195 212
195 222
196 200
198 345
199 331
199 313
200 228
201 209
201 317
202 324
202 239
205 359
207 334
207 304
208 347
209 355
211 307
212 281
213 397
214 218
214 299
216 329
217 258
217 260
218 328
219 253
221 353
221 243
222 388
223 295
227 366
227 339
229 389
230 340
231 342
232 294
235 312
236 293
237 266
239 341
240 299
241 322
241 308
242 263
245 319
246 327
246 377
248 305
250 310
250 351
251 254
252 262
252 280
254 375
256 394
257 371
261 321
261 319
264 382
264 366
265 381
267 351
269 379
273 309
275 375
275 277
277 387
278 318
279 300
280 298
282 348
282 346
283 302
283 343
285 329
288 364
289 382
291 349
296 376
300 383
306 365
309 325
310 338
315 327
318 357
320 374
323 391
324 356
326 343
330 332
335 383
336 363
345 350
346 372
352 387
353 391
360 377
361 374
362 370
363 388
365 398
368 373
370 393
373 390
379 385
385 399
386 397
400 187
401 36
-1 -1
1.10938
