1
0 48
0 367
1 18
1 298
2 47
2 385
3 12
3 597
4 246
4 675
5 156
5 451
6 58
6 879
7 204
7 648
8 324
8 647
9 359
9 381
10 422
10 769
11 437
11 569
12 707
13 129
13 601
14 662
14 695
15 205
15 224
16 273
16 461
17 502
17 808
18 876
19 408
19 792
20 174
20 763
21 721
21 857
22 527
22 617
23 331
23 484
24 102
24 688
25 358
25 774
26 315
26 516
27 136
27 241
28 560
28 685
29 362
29 528
30 272
30 409
31 233
31 417
32 618
32 739
33 387
33 566
34 96
34 234
35 185
35 218
36 636
36 681
37 164
37 441
38 392
38 767
39 448
39 676
40 50
40 656
41 167
41 439
42 275
42 834
43 91
43 713
44 282
44 790
45 175
45 299
46 62
46 665
47 700
48 451
49 126
49 365
50 540
51 447
51 869
52 228
52 610
53 73
53 319
54 370
54 565
55 137
55 755
56 535
56 739
57 398
57 620
58 890
59 111
59 835
60 489
60 750
61 574
61 726
62 215
63 242
63 588
64 423
64 535
65 414
65 740
66 82
66 772
67 86
67 361
68 135
68 672
69 177
69 270
70 265
70 325
71 669
71 871
72 369
72 564
73 730
74 229
74 352
75 272
75 390
76 498
76 510
77 176
77 650
78 169
78 268
79 183
79 334
80 335
80 513
81 626
81 764
82 438
83 281
83 702
84 173
84 198
85 133
85 232
86 348
87 477
87 806
88 257
88 655
89 280
89 814
90 589
90 824
91 831
92 260
92 570
93 494
93 596
94 201
94 680
95 117
95 433
96 157
97 518
97 599
98 419
98 882
99 348
99 444
100 380
100 513
101 254
101 862
102 890
103 118
103 306
104 650
104 896
105 427
105 782
106 771
106 884
107 717
107 853
108 269
108 538
109 718
109 722
110 685
110 823
111 467
112 425
112 715
113 444
113 682
114 216
114 664
115 295
115 712
116 697
116 769
117 775
118 518
119 577
119 756
120 149
120 300
121 401
121 537
122 250
122 526
123 505
123 663
124 374
124 574
125 166
125 501
126 616
127 267
127 357
128 210
128 222
129 823
130 310
130 816
131 145
131 520
132 201
132 677
133 764
134 563
134 885
135 826
136 400
137 854
138 803
138 817
139 330
139 409
140 173
140 744
141 310
141 483
142 407
142 798
143 545
143 564
144 589
144 620
145 849
146 502
146 633
147 194
147 813
148 399
148 892
149 546
150 355
150 402
151 487
151 880
152 170
152 284
153 500
153 797
154 347
154 455
155 290
155 308
156 487
157 193
158 188
158 287
159 295
159 433
160 168
160 858
161 383
161 786
162 321
162 711
163 252
163 581
164 735
165 466
165 521
166 673
167 809
168 757
169 597
170 836
171 277
171 304
172 608
172 859
174 738
175 477
176 302
177 354
178 357
178 577
179 526
179 748
180 460
180 551
181 406
181 558
182 514
182 515
183 397
184 481
184 733
185 362
186 561
186 585
187 347
187 693
188 748
189 547
189 691
190 211
190 689
191 273
191 557
192 274
192 378
193 466
194 783
195 253
195 262
196 571
196 618
197 212
197 683
198 889
199 384
199 454
200 239
200 888
202 724
202 757
203 342
203 445
204 586
205 495
206 294
206 336
207 658
207 827
208 799
208 898
209 517
209 806
210 398
211 832
212 818
213 592
213 621
214 383
214 803
215 872
216 796
217 300
217 432
218 381
219 705
219 758
220 546
220 810
221 870
221 893
222 559
223 305
223 435
224 269
225 485
225 793
226 345
226 473
227 668
227 699
228 496
229 550
230 430
230 692
231 542
231 568
232 509
233 812
234 427
235 609
235 771
236 587
236 759
237 274
237 876
238 249
238 307
239 541
240 486
240 632
241 697
242 612
243 645
243 660
244 322
244 465
245 290
245 743
246 253
247 248
247 837
248 407
249 470
250 552
251 266
251 781
252 798
254 393
255 497
255 584
256 528
256 568
257 508
258 278
258 557
259 458
259 686
260 819
261 371
261 690
262 570
263 779
263 895
264 411
264 417
265 863
266 550
267 770
268 366
270 607
271 476
271 642
275 287
276 309
276 794
277 506
278 475
279 637
279 746
280 848
281 375
282 868
283 621
283 768
284 623
285 638
285 679
286 324
286 351
288 393
288 519
289 491
289 553
291 598
291 625
292 440
292 705
293 350
293 668
294 837
296 585
296 708
297 636
297 828
298 880
299 340
301 333
301 452
302 506
303 783
303 894
304 859
305 382
306 580
307 882
308 747
309 646
311 426
311 591
312 396
312 773
313 482
313 776
314 555
314 875
315 864
316 461
316 810
317 575
317 713
318 331
318 878
319 718
320 425
320 651
321 630
322 674
323 731
323 773
325 745
326 775
326 838
327 613
327 731
328 605
328 865
329 657
329 826
330 881
332 541
332 677
333 418
334 369
335 595
336 552
337 749
337 819
338 416
338 886
339 364
339 500
340 612
341 456
341 632
342 349
343 439
343 797
344 638
344 665
345 554
346 438
346 814
349 735
350 504
351 897
352 532
353 517
353 591
354 790
355 622
356 703
356 719
358 479
359 891
360 828
360 851
361 594
363 702
363 850
364 729
365 799
366 413
367 386
368 728
368 849
370 431
371 778
372 772
372 802
373 716
373 856
374 842
375 472
376 784
376 860
377 399
377 484
378 606
379 547
379 879
380 708
382 649
384 754
385 678
386 598
387 829
388 499
388 607
389 531
389 602
390 791
391 671
391 867
392 610
394 560
394 580
395 682
395 796
396 667
397 696
400 633
401 800
402 588
403 525
403 592
404 480
404 678
405 511
405 820
406 654
408 658
410 531
410 875
411 646
412 503
412 667
413 896
414 586
415 644
415 768
416 462
418 838
419 475
420 686
420 792
421 695
421 698
422 630
423 804
424 428
424 634
426 471
428 456
429 760
429 863
430 766
431 765
432 862
434 767
434 839
435 742
436 576
436 696
437 752
440 486
441 693
442 811
442 856
443 750
443 899
445 825
446 836
446 866
447 872
448 521
449 701
449 714
450 711
450 813
452 752
453 458
453 652
454 892
455 893
457 788
457 843
459 554
459 855
460 525
462 794
463 556
463 851
464 599
464 640
465 522
467 763
468 492
468 674
469 543
469 609
470 789
471 809
472 644
473 885
474 542
474 864
476 895
478 611
478 846
479 807
480 492
481 660
482 579
483 536
485 680
488 509
488 661
489 833
490 608
490 681
491 860
493 558
493 822
494 661
495 861
496 578
497 758
498 844
499 614
501 578
503 830
504 751
505 720
507 524
507 602
508 549
510 801
511 651
512 671
512 723
514 725
515 622
516 662
519 687
520 571
522 530
523 604
523 643
524 581
527 818
529 629
529 734
530 659
532 732
533 573
533 886
534 692
534 761
536 647
537 637
538 624
539 619
539 657
540 883
543 847
544 727
544 774
545 709
548 593
548 679
549 726
551 868
553 565
555 857
556 811
559 733
561 666
562 576
562 629
563 871
566 725
567 762
567 791
569 634
572 652
572 843
573 853
575 604
579 749
582 642
582 754
583 664
583 899
584 845
587 887
590 689
590 808
593 742
594 736
595 655
596 805
600 737
600 835
601 641
603 734
603 825
605 684
606 779
611 730
613 821
614 891
615 709
615 795
616 770
617 732
619 740
623 870
624 898
625 656
626 737
627 669
627 780
628 751
628 883
631 694
631 844
635 640
635 866
639 653
639 706
641 812
643 753
645 815
648 846
653 745
654 839
659 666
663 712
670 704
670 861
672 894
673 855
675 728
676 780
683 884
684 687
688 822
690 841
691 703
694 738
698 765
699 834
700 840
701 722
704 787
706 761
707 766
710 788
710 833
714 807
715 727
716 753
717 830
719 784
720 762
721 841
723 877
724 729
736 878
741 821
741 888
743 845
744 786
746 874
747 877
755 842
756 789
759 850
760 802
776 887
777 804
777 831
778 793
781 848
782 827
785 824
785 840
787 897
795 865
800 852
801 889
805 867
815 820
816 858
817 832
829 874
847 881
852 873
854 869
900 649
901 873
-1 -1
40.9338
