1
0 105
0 833
1 646
1 786
2 17
2 715
3 723
3 809
4 395
4 425
5 266
5 779
6 811
6 836
7 497
7 625
8 141
8 193
9 256
9 492
10 373
10 400
11 537
11 754
12 556
12 606
13 39
13 541
14 188
14 444
15 460
15 651
16 50
16 197
17 92
18 182
18 307
19 103
19 403
20 206
20 274
21 468
21 647
22 768
22 813
23 414
23 761
24 79
24 499
25 267
25 403
26 369
26 629
27 42
27 884
28 305
28 349
29 269
29 588
30 633
30 644
31 201
31 684
32 373
32 782
33 421
33 620
34 515
34 596
35 629
35 764
36 362
36 872
37 75
37 498
38 222
38 539
39 790
40 82
40 353
41 320
41 847
42 776
43 68
43 564
44 367
44 468
45 775
45 821
46 137
46 886
47 254
47 610
48 332
48 449
49 553
50 58
51 204
51 520
52 386
52 431
53 262
53 712
54 246
54 809
55 299
55 351
56 300
56 315
57 298
57 450
58 459
59 602
59 872
60 82
60 345
61 527
61 788
62 179
62 405
63 376
63 763
64 325
64 461
65 323
65 850
66 184
66 856
67 344
67 664
68 899
69 151
69 857
70 247
70 885
71 263
71 663
72 713
72 823
73 193
73 827
74 102
74 594
75 302
76 208
76 383
77 309
77 770
78 446
78 636
79 731
80 230
80 689
81 847
81 880
83 734
83 801
84 100
84 774
85 751
85 866
86 355
86 488
87 401
87 574
88 627
88 826
89 180
89 555
90 362
90 883
91 262
91 724
92 679
93 854
93 873
94 733
94 862
95 189
95 511
96 102
96 528
97 354
97 548
98 288
98 531
99 222
99 830
100 366
101 257
101 609
103 329
104 363
104 764
105 573
106 646
106 852
107 463
107 581
108 237
108 793
109 639
109 684
110 271
110 446
111 161
111 396
112 380
112 565
113 600
113 811
114 228
114 820
115 523
115 567
116 248
116 747
117 120
117 263
118 278
118 648
119 214
119 535
120 671
121 253
121 657
122 160
122 493
123 258
123 604
124 171
124 882
125 241
125 245
126 587
126 823
127 321
127 775
128 314
128 386
129 374
129 672
130 434
130 451
131 876
131 881
132 396
132 735
133 149
133 404
134 379
134 515
135 140
135 560
136 420
136 628
137 714
138 522
138 577
139 576
139 798
140 671
141 542
142 378
142 613
143 375
143 402
144 691
144 737
145 260
145 681
146 491
146 711
147 397
147 516
148 172
148 721
149 549
150 617
150 893
151 801
152 472
152 702
153 821
153 864
154 348
154 438
155 319
155 344
156 221
156 658
157 543
157 741
158 309
158 659
159 218
159 264
160 808
161 643
162 476
162 792
163 256
163 561
164 283
164 500
165 517
165 636
166 177
166 665
167 750
167 859
168 579
168 791
169 426
169 692
170 789
170 799
171 781
172 272
173 389
173 743
174 441
174 598
175 367
175 614
176 741
176 762
177 334
178 251
178 855
179 676
180 220
181 394
181 852
182 845
183 188
183 742
184 185
185 226
186 237
186 292
187 199
187 630
189 232
190 495
190 615
191 393
191 896
192 557
192 657
194 196
194 777
195 603
195 772
196 510
197 892
198 590
198 665
199 786
200 223
200 887
201 696
202 279
202 606
203 353
203 700
204 895
205 516
205 698
206 382
207 285
207 400
208 876
209 604
209 869
210 470
210 477
211 221
211 654
212 660
212 661
213 540
213 777
214 703
215 223
215 444
216 735
216 747
217 369
217 407
218 368
219 356
219 685
220 557
224 627
224 668
225 284
225 466
226 352
227 233
227 788
228 489
229 394
229 620
230 877
231 581
231 632
232 727
233 502
234 281
234 558
235 319
235 650
236 467
236 819
238 267
238 380
239 295
239 896
240 342
240 771
241 476
242 505
242 860
243 316
243 810
244 832
244 851
245 664
246 879
247 892
248 708
249 282
249 554
250 254
250 566
251 443
252 562
252 753
253 507
255 512
255 528
257 447
258 675
259 538
259 795
260 682
261 424
261 732
264 532
265 667
265 766
266 714
268 377
268 490
269 844
270 563
270 580
271 372
272 302
273 494
273 513
274 582
275 402
275 512
276 611
276 658
277 830
277 871
278 597
279 607
280 285
280 524
281 481
282 358
283 804
284 849
286 534
286 706
287 673
287 674
288 722
289 458
289 831
290 824
290 875
291 787
291 861
292 503
293 739
293 816
294 592
294 839
295 599
296 698
296 719
297 716
297 802
298 324
299 430
300 701
301 608
301 705
303 799
303 805
304 577
304 802
305 649
306 419
306 496
307 313
308 668
308 808
310 401
310 411
311 336
311 481
312 568
312 831
313 669
314 583
315 707
316 392
317 460
317 484
318 593
318 719
320 634
321 740
322 490
322 750
323 472
324 436
325 794
326 384
326 706
327 536
327 894
328 700
328 828
329 776
330 697
330 838
331 504
331 855
332 510
333 469
333 479
334 351
335 860
335 888
336 634
337 677
337 767
338 531
338 546
339 429
339 832
340 410
340 613
341 526
341 754
342 485
343 450
343 720
345 758
346 761
346 785
347 532
347 733
348 465
349 653
350 414
350 742
352 853
354 726
355 743
356 456
357 652
357 728
358 466
359 612
359 859
360 493
360 536
361 491
361 568
363 870
364 420
364 848
365 422
365 704
366 395
368 885
370 579
370 583
371 399
371 488
372 725
374 834
375 767
376 744
377 428
378 746
379 621
381 544
381 547
382 628
383 474
384 778
385 753
385 843
387 437
387 757
388 406
388 521
389 575
390 578
390 865
391 422
391 511
392 641
393 462
397 487
398 469
398 529
399 693
404 724
405 674
406 538
407 791
408 639
408 828
409 558
409 731
410 423
411 416
412 818
412 840
413 503
413 763
415 618
415 759
416 509
417 647
417 732
418 437
418 645
419 760
421 429
423 553
424 504
425 715
426 677
427 748
427 870
428 514
430 690
431 575
432 630
432 773
433 582
433 745
434 501
435 659
435 755
436 492
438 712
439 470
439 672
440 527
440 681
441 884
442 451
442 713
443 768
445 506
445 835
447 683
448 571
448 819
449 826
452 459
452 638
453 874
453 878
454 591
454 817
455 552
455 785
456 758
457 877
457 891
458 632
461 717
462 586
463 500
464 559
464 676
465 482
467 661
471 562
471 642
473 682
473 695
474 605
475 584
475 752
477 815
478 590
478 730
479 573
480 619
480 631
482 772
483 675
483 720
484 836
485 699
486 688
486 749
487 887
489 559
494 644
495 868
496 679
497 508
498 718
499 614
501 748
502 622
505 621
506 687
507 637
508 640
509 685
513 717
514 891
517 552
518 756
518 886
519 565
519 649
520 740
521 631
522 822
523 796
524 727
525 769
525 889
526 605
529 787
530 721
530 736
533 762
533 783
534 643
535 824
537 725
539 736
540 686
541 638
542 576
543 564
544 619
545 702
545 825
546 563
547 755
548 690
549 858
550 726
550 849
551 783
551 882
554 570
555 841
556 782
560 701
561 875
566 570
567 835
569 586
569 617
571 669
572 640
572 641
574 813
578 728
580 898
584 778
585 609
585 817
587 752
588 608
589 615
589 842
591 807
592 691
593 626
594 794
595 611
595 825
596 652
597 773
598 692
599 607
600 662
601 757
601 780
602 660
603 861
610 878
612 806
616 662
616 745
622 705
623 680
623 709
624 854
624 889
625 637
626 749
633 800
635 709
635 765
642 710
645 683
648 864
650 827
651 804
653 812
654 798
655 666
655 710
656 770
656 797
663 666
667 769
670 686
670 806
673 893
678 694
678 844
680 814
687 842
688 800
689 696
693 729
694 790
695 744
697 789
699 704
703 871
707 780
708 756
711 774
716 874
718 888
722 856
723 843
729 781
730 803
734 880
737 797
738 848
738 897
739 765
746 873
751 881
759 853
760 792
766 810
771 866
779 815
784 816
784 837
793 807
795 865
796 898
803 867
805 879
812 868
814 838
818 895
820 863
822 857
829 862
829 883
833 837
834 845
839 858
840 867
841 890
846 894
846 899
850 869
851 863
890 897
900 618
901 49
-1 -1
450.404
