1
0 34
0 606
1 176
1 668
2 250
2 842
3 267
3 857
4 91
4 267
5 289
5 720
6 438
6 540
7 663
7 808
8 31
8 850
9 546
9 720
10 435
10 816
11 46
11 627
12 773
12 837
13 579
13 619
14 18
14 434
15 831
15 870
16 160
16 613
17 338
17 800
18 787
19 308
19 553
20 110
20 579
21 57
21 363
22 303
22 697
23 304
23 887
24 466
24 800
25 30
25 182
26 376
26 898
27 738
27 767
28 563
28 724
29 410
30 886
31 604
32 278
32 796
33 225
33 821
34 714
35 193
35 642
36 337
36 398
37 343
37 568
38 146
38 601
39 764
39 851
40 82
40 83
41 373
41 423
42 531
42 855
43 364
43 558
44 586
44 757
45 273
45 693
46 318
47 84
47 840
48 286
48 370
49 287
49 896
50 171
50 862
51 258
51 532
52 278
52 386
53 269
53 590
54 179
54 587
55 312
55 687
56 346
56 574
57 674
58 144
58 713
59 208
59 541
60 201
60 602
61 367
61 461
62 112
62 243
63 507
63 799
64 116
64 363
65 540
65 846
66 229
66 305
67 353
67 614
68 706
68 826
69 212
69 843
70 498
70 849
71 162
71 656
72 391
72 511
73 430
73 666
74 80
74 691
75 204
75 377
76 102
76 577
77 311
77 316
78 459
78 856
79 194
79 581
80 164
81 118
81 494
82 721
83 276
84 875
85 218
85 691
86 186
86 731
87 317
87 657
88 381
88 636
89 119
89 508
90 190
90 356
91 136
92 385
92 564
93 149
93 618
94 178
94 662
95 211
95 805
96 452
96 744
97 280
97 628
98 490
98 594
99 342
99 702
100 107
100 811
101 126
101 890
102 137
103 705
103 822
104 370
104 547
105 203
105 860
106 117
106 881
107 361
108 242
108 286
109 369
109 526
110 548
111 248
111 865
112 219
113 672
113 805
114 755
114 790
115 178
115 756
116 574
117 789
118 390
119 297
120 509
120 798
121 256
121 447
122 401
122 876
123 619
123 807
124 399
124 682
125 413
125 518
126 211
127 527
127 623
128 449
128 740
129 166
129 325
130 554
130 607
131 169
131 271
132 551
132 624
133 433
133 797
134 571
134 648
135 327
135 850
136 671
137 530
138 715
138 794
139 567
139 775
140 402
140 736
141 262
141 485
142 306
142 823
143 599
143 718
144 889
145 455
145 632
146 842
147 189
147 603
148 157
148 647
149 867
150 379
150 632
151 427
151 810
152 506
152 586
153 664
153 760
154 163
154 804
155 384
155 827
156 618
156 661
157 512
158 222
158 251
159 322
159 372
160 230
161 255
161 597
162 173
163 809
164 560
165 296
165 820
166 183
167 816
167 891
168 506
168 544
169 345
170 240
170 517
171 872
172 427
172 452
173 743
174 315
174 655
175 701
175 725
176 620
177 328
177 583
179 659
180 462
180 795
181 291
181 407
182 771
183 334
184 259
184 468
185 274
185 410
186 681
187 710
187 843
188 684
188 727
189 241
190 748
191 249
191 421
192 215
192 360
193 869
194 852
195 255
195 701
196 418
196 801
197 323
197 383
198 303
198 567
199 602
199 890
200 387
200 483
201 609
202 642
202 753
203 695
204 775
205 271
205 458
206 284
206 735
207 270
207 349
208 626
209 669
209 862
210 444
210 500
212 694
213 559
213 782
214 274
214 854
215 436
216 250
216 458
217 259
217 866
218 758
219 288
220 563
220 615
221 253
221 293
222 773
223 548
223 786
224 299
224 677
225 338
226 446
226 542
227 629
227 693
228 722
228 845
229 661
230 601
231 684
231 859
232 233
232 351
233 879
234 488
234 836
235 617
235 672
236 716
236 733
237 425
237 597
238 357
238 531
239 268
239 599
240 521
241 495
242 895
243 479
244 380
244 550
245 487
245 593
246 265
246 846
247 690
247 781
248 708
249 650
251 557
252 622
252 667
253 598
254 559
254 871
256 758
257 326
257 649
258 570
260 432
260 822
261 664
261 772
262 275
263 307
263 853
264 367
264 866
265 431
266 569
266 759
268 782
269 403
270 552
272 690
272 892
273 474
275 799
276 645
277 280
277 318
279 569
279 610
281 314
281 870
282 575
282 660
283 335
283 874
284 688
285 711
285 755
287 490
288 496
289 813
290 337
290 591
291 779
292 791
292 882
293 328
294 457
294 731
295 315
295 371
296 536
297 578
298 513
298 774
299 487
300 741
300 838
301 716
301 757
302 309
302 491
304 804
305 888
306 818
307 681
308 493
309 774
310 504
310 769
311 553
312 643
313 460
313 830
314 719
316 575
317 676
319 560
319 673
320 412
320 415
321 546
321 787
322 465
323 640
324 450
324 695
325 557
326 550
327 783
329 467
329 509
330 709
330 856
331 362
331 607
332 409
332 895
333 537
333 570
334 631
335 573
336 496
336 883
339 361
339 502
340 623
340 669
341 511
341 711
342 658
343 776
344 484
344 753
345 766
346 688
347 634
347 834
348 423
348 565
349 829
350 656
350 692
351 821
352 358
352 726
353 430
354 665
354 707
355 437
355 779
356 844
357 394
358 465
359 668
359 879
360 636
362 517
364 766
365 394
365 841
366 737
366 836
368 469
368 630
369 778
371 441
372 494
373 486
374 675
374 854
375 542
375 644
376 858
377 543
378 383
378 778
379 707
380 467
381 503
382 817
382 828
384 849
385 633
386 605
387 493
388 670
388 855
389 456
389 628
390 584
391 395
392 500
392 894
393 420
393 819
395 653
396 453
396 638
397 407
397 667
398 470
399 670
400 468
400 747
401 589
402 798
403 431
404 592
404 835
405 418
405 596
406 621
406 869
408 689
408 893
409 556
411 635
411 686
412 484
413 752
414 525
414 899
415 659
416 740
416 790
417 457
417 880
419 445
419 685
420 745
421 741
422 528
422 746
424 780
424 863
425 614
426 543
426 747
428 679
428 829
429 527
429 706
432 562
433 812
434 754
435 858
436 520
437 739
438 561
439 536
439 876
440 521
440 549
441 797
442 556
442 788
443 566
443 609
444 877
445 696
446 828
447 844
448 588
448 639
449 572
450 897
451 481
451 796
453 596
454 605
454 882
455 459
456 898
460 710
461 820
462 868
463 539
463 835
464 769
464 880
466 606
469 694
470 637
471 680
471 802
472 512
472 793
473 671
473 792
474 726
475 538
475 745
476 514
476 723
477 524
477 534
478 660
478 861
479 613
480 489
480 634
481 692
482 510
482 881
483 629
485 566
486 528
488 784
489 705
491 717
492 505
492 867
495 771
497 576
497 646
498 886
499 611
499 792
501 683
501 803
502 746
503 696
504 777
505 715
507 595
508 621
510 677
513 678
514 817
515 580
515 780
516 734
516 847
518 700
519 685
519 729
520 598
522 594
522 826
523 810
523 852
524 864
525 888
526 732
529 823
529 860
530 630
532 750
533 585
533 873
534 751
535 564
535 752
537 781
538 678
539 712
541 885
544 689
545 742
545 794
547 653
549 785
551 593
552 884
554 756
555 582
555 825
558 824
561 608
562 885
565 577
568 590
571 763
572 647
573 697
576 626
578 591
580 845
581 767
582 611
583 770
584 718
585 633
587 704
588 643
589 834
592 889
595 627
600 616
600 663
603 847
604 751
608 738
610 777
612 665
612 871
615 859
616 713
617 640
620 644
622 654
624 839
625 686
625 736
631 639
635 865
637 807
638 732
641 652
641 709
645 868
646 724
648 833
649 737
650 833
651 749
651 863
652 658
654 719
655 788
657 722
662 682
666 892
673 832
674 848
675 735
676 721
679 802
680 760
683 786
687 789
698 700
698 776
699 784
699 813
702 899
703 840
703 897
704 811
708 838
712 832
714 728
717 728
723 824
725 841
727 791
729 806
730 748
730 768
733 765
734 812
739 744
742 814
743 815
749 857
750 874
754 896
759 818
761 765
761 853
762 830
762 877
763 848
764 831
768 827
770 878
772 839
785 825
793 815
795 875
801 864
803 878
806 887
808 861
809 891
814 894
819 872
837 851
873 893
883 884
900 783
901 29
-1 -1
425.953
