700 5040
0 98
0 507
0 261
0 465
0 509
0 361
0 268
0 429
0 613
0 15
0 81
0 598
0 367
0 692
0 181
0 150
0 315
0 348
0 463
0 286
0 437
1 480
1 496
1 34
1 646
1 471
1 72
1 233
1 11
1 172
1 13
1 368
1 659
1 25
1 439
1 345
1 663
1 318
2 289
2 291
2 165
2 358
2 103
2 584
2 137
2 75
2 622
2 433
2 438
2 57
2 135
2 508
3 672
3 545
3 612
3 517
3 295
3 104
3 363
3 662
3 432
3 242
3 245
3 118
3 472
3 249
3 501
4 289
4 132
4 454
4 262
4 455
4 136
4 679
4 588
4 614
4 110
4 304
4 659
4 404
4 478
4 441
4 58
4 28
4 286
5 448
5 624
5 293
5 422
5 8
5 331
5 492
5 559
5 560
5 696
5 152
5 410
6 289
6 515
6 228
6 39
6 10
6 139
6 494
6 242
6 372
6 206
6 698
6 219
6 426
7 384
7 449
7 115
7 132
7 485
7 71
7 329
7 298
7 199
7 366
7 656
7 530
7 83
7 181
7 598
7 55
8 97
8 386
8 228
8 166
8 551
8 41
8 458
8 459
8 140
8 334
8 307
8 206
8 473
8 122
8 539
8 673
9 324
9 230
9 103
9 170
9 594
9 110
9 176
9 210
9 149
9 56
9 409
9 477
10 129
10 100
10 598
10 680
10 238
10 463
10 214
10 311
10 248
10 282
10 411
10 348
10 478
10 63
11 512
11 162
11 101
11 211
11 231
11 668
11 555
11 674
11 399
11 274
11 179
11 544
11 85
11 151
11 185
11 186
11 539
11 252
11 510
11 415
12 481
12 260
12 582
12 633
12 684
12 364
12 13
12 240
12 689
12 18
12 83
12 534
12 441
12 569
13 418
13 195
13 100
13 165
13 321
13 488
13 265
13 647
13 589
13 687
13 336
13 210
13 521
13 676
13 639
14 128
14 657
14 648
14 137
14 619
14 332
14 526
14 49
14 372
14 119
14 601
14 313
14 31
15 323
15 165
15 390
15 327
15 553
15 330
15 333
15 78
15 496
15 433
15 595
15 668
15 650
15 485
16 419
16 484
16 305
16 665
16 455
16 479
16 440
16 240
16 177
16 659
16 436
16 438
16 631
16 248
16 532
16 26
16 111
16 156
16 669
16 447
17 131
17 424
17 636
17 299
17 689
17 306
17 355
17 276
17 533
17 54
17 409
17 507
17 92
17 446
17 597
18 160
18 512
18 538
18 611
18 420
18 101
18 135
18 556
18 170
18 621
18 111
18 634
18 401
18 179
18 216
18 26
18 60
18 58
18 605
19 256
19 216
19 338
19 399
19 533
19 225
19 72
19 103
19 398
19 369
20 387
20 261
20 262
20 521
20 266
20 365
20 60
20 529
20 562
20 275
20 662
20 699
20 412
20 573
20 190
21 672
21 587
21 228
21 102
21 488
21 555
21 428
21 690
21 654
21 562
21 437
21 246
21 378
21 123
21 474
22 560
22 291
22 100
22 133
22 297
22 404
22 301
22 400
22 273
22 275
22 180
22 565
22 439
22 276
22 348
22 30
23 515
23 451
23 190
23 438
23 158
23 488
23 636
23 604
23 270
24 576
24 179
24 164
24 398
24 492
24 106
24 687
24 444
24 548
24 142
24 127
25 450
25 674
25 97
25 648
25 329
25 42
25 331
25 468
25 461
25 567
25 624
25 210
25 52
25 53
25 375
25 536
25 377
25 347
25 597
26 385
26 484
26 133
26 486
26 519
26 493
26 363
26 146
26 111
26 375
26 155
26 220
27 609
27 162
27 260
27 326
27 641
27 74
27 642
27 241
27 658
27 570
27 94
27 479
28 240
28 609
28 258
28 566
28 246
28 170
28 653
28 61
28 173
29 64
29 499
29 388
29 437
29 311
29 122
29 501
29 606
29 173
29 414
29 397
30 246
30 554
30 196
30 101
30 273
30 522
30 694
30 321
30 656
30 368
30 49
30 612
30 346
30 445
30 191
31 320
31 139
31 597
31 694
31 135
31 296
31 42
31 203
31 334
31 337
31 150
31 248
31 138
31 491
32 448
32 673
32 107
32 667
32 71
32 519
32 297
32 331
32 403
32 214
32 664
32 122
32 283
32 93
32 286
32 479
33 288
33 536
33 627
33 580
33 699
33 391
33 168
33 186
33 635
33 333
33 303
34 67
34 484
34 261
34 422
34 583
34 650
34 172
34 79
34 275
34 534
34 676
34 58
34 507
35 625
35 375
35 596
35 182
35 294
35 343
35 38
35 462
35 267
35 382
35 559
36 514
36 683
36 630
36 40
36 361
36 122
36 571
36 172
36 557
36 366
36 239
37 544
37 258
37 616
37 201
37 494
37 189
37 113
37 596
37 117
37 623
37 232
37 637
38 311
38 643
38 388
38 199
38 650
38 587
38 462
38 79
38 533
38 431
38 97
38 418
38 552
38 298
38 300
38 303
38 176
38 502
38 609
38 251
38 124
38 318
38 639
39 133
39 689
39 266
39 203
39 429
39 558
39 399
39 208
39 113
39 466
39 637
39 581
40 66
40 443
40 69
40 582
40 107
40 269
40 47
40 275
40 532
40 149
40 697
40 250
40 59
40 634
40 318
41 387
41 229
41 230
41 135
41 521
41 43
41 653
41 694
41 296
41 402
41 51
41 500
41 214
41 358
41 572
42 514
42 389
42 328
42 584
42 44
42 463
42 81
42 51
42 693
42 604
42 189
42 549
43 290
43 379
43 548
43 325
43 434
43 530
43 469
43 343
43 447
43 188
43 149
44 112
44 144
44 242
44 259
44 52
44 345
44 600
44 308
44 62
45 128
45 610
45 484
45 294
45 70
45 690
45 232
45 473
45 124
45 285
46 96
46 160
46 258
46 387
46 202
46 599
46 524
46 527
46 112
46 535
46 217
46 474
46 672
46 284
46 383
47 480
47 627
47 162
47 99
47 485
47 372
47 514
47 669
47 483
47 84
47 438
47 247
47 436
47 315
47 604
47 285
47 318
48 592
48 467
48 532
48 581
48 326
48 116
48 557
48 446
48 621
49 480
49 373
49 520
49 361
49 279
49 663
49 77
49 464
49 660
49 213
49 87
49 472
49 220
49 222
49 405
50 515
50 390
50 550
50 551
50 235
50 332
50 590
50 276
50 151
50 217
50 603
50 348
50 510
51 257
51 651
51 289
51 360
51 535
51 333
51 271
51 466
51 372
51 626
51 329
51 696
51 314
51 124
51 125
52 192
52 388
52 689
52 524
52 420
52 657
52 466
52 120
52 154
52 508
52 639
53 321
53 196
53 577
53 297
53 138
53 439
53 460
53 526
53 271
53 657
53 243
53 437
53 311
53 344
53 89
53 474
53 187
53 63
54 262
54 454
54 145
54 74
54 203
54 238
54 624
54 82
54 467
54 567
54 632
54 473
54 410
54 508
54 426
54 696
55 322
55 259
55 293
55 230
55 393
55 646
55 56
55 465
55 276
55 120
55 508
56 353
56 690
56 495
56 558
56 169
56 122
56 173
56 334
56 231
57 187
57 581
57 454
57 135
57 168
57 652
57 302
57 367
57 645
57 401
57 242
57 436
57 622
57 122
57 347
57 412
57 445
57 191
58 673
58 610
58 359
58 104
58 661
58 84
58 501
58 279
58 696
58 538
58 447
59 97
59 674
59 235
59 133
59 518
59 119
59 560
59 337
59 403
59 503
59 683
59 125
59 542
60 417
60 482
60 164
60 70
60 392
60 106
60 589
60 111
60 240
60 435
60 213
60 310
60 569
60 124
60 682
60 62
61 512
61 610
61 195
61 526
61 494
61 271
62 684
62 280
62 435
62 638
62 184
62 698
62 443
62 557
62 590
63 608
63 326
63 647
63 658
63 593
63 378
63 148
63 664
63 473
63 442
63 667
63 477
63 319
64 608
64 290
64 357
64 422
64 76
64 365
64 462
64 93
64 592
64 595
64 243
64 642
64 472
64 314
65 193
65 613
65 337
65 632
65 426
65 91
65 273
65 190
66 560
66 419
66 613
66 454
66 231
66 301
66 176
66 375
66 153
66 479
66 543
67 576
67 97
67 550
67 289
67 424
67 426
67 295
67 492
67 386
67 77
67 662
67 120
67 522
67 349
67 350
67 479
68 610
68 355
68 646
68 166
68 296
68 105
68 695
68 332
68 565
68 179
68 245
68 249
68 217
68 91
68 540
68 350
68 543
69 611
69 228
69 133
69 294
69 72
69 524
69 490
69 363
69 428
69 684
69 308
69 536
69 166
70 98
70 180
70 344
70 564
70 306
71 513
71 322
71 75
71 420
71 243
71 297
71 266
71 76
71 679
71 573
71 370
71 211
71 372
71 681
71 327
71 692
71 474
71 394
71 126
72 356
72 166
72 481
72 389
72 665
72 698
72 685
72 577
72 680
72 210
72 149
72 246
72 119
72 345
72 666
72 541
72 286
72 159
73 608
73 614
73 518
73 102
73 633
73 233
73 205
73 302
73 365
73 177
73 276
73 311
73 440
73 249
73 122
73 317
73 158
74 161
74 194
74 86
74 423
74 360
74 639
74 587
74 681
74 157
74 80
74 625
74 405
74 215
74 89
74 118
74 319
75 577
75 611
75 519
75 130
75 336
75 350
75 501
75 695
75 473
75 122
75 510
76 624
76 699
76 589
76 685
76 368
76 657
76 146
76 435
76 117
76 280
76 351
76 597
77 513
77 534
77 636
77 604
77 490
77 495
77 466
77 500
77 374
77 665
77 281
77 635
77 92
77 669
77 318
78 546
78 595
78 427
78 642
78 431
78 680
78 146
78 339
78 472
78 185
78 669
78 319
79 256
79 384
79 196
79 455
79 650
79 269
79 580
79 466
79 211
79 149
79 471
79 510
79 540
79 414
80 528
80 514
80 291
80 421
80 270
80 208
80 370
80 611
80 469
80 214
80 503
80 312
80 590
80 222
80 629
81 337
81 498
81 419
81 325
81 432
81 369
81 616
81 462
81 515
82 544
82 354
82 485
82 262
82 200
82 553
82 173
82 207
82 271
82 590
82 345
82 315
82 92
82 541
82 605
82 191
83 418
83 515
83 103
83 270
83 367
83 628
83 149
83 631
83 344
83 537
83 191
83 606
83 381
83 605
83 223
84 416
84 290
84 107
84 164
84 360
84 203
84 237
84 368
84 563
84 387
84 659
84 151
84 91
84 634
85 692
85 129
85 322
85 231
85 267
85 524
85 669
85 176
85 595
85 643
85 343
85 345
85 671
85 412
85 663
85 191
86 609
86 651
86 293
86 646
86 171
86 142
86 303
86 177
86 499
86 468
86 407
86 217
86 255
86 138
86 415
87 384
87 451
87 581
87 582
87 424
87 333
87 303
87 400
87 280
87 505
87 346
87 239
87 284
87 186
88 129
88 516
88 614
88 489
88 235
88 623
88 465
88 212
88 246
88 664
88 628
88 687
88 636
89 226
89 228
89 437
89 523
89 207
89 657
89 371
89 311
89 536
89 313
89 282
89 668
89 94
89 127
90 209
90 539
90 260
90 606
90 454
90 327
90 217
90 586
90 411
90 462
90 255
91 384
91 482
91 227
91 101
91 170
91 491
91 237
91 625
91 210
91 662
91 538
91 511
92 416
92 640
92 610
92 557
92 398
92 434
92 590
92 442
92 367
92 382
92 661
93 355
93 102
93 264
93 572
93 460
93 525
93 597
93 113
93 114
93 341
93 406
93 252
93 520
94 603
94 487
94 103
94 235
94 530
94 146
94 531
94 187
94 540
94 286
95 639
95 569
95 351
95 237
95 223
95 591
96 371
96 181
96 374
96 568
96 601
96 458
96 650
97 193
97 196
97 625
97 136
97 584
97 183
97 588
97 368
97 276
97 248
97 153
97 607
97 253
97 158
97 511
98 288
98 621
98 259
98 486
98 327
98 332
98 365
98 431
98 352
98 114
98 469
98 577
98 283
98 345
98 315
98 380
98 221
98 447
99 512
99 545
99 324
99 447
99 639
99 185
99 202
99 267
99 140
99 574
100 458
100 257
100 354
100 600
100 669
100 523
100 418
100 349
101 289
101 107
101 390
101 545
101 639
101 334
101 687
101 243
101 245
101 577
101 344
101 543
101 437
102 656
102 643
102 521
102 489
102 301
102 495
102 141
102 661
102 595
102 297
102 280
102 505
102 570
102 379
102 317
102 574
102 565
103 672
103 520
103 201
103 458
103 435
103 339
103 543
103 288
103 355
103 298
103 557
103 690
103 179
103 312
103 313
103 123
103 380
103 317
104 338
104 149
104 662
104 377
104 579
104 499
104 269
104 253
105 449
105 583
105 650
105 109
105 333
105 676
105 182
105 375
105 312
105 644
105 351
106 320
106 368
106 573
106 698
106 586
106 236
106 476
106 478
106 111
107 651
107 585
107 139
107 684
107 173
107 207
107 574
107 471
107 217
107 378
107 221
107 254
107 223
108 653
108 181
108 163
108 453
108 583
108 488
108 620
108 683
108 588
108 205
108 495
108 210
108 627
108 117
108 665
108 664
108 121
108 111
108 255
109 356
109 392
109 430
109 399
109 464
109 648
109 211
109 308
109 277
109 310
109 284
109 382
110 384
110 636
110 322
110 433
110 234
110 204
110 429
110 526
110 216
110 628
110 642
110 119
110 248
110 601
110 252
110 508
111 322
111 475
111 553
111 233
111 653
111 573
111 212
111 534
111 329
111 332
111 218
111 443
112 481
112 194
112 615
112 555
112 546
112 141
112 336
112 308
112 280
112 559
112 319
112 479
113 288
113 419
113 164
113 330
113 695
113 653
113 398
113 592
113 178
113 147
113 511
113 632
113 516
113 315
113 159
114 608
114 545
114 164
114 198
114 426
114 331
114 270
114 272
114 402
114 148
114 158
115 372
115 678
115 391
115 520
115 173
116 290
116 587
116 357
116 166
116 298
116 550
116 578
116 526
116 431
116 371
116 630
116 151
116 220
116 253
117 384
117 673
117 456
117 296
117 140
117 621
117 144
117 305
117 147
117 180
117 510
117 118
117 521
117 396
117 668
117 382
118 420
118 359
118 200
118 585
118 679
118 652
118 432
118 434
118 531
118 599
118 504
118 362
119 588
119 608
119 258
119 196
119 453
119 585
119 359
119 393
119 235
119 492
119 303
119 276
119 334
119 183
119 479
120 164
120 327
120 616
120 172
120 241
120 451
120 661
120 471
120 631
120 380
120 317
120 511
121 418
121 275
121 132
121 553
121 652
121 631
121 396
121 434
121 477
122 257
122 683
122 260
122 140
122 431
122 520
122 530
122 180
122 473
122 155
123 352
123 361
123 583
123 628
123 564
123 182
123 281
123 570
123 380
123 126
124 198
124 562
124 259
124 453
124 423
124 524
124 558
124 591
124 466
124 415
124 505
124 379
124 447
125 685
125 450
125 651
125 511
125 585
125 424
125 579
125 614
125 556
125 402
125 623
125 210
125 276
125 341
125 215
125 283
125 444
125 573
125 127
126 352
126 646
126 426
126 493
126 451
126 273
126 243
126 539
126 478
126 639
127 320
127 161
127 675
127 165
127 650
127 620
127 687
127 176
127 432
127 596
127 245
127 534
127 345
127 346
127 576
128 480
128 673
128 450
128 419
128 679
128 681
128 652
128 174
128 624
128 697
128 347
128 252
128 565
129 656
129 529
129 194
129 358
129 359
129 290
129 222
129 319
130 545
130 162
130 387
130 566
130 166
130 202
130 461
130 573
130 529
130 406
130 655
130 538
130 251
130 636
130 541
130 158
131 226
131 518
131 167
131 680
131 521
131 202
131 331
131 398
131 349
131 178
131 657
131 570
131 475
131 394
132 635
132 226
132 499
132 414
132 455
132 484
132 366
133 656
133 578
133 547
133 484
133 342
133 297
133 453
133 432
133 661
133 469
133 438
133 218
134 309
134 342
134 330
134 485
134 156
134 269
134 142
134 213
135 641
135 323
135 580
135 168
135 523
135 533
135 237
135 632
135 669
135 635
135 529
135 340
135 341
135 376
135 443
135 573
136 518
136 385
136 232
136 138
136 683
136 658
136 591
136 563
136 498
136 307
136 500
136 245
136 471
136 313
136 442
136 443
136 669
136 222
137 616
137 578
137 150
137 296
137 692
137 463
137 562
137 239
138 293
138 428
138 142
138 517
138 436
138 504
138 697
138 474
138 346
138 250
139 384
139 653
139 514
139 485
139 333
139 301
139 147
139 500
139 671
139 446
139 351
140 417
140 473
140 356
140 425
140 234
140 299
140 367
140 464
140 648
140 502
140 151
140 409
140 475
140 507
140 474
140 540
140 247
141 613
141 328
141 636
141 298
141 396
141 685
141 335
141 467
141 599
141 443
141 316
141 415
142 607
142 468
142 500
142 383
142 188
142 413
142 191
143 232
143 234
143 599
143 373
143 405
144 674
144 571
144 548
144 511
144 476
144 175
144 364
144 606
145 481
145 450
145 329
145 459
145 242
145 239
145 305
145 146
145 307
145 553
145 411
145 382
146 353
146 578
146 483
146 326
146 663
146 528
146 638
146 374
146 151
146 282
147 577
147 420
147 593
147 552
147 594
147 526
147 621
147 434
147 664
147 673
147 698
147 253
147 414
147 296
148 224
148 256
148 420
148 295
148 202
148 652
148 622
148 312
148 663
148 536
148 665
148 510
148 575
149 261
149 422
149 266
149 247
149 652
149 531
149 662
149 155
149 221
149 222
149 485
149 166
149 294
149 311
149 671
150 209
150 323
150 293
150 677
150 479
150 668
151 228
151 677
151 616
151 660
151 490
151 205
151 693
151 631
151 152
151 308
151 154
151 530
151 316
151 510
152 192
152 589
152 270
152 605
152 574
152 342
152 504
152 441
152 569
152 413
152 446
152 357
153 160
153 633
153 649
153 297
153 202
153 283
153 256
154 488
154 322
154 323
154 469
154 472
154 657
154 506
154 331
154 543
155 224
155 538
155 325
155 295
155 488
155 298
155 334
155 240
155 401
155 413
155 639
156 272
156 194
156 673
156 491
156 578
156 433
156 210
156 531
156 248
156 569
156 190
157 560
157 417
157 546
157 676
157 559
157 380
157 479
158 452
158 422
158 481
158 264
158 298
158 375
158 364
158 573
158 488
158 349
158 319
159 386
159 260
159 262
159 497
159 514
159 527
159 372
159 282
159 637
159 381
159 511
160 673
160 165
160 633
160 499
160 340
160 534
160 343
160 635
160 285
160 286
161 225
161 547
161 229
161 487
161 648
161 681
161 691
161 662
161 280
161 473
161 554
161 607
162 609
162 579
162 452
162 365
162 174
162 239
162 529
162 470
162 638
163 352
163 449
163 674
163 485
163 454
163 653
163 255
163 306
163 347
163 582
163 613
164 417
164 645
164 198
164 209
164 396
164 311
164 187
165 193
165 196
165 293
165 225
165 373
165 455
165 224
165 305
165 301
165 278
165 185
165 639
166 417
166 486
166 455
166 170
166 237
166 465
166 531
166 324
166 453
167 352
167 417
167 587
167 644
167 276
167 308
167 551
167 610
167 532
167 275
167 500
167 600
167 180
167 250
167 219
167 221
167 510
168 528
168 419
168 560
168 478
168 650
168 235
168 446
168 623
169 448
169 609
169 487
169 424
169 623
169 593
169 213
169 378
169 667
169 348
169 318
170 416
170 635
170 667
170 294
170 393
170 245
170 312
170 249
170 477
171 258
171 357
171 327
171 523
171 460
171 595
171 243
171 283
171 540
171 445
171 415
172 416
172 323
172 673
172 489
172 398
172 271
172 531
172 659
172 644
172 380
172 317
173 627
173 323
173 359
173 617
173 461
173 632
173 406
173 249
173 255
174 576
174 619
174 358
174 454
174 577
174 296
174 583
174 364
174 194
174 599
174 665
174 250
175 676
175 483
175 420
175 533
175 697
175 552
175 313
175 458
175 460
175 317
176 324
176 615
176 584
176 303
176 242
176 564
176 663
176 313
176 660
177 400
177 263
177 458
177 455
177 302
177 637
177 216
177 376
177 282
177 570
177 190
178 385
178 294
178 568
178 232
178 587
178 204
178 206
178 468
178 184
178 540
178 285
179 453
179 680
179 236
179 268
179 430
179 659
179 479
179 329
179 380
179 442
179 251
179 220
179 319
180 418
180 515
180 642
180 399
180 272
180 503
180 249
180 666
181 437
181 672
181 300
181 487
181 254
182 580
182 601
182 487
182 489
182 401
182 500
182 548
182 539
182 414
183 258
183 452
183 481
183 296
183 425
183 298
183 695
183 450
183 337
183 339
183 644
183 478
183 223
184 292
184 423
184 232
184 685
184 206
184 456
184 531
184 213
184 690
184 280
185 352
185 431
185 468
185 686
185 376
185 636
185 189
185 350
186 553
186 452
186 261
186 615
186 393
186 330
186 621
186 622
186 656
186 273
186 563
186 218
186 202
186 478
187 611
187 678
187 422
187 241
187 662
187 570
187 188
187 349
188 688
188 392
188 594
188 686
188 360
188 361
188 477
189 331
189 588
189 493
189 366
189 688
189 658
189 372
189 598
189 601
189 668
189 223
190 674
190 291
190 356
190 609
190 262
190 481
190 425
190 203
190 398
190 658
190 681
190 502
190 636
191 544
191 356
191 330
191 332
191 557
191 621
191 568
191 196
191 667
191 669
191 350
191 629
192 320
192 321
192 680
192 683
192 541
192 622
192 349
192 499
192 654
192 279
192 504
192 623
192 284
192 573
193 464
193 483
193 563
193 232
193 681
193 282
193 238
193 207
194 387
194 390
194 329
194 499
194 336
194 626
194 403
194 563
194 279
194 527
195 669
195 609
195 361
195 330
195 398
195 527
195 528
195 562
195 217
195 506
196 642
196 484
196 234
196 343
196 662
196 432
196 362
196 308
196 470
196 217
196 218
196 495
196 330
197 576
197 513
197 678
197 615
197 584
197 684
197 624
197 626
197 531
197 566
197 567
197 474
198 421
198 362
198 590
198 687
199 259
199 454
199 295
199 234
199 231
199 237
199 238
199 695
199 633
199 446
199 255
200 273
200 529
200 421
200 489
200 472
200 380
200 428
200 412
200 677
201 257
201 610
201 611
201 487
201 649
201 523
201 642
201 367
201 271
201 561
201 335
201 403
201 658
201 599
201 568
202 289
202 258
202 580
202 293
202 419
202 367
202 547
202 644
202 374
202 252
202 253
202 350
203 627
203 219
203 694
203 486
203 489
203 522
203 531
203 339
203 283
204 673
204 302
204 245
204 567
204 251
204 316
204 517
204 261
205 523
205 486
205 263
205 522
205 491
205 567
205 335
205 305
205 338
205 564
205 364
205 347
205 253
206 577
206 323
206 548
206 549
206 362
206 310
206 698
206 507
206 220
206 253
207 531
207 521
207 473
207 520
207 548
207 546
207 271
208 416
208 673
208 323
208 549
208 646
208 234
208 652
208 217
208 474
208 283
209 662
209 264
209 444
209 397
209 624
209 277
209 599
209 476
209 509
210 688
210 259
210 554
210 464
210 372
210 375
210 639
211 475
211 651
211 649
211 298
211 460
211 248
211 566
211 408
211 696
211 346
211 251
212 392
212 229
212 457
212 217
212 458
212 647
212 508
212 565
213 320
213 323
213 357
213 495
213 370
213 596
213 405
213 343
214 489
214 325
214 375
214 415
214 508
214 367
215 542
215 453
215 359
215 296
215 329
215 684
215 394
215 223
216 449
216 578
216 291
216 648
216 307
216 562
216 600
216 537
216 509
217 576
217 332
217 653
217 660
217 615
217 232
217 490
217 365
217 244
217 632
217 698
217 571
218 337
218 434
218 453
218 401
218 527
218 579
218 471
219 320
219 295
219 418
219 451
219 388
219 262
219 684
219 677
219 654
219 367
219 273
219 547
219 564
219 662
219 657
219 634
219 678
219 581
220 450
220 539
220 588
220 365
220 269
220 658
220 482
220 251
220 348
220 557
220 287
221 539
221 653
221 403
221 681
221 493
221 367
222 608
222 411
222 362
222 267
222 396
222 590
222 302
222 308
222 635
222 430
222 282
222 251
222 412
222 458
223 514
223 427
223 674
223 462
223 638
223 630
223 511
224 650
224 682
224 654
224 573
224 688
224 529
224 431
224 238
224 605
224 693
225 630
225 255
225 269
225 271
225 404
225 534
225 564
225 603
225 453
226 263
226 357
226 423
226 266
226 455
226 688
226 612
226 242
226 235
226 505
226 571
227 352
227 643
227 670
227 542
227 601
227 343
227 623
227 569
227 398
227 367
228 395
228 678
228 531
228 470
228 407
228 280
229 482
229 662
229 422
229 656
229 369
229 630
229 585
229 660
229 319
230 401
230 659
230 548
230 525
231 359
231 648
231 332
231 621
231 615
231 350
231 383
232 578
232 388
232 487
232 490
232 331
232 584
232 532
232 669
232 318
233 256
233 557
233 424
233 516
233 653
233 263
233 280
233 285
234 384
234 416
234 418
234 419
234 652
234 433
234 564
235 321
235 699
235 590
235 696
235 502
236 289
236 578
236 613
236 523
236 493
236 334
236 432
236 664
236 443
236 508
237 256
237 550
237 333
237 597
237 593
237 660
237 501
237 246
237 696
237 372
237 510
237 447
238 386
238 301
238 465
238 308
238 344
238 596
238 444
238 458
239 648
239 459
239 493
239 336
239 595
239 340
239 469
239 248
239 377
239 442
239 347
239 668
239 349
239 671
240 620
240 389
240 614
240 488
240 362
240 686
240 433
240 306
240 537
240 554
240 383
241 288
241 449
241 259
241 529
241 497
241 403
241 369
241 626
241 275
241 404
241 502
241 660
241 699
241 445
241 351
242 359
242 264
242 617
242 652
242 398
242 463
242 530
242 693
242 280
242 411
242 540
242 670
243 454
243 521
243 426
243 268
243 551
243 625
243 626
243 277
243 662
243 343
243 348
243 509
244 674
244 424
244 390
244 327
244 648
244 465
244 275
244 343
244 442
244 570
244 254
245 289
245 418
245 487
245 371
245 435
245 526
245 623
245 339
245 491
246 259
246 484
246 614
246 553
246 402
246 343
246 569
246 682
246 414
247 375
247 437
247 599
247 333
248 550
248 671
248 303
248 594
248 663
248 664
248 490
248 414
248 447
249 334
249 399
249 400
249 274
249 563
249 558
249 566
249 617
249 345
249 509
249 668
249 445
249 607
250 450
250 619
250 649
250 553
250 523
250 558
250 439
250 571
250 542
251 503
251 460
251 656
251 691
251 406
251 375
251 631
251 345
251 283
251 281
251 445
252 391
252 279
252 441
252 588
252 589
253 288
253 529
253 481
253 391
253 337
253 530
253 341
253 439
253 344
253 697
253 298
253 575
254 609
254 389
254 641
254 396
254 687
254 336
254 598
254 345
254 348
255 322
255 263
255 428
255 371
255 538
255 524
256 484
256 665
256 457
256 267
256 600
256 283
256 687
257 577
257 487
257 521
257 302
257 431
257 425
257 472
257 548
257 540
258 487
258 673
258 420
258 295
258 456
258 429
258 335
258 464
258 371
258 430
258 566
258 440
258 569
258 637
259 630
259 328
259 265
259 426
259 476
259 688
259 499
260 289
260 354
260 422
260 369
260 620
260 682
260 487
260 273
260 435
260 340
260 695
260 408
260 510
261 352
261 640
261 612
261 669
261 266
261 463
261 275
261 440
261 618
262 524
262 588
262 525
262 655
262 467
262 532
262 388
262 591
262 423
262 297
262 365
262 622
262 303
262 499
262 675
263 405
263 620
263 353
263 396
263 322
263 429
264 574
264 438
264 337
264 328
264 633
265 449
265 586
265 581
265 390
265 392
265 426
265 337
265 451
265 692
265 662
265 474
265 442
265 446
265 479
266 580
266 267
266 386
266 337
266 626
266 276
266 570
266 316
266 317
266 415
267 627
267 657
267 489
267 589
268 465
268 546
268 558
268 457
268 655
268 413
268 451
268 461
269 450
269 292
269 385
269 572
269 680
269 304
269 438
269 503
269 548
269 670
270 440
270 658
270 333
271 565
271 582
271 501
271 460
271 461
271 597
271 469
272 450
272 379
272 415
272 294
272 376
272 665
272 543
272 381
272 511
273 374
273 609
273 363
273 517
273 526
273 496
273 689
273 439
273 478
273 442
273 350
273 351
274 370
274 356
274 630
274 374
274 361
274 680
274 426
274 524
275 611
275 331
275 322
275 365
275 546
275 699
275 607
276 440
276 390
276 621
276 483
276 280
276 698
276 475
276 446
276 351
277 402
277 357
277 289
277 364
277 590
277 559
278 324
278 424
278 649
278 623
278 287
278 537
278 666
278 443
278 284
278 382
278 581
279 517
279 295
279 394
279 482
279 465
279 312
279 665
280 459
280 626
280 692
280 580
280 698
280 383
281 393
281 591
281 509
282 321
282 389
282 583
282 306
282 496
282 563
282 533
282 624
282 412
282 522
282 287
283 579
283 329
283 653
283 527
283 475
283 284
283 547
283 488
283 361
283 687
283 499
283 438
283 444
284 641
284 427
284 404
284 614
284 573
285 544
285 323
285 492
285 402
285 500
285 405
285 534
285 379
285 556
286 674
286 485
286 294
286 513
286 361
286 522
286 655
286 360
286 371
286 505
286 618
286 541
287 289
287 386
287 517
287 481
287 329
287 519
287 695
287 430
287 338
287 633
287 632
287 380
287 444
287 383
288 320
288 292
288 389
288 524
288 679
288 632
288 608
288 316
288 606
289 512
289 385
289 322
289 463
289 468
289 600
289 291
289 428
289 369
289 498
289 692
289 660
290 322
290 490
290 573
290 432
290 350
290 535
290 372
290 317
290 382
291 296
291 463
291 661
291 629
291 565
291 445
291 382
291 597
292 384
292 644
292 500
292 529
292 503
292 615
292 475
292 493
293 448
293 449
293 322
293 451
293 327
293 335
293 466
293 599
293 389
293 298
293 558
293 560
293 561
293 691
293 374
294 673
294 424
294 361
294 619
294 681
294 529
294 387
294 585
294 478
294 572
294 501
295 612
295 360
295 586
295 463
295 616
295 410
295 476
295 479
296 691
296 437
296 521
296 331
296 687
296 580
296 638
296 473
296 636
297 386
297 419
297 388
297 490
297 340
297 345
298 599
298 643
298 667
298 583
298 398
298 399
298 368
298 664
298 389
299 306
299 501
299 535
299 603
299 670
300 595
300 326
300 374
300 647
300 559
300 678
301 359
301 488
301 583
301 494
301 376
301 538
301 590
302 683
302 359
302 488
302 490
302 455
302 460
302 659
302 440
302 441
303 512
303 449
303 664
303 491
303 526
303 561
303 564
303 665
304 624
304 661
304 459
304 364
305 337
305 616
305 412
305 375
305 693
305 599
305 540
305 469
306 389
306 557
306 678
306 535
306 379
306 636
306 541
306 478
307 480
307 578
307 579
307 485
307 326
307 508
307 682
307 683
307 364
307 623
307 343
307 476
307 445
308 402
308 558
308 632
308 517
309 592
309 650
309 675
309 474
309 332
309 333
309 605
310 385
310 644
310 646
310 618
310 558
310 623
310 336
310 601
310 510
310 671
311 441
311 681
311 324
311 461
311 356
311 407
311 380
312 325
312 606
312 569
312 634
312 604
312 490
312 478
312 351
313 496
313 327
313 520
313 459
313 538
313 477
313 574
314 474
314 612
314 677
315 677
315 439
315 360
315 567
315 525
316 459
316 602
316 614
316 552
316 490
316 396
316 564
316 503
316 505
316 506
316 668
316 377
317 676
317 646
317 393
317 463
317 495
317 564
317 379
317 557
318 682
318 395
318 432
318 424
318 688
319 483
319 680
319 361
319 683
319 623
319 531
319 502
319 607
319 604
319 669
320 676
320 325
320 669
320 455
320 565
320 430
320 431
320 337
320 628
320 344
320 412
320 509
321 547
321 427
321 479
321 694
321 442
322 325
322 657
322 606
322 481
322 680
322 553
322 691
322 501
322 413
322 572
322 341
323 454
323 401
323 436
323 632
324 555
324 390
324 359
324 423
324 466
324 410
324 347
324 446
325 388
325 362
325 523
325 383
326 643
326 469
326 570
326 602
326 622
327 631
327 625
327 562
327 630
327 441
327 540
327 436
328 609
328 357
328 489
328 556
329 673
329 495
330 667
330 389
330 392
330 623
330 394
330 395
330 515
330 405
330 697
330 347
330 475
331 480
331 423
331 651
331 657
331 632
331 382
331 607
332 550
332 486
332 456
332 368
332 664
332 563
332 599
332 504
332 667
332 605
333 480
333 553
333 649
333 405
333 502
333 345
333 508
333 669
334 353
334 578
334 687
334 488
334 606
335 531
335 355
335 358
335 675
335 699
336 560
336 587
336 694
336 583
336 554
336 647
336 514
336 409
336 509
337 578
337 407
337 396
337 527
337 339
337 629
337 600
337 426
338 485
338 520
338 553
338 339
338 404
338 406
338 631
338 692
338 475
339 421
339 395
339 398
339 669
339 515
339 407
339 348
339 415
340 676
340 390
340 504
340 443
340 525
340 493
341 577
341 617
341 682
341 559
341 436
341 472
341 473
341 478
341 479
342 384
342 440
342 643
342 358
342 673
342 507
342 614
342 581
343 448
343 386
343 655
343 657
343 596
343 474
343 477
343 481
343 354
343 426
343 634
344 361
344 524
344 685
344 399
344 654
344 539
344 382
345 485
345 641
345 395
345 444
346 385
346 579
346 548
346 453
346 573
346 501
346 409
346 698
346 379
346 362
347 486
347 471
347 455
347 556
347 420
347 468
347 441
347 634
347 507
348 640
348 420
348 581
348 359
348 670
349 389
349 618
349 467
349 562
349 407
349 506
349 485
350 364
350 428
350 590
350 470
350 521
350 568
350 698
350 603
350 604
350 631
351 576
351 587
351 644
351 489
351 459
351 684
351 643
351 635
352 582
352 535
352 418
352 499
352 504
352 503
352 472
353 608
353 616
353 533
353 521
353 674
353 495
354 480
354 596
354 421
354 566
354 478
354 366
355 653
355 562
355 628
355 612
355 495
355 589
356 545
356 359
356 685
356 433
356 379
356 605
357 406
357 685
357 686
357 488
357 534
357 570
358 699
358 676
358 389
358 491
358 598
358 367
358 400
358 696
358 467
358 601
358 504
358 592
358 694
358 645
359 695
359 690
359 633
359 497
359 691
359 468
359 487
359 507
360 608
360 417
360 676
360 549
360 372
360 551
360 658
360 404
360 697
361 384
361 580
361 534
361 598
361 544
361 408
361 537
361 480
361 611
361 692
361 630
362 672
362 592
362 418
362 519
362 522
362 619
362 498
362 399
362 434
362 372
362 644
362 530
362 645
363 678
363 488
363 622
363 464
363 371
363 558
363 411
363 507
364 516
364 601
364 650
364 535
364 409
365 419
365 454
365 372
365 578
365 626
365 565
365 553
365 506
365 603
366 544
366 483
366 472
366 436
366 447
367 633
367 635
367 425
367 638
368 652
368 579
368 618
368 620
368 449
368 616
368 529
368 670
368 436
368 667
368 476
369 520
369 497
369 500
369 502
369 628
369 379
370 513
370 388
370 391
370 524
370 542
371 469
371 502
371 634
371 605
371 405
372 393
372 652
372 524
372 392
372 690
372 514
373 579
373 387
373 374
373 433
373 519
373 679
374 685
374 561
374 595
374 436
374 694
374 542
374 389
375 617
375 493
375 572
376 513
376 647
377 528
377 548
377 606
377 537
377 558
377 527
378 434
378 634
378 550
378 453
378 538
378 382
379 648
379 420
379 462
379 403
379 548
379 419
379 615
379 558
379 692
379 694
379 568
379 697
380 576
380 390
380 682
380 567
380 686
380 431
380 595
380 404
381 481
381 434
381 660
381 673
381 683
381 557
382 481
382 423
382 394
382 527
382 639
383 464
383 419
383 490
383 492
383 410
383 669
384 386
384 655
384 541
384 509
384 638
384 629
385 388
385 652
385 587
386 639
386 679
386 428
386 622
386 460
386 541
386 478
387 515
387 583
387 680
387 684
387 605
388 397
388 398
388 493
388 656
388 663
388 532
388 542
389 522
389 621
389 507
389 543
390 556
390 697
390 425
390 538
390 607
390 421
391 624
391 485
391 694
391 427
391 590
392 608
392 609
392 674
392 518
392 697
393 420
393 520
393 491
393 654
393 530
393 629
393 631
394 647
394 621
394 463
394 594
394 403
394 629
394 632
394 395
394 693
395 483
395 452
395 509
395 464
395 562
395 443
395 476
396 668
396 566
396 489
396 523
396 663
396 669
396 403
396 414
396 625
396 638
397 480
397 550
397 657
397 520
397 649
397 490
397 622
397 462
397 695
398 408
398 428
398 679
398 642
398 470
398 410
398 536
399 514
399 462
399 559
399 404
399 405
399 538
400 596
400 552
400 587
401 544
401 587
401 490
401 459
401 643
401 442
402 485
402 486
402 555
402 573
402 540
403 677
403 652
403 527
403 699
403 696
404 620
404 653
404 441
404 637
405 518
405 554
405 485
405 486
405 681
405 615
405 560
405 658
405 618
406 512
406 453
406 654
406 657
406 479
406 478
406 607
407 562
407 482
407 573
407 451
407 525
408 485
408 584
408 622
408 463
408 595
408 570
408 605
408 639
409 574
409 556
410 478
410 683
410 598
410 685
411 606
411 441
411 540
411 572
412 632
412 694
412 472
412 539
413 480
413 583
413 600
413 427
413 529
413 601
413 689
413 447
414 457
414 542
414 472
414 636
414 524
415 646
415 621
415 628
415 631
416 652
416 565
416 605
417 673
417 540
417 487
417 500
417 447
418 647
418 586
418 524
418 594
418 532
418 598
418 551
418 490
418 630
418 569
418 699
418 574
419 528
419 507
419 548
419 422
419 615
419 527
419 696
419 444
420 561
420 663
421 638
422 681
422 580
422 498
422 505
423 673
423 520
423 653
423 462
423 527
423 648
423 626
423 691
423 649
423 668
423 687
423 444
424 484
424 485
424 684
424 568
424 500
425 642
425 612
425 584
425 524
425 495
425 511
426 696
426 462
426 495
426 440
426 603
426 477
426 479
427 582
427 681
427 618
427 460
427 565
427 439
427 537
427 698
428 620
428 623
428 467
428 631
429 523
429 475
429 640
429 450
430 669
430 522
430 467
430 463
430 657
430 630
430 695
430 509
431 451
431 615
431 690
431 439
431 536
432 649
432 534
432 557
432 594
432 435
432 476
432 669
433 592
433 453
433 492
433 689
433 477
434 523
434 614
434 460
434 665
434 506
435 577
435 674
435 456
435 653
435 538
435 671
436 457
436 620
436 625
436 626
436 442
437 452
437 695
437 517
437 516
437 558
438 464
438 548
438 454
438 554
438 619
438 620
438 514
438 660
438 697
438 656
439 614
439 500
440 528
440 451
440 685
440 534
440 695
440 538
440 682
441 678
441 586
441 615
441 474
441 543
442 648
442 472
442 443
442 650
443 694
443 681
443 469
443 471
443 533
443 479
444 546
444 580
444 525
444 526
444 656
445 630
445 462
445 680
446 513
446 679
446 675
446 516
446 664
446 557
446 605
446 670
446 541
446 574
447 520
447 522
447 478
448 640
448 531
448 556
448 597
449 608
449 516
449 694
449 475
449 668
450 675
450 562
450 595
450 479
451 643
451 662
451 496
451 598
451 683
451 540
452 481
452 627
452 678
452 697
452 671
453 675
453 602
453 652
453 462
453 505
454 625
454 594
454 568
454 605
455 681
455 683
455 642
455 596
456 685
457 480
457 615
458 581
458 491
458 569
458 532
458 636
458 573
459 577
460 499
460 532
460 597
461 620
461 546
461 603
462 513
462 617
462 619
462 613
462 699
462 476
463 487
464 544
464 485
464 567
464 566
464 473
465 688
465 590
465 489
466 514
466 652
466 491
466 524
466 537
466 638
467 644
467 582
467 586
467 590
467 665
467 505
468 644
468 630
468 636
468 585
468 531
468 469
468 590
468 669
468 510
469 552
469 490
469 663
469 541
470 625
470 692
470 604
470 686
471 581
471 571
471 671
471 491
472 698
472 598
472 491
472 509
472 563
472 534
473 640
473 684
473 520
473 521
473 536
473 680
474 546
474 623
474 677
475 545
475 557
476 676
476 649
476 483
476 526
476 623
477 578
477 651
477 489
477 637
477 662
477 569
478 561
479 537
479 604
479 606
479 683
479 570
479 572
480 567
480 526
480 692
480 593
481 555
481 614
481 649
481 564
482 489
482 685
482 511
483 610
483 619
483 550
483 616
484 653
484 666
485 649
485 586
485 523
485 527
485 634
485 509
486 507
486 651
486 514
486 529
486 546
486 674
486 669
487 544
487 647
487 693
487 669
488 641
488 589
488 593
488 602
488 542
488 685
488 612
488 616
488 687
488 633
489 531
489 532
489 534
489 663
489 602
489 545
489 495
489 671
490 555
490 523
490 691
490 613
490 549
491 655
491 699
491 593
491 531
491 692
491 637
492 512
492 594
492 540
493 512
493 645
493 519
493 652
493 628
493 499
493 539
494 578
494 582
494 558
494 659
494 500
494 533
494 664
494 670
495 683
495 615
495 679
495 659
495 676
496 626
496 690
496 634
496 615
496 554
497 546
497 679
497 556
497 589
497 623
497 528
497 535
497 537
498 568
498 600
498 587
498 653
498 558
498 666
499 676
499 608
500 644
500 580
500 574
501 668
501 586
501 635
501 572
502 512
502 598
503 645
503 595
503 667
503 566
503 632
503 665
504 508
504 523
504 596
505 558
505 564
505 664
505 543
506 581
506 579
507 667
507 658
507 631
507 637
508 576
508 630
508 694
509 523
509 612
509 527
509 573
510 683
510 601
511 568
511 616
511 628
511 567
512 672
512 552
512 558
512 540
513 618
513 542
513 633
513 669
514 557
514 561
514 633
515 696
516 678
516 519
516 621
517 573
517 557
518 578
518 678
518 522
518 616
518 530
518 532
518 539
519 591
519 681
519 588
519 557
519 658
519 567
519 565
520 643
520 625
520 691
520 605
521 679
521 622
521 542
522 606
522 615
522 689
522 663
522 607
522 590
523 648
523 599
523 613
524 689
524 658
524 663
524 570
524 638
525 544
525 667
525 626
525 565
525 598
525 564
525 613
526 582
526 625
527 698
527 648
527 692
528 627
528 560
528 601
528 599
528 571
529 583
529 659
529 662
529 628
530 577
530 644
530 626
530 656
531 603
531 618
531 549
531 591
532 644
532 691
532 664
532 612
532 540
532 556
533 591
533 583
533 656
533 564
533 568
534 536
534 673
534 645
534 685
535 667
535 648
535 556
536 596
536 657
537 673
537 658
537 622
537 599
538 682
538 671
539 583
539 588
539 624
540 663
540 673
540 677
540 628
540 626
541 611
541 610
541 557
541 589
541 665
541 569
541 604
542 680
542 659
543 620
543 546
543 645
543 595
543 692
543 677
544 547
544 567
545 616
545 622
545 697
545 573
545 574
545 581
546 666
546 579
546 588
546 643
547 683
547 600
547 668
548 591
548 690
548 605
549 615
549 649
549 575
550 552
550 684
550 663
551 586
552 642
552 681
552 633
552 573
553 583
553 616
553 588
553 625
554 592
555 619
555 624
555 693
556 646
556 572
557 673
558 579
558 637
558 671
559 645
559 662
559 633
559 636
560 609
560 618
560 565
561 623
561 630
562 676
562 642
563 640
563 682
563 618
563 571
564 590
564 635
564 589
565 657
565 672
566 656
566 610
566 612
567 630
567 677
568 650
568 693
569 637
569 594
569 661
569 674
569 697
570 672
570 572
571 663
571 638
573 651
573 591
573 669
574 644
574 665
574 622
574 686
575 599
576 615
576 675
577 685
577 620
577 693
577 634
577 623
578 640
578 651
578 646
578 647
578 661
578 613
579 608
579 672
579 623
579 690
580 672
580 668
580 664
580 605
581 610
581 651
581 598
581 685
581 675
581 596
582 647
582 690
582 659
582 600
582 671
583 610
585 656
585 639
586 588
586 625
586 658
587 641
588 615
588 682
588 676
589 593
589 654
591 611
591 697
592 651
592 620
593 619
593 617
595 646
595 610
596 673
596 681
597 631
598 641
598 655
598 691
598 693
598 604
599 674
599 637
601 672
601 694
601 675
601 635
602 681
603 610
603 635
603 604
603 621
604 685
605 626
605 659
605 606
606 693
606 655
607 625
608 652
608 628
609 644
609 610
611 617
611 662
611 631
611 670
612 627
612 640
612 618
612 631
612 699
612 617
612 667
613 615
613 636
613 686
613 665
613 638
614 622
614 637
617 674
617 677
618 641
618 638
618 639
620 675
620 645
620 697
621 639
622 681
623 646
623 675
623 690
624 661
625 659
626 685
627 692
628 660
630 688
631 640
631 686
633 655
634 696
634 658
634 657
635 679
636 689
637 642
637 668
639 652
639 656
640 669
641 642
641 662
643 694
643 659
644 664
645 674
645 680
645 661
646 649
647 666
649 675
650 656
652 668
653 669
653 690
654 697
655 665
655 658
658 670
659 672
659 694
660 666
661 679
663 678
664 671
666 696
668 679
671 691
671 685
673 678
679 690
680 696
681 691
681 686
687 690
691 696
