700 4998
0 64
0 33
0 131
0 132
0 423
0 39
0 363
0 73
0 43
0 460
0 464
0 466
0 323
0 148
0 597
0 278
0 535
0 276
0 283
0 124
0 223
1 675
1 260
1 582
1 105
1 172
1 430
1 596
1 558
1 571
1 93
1 126
1 31
2 288
2 352
2 34
2 325
2 70
2 106
2 302
2 399
2 81
2 533
2 694
2 664
2 411
2 654
3 162
3 323
3 452
3 566
3 326
3 456
3 236
3 630
3 590
3 19
3 54
3 633
3 507
3 508
3 254
4 323
4 486
4 615
4 522
4 652
4 174
4 431
4 398
4 566
4 600
4 187
4 541
4 479
5 384
5 609
5 483
5 165
5 198
5 487
5 508
5 203
5 396
5 48
5 24
5 403
5 213
5 88
5 57
5 379
5 124
5 381
6 576
6 491
6 196
6 581
6 455
6 266
6 398
6 79
6 213
6 54
6 223
6 676
6 167
6 425
6 106
6 427
6 175
6 368
6 52
6 502
6 553
6 379
7 263
7 386
7 357
7 243
7 586
7 43
7 559
7 147
7 276
7 375
7 123
7 645
8 688
8 356
8 145
8 328
8 267
8 396
8 77
8 335
8 144
8 49
8 116
8 407
8 121
8 244
8 475
9 673
9 418
9 389
9 647
9 553
9 267
9 268
9 237
9 402
9 565
9 313
9 122
9 475
9 637
10 224
10 481
10 132
10 685
10 561
10 365
10 493
10 369
10 370
10 237
10 641
10 676
10 636
10 253
10 190
11 640
11 418
11 619
11 325
11 438
11 600
11 587
11 399
11 497
11 564
11 437
11 502
11 247
11 152
11 313
11 347
12 64
12 417
12 514
12 67
12 452
12 614
12 424
12 394
12 527
12 560
12 305
12 147
12 244
12 55
12 314
12 155
13 162
13 68
13 197
13 583
13 136
13 418
13 47
13 368
13 50
13 403
13 404
13 629
13 118
13 440
13 388
13 111
13 444
14 257
14 453
14 522
14 468
14 621
14 629
14 177
14 308
14 373
14 535
14 25
14 319
14 655
14 351
15 676
15 550
15 49
15 41
15 618
15 331
15 271
15 209
15 307
15 341
15 407
15 536
15 687
15 31
16 537
16 360
16 461
16 463
16 176
16 209
16 20
16 183
16 24
16 377
16 445
16 287
17 417
17 98
17 427
17 169
17 539
17 606
17 671
18 620
18 194
18 452
18 261
18 489
18 107
18 300
18 612
18 596
18 183
18 276
18 443
18 158
19 66
19 360
19 537
19 252
19 109
19 686
20 496
20 100
20 273
20 168
20 553
20 490
20 203
20 45
20 401
20 626
20 84
20 87
20 89
20 586
21 608
21 289
21 643
21 613
21 137
21 556
21 589
21 496
21 277
21 470
21 344
21 95
21 348
21 189
21 479
22 450
22 678
22 326
22 298
22 460
22 654
22 371
22 116
22 149
22 695
22 666
22 379
22 220
23 32
23 36
23 428
23 526
23 111
23 337
23 499
23 436
23 654
23 694
23 568
23 500
23 143
23 124
23 287
24 304
24 603
24 230
24 519
24 138
24 363
24 332
24 634
24 402
24 339
24 120
24 371
24 358
24 251
24 252
24 490
24 318
24 479
25 641
25 610
25 673
25 296
25 556
25 174
25 655
25 432
25 506
25 475
25 284
25 286
25 501
26 128
26 576
26 370
26 468
26 246
26 326
26 631
26 537
26 107
26 620
26 237
27 545
27 667
27 132
27 232
27 362
27 364
27 109
27 401
27 627
27 566
27 248
27 89
27 379
27 106
28 160
28 448
28 417
28 298
28 225
28 429
28 621
28 152
28 116
28 216
28 633
28 672
29 352
29 33
29 293
29 554
29 461
29 334
29 688
29 561
29 82
29 438
29 601
29 668
29 445
30 513
30 98
30 59
30 132
30 262
30 567
30 281
30 531
30 309
30 121
30 249
30 251
30 412
30 661
31 99
31 670
31 375
31 344
31 307
31 655
31 238
32 609
32 491
32 549
32 134
32 553
32 203
32 108
32 558
32 655
32 179
32 248
32 217
32 411
32 125
33 161
33 692
33 343
33 152
33 632
33 672
33 159
34 443
34 683
34 456
34 42
34 171
34 302
34 464
34 209
34 611
34 692
34 438
34 475
34 345
34 123
34 222
35 129
35 164
35 199
35 40
35 41
35 650
35 231
35 493
35 207
35 353
35 240
35 693
35 471
35 698
35 411
35 446
36 68
36 357
36 648
36 105
36 266
36 669
36 179
36 662
36 452
36 410
36 221
36 63
37 108
37 298
37 427
37 492
37 560
37 56
37 626
37 84
37 277
37 408
37 218
37 91
37 93
38 668
38 268
38 669
38 624
38 498
38 467
38 276
38 344
38 404
38 570
38 660
38 284
38 445
39 72
39 393
39 398
39 113
39 243
39 46
39 121
39 504
39 409
39 155
39 478
40 481
40 482
40 485
40 102
40 392
40 106
40 279
40 594
40 653
40 114
40 532
40 246
40 55
40 596
40 189
40 607
41 672
41 515
41 618
41 301
41 77
41 529
41 659
41 53
41 343
41 313
41 698
41 284
41 125
42 544
42 198
42 326
42 105
42 458
42 236
42 397
42 686
42 336
42 659
42 692
42 85
42 439
42 89
43 353
43 354
43 371
43 294
43 342
43 200
43 608
43 698
44 80
44 464
44 465
44 683
44 260
44 229
44 471
44 263
44 681
44 410
44 199
45 513
45 579
45 108
45 106
45 492
45 173
45 208
45 563
45 681
45 91
45 556
46 193
46 642
46 584
46 341
46 358
46 566
46 265
46 535
46 238
46 593
47 290
47 68
47 535
47 616
47 235
47 398
47 527
47 113
47 334
47 279
47 440
47 351
48 96
48 192
48 549
48 390
48 647
48 648
48 618
48 331
48 582
48 304
48 437
48 438
48 447
48 317
49 611
49 553
49 78
49 688
49 177
49 659
49 116
49 181
49 696
49 436
49 63
49 189
49 542
49 341
50 64
50 91
50 164
50 581
50 391
50 266
50 333
50 432
50 82
50 212
50 301
50 404
50 378
50 187
50 92
50 445
50 677
51 288
51 416
51 357
51 231
51 168
51 425
51 235
51 598
51 592
51 241
51 660
51 470
51 343
51 249
51 315
51 264
51 383
52 288
52 579
52 357
52 360
52 586
52 395
52 652
52 141
52 527
52 104
52 374
52 665
52 574
52 607
53 545
53 290
53 355
53 517
53 633
53 74
53 375
53 172
53 381
53 240
53 489
53 374
53 151
53 457
53 473
53 511
53 92
53 157
53 223
54 482
54 356
54 133
54 487
54 424
54 169
54 315
54 387
54 644
55 592
55 325
55 487
55 138
55 428
55 655
55 176
55 146
55 534
55 439
55 543
55 95
55 476
55 287
56 611
56 97
56 283
56 135
56 470
56 171
56 257
56 558
56 596
56 648
56 338
56 323
56 276
56 214
56 535
56 409
56 219
56 479
57 628
57 664
57 372
57 646
57 633
57 632
57 308
57 506
57 349
57 653
58 544
58 225
58 162
58 228
58 161
58 105
58 263
58 322
58 242
59 434
59 340
59 536
59 345
59 638
59 477
59 430
59 485
60 65
60 619
60 228
60 584
60 457
60 171
60 110
60 81
60 73
60 632
60 676
60 508
60 381
60 415
61 288
61 547
61 228
61 549
61 296
61 364
61 462
61 143
61 304
61 433
61 628
61 314
61 443
61 613
62 163
62 293
62 593
62 360
62 138
62 331
62 527
62 241
62 483
62 565
62 625
62 344
62 216
62 221
62 542
63 261
63 561
63 105
63 630
63 430
63 367
63 690
63 342
63 86
63 287
63 655
63 543
64 288
64 389
64 550
64 369
64 636
64 253
64 689
64 429
65 624
65 485
65 390
65 647
65 201
65 107
65 614
65 590
65 80
65 241
65 146
65 217
65 91
66 128
66 472
66 164
66 534
66 200
66 409
66 74
66 403
67 193
67 514
67 684
67 198
67 289
67 73
67 236
67 401
67 178
67 526
67 638
68 387
68 101
68 140
68 618
68 300
68 430
68 113
68 654
68 431
68 311
68 251
68 621
68 478
68 485
69 450
69 517
69 392
69 297
69 528
69 136
69 244
69 693
69 169
69 568
69 90
69 220
70 333
70 255
70 81
70 595
70 467
70 565
70 345
70 186
70 283
70 314
70 543
71 482
71 483
71 213
71 406
71 690
71 394
71 587
71 445
71 134
71 229
72 496
72 693
72 435
72 502
72 438
72 489
72 282
72 365
72 685
73 256
73 292
73 165
73 358
73 103
73 104
73 252
73 267
73 589
73 499
73 244
73 87
73 641
73 659
73 156
73 670
74 321
74 130
74 669
74 208
74 434
74 179
74 692
74 278
74 624
74 410
74 475
74 253
75 214
75 257
75 451
75 101
75 198
75 609
75 488
75 523
75 594
75 479
75 472
75 146
75 437
75 310
75 641
75 440
75 121
75 379
75 540
75 475
75 245
76 80
76 144
76 146
76 91
76 659
76 87
76 136
76 393
76 107
76 462
76 127
77 107
77 617
77 489
77 458
77 491
77 658
77 530
77 557
77 80
77 306
77 562
77 470
77 479
78 259
78 484
78 433
78 168
78 177
78 108
78 83
78 565
78 547
78 217
78 187
78 403
79 146
79 534
79 153
79 614
79 508
79 514
79 655
80 258
80 131
80 228
80 647
80 587
80 204
80 290
80 467
80 309
80 664
80 591
80 668
80 382
80 556
81 420
81 486
81 162
81 138
81 235
81 365
81 477
81 210
81 628
81 86
81 612
81 282
81 493
81 221
81 638
82 161
82 100
82 633
82 364
82 696
82 460
82 669
82 88
82 595
82 662
82 535
82 536
82 249
82 510
83 691
83 481
83 579
83 547
83 85
83 246
83 266
83 395
83 365
83 245
84 577
84 324
84 615
84 491
84 525
84 303
84 464
84 116
84 222
84 537
84 252
84 286
84 485
85 224
85 130
85 228
85 133
85 422
85 391
85 104
85 455
85 516
85 367
85 370
85 436
85 663
85 377
85 559
85 348
85 479
86 416
86 347
86 399
86 245
86 135
86 567
86 633
86 215
86 254
87 161
87 411
87 357
87 697
87 173
87 142
87 255
87 145
87 366
87 617
87 216
87 121
87 602
87 123
87 524
87 127
88 565
88 620
88 171
88 524
88 549
88 497
88 532
88 181
88 310
88 90
88 92
88 149
89 516
89 134
89 394
89 126
89 271
89 339
89 408
89 474
89 667
89 671
89 228
89 679
89 429
89 110
89 690
89 692
89 501
89 183
89 317
89 638
90 225
90 262
90 135
90 688
90 572
90 684
90 549
90 143
90 400
90 212
90 617
90 282
90 543
90 92
90 669
90 230
91 320
91 643
91 521
91 120
91 658
91 293
91 160
91 393
91 674
91 419
91 169
91 677
91 306
91 118
91 567
91 632
91 396
91 382
92 96
92 449
92 643
92 324
92 683
92 614
92 577
92 426
92 395
92 306
92 445
92 612
92 439
92 409
92 495
92 93
92 639
93 651
93 513
93 619
93 429
93 622
93 175
93 112
93 561
93 633
93 122
94 128
94 600
94 530
94 520
94 476
94 222
94 255
95 240
95 385
95 361
95 456
95 185
95 545
95 381
96 160
96 674
96 611
96 484
96 197
96 518
96 270
96 637
96 625
96 306
96 627
96 245
96 534
96 472
96 157
97 400
97 545
97 162
97 643
97 549
97 313
97 154
97 379
97 578
98 416
98 257
98 633
98 421
98 614
98 401
98 599
98 353
98 368
98 464
98 505
98 472
98 121
98 592
98 443
98 197
99 128
99 240
99 386
99 309
99 391
99 536
99 139
99 124
99 647
99 446
100 115
100 405
100 358
100 467
100 170
100 451
101 474
101 337
101 235
101 407
101 265
101 234
101 237
101 605
102 640
102 514
102 235
102 455
102 490
102 263
102 108
102 173
102 495
102 369
102 557
102 179
102 468
102 248
102 543
102 499
102 223
103 385
103 132
103 113
103 484
103 286
103 564
104 546
104 227
104 612
104 680
104 554
104 589
104 177
104 178
104 313
104 458
104 415
105 293
105 486
105 161
105 457
105 647
105 173
105 274
105 682
105 564
105 670
105 182
105 690
105 378
105 540
105 285
105 510
106 289
106 678
106 215
106 302
106 173
106 375
106 273
106 542
106 151
106 683
106 123
106 478
106 360
107 112
107 683
107 392
107 354
107 558
107 351
108 165
108 420
108 295
108 327
108 304
108 175
108 208
108 689
108 210
108 310
108 504
108 338
108 285
108 191
109 353
109 603
109 295
109 552
109 169
109 524
109 334
109 528
109 593
109 466
109 340
109 181
109 601
109 125
110 409
110 176
110 614
110 583
110 267
110 493
110 143
110 112
110 375
110 154
110 315
110 284
111 474
111 656
111 227
111 389
111 337
111 489
111 311
111 669
111 634
111 113
111 498
111 117
111 658
111 377
111 442
111 125
112 672
112 418
112 125
112 333
112 271
112 496
112 338
112 213
112 239
112 317
112 597
113 512
113 514
113 283
113 614
113 403
113 430
113 271
113 291
113 303
113 318
113 191
114 418
114 291
114 683
114 433
114 697
114 331
114 589
114 451
114 239
114 209
114 626
114 323
114 501
114 495
114 569
114 319
114 316
114 447
115 512
115 259
115 453
115 135
115 361
115 301
115 365
115 439
115 633
115 602
115 284
116 128
116 672
116 675
116 133
116 438
116 476
116 371
116 408
116 596
116 410
116 155
116 222
116 549
117 240
117 385
117 638
117 582
117 460
117 300
117 381
117 608
117 191
118 560
118 225
118 674
118 182
118 289
118 397
118 624
118 697
118 311
119 464
119 433
119 440
119 480
119 342
119 609
119 184
119 553
119 672
119 604
119 549
120 648
120 357
120 183
120 431
120 525
120 458
120 142
120 175
121 435
121 139
121 162
121 398
121 272
121 147
121 526
121 667
121 671
121 288
121 292
121 617
121 235
121 239
121 499
121 572
121 253
122 245
122 486
122 615
122 360
122 367
122 348
122 205
123 672
123 289
123 424
123 620
123 461
123 686
123 147
123 578
123 545
123 218
123 219
123 490
124 224
124 409
124 449
124 361
124 343
124 489
124 305
124 340
124 313
124 220
125 128
125 325
125 506
125 459
125 689
125 152
125 346
125 507
125 477
126 324
126 542
126 326
126 519
126 574
126 684
126 477
126 516
126 564
127 129
127 673
127 393
127 398
127 145
127 340
127 691
127 152
127 538
127 283
127 285
127 289
127 349
127 625
127 563
127 501
127 695
127 632
127 468
127 378
127 380
127 446
127 191
128 577
128 133
128 167
128 399
128 402
128 611
129 531
129 688
129 549
129 473
129 410
129 403
129 565
129 558
130 384
130 609
130 132
130 270
130 509
130 304
130 371
130 630
130 151
130 440
130 138
130 426
131 432
131 147
131 627
131 618
131 493
131 157
131 530
131 435
131 631
131 324
131 317
131 191
132 323
132 164
132 422
132 588
132 204
132 303
132 464
132 692
132 279
132 218
132 330
132 190
132 661
133 368
133 594
133 403
133 505
133 196
133 139
133 508
134 482
134 227
134 391
134 508
134 615
134 652
134 213
134 633
134 444
134 663
135 640
135 386
135 195
135 489
135 394
135 589
135 145
135 181
135 254
135 319
136 225
136 610
136 603
136 393
136 618
136 331
136 333
136 238
136 688
136 137
136 591
136 143
136 671
136 541
136 453
137 560
137 418
137 299
137 609
137 395
137 642
137 414
137 176
137 660
137 374
137 506
137 669
137 254
137 437
138 420
138 553
138 610
138 450
138 493
138 144
138 476
138 510
139 361
139 152
139 271
139 396
139 485
139 191
140 274
140 485
140 600
140 505
140 667
140 462
140 415
141 321
141 260
141 401
141 460
141 690
141 430
141 238
141 625
141 562
141 341
141 630
141 633
142 321
142 226
142 259
142 194
142 458
142 354
142 591
142 408
142 466
142 308
142 189
142 382
143 162
143 293
143 266
143 621
143 307
143 598
143 632
143 377
143 347
143 574
144 588
144 161
144 676
144 197
144 604
144 329
144 459
144 433
144 340
144 504
144 200
144 190
145 539
145 496
145 386
145 613
145 327
145 588
145 301
145 686
145 432
145 635
145 279
145 250
145 411
145 348
146 539
146 652
146 355
146 572
146 599
146 207
146 274
146 372
146 405
146 344
146 576
146 348
146 414
147 641
147 549
147 683
147 630
147 579
147 181
147 246
147 156
147 222
148 290
148 260
148 648
148 393
148 266
148 494
148 598
148 664
148 505
148 314
148 682
149 192
149 257
149 518
149 423
149 456
149 332
149 458
149 428
149 205
149 272
149 244
149 250
150 564
150 228
150 357
150 294
151 160
151 256
151 453
151 691
151 263
151 359
151 273
151 493
151 271
151 184
151 211
151 248
151 202
151 542
152 200
152 469
152 460
152 669
152 424
152 180
152 309
152 697
152 634
152 219
152 223
153 688
153 610
153 195
153 485
153 166
153 168
153 363
153 419
153 366
153 269
153 683
153 179
153 213
153 674
153 345
153 570
153 543
154 224
154 322
154 199
154 360
154 235
154 462
154 660
154 215
154 536
154 633
154 250
154 191
155 258
155 233
155 618
155 491
155 562
155 627
155 564
155 349
155 479
156 256
156 325
156 263
156 585
156 400
156 664
156 472
156 442
156 645
156 612
156 169
156 554
156 428
156 368
156 440
156 505
156 570
156 415
156 509
156 446
157 616
157 397
157 559
157 693
157 211
157 630
157 697
157 175
157 525
157 253
157 479
158 656
158 229
158 550
158 345
158 329
158 370
158 508
158 354
159 432
159 403
159 359
159 232
159 522
159 667
159 188
159 451
159 495
160 336
160 667
160 357
160 214
160 406
160 622
160 401
161 482
161 611
161 460
161 657
161 213
161 246
161 664
161 409
161 282
162 520
162 222
162 659
162 472
162 687
162 216
162 606
162 357
162 618
162 619
162 175
162 560
162 437
162 695
162 319
163 256
163 241
163 674
163 243
163 228
163 213
163 673
163 462
163 589
163 351
164 549
164 422
164 487
164 170
164 519
164 428
164 669
164 528
164 534
164 185
164 618
164 605
164 350
165 352
165 688
165 457
165 587
165 622
165 677
165 336
165 440
165 693
165 374
165 183
165 376
165 217
165 314
165 253
165 364
165 581
166 259
166 260
166 521
166 375
166 584
166 388
166 281
166 397
166 462
166 543
167 577
167 259
167 583
167 672
167 679
167 205
167 238
167 579
167 187
167 443
167 220
167 510
167 319
168 512
168 481
168 451
168 676
168 182
168 327
168 394
168 684
168 621
168 302
168 596
168 438
168 643
168 508
169 512
169 674
169 262
169 657
169 393
169 332
169 560
169 468
169 405
169 634
169 574
170 258
170 296
170 235
170 175
170 368
170 213
170 663
170 312
170 281
170 442
170 382
170 511
171 449
171 419
171 516
171 476
171 376
171 275
171 281
171 219
172 624
172 418
172 595
172 292
172 631
172 328
172 594
172 589
172 421
173 192
173 642
173 676
173 550
173 391
173 369
173 696
173 250
173 319
173 511
174 192
174 385
174 424
174 389
174 481
174 257
174 200
174 566
174 397
174 499
174 208
174 305
174 307
174 433
174 664
174 538
174 189
175 387
175 584
175 632
175 490
175 491
175 589
175 529
175 564
175 693
175 315
175 351
176 604
176 258
176 387
176 407
176 421
176 619
176 222
176 406
176 215
176 377
176 284
176 254
176 351
177 517
177 198
177 557
177 626
177 398
177 663
177 665
177 317
177 446
178 551
178 650
178 587
178 368
178 593
178 371
178 564
178 341
178 615
178 657
178 347
178 638
179 577
179 421
179 518
179 299
179 594
179 303
179 562
179 407
179 350
179 645
180 320
180 386
180 371
180 278
180 540
180 249
180 635
180 252
180 482
180 430
181 648
181 195
181 228
181 581
181 305
181 616
181 583
181 526
181 525
181 547
181 388
181 187
182 391
182 393
182 428
182 589
182 494
182 687
182 622
182 233
182 568
182 634
182 254
183 464
183 197
183 219
183 646
183 425
183 527
183 696
183 496
183 570
183 347
183 357
184 513
184 323
184 228
184 517
184 297
184 490
184 399
184 562
184 406
184 439
184 282
184 570
184 511
185 353
185 226
185 675
185 314
185 364
185 493
186 579
186 516
186 325
186 616
186 330
186 396
186 465
186 595
186 659
186 277
186 344
186 219
186 604
187 544
187 258
187 651
187 326
187 263
187 370
187 334
187 623
187 496
187 625
187 531
187 657
188 192
188 529
188 518
188 632
188 329
188 346
188 427
188 525
189 419
189 391
189 572
189 298
189 331
189 621
189 532
189 504
189 697
189 200
189 255
190 688
190 677
190 551
190 684
190 372
190 472
190 665
190 443
190 445
191 356
191 325
191 600
191 651
191 656
191 515
191 276
191 502
191 485
191 696
191 667
191 427
192 517
192 679
192 296
192 268
192 554
192 396
192 205
192 530
192 276
192 508
192 382
193 416
193 448
193 258
193 259
193 356
193 627
193 576
193 345
193 283
193 509
193 318
194 450
194 451
194 198
194 647
194 584
194 681
194 398
194 488
194 689
194 506
194 638
195 674
195 484
195 585
195 567
195 205
195 530
195 628
195 228
195 506
195 639
195 636
195 223
196 315
196 420
196 294
196 695
196 268
196 671
196 469
196 473
196 249
196 379
196 316
196 445
196 607
197 662
197 327
197 215
197 460
197 207
197 630
197 217
197 282
197 319
198 512
198 640
198 593
198 329
198 674
198 496
198 227
198 606
198 410
198 348
198 286
199 320
199 667
199 583
199 620
199 267
199 269
199 560
199 635
199 274
199 347
199 318
200 384
200 417
200 513
200 684
200 556
200 269
200 541
200 434
200 608
200 446
200 351
201 385
201 330
201 300
201 432
201 563
201 629
201 346
201 688
201 572
201 477
201 383
202 640
202 565
202 342
202 602
202 571
202 647
202 557
202 590
202 389
203 546
203 644
203 329
203 372
203 665
203 472
203 537
203 413
203 607
204 369
204 578
204 440
204 217
204 415
204 594
204 575
204 255
205 452
205 389
205 647
205 434
205 468
205 406
205 284
206 627
206 354
206 299
206 580
206 261
206 487
206 649
206 523
206 588
206 674
206 581
206 467
206 567
206 280
206 377
206 346
206 231
207 385
207 642
207 388
207 289
207 651
207 615
207 674
207 497
207 259
207 574
207 606
207 255
208 450
208 612
208 402
208 688
208 274
208 214
208 601
208 346
208 623
208 509
209 257
209 424
209 687
209 620
209 306
209 436
209 405
209 215
209 539
209 348
209 477
209 414
209 597
210 541
210 537
210 425
210 348
210 297
210 445
211 228
211 357
211 455
211 295
211 424
211 231
211 527
211 285
211 382
211 319
212 353
212 582
212 392
212 425
212 430
212 637
212 593
212 691
212 534
212 379
212 316
212 605
212 670
213 393
213 461
213 465
213 338
213 277
213 535
213 604
213 357
213 356
213 555
213 620
213 557
213 374
213 315
214 673
214 681
214 301
214 352
214 690
214 297
214 592
214 265
215 323
215 300
215 460
215 303
215 339
215 661
215 473
216 291
216 422
216 616
216 524
216 302
216 688
216 402
216 281
216 667
216 286
217 324
217 489
217 399
217 530
217 371
217 361
217 504
218 450
218 568
218 623
218 314
218 620
218 478
218 469
219 576
219 258
219 571
219 327
219 494
219 307
219 689
219 479
220 481
220 630
220 293
220 297
220 523
220 428
220 429
220 337
220 307
220 341
220 631
220 377
220 634
220 575
221 385
221 570
221 582
221 294
221 359
221 488
221 267
221 237
221 687
221 615
221 243
221 404
221 439
221 536
221 324
221 250
221 346
221 511
222 263
222 538
222 429
222 466
222 410
222 595
222 381
223 321
223 649
223 684
223 271
223 242
223 339
223 374
223 317
224 474
224 274
224 571
224 454
224 443
224 252
224 399
225 598
225 395
225 526
225 685
225 662
225 645
225 289
225 547
225 357
225 348
225 493
225 240
225 372
225 631
225 634
225 543
225 383
226 385
226 626
226 484
226 389
226 230
226 439
226 671
226 319
227 262
227 264
227 298
227 397
227 656
227 568
227 666
227 667
227 252
228 268
228 334
228 561
228 663
229 257
229 259
229 260
229 390
229 615
229 589
229 463
229 323
229 663
229 347
229 443
229 317
229 621
230 291
230 677
230 263
230 233
230 332
230 237
230 686
230 271
230 468
230 642
230 604
230 477
231 688
231 649
231 682
231 523
231 435
231 560
231 660
231 694
231 407
231 314
232 299
232 388
232 683
232 550
232 487
232 297
232 267
232 255
232 653
232 623
232 643
232 564
233 545
233 609
233 371
233 370
233 243
233 532
233 693
233 472
233 281
233 317
234 322
234 675
234 684
234 664
234 555
234 598
234 366
234 312
234 661
234 406
234 408
234 293
235 547
235 300
235 277
235 282
235 693
236 293
236 520
236 460
236 557
236 648
236 594
236 515
236 638
236 663
236 538
236 607
236 414
236 543
237 586
237 423
237 679
237 270
237 605
237 368
237 595
237 373
237 665
237 539
237 543
238 452
238 296
238 647
238 364
238 301
238 398
238 399
238 401
238 470
239 579
239 423
239 360
239 252
239 461
239 430
239 465
239 302
239 473
239 348
239 413
240 512
240 611
240 647
240 426
240 244
240 627
240 477
240 670
240 287
241 640
241 546
241 534
241 647
242 288
242 595
242 553
242 376
242 297
242 317
242 397
242 287
243 516
243 614
243 458
243 564
243 548
243 667
243 444
244 498
244 515
244 697
244 567
244 540
245 529
245 596
245 406
245 524
245 611
246 610
246 555
246 643
246 678
246 519
246 457
246 650
246 371
246 429
246 340
246 372
246 501
246 313
246 603
246 590
247 257
247 674
247 387
247 326
247 617
247 530
247 686
247 466
247 383
247 636
247 382
247 479
248 289
248 642
248 340
248 566
248 537
248 334
248 367
249 400
249 685
249 325
249 488
249 622
249 463
250 609
250 420
250 520
250 457
250 396
250 530
250 668
250 254
250 287
251 321
251 579
251 547
251 454
251 679
251 444
251 525
251 655
252 642
252 481
252 330
252 652
252 291
252 602
252 347
252 417
252 358
252 561
252 369
252 309
252 572
252 693
253 387
253 310
253 409
254 360
254 647
254 654
254 694
254 561
254 564
254 617
254 633
254 446
255 385
255 645
255 263
255 489
255 331
255 443
256 580
256 453
256 630
256 344
256 349
256 597
257 289
257 331
257 454
257 369
257 264
257 387
257 609
257 463
257 314
257 399
257 316
257 459
258 658
258 599
258 394
258 531
259 275
259 583
259 331
259 337
259 348
259 520
260 640
260 417
260 682
260 550
260 496
260 565
260 343
260 318
260 607
261 480
261 291
261 613
261 327
261 590
261 579
261 276
261 381
261 574
262 352
262 677
262 309
262 653
262 399
263 482
263 331
263 333
263 374
263 505
264 676
264 391
264 573
264 625
264 466
264 278
264 279
264 673
264 314
264 538
265 480
265 642
265 516
265 392
265 556
265 298
265 332
265 405
265 442
265 477
266 486
266 457
266 626
266 677
266 380
266 549
267 658
267 513
267 477
267 461
268 578
268 616
268 458
268 556
268 589
268 590
268 648
268 505
268 445
268 585
269 512
269 581
269 489
269 298
269 463
269 664
269 467
269 568
269 635
269 636
269 458
269 318
270 535
270 360
270 570
270 411
270 636
271 384
271 669
271 672
271 494
271 495
271 693
271 310
271 413
271 471
271 317
271 575
271 351
272 649
272 652
272 336
272 319
272 311
272 441
272 443
272 508
272 446
272 543
273 634
273 327
273 617
273 652
273 694
273 478
273 534
273 596
273 570
273 554
273 542
274 468
274 654
274 679
274 414
274 367
275 571
275 589
275 685
276 323
276 420
276 361
276 629
276 335
276 400
276 689
276 309
276 570
276 399
277 417
277 356
277 572
277 557
277 302
277 600
277 548
277 698
277 533
278 288
278 292
278 518
278 551
278 369
278 597
278 522
278 287
279 576
279 578
279 515
279 552
279 329
279 435
279 436
279 561
279 374
279 376
279 313
279 602
280 489
280 307
280 670
280 569
280 467
280 476
280 403
280 429
280 671
281 673
281 450
281 523
281 566
281 642
281 431
281 498
281 435
281 406
281 474
282 582
282 586
282 493
282 631
282 537
282 474
282 510
283 454
283 682
283 650
283 332
283 525
283 695
283 540
283 285
283 382
284 448
284 611
284 388
284 518
284 554
284 363
284 562
284 343
284 538
284 595
284 601
284 319
285 320
285 577
285 579
285 423
285 672
285 399
285 628
286 384
286 593
286 530
286 389
286 359
286 455
287 518
287 363
287 589
287 335
287 313
287 543
287 670
288 417
288 524
288 396
288 334
288 431
288 528
288 505
288 666
289 522
289 440
289 601
289 445
289 673
290 610
290 414
290 436
290 518
290 319
290 525
290 318
291 416
291 647
291 414
291 623
292 588
292 419
292 581
292 295
292 299
292 399
292 338
292 499
292 372
292 344
292 511
293 577
293 674
293 571
293 609
293 656
293 605
293 599
293 600
293 314
293 542
293 415
294 354
294 666
294 391
294 360
294 297
294 588
294 679
294 467
294 445
294 307
294 477
294 351
295 641
295 418
295 549
295 683
295 497
295 500
295 468
295 347
295 669
296 689
296 622
296 614
296 487
296 621
297 653
297 577
297 551
297 426
297 333
297 301
297 690
297 495
297 540
297 415
298 549
298 325
298 398
298 498
298 533
298 698
298 317
298 654
299 327
299 619
300 416
300 427
300 630
300 695
300 446
301 609
301 580
301 620
301 402
301 368
301 506
301 637
301 447
302 612
302 650
302 588
302 524
302 401
302 566
302 509
302 637
303 465
303 510
303 454
303 607
303 345
303 431
304 336
304 551
304 345
304 524
304 621
305 416
305 642
305 389
305 359
305 555
305 364
305 556
305 645
305 434
305 634
305 319
305 524
305 421
306 323
306 500
306 523
306 537
306 473
306 365
307 641
307 699
307 612
307 553
307 682
307 313
308 610
308 628
308 534
308 490
308 652
308 556
309 480
309 482
309 600
309 463
309 561
309 579
309 499
309 662
309 623
310 418
310 627
310 613
310 463
310 508
310 350
311 512
311 678
311 614
311 425
311 394
311 620
311 371
311 637
312 642
312 502
312 625
312 522
312 685
312 655
312 593
312 573
312 406
312 508
313 556
313 428
313 461
313 589
313 464
313 530
313 344
313 698
313 350
314 475
314 646
314 615
314 679
314 622
314 635
314 424
314 611
314 411
314 673
315 384
315 449
315 523
315 555
315 616
315 508
315 427
315 397
315 400
315 690
315 564
315 473
315 347
315 348
315 413
316 685
316 642
316 639
317 359
317 328
317 530
317 623
317 453
317 658
317 543
317 488
317 511
317 362
318 550
318 636
318 391
318 557
318 560
318 642
318 484
318 506
318 604
318 637
319 449
319 329
319 522
319 524
319 609
319 526
319 581
319 416
319 464
319 457
320 416
320 325
320 358
320 613
320 430
320 509
321 545
321 579
321 646
321 460
321 495
321 410
321 540
322 582
322 516
322 358
322 695
322 460
322 325
323 593
323 552
323 654
323 537
323 511
324 582
324 457
324 558
324 628
324 338
324 405
324 686
325 475
325 332
325 366
325 509
325 656
325 401
325 691
325 538
325 443
325 446
326 514
326 620
326 588
326 623
327 384
327 610
327 580
327 360
327 453
327 397
327 586
327 593
327 618
327 517
328 663
328 387
328 660
328 699
328 519
328 671
328 635
328 429
329 491
329 632
329 684
329 398
329 655
329 658
329 547
329 344
329 383
329 351
330 449
330 389
330 502
330 685
330 463
330 645
330 403
330 534
330 696
330 453
331 672
331 516
331 620
331 557
331 529
331 691
331 693
331 665
331 509
332 626
332 338
332 419
332 670
332 379
332 572
332 478
332 565
333 376
333 355
333 452
333 601
334 653
334 611
334 581
334 623
334 361
334 337
334 698
335 580
335 467
335 553
335 503
335 377
335 634
335 483
336 424
336 453
336 525
336 561
336 466
336 415
336 540
336 447
337 370
337 500
337 585
337 578
338 353
338 395
338 664
338 594
338 639
339 577
339 585
339 435
339 397
339 664
339 627
339 659
339 537
339 441
339 671
340 656
340 578
340 547
340 662
340 390
340 584
340 361
340 561
340 570
341 683
341 676
341 549
341 391
341 583
341 662
341 345
341 411
342 557
342 553
342 349
343 668
343 453
343 441
343 516
343 661
344 512
344 390
344 487
344 616
344 545
344 501
344 677
344 439
344 575
345 450
345 579
345 389
345 396
345 674
345 410
345 688
345 420
345 497
345 563
345 478
345 634
345 382
346 627
346 640
346 677
346 589
346 401
346 659
346 502
346 603
346 444
346 575
347 388
347 686
347 472
347 404
347 440
347 409
347 669
348 354
348 422
348 586
348 654
348 401
348 441
348 538
349 642
349 424
349 489
349 554
349 427
349 517
349 596
349 564
349 438
349 381
349 382
350 440
350 392
350 493
351 481
351 429
351 532
351 674
352 456
352 459
352 460
352 598
352 536
352 602
352 539
352 416
352 547
352 425
352 495
352 688
352 498
352 565
352 377
352 443
352 637
353 656
353 499
353 436
353 698
353 604
354 576
354 390
354 583
354 618
354 600
354 414
354 645
354 535
354 504
354 549
355 448
355 649
355 363
355 430
355 689
355 569
355 572
355 509
355 533
356 481
356 421
356 411
357 519
357 482
357 688
357 520
357 452
357 627
358 604
358 568
358 489
358 497
358 501
358 608
358 474
359 368
359 634
359 683
359 538
359 651
360 385
360 514
360 364
360 523
360 397
360 598
360 480
360 615
360 519
360 556
360 639
361 627
361 611
361 469
361 492
361 621
361 462
361 499
361 536
361 660
361 437
361 376
362 384
362 387
362 500
362 613
362 391
362 493
363 481
363 580
363 518
363 657
363 588
363 524
363 462
363 367
363 625
363 686
363 599
364 388
364 678
364 683
364 498
364 624
364 660
364 472
365 585
366 697
366 449
366 611
366 529
366 614
366 392
366 382
367 587
367 585
367 427
367 495
367 675
367 553
368 571
368 435
368 430
368 432
368 450
368 593
368 471
368 411
368 421
369 521
369 559
369 657
369 426
370 577
370 699
370 616
370 497
370 465
370 531
370 374
370 600
370 686
370 382
370 575
371 416
371 583
371 470
371 482
371 572
372 674
372 579
372 679
372 524
372 654
372 527
372 699
372 412
373 560
373 592
373 517
373 414
373 601
373 553
373 542
374 599
374 524
374 470
374 411
374 414
375 512
375 419
375 395
375 463
375 404
375 500
375 412
376 576
376 385
376 548
376 424
376 613
376 529
376 530
376 511
377 424
377 636
377 683
377 685
377 628
377 669
377 446
378 416
378 620
378 642
378 458
378 459
378 428
378 402
378 623
378 694
378 440
378 410
378 443
378 572
379 608
379 679
379 522
379 592
379 467
379 439
379 564
380 384
380 589
380 440
380 493
380 461
380 559
380 399
381 522
381 551
381 456
381 453
381 622
381 624
381 534
381 473
382 685
382 580
382 649
382 429
382 591
382 657
382 532
382 634
383 692
383 446
383 699
383 589
383 655
384 508
384 455
384 616
384 648
384 631
384 657
384 637
384 414
385 522
385 432
385 594
385 542
386 539
386 678
386 619
386 519
386 387
386 475
387 643
387 650
387 577
387 492
387 499
387 404
387 538
388 576
388 577
388 552
388 561
388 429
388 497
388 690
388 404
388 608
389 688
389 564
389 565
389 504
389 525
390 554
390 666
390 622
391 682
391 651
391 688
391 439
392 545
392 455
392 593
392 535
392 413
393 514
393 619
393 649
393 439
393 666
393 573
394 577
394 578
394 688
394 437
394 502
395 485
395 551
395 552
395 682
395 523
395 695
395 577
395 436
395 442
395 412
396 547
396 612
396 615
396 521
396 458
396 689
396 661
396 630
396 599
396 472
397 487
397 399
397 616
397 430
398 435
398 462
398 495
398 669
399 462
401 417
401 552
401 476
401 526
401 465
401 664
401 624
401 475
402 609
402 677
402 657
402 658
402 435
402 671
402 668
402 479
403 419
403 655
403 535
403 505
403 442
404 609
404 643
404 655
405 640
405 632
405 682
405 600
405 671
406 425
406 677
407 581
407 649
407 494
407 591
407 625
407 690
407 629
407 569
407 698
407 509
408 673
408 466
408 595
408 569
408 591
408 437
409 427
409 628
409 494
409 438
409 478
409 565
410 429
410 595
411 641
411 598
411 681
411 554
411 567
411 548
411 692
411 632
411 484
411 687
412 641
412 595
412 581
412 457
412 492
412 484
412 645
413 539
413 573
413 579
413 442
413 557
413 587
414 566
414 688
414 671
414 618
414 543
415 481
415 619
415 525
415 622
415 584
415 435
415 661
415 632
415 670
416 516
416 555
416 551
416 531
416 564
416 469
416 612
416 495
417 604
417 517
417 646
417 615
417 473
417 539
418 496
418 517
418 584
418 686
418 434
418 687
418 509
419 680
419 585
419 531
419 691
419 505
420 691
420 424
420 591
420 589
421 583
421 586
421 526
421 598
421 472
421 682
422 512
422 457
422 621
422 572
423 480
423 560
423 521
423 425
423 459
424 474
424 504
424 454
424 465
424 534
424 583
424 697
424 536
425 677
425 456
425 498
425 591
425 538
425 444
426 611
426 456
426 490
426 444
426 542
426 431
427 487
427 572
427 549
427 666
427 478
428 503
428 680
428 457
428 599
428 690
428 529
428 670
428 632
428 446
428 661
429 485
429 652
429 606
429 680
429 468
429 511
430 582
430 512
430 473
430 431
430 541
430 560
430 432
430 503
430 636
431 433
431 651
432 517
432 494
432 537
432 696
432 607
433 455
433 520
433 650
433 621
433 503
434 645
434 665
434 588
435 530
435 687
435 602
436 577
436 483
436 677
436 672
436 562
436 666
436 635
437 569
437 463
437 447
438 512
438 609
438 515
438 615
438 460
438 500
438 514
438 568
438 688
438 478
439 640
439 515
439 516
439 648
439 541
439 592
440 521
440 618
440 592
440 613
440 606
440 445
440 453
441 616
441 684
442 561
442 674
442 462
443 483
443 581
443 510
444 461
444 608
444 596
444 685
445 608
445 649
445 657
445 627
445 606
446 576
446 674
446 452
446 518
446 647
446 697
447 642
447 544
447 618
447 631
448 592
448 507
448 477
449 688
449 636
449 651
449 682
450 467
450 493
451 579
451 645
451 596
451 458
452 673
452 489
452 587
452 527
452 565
452 573
452 621
453 610
453 613
453 519
453 616
453 530
454 676
454 455
454 456
454 583
454 525
454 688
454 471
454 602
455 609
455 484
455 591
455 580
455 667
456 612
456 614
456 519
456 555
456 590
456 687
456 547
456 466
456 483
456 677
456 631
457 653
457 636
457 611
457 557
457 561
457 508
458 581
458 677
458 639
459 564
459 505
459 491
460 675
460 619
460 495
460 659
460 577
460 543
461 578
461 635
461 583
461 647
461 590
461 470
461 665
462 576
462 679
462 685
462 643
462 532
462 559
462 606
463 665
463 597
463 569
464 603
464 617
464 509
464 628
464 563
464 475
464 468
465 512
465 608
465 519
465 489
465 583
465 595
465 535
465 473
465 655
465 574
466 490
466 696
466 591
466 626
466 501
466 505
466 474
466 509
467 677
467 644
467 569
467 477
467 479
468 608
468 516
468 556
468 590
468 472
468 537
468 575
468 637
468 542
469 597
469 684
469 506
469 494
470 653
470 641
470 648
470 680
470 564
470 572
470 607
471 549
471 554
471 574
472 486
472 514
472 522
472 527
472 498
472 566
473 642
473 660
473 697
474 506
475 520
475 633
475 635
475 581
476 673
476 484
476 519
476 585
476 510
476 574
477 511
479 488
479 600
479 483
479 624
479 598
479 543
479 637
480 528
480 599
480 643
480 490
481 625
481 626
481 554
482 544
482 593
483 584
483 652
483 613
483 623
483 666
483 687
484 539
484 533
484 640
484 629
485 613
485 588
485 494
485 497
485 505
486 583
486 617
486 624
486 598
486 570
486 602
487 530
487 538
487 605
487 542
488 636
488 516
488 617
488 599
488 604
489 621
489 658
489 538
489 638
490 597
490 604
491 563
491 533
491 697
492 640
492 628
493 682
493 638
494 672
494 673
494 546
494 649
494 521
494 686
495 671
495 673
495 627
496 547
496 558
497 552
497 604
498 646
498 523
498 561
498 585
499 520
499 591
499 635
500 531
500 537
500 539
501 531
501 698
501 506
502 610
502 675
502 597
503 546
503 691
503 629
503 552
503 649
503 669
504 516
504 619
504 633
504 542
505 580
505 520
505 594
505 584
505 599
505 689
506 545
506 586
506 654
506 691
506 575
506 604
507 513
507 673
507 624
507 523
508 550
508 670
508 663
509 584
510 597
510 666
510 686
511 519
511 617
511 554
511 599
513 547
514 656
514 560
514 565
514 541
514 574
515 688
515 598
515 695
516 682
516 522
516 642
516 539
516 554
516 570
516 637
517 585
517 565
517 526
517 563
517 534
517 697
518 621
518 591
519 536
519 594
520 609
520 583
520 621
520 685
520 696
520 573
521 656
521 582
521 554
521 677
522 640
522 643
522 648
522 560
522 667
522 609
523 687
523 552
523 536
524 609
524 580
524 662
524 648
524 556
524 660
524 543
525 577
525 619
525 568
525 677
526 607
526 572
527 659
527 682
527 634
527 698
528 595
528 634
528 684
528 586
528 588
529 618
529 561
529 658
529 567
529 655
529 573
530 693
531 585
531 649
531 568
532 576
532 610
532 579
532 582
532 568
532 572
533 553
533 558
533 591
534 675
534 551
534 558
534 698
534 539
535 582
535 595
536 649
537 672
537 674
537 619
537 690
537 663
538 668
538 556
538 680
538 594
539 675
540 582
540 645
541 646
541 652
541 552
541 699
541 671
542 591
543 631
543 597
543 623
543 630
543 569
544 577
544 587
544 602
545 603
545 555
545 679
545 559
545 661
545 658
545 660
545 617
545 655
545 634
546 564
546 693
546 678
546 607
547 587
547 548
547 672
547 651
547 632
547 562
547 592
548 560
548 550
548 663
549 578
549 656
549 662
549 620
549 690
550 641
550 578
550 657
550 584
550 636
550 648
550 592
550 589
550 638
551 656
551 642
551 583
551 591
551 659
551 698
552 576
552 678
552 615
552 676
553 576
553 642
553 678
553 628
553 574
554 679
554 698
555 578
555 579
555 566
555 623
555 576
556 593
557 597
557 691
558 651
558 652
558 699
559 611
559 564
559 646
560 608
560 629
560 696
560 575
560 622
561 693
561 696
562 576
562 608
562 642
562 602
562 638
563 623
563 591
564 578
564 580
564 646
564 650
564 673
564 682
565 604
566 609
566 650
566 573
567 608
567 668
567 621
567 654
567 604
568 611
568 573
569 611
569 687
570 611
570 600
571 695
571 593
571 697
571 605
572 627
572 645
572 615
572 589
572 695
574 672
574 643
574 617
574 649
574 675
575 669
575 681
575 691
575 662
575 634
576 659
576 638
576 669
577 679
577 645
578 645
579 647
579 687
580 673
581 628
581 634
582 645
582 584
582 594
583 645
583 596
583 643
584 669
584 602
584 655
584 589
585 624
585 635
586 673
587 624
587 612
588 591
588 662
589 666
589 679
589 680
589 698
592 640
592 677
592 647
592 620
592 596
593 663
594 641
595 668
595 632
595 674
595 633
597 616
597 624
597 667
598 622
599 663
600 632
601 618
601 607
602 655
603 678
603 614
603 682
603 691
603 604
604 675
604 650
606 657
606 617
606 679
607 688
607 659
608 626
608 692
608 638
609 699
610 626
612 616
612 648
612 639
613 616
613 658
615 687
615 660
616 619
618 656
618 658
618 660
618 621
618 687
619 698
619 671
621 681
622 657
622 658
624 645
625 667
625 681
625 637
626 646
626 654
626 693
626 694
626 634
627 682
627 657
628 672
628 652
628 650
629 642
631 635
632 679
633 658
634 678
637 644
639 641
639 642
639 685
640 680
640 661
641 691
641 695
642 651
642 658
642 689
643 653
643 685
645 674
646 698
646 667
647 648
647 679
647 697
648 688
651 680
651 656
652 660
653 678
655 683
655 696
656 696
657 693
658 663
658 692
659 694
660 664
660 671
661 683
662 695
663 674
664 680
664 686
666 680
667 674
670 674
671 677
673 686
674 679
675 699
675 688
676 689
680 699
681 684
683 689
683 693
698 699
