1
0 239
0 472
1 302
1 467
2 109
2 229
3 40
3 142
4 315
4 330
5 268
5 453
6 173
6 389
7 267
7 272
8 44
8 134
9 263
9 489
10 392
10 466
11 161
11 193
12 346
12 456
13 339
13 390
14 269
14 288
15 257
15 403
16 75
16 191
17 125
17 379
18 402
18 443
19 130
19 146
20 238
20 475
21 272
21 369
22 47
22 305
23 270
23 444
24 133
24 146
25 54
25 437
26 160
26 431
27 87
27 307
28 137
28 317
29 157
29 441
30 353
30 406
31 82
31 144
32 199
32 430
33 85
33 197
34 83
34 218
35 241
35 438
36 162
36 246
37 39
37 71
38 53
38 138
39 429
40 273
41 135
41 359
42 188
43 122
43 138
44 191
45 340
45 381
46 262
46 359
47 83
48 254
48 309
49 94
49 225
50 385
50 398
51 158
51 396
52 187
52 244
53 158
54 256
55 295
55 318
56 85
56 349
57 171
57 499
58 230
58 393
59 250
59 418
60 145
60 258
61 253
61 318
62 206
62 386
63 319
63 344
64 160
64 220
65 224
65 333
66 447
66 492
67 128
67 325
68 102
68 460
69 120
69 424
70 373
70 479
71 393
72 100
72 283
73 170
73 279
74 167
74 234
75 347
76 374
76 410
77 259
77 446
78 195
78 292
79 332
79 433
80 89
80 411
81 110
81 115
82 324
84 182
84 378
86 118
86 294
87 487
88 157
88 426
89 284
90 304
90 476
91 104
91 437
92 183
92 342
93 159
93 499
94 169
95 282
95 339
96 453
96 461
97 99
97 423
98 189
98 365
99 214
100 107
101 172
101 430
102 202
103 108
103 455
104 326
105 208
105 494
106 179
106 368
107 410
108 150
109 452
110 416
111 444
111 470
112 121
112 181
113 330
113 485
114 291
114 424
115 346
116 195
116 414
117 124
117 473
118 400
119 365
119 455
120 316
121 150
122 495
123 148
123 267
124 253
125 409
126 177
126 488
127 145
127 266
128 327
129 153
129 233
130 341
131 222
131 366
132 392
132 422
133 153
134 306
135 233
136 269
136 420
137 375
139 221
139 255
140 234
140 274
141 175
141 482
142 345
143 281
143 376
144 231
147 350
147 477
148 462
149 164
149 218
151 256
151 451
152 240
152 336
154 351
154 486
155 213
155 357
156 351
156 496
159 176
161 361
162 463
163 203
163 383
164 371
165 378
165 481
166 202
166 425
167 258
168 204
168 357
169 226
170 201
171 457
172 245
173 345
174 337
174 439
175 372
176 321
177 432
178 210
178 395
179 252
180 314
180 356
181 298
182 275
183 496
184 186
184 493
185 312
185 417
186 421
187 235
188 382
189 200
190 249
190 344
192 423
192 440
193 380
194 215
194 347
196 343
196 356
197 278
198 226
198 447
199 380
200 266
201 289
203 414
204 384
205 317
205 323
206 312
207 478
207 489
208 448
209 373
209 464
210 244
211 324
211 370
212 399
212 484
213 457
214 446
215 217
216 467
216 495
217 321
219 222
219 334
220 377
221 231
223 264
223 293
224 250
225 450
227 228
227 268
228 438
229 292
230 271
232 432
232 449
235 412
236 391
236 464
237 261
237 431
238 445
239 277
240 300
241 478
242 301
242 389
243 353
243 363
245 475
246 428
247 401
247 429
248 422
248 482
249 375
251 299
251 408
252 442
254 388
255 381
257 460
259 407
260 367
260 441
261 443
262 306
263 474
264 493
265 280
265 485
270 497
271 366
273 337
274 426
275 428
276 348
276 484
277 435
278 382
279 402
280 282
281 480
283 310
284 442
285 401
285 498
286 331
286 494
287 370
287 458
288 435
289 328
290 323
290 328
291 343
293 377
294 406
295 418
296 472
296 490
297 405
297 436
298 333
299 335
300 395
301 348
302 354
303 341
303 471
304 411
305 308
307 445
308 481
309 465
310 313
311 391
311 454
313 419
314 459
315 386
316 425
319 372
320 335
320 451
322 325
322 326
327 407
329 433
329 483
331 465
332 409
334 497
336 387
338 394
338 479
340 468
342 355
349 374
350 352
352 362
354 491
355 398
358 376
358 415
360 405
360 462
361 368
362 491
363 454
364 400
364 492
367 476
369 390
371 474
379 417
383 471
384 413
385 404
387 388
394 399
396 434
397 421
397 458
403 468
404 488
408 456
412 427
413 483
415 434
416 420
419 490
427 466
436 439
440 461
448 469
449 473
450 498
452 469
459 480
463 470
477 486
500 487
501 42
-1 -1
19.4505
