1
0 16
0 246
1 333
1 654
2 351
2 118
3 388
3 91
4 394
4 184
5 391
5 292
6 420
6 230
7 519
7 424
8 272
8 101
9 431
9 692
10 166
10 456
11 25
11 183
12 68
12 572
13 576
13 684
14 320
14 501
15 523
15 331
16 245
17 262
17 29
18 232
18 427
19 330
19 80
20 535
20 375
21 347
21 486
22 142
22 23
23 337
24 193
24 302
25 217
26 28
26 497
27 500
27 191
28 605
29 237
30 447
30 106
31 352
31 292
32 76
32 215
33 128
33 334
34 134
34 371
35 211
35 277
36 132
36 427
37 284
37 546
38 227
38 247
39 644
39 248
40 606
40 98
41 278
41 107
42 140
42 479
43 369
43 554
44 468
44 159
45 401
45 343
46 96
46 630
47 304
47 445
48 583
48 311
49 449
49 694
50 295
50 243
51 680
51 502
52 150
52 165
53 443
53 216
54 395
54 438
55 603
55 189
56 223
56 372
57 537
57 186
58 144
58 204
59 289
59 247
60 305
60 246
61 129
61 555
62 560
62 635
63 199
63 252
64 540
64 242
65 548
65 315
66 652
66 251
67 587
67 121
68 561
69 665
69 173
70 514
70 691
71 671
71 74
72 479
72 174
73 525
73 164
74 346
75 667
75 572
76 195
77 648
77 567
78 84
78 687
79 456
79 539
80 234
81 270
81 210
82 397
82 166
83 235
83 124
84 415
85 557
85 187
86 417
86 634
87 230
87 638
88 697
88 469
89 549
89 695
90 266
90 490
91 542
92 468
92 283
93 324
93 174
94 688
94 114
95 345
95 478
96 499
97 470
97 421
98 623
99 614
99 676
100 409
100 420
101 498
102 156
102 511
103 656
103 510
104 529
104 624
105 309
105 666
106 413
107 657
108 264
108 679
109 134
109 410
110 202
110 668
111 209
111 416
112 373
112 117
113 639
113 594
114 651
115 268
115 606
116 196
116 138
117 358
118 622
119 663
119 592
120 322
120 472
121 238
122 476
122 231
123 129
123 642
124 595
125 388
125 602
126 453
126 532
127 194
127 423
128 659
130 589
130 661
131 666
131 505
132 256
133 309
133 250
135 353
135 699
136 681
136 378
137 494
137 377
138 272
139 506
139 444
140 229
141 508
141 432
142 472
143 528
143 559
144 510
145 335
145 182
146 641
146 686
147 506
147 426
148 198
148 204
149 680
149 437
150 524
151 401
151 281
152 534
152 421
153 482
153 573
154 433
154 500
155 467
155 533
156 342
157 328
157 457
158 578
158 674
159 513
160 552
160 385
161 663
161 180
162 221
162 621
163 473
163 228
164 306
165 394
167 413
167 244
168 516
168 288
169 621
169 301
170 320
170 528
171 514
171 422
172 179
172 565
173 418
175 307
175 223
176 269
177 271
177 626
178 429
178 558
179 203
180 402
181 399
181 682
182 466
183 597
184 430
185 672
185 276
186 579
187 593
188 527
188 616
189 193
190 329
190 360
191 675
192 580
192 393
194 351
195 436
196 217
197 569
197 487
198 461
199 491
200 595
200 530
201 617
201 365
202 655
203 355
205 264
205 438
206 417
206 674
207 466
207 221
208 389
208 489
209 603
210 691
211 600
212 634
212 315
213 487
213 618
214 297
214 557
215 349
216 269
218 555
218 362
219 608
219 661
220 599
220 558
222 340
222 686
224 287
224 495
225 355
225 614
226 350
226 559
227 566
228 541
229 526
231 463
232 623
233 482
233 617
234 689
235 492
236 462
236 679
237 646
238 486
239 600
239 601
240 628
240 446
241 667
241 284
242 249
243 409
244 566
245 440
248 293
249 484
250 450
251 374
252 329
253 604
253 677
254 519
254 344
255 648
255 399
256 644
257 323
257 471
258 619
258 574
259 326
259 462
260 419
260 442
261 485
261 556
262 689
263 586
263 491
265 367
265 692
266 425
267 321
267 561
268 485
270 467
271 345
273 585
273 465
274 367
274 317
275 331
275 358
276 565
277 414
278 375
279 543
279 570
280 414
280 364
281 382
282 459
282 590
283 433
285 609
285 534
286 430
286 637
287 673
288 400
289 684
290 696
290 551
291 594
291 570
293 599
294 591
294 596
295 690
296 577
296 301
297 554
298 450
298 376
299 533
299 539
300 627
300 493
302 520
303 445
303 316
304 547
305 384
306 407
307 584
308 359
308 380
310 322
310 464
311 386
312 440
312 698
313 586
313 563
314 396
314 391
316 428
317 490
318 321
318 685
319 660
319 437
323 697
324 511
325 662
325 683
326 642
327 406
327 357
328 503
330 372
332 341
332 431
333 361
334 604
335 698
336 611
336 432
337 550
338 346
338 410
339 690
339 696
340 521
341 615
342 475
343 649
344 538
347 669
348 522
348 627
349 389
350 373
352 495
353 639
354 610
354 592
356 397
356 507
357 580
359 451
360 448
361 507
362 633
363 517
363 624
364 677
365 562
366 645
368 398
368 422
369 622
370 526
370 474
371 461
374 484
376 379
377 567
378 616
379 573
380 607
381 512
381 581
382 509
383 587
383 560
384 541
385 620
386 489
387 455
387 610
390 577
390 429
392 451
392 682
393 695
395 408
396 662
398 683
400 671
402 481
403 553
403 584
404 626
404 632
405 601
405 593
406 650
407 493
408 502
411 637
411 496
412 522
412 449
415 598
416 441
418 465
419 596
423 488
424 653
425 532
426 645
428 545
434 669
434 477
435 520
435 527
436 571
439 512
439 441
442 458
443 649
444 670
446 525
447 673
448 457
452 591
452 665
453 544
454 647
454 509
455 476
458 550
459 543
460 518
460 575
463 508
464 672
469 631
470 540
471 612
473 582
474 658
475 608
477 536
478 563
480 681
480 504
481 497
483 517
483 668
488 605
492 544
494 568
496 548
498 631
499 638
501 582
503 646
504 556
505 602
513 650
515 664
515 613
516 629
518 530
521 536
523 625
524 552
529 568
531 564
531 628
535 574
537 693
538 633
542 654
545 656
546 588
547 613
549 562
551 597
553 571
564 636
569 643
575 694
576 635
578 643
579 609
581 652
583 611
585 598
588 640
589 636
590 651
607 687
612 699
615 618
619 641
620 657
625 660
629 685
630 659
632 670
640 678
647 676
653 658
655 693
664 688
675 678
700 176
701 366
-1 -1
9.40547
