1
0 456
0 488
1 197
1 342
2 470
2 312
3 540
3 52
4 43
4 122
5 650
5 76
6 434
6 195
7 58
7 638
8 399
8 33
9 258
9 241
10 35
10 111
11 198
11 648
12 21
12 163
13 362
13 660
14 69
14 410
15 201
15 457
16 47
16 94
17 343
17 254
18 395
18 94
19 550
19 186
20 261
20 474
21 345
22 160
22 440
23 64
23 32
24 252
24 460
25 519
25 671
26 332
26 188
27 264
27 92
28 531
28 138
29 262
29 337
30 529
30 466
31 465
31 409
32 590
33 124
34 69
34 133
35 316
36 258
36 670
37 608
37 314
38 537
38 676
39 267
39 78
40 517
40 568
41 419
41 690
42 464
42 430
43 149
44 226
44 184
45 502
45 311
46 497
46 246
47 532
48 399
48 558
49 506
49 363
50 99
50 566
51 550
51 432
52 297
53 141
53 420
54 652
54 467
55 292
55 182
56 448
56 319
57 136
57 547
58 348
59 206
59 155
60 577
60 579
61 545
61 547
62 227
62 166
63 622
63 120
64 365
65 73
65 152
66 320
66 344
67 81
67 627
68 539
68 699
70 286
70 585
71 233
71 500
72 340
72 677
73 263
74 679
74 120
75 505
75 526
76 456
77 477
77 496
78 256
79 583
79 185
80 86
80 495
81 616
82 499
82 250
83 598
83 89
84 333
84 171
85 451
85 602
86 339
87 107
87 624
88 204
88 699
89 208
90 107
90 423
91 192
91 367
92 197
93 578
93 406
95 121
95 125
96 655
96 202
97 532
97 534
98 147
98 599
99 490
100 667
100 228
101 588
101 651
102 279
102 291
103 108
103 322
104 582
104 666
105 606
105 686
106 338
106 683
108 579
109 416
109 281
110 142
110 546
111 576
112 656
112 286
113 493
113 301
114 325
114 423
115 611
115 489
116 359
116 373
117 545
117 408
118 686
118 327
119 414
119 668
121 548
122 557
123 665
123 212
124 561
125 602
126 609
126 692
127 477
127 623
128 165
128 552
129 138
129 483
130 213
130 368
131 145
131 430
132 482
132 435
133 592
134 163
134 415
135 655
135 574
136 424
137 146
137 193
139 604
139 453
140 449
140 461
141 591
142 609
143 461
143 663
144 218
144 249
145 617
146 625
147 684
148 366
148 168
149 412
150 603
150 245
151 342
151 573
152 649
153 270
153 364
154 172
154 405
155 191
156 238
156 626
157 176
157 177
158 438
158 441
159 534
159 369
160 628
161 463
161 557
162 538
162 444
164 332
164 210
165 622
166 619
167 225
167 619
168 344
169 296
169 427
170 200
170 650
171 498
172 679
173 457
173 533
174 209
174 371
175 520
175 231
176 604
177 378
178 275
178 657
179 209
179 657
180 279
180 669
181 656
181 447
182 471
183 580
183 340
184 401
185 330
186 303
187 217
187 601
188 288
189 195
189 329
190 310
190 487
191 333
192 675
193 334
194 621
194 531
196 201
196 466
198 599
199 521
199 664
200 321
202 270
203 343
203 485
204 277
205 341
205 505
206 317
207 651
207 307
208 551
210 689
211 336
211 422
212 522
213 559
214 280
214 304
215 265
215 358
216 644
216 352
217 616
218 266
219 541
219 509
220 393
220 662
221 665
221 469
222 428
222 316
223 581
223 403
224 257
224 504
225 372
226 357
227 253
228 612
229 276
229 309
230 487
230 615
231 626
232 677
232 299
233 653
234 595
234 674
235 353
235 392
236 247
236 374
237 587
237 510
238 383
239 329
239 478
240 481
240 692
241 644
242 331
242 394
243 349
243 421
244 586
244 441
245 359
247 516
248 411
248 680
249 584
250 277
251 273
251 542
252 518
253 298
254 331
255 337
255 618
256 578
257 364
259 593
259 372
260 375
260 314
261 645
262 449
263 439
264 452
265 411
266 522
267 282
268 524
268 607
269 386
269 648
271 499
271 693
272 413
272 290
273 388
274 601
274 637
275 500
276 539
278 687
278 575
280 681
281 629
282 496
283 600
283 298
284 455
284 569
285 350
285 517
287 605
287 367
288 404
289 300
289 576
290 377
291 558
292 390
293 512
293 568
294 647
294 689
295 589
295 680
296 415
297 408
299 684
300 370
301 606
302 471
302 486
303 476
304 527
305 462
305 508
306 647
306 588
307 484
308 574
308 543
309 633
310 593
311 383
312 696
313 663
313 494
315 642
315 361
317 348
318 590
318 573
319 393
320 611
321 524
322 507
323 652
323 660
324 676
324 597
325 358
326 376
326 445
327 482
328 528
328 682
330 646
334 559
335 592
335 698
336 404
338 649
339 433
341 523
345 600
346 562
346 621
347 562
347 567
349 610
350 695
351 613
351 437
352 620
353 556
354 429
354 515
355 664
355 634
356 608
356 503
357 641
360 563
360 527
361 479
362 502
363 643
365 387
366 575
368 431
369 468
370 452
371 541
373 678
374 645
375 421
376 389
377 670
378 519
379 459
379 581
380 460
380 694
381 564
381 635
382 470
382 544
384 396
384 564
385 412
385 697
386 566
387 548
388 556
389 442
390 523
391 481
391 504
392 683
394 509
395 620
396 448
397 641
397 535
398 643
398 530
400 475
400 673
401 691
402 630
402 639
403 450
405 468
406 414
407 642
407 577
409 658
410 572
413 480
416 512
417 691
417 443
418 453
418 653
419 688
420 515
422 654
424 623
425 613
425 445
426 503
426 551
427 454
428 603
429 444
431 454
433 443
434 628
435 498
436 469
436 607
437 698
438 458
439 440
442 549
446 467
446 511
447 475
450 631
451 497
455 536
458 591
459 514
462 513
463 695
464 640
465 694
472 614
472 570
473 516
473 486
474 672
476 495
478 659
479 589
480 508
483 661
484 659
485 618
488 552
489 529
490 636
491 636
491 567
492 594
492 661
493 569
494 594
501 582
501 533
506 666
507 627
510 521
511 696
513 614
514 617
518 553
520 526
525 688
525 635
528 667
530 678
535 553
536 570
537 540
538 561
542 625
543 685
544 674
546 554
549 632
554 560
555 560
555 598
563 675
565 658
565 629
571 682
571 610
572 630
580 639
583 654
584 634
585 690
586 632
587 671
595 668
596 673
596 681
597 605
612 633
615 638
624 697
631 672
637 640
646 693
662 669
685 687
700 432
701 246
-1 -1
26.2387
