1
0 46
0 80
1 198
1 28
2 160
2 161
3 187
3 19
4 22
4 120
5 32
5 110
6 40
6 106
7 96
7 186
8 109
8 156
9 83
9 10
10 124
11 145
11 60
12 39
12 92
13 98
13 126
14 122
14 74
15 24
15 151
16 178
16 67
17 171
17 188
18 118
18 30
19 157
20 181
20 130
21 34
21 125
22 194
23 129
23 111
24 137
25 96
25 144
26 160
26 27
27 131
28 89
29 99
29 62
30 117
31 111
31 183
32 144
33 58
33 124
34 115
35 36
35 188
36 87
37 39
37 72
38 67
38 152
40 159
41 137
41 66
42 151
42 44
43 150
43 154
44 82
45 149
45 90
46 197
47 81
47 65
48 158
48 95
49 168
49 116
50 59
50 122
51 155
51 75
52 88
52 106
53 80
53 71
54 105
54 76
55 134
55 153
56 141
56 91
57 86
57 191
58 99
59 140
60 192
61 168
61 190
62 163
63 135
63 83
64 121
64 139
65 102
66 90
68 101
68 156
69 121
69 154
70 98
70 73
71 193
72 187
73 131
74 141
75 87
76 114
77 89
77 173
78 123
78 127
79 196
79 175
81 112
82 142
84 85
84 110
85 108
86 113
88 94
91 130
92 133
93 143
93 189
94 107
95 147
97 195
97 148
100 176
100 102
101 197
103 195
103 172
104 192
104 175
105 153
107 147
108 127
109 176
112 113
114 171
115 164
116 146
117 180
118 166
119 165
119 120
123 155
125 189
128 170
128 157
129 148
132 182
132 190
133 178
134 196
135 145
136 177
136 150
138 177
138 152
139 193
142 183
143 199
146 164
149 180
158 165
159 169
161 184
162 191
162 185
163 170
166 167
167 186
169 174
172 179
173 184
174 185
179 198
181 182
194 199
200 126
201 140
-1 -1
0.347336
