1
0 7
0 119
1 64
1 114
2 36
2 76
3 147
3 175
4 69
4 157
5 48
5 63
6 139
6 60
7 163
8 100
8 74
9 48
10 164
10 47
11 172
11 173
12 168
12 191
13 24
13 110
14 20
14 91
15 74
15 188
16 96
16 101
17 178
17 45
18 67
18 23
19 112
19 110
20 46
21 92
21 59
22 195
22 98
23 126
24 151
25 131
25 136
26 44
26 146
27 182
27 119
28 171
28 109
29 70
29 53
30 196
30 161
31 103
31 145
32 46
32 62
33 113
33 144
34 58
34 125
35 37
35 143
36 45
37 152
38 106
38 147
39 100
39 88
40 193
40 179
41 160
41 186
42 104
42 84
43 129
43 127
44 64
47 196
49 67
49 150
50 134
50 121
51 166
51 158
52 72
52 55
53 95
54 83
54 180
55 70
56 164
56 141
57 108
57 131
58 162
59 182
60 178
61 129
61 116
62 187
63 193
65 198
65 113
66 88
66 190
68 163
68 81
69 117
71 135
71 126
72 167
73 132
73 105
75 132
75 194
76 117
77 111
77 156
78 104
78 93
79 171
79 148
80 127
80 93
81 120
82 144
82 155
83 189
84 85
85 150
86 180
86 156
87 181
87 174
89 109
89 187
90 120
90 189
91 161
92 151
94 97
94 114
95 162
96 168
97 145
98 128
99 194
99 159
101 133
102 183
102 153
103 122
105 190
106 137
107 176
107 192
108 116
111 123
112 140
115 179
115 118
118 175
121 167
122 154
123 177
124 160
124 138
125 146
128 185
130 192
130 184
133 174
134 188
135 169
136 199
137 198
138 149
139 158
140 165
141 173
142 157
142 148
143 170
149 197
152 197
153 154
155 199
159 169
165 184
166 177
170 191
176 186
181 195
183 185
200 172
201 9
-1 -1
0.495308
