3
0 49
0 37
1 42
1 50
2 80
2 13
3 75
3 79
4 26
4 28
5 75
6 42
6 92
7 34
7 56
8 24
8 54
9 94
9 39
10 65
10 70
11 64
11 21
12 80
12 18
13 46
14 24
14 27
15 78
15 57
16 97
16 60
17 74
17 94
18 99
19 30
19 95
20 76
20 91
21 87
22 74
22 77
23 37
23 47
25 40
25 60
26 91
27 87
28 45
29 59
29 38
30 69
31 72
31 61
32 41
33 81
33 69
34 73
35 92
36 99
36 54
38 41
39 44
40 44
43 76
43 62
45 68
46 49
47 71
48 84
48 86
50 58
51 67
52 66
52 89
53 63
53 55
55 61
56 84
57 83
58 73
62 90
63 98
64 90
65 93
66 77
67 93
68 96
70 82
71 82
72 88
79 95
81 85
83 97
85 98
86 89
88 96
100 35
100 59
100 78
101 5
101 32
101 51
-1 -1
0.008502
