1
0 132
0 390
1 312
1 329
2 71
2 73
3 352
3 383
4 193
4 322
5 322
5 376
6 368
6 389
7 274
7 275
8 154
8 159
9 17
9 238
10 166
10 254
11 199
11 388
12 52
12 333
13 232
13 396
14 161
14 214
15 119
15 142
16 157
16 369
17 260
18 70
18 100
19 48
19 106
20 28
20 257
21 78
21 137
22 32
22 154
23 135
23 144
24 223
24 248
25 95
25 309
26 36
26 317
27 358
27 381
28 300
29 34
29 335
30 89
30 240
31 147
31 398
32 196
33 168
33 180
34 143
35 90
35 93
36 175
37 306
38 98
38 152
39 120
39 337
40 188
40 399
41 114
41 233
42 87
42 217
43 63
43 189
44 102
44 204
45 105
45 390
46 224
46 340
47 71
47 127
48 386
49 272
49 341
50 67
50 123
51 123
51 316
52 303
53 229
53 253
54 163
54 215
55 205
55 230
56 294
56 394
57 122
57 392
58 69
58 319
59 218
59 268
60 158
60 231
61 109
61 260
62 108
62 315
63 320
64 162
64 293
65 67
65 197
66 140
66 336
68 149
68 177
69 399
70 278
72 115
72 166
73 194
74 169
74 384
75 100
75 360
76 180
76 245
77 141
77 222
78 192
79 82
79 185
80 117
80 365
81 156
81 395
82 205
83 103
83 262
84 351
84 383
85 259
85 298
86 146
86 220
87 391
88 110
88 304
89 170
90 283
91 306
91 357
92 186
92 388
93 213
94 315
94 374
95 292
96 206
96 250
97 189
97 235
98 328
99 284
99 370
101 288
101 361
102 268
103 305
104 308
104 373
105 375
106 385
107 289
107 337
108 237
109 153
110 342
111 292
111 353
112 130
112 240
113 341
113 361
114 284
115 128
116 250
116 271
117 143
118 287
118 367
119 190
120 161
121 130
121 156
122 226
124 203
124 357
125 174
125 373
126 175
126 326
127 167
128 380
129 278
129 340
131 234
131 255
132 183
133 148
133 182
134 264
134 297
135 187
136 256
136 316
137 301
138 270
138 299
139 152
139 198
140 281
141 353
142 261
144 299
145 319
145 386
146 191
147 378
148 236
149 172
150 225
150 338
151 163
151 201
153 273
155 184
155 300
157 271
158 241
159 214
160 223
160 242
162 313
164 235
164 246
165 239
165 303
167 291
168 243
169 378
170 366
171 266
171 339
172 265
173 387
173 393
174 379
176 365
176 394
177 228
178 332
178 350
179 212
179 321
181 227
181 323
182 317
183 380
184 297
185 295
186 296
187 192
188 363
190 324
191 293
193 372
194 264
195 224
195 242
196 398
197 208
198 346
199 233
200 216
200 221
201 213
202 217
202 324
203 374
204 382
206 291
207 211
207 344
208 311
209 263
209 351
210 274
210 276
211 379
212 226
215 396
216 321
218 391
219 227
219 331
220 348
221 331
222 312
225 364
228 310
229 352
230 269
231 330
232 330
234 347
236 238
237 256
239 395
241 350
243 253
244 294
244 381
245 270
246 255
247 290
247 329
248 342
249 349
249 397
251 285
251 307
252 336
252 343
254 389
257 326
258 311
258 362
259 265
261 377
262 346
263 344
266 345
267 283
267 338
269 375
272 359
273 282
275 298
276 318
277 288
277 382
279 327
279 366
280 281
280 305
282 289
285 333
286 296
286 387
287 349
290 302
295 347
301 309
302 343
304 358
307 360
308 376
310 354
313 354
314 339
314 384
318 325
320 392
323 335
325 377
327 393
328 359
332 348
334 372
334 397
345 355
355 364
356 371
362 367
363 368
369 370
371 385
400 37
401 356
-1 -1
2.12477
