1
0 20
0 46
1 71
1 241
2 106
2 128
3 83
3 137
4 11
4 82
5 49
5 338
6 28
6 30
7 27
7 297
8 13
8 76
9 126
9 210
10 11
10 139
12 96
12 188
13 162
14 285
14 367
15 86
15 185
16 162
16 191
17 132
17 151
18 65
18 329
19 32
19 313
20 377
21 93
21 204
22 136
22 362
23 108
23 247
24 40
24 157
25 31
25 218
26 54
26 300
27 149
28 380
29 145
29 231
30 260
31 292
32 150
33 301
33 328
34 100
34 342
35 79
35 255
36 69
36 275
37 151
37 396
38 360
38 388
39 244
39 386
40 114
41 277
41 345
42 182
42 281
43 48
43 156
44 51
44 286
45 195
45 232
46 127
47 247
47 283
48 181
49 225
50 97
50 122
51 256
52 234
52 349
53 88
53 172
54 303
55 121
55 141
56 204
56 208
57 77
57 344
58 250
58 325
59 230
59 321
60 145
60 370
61 141
61 227
62 94
62 399
63 262
63 311
64 199
64 282
65 208
66 229
66 399
67 312
67 392
68 92
68 267
69 187
70 90
70 384
71 257
72 288
72 319
73 315
73 379
74 164
74 391
75 181
75 213
76 386
77 339
78 172
78 302
79 165
80 242
80 374
81 223
81 228
82 96
83 256
84 219
84 350
85 167
85 389
86 343
87 117
87 242
88 359
89 293
89 325
90 188
91 140
91 294
92 310
93 396
94 369
95 202
95 229
97 392
98 182
98 211
99 295
99 371
100 384
101 160
101 302
102 154
102 333
103 201
103 274
104 260
104 332
105 301
105 351
106 170
107 125
107 194
108 163
109 205
109 352
110 153
110 236
111 113
111 379
112 346
112 397
113 300
114 264
115 226
115 357
116 288
116 375
117 317
118 259
118 298
119 362
119 373
120 312
120 331
121 385
122 387
123 130
123 346
124 191
124 361
125 304
126 364
127 243
128 299
129 268
129 334
130 394
131 197
131 214
132 246
133 215
133 390
134 152
134 243
135 375
135 389
136 305
137 344
138 189
138 279
139 199
140 388
142 168
142 198
143 267
143 383
144 320
144 338
146 210
146 266
147 268
147 273
148 239
148 349
149 198
150 183
152 160
153 321
154 276
155 271
155 326
156 232
157 252
158 284
158 327
159 240
159 284
161 261
161 278
163 175
164 340
165 236
166 270
166 370
167 212
168 339
169 217
169 257
170 358
171 265
171 323
173 314
173 322
174 223
174 285
175 351
176 227
176 371
177 272
177 299
178 261
178 271
179 230
179 253
180 309
180 359
183 206
184 197
184 287
185 337
186 205
186 286
187 276
189 354
190 258
190 353
192 330
192 372
193 214
193 217
194 305
196 224
196 259
200 382
200 397
201 287
202 290
203 221
203 314
206 374
207 224
207 365
209 365
209 395
211 220
212 398
213 238
215 376
216 331
216 381
218 221
220 319
222 329
222 330
225 237
226 366
228 273
231 277
233 323
233 395
234 366
235 245
235 352
237 262
238 254
239 269
240 378
241 290
244 345
245 263
246 280
248 249
248 356
249 357
250 289
251 333
251 364
252 275
253 263
254 348
255 377
258 342
264 294
265 310
266 383
269 278
270 306
272 289
274 387
279 326
280 355
281 318
282 360
283 296
291 309
291 341
292 398
293 334
295 335
296 316
297 393
298 337
303 381
304 336
306 358
307 347
307 394
308 341
308 369
311 317
313 316
315 390
318 355
320 363
322 367
324 350
324 376
327 391
328 361
332 368
335 378
336 393
340 353
343 382
347 373
348 372
354 363
356 368
380 385
400 195
401 219
-1 -1
10.5417
