1
0 204
0 306
1 135
1 347
2 4
2 180
3 286
3 305
4 38
5 70
5 71
6 19
6 385
7 48
7 227
8 83
8 334
9 246
9 306
10 239
10 258
11 111
11 153
12 87
12 107
13 157
13 369
14 181
14 338
15 377
15 389
16 54
16 327
17 257
17 279
18 150
18 355
19 26
20 170
20 274
21 175
21 319
22 139
22 325
23 242
23 335
24 103
24 161
25 37
25 128
26 63
27 215
27 394
28 257
28 359
29 123
29 311
30 102
30 148
31 80
31 119
32 175
32 364
33 267
33 321
34 59
34 340
35 113
35 138
36 100
36 289
37 250
38 67
39 118
39 176
40 304
40 309
41 43
41 221
42 122
42 132
43 349
44 47
44 390
45 228
45 393
46 88
46 335
47 48
49 143
49 182
50 270
50 322
51 187
51 269
52 112
52 271
53 92
53 302
54 99
55 197
55 209
56 199
56 302
57 101
57 323
58 145
58 151
59 72
60 149
60 231
61 68
61 159
62 142
62 374
63 211
64 140
64 345
65 117
65 357
66 191
66 266
67 301
68 124
69 225
69 287
70 379
71 108
72 278
73 321
73 344
74 140
74 196
75 263
75 315
76 159
76 208
77 158
77 223
78 268
78 275
79 131
79 192
80 388
81 116
81 134
82 118
82 219
83 325
84 150
84 363
85 93
85 236
86 353
86 391
87 156
88 247
89 126
89 146
90 261
90 298
91 336
91 383
92 347
93 200
94 203
94 304
95 198
95 281
96 198
96 324
97 166
97 349
98 248
98 384
99 152
100 365
101 218
102 283
103 331
104 154
104 155
105 117
105 167
106 136
106 278
107 269
108 393
109 247
109 376
110 244
110 246
111 385
112 322
113 314
114 263
114 288
115 147
115 310
116 276
119 270
120 130
120 187
121 181
121 189
122 354
123 232
124 261
125 258
125 297
126 164
127 237
127 367
128 260
129 255
129 357
130 293
131 353
132 243
133 238
133 329
134 197
135 314
136 241
137 245
137 319
138 291
139 312
141 260
141 300
142 381
143 398
144 206
144 328
145 397
146 214
147 178
148 376
149 161
151 392
152 160
153 201
154 382
155 226
156 170
157 179
158 386
160 271
162 248
162 315
163 202
163 272
164 303
165 222
165 362
166 360
167 253
168 354
168 365
169 370
169 391
171 245
171 352
172 206
172 389
173 174
173 273
174 193
176 230
177 277
177 309
178 292
179 366
180 267
182 229
183 299
183 307
184 218
184 283
185 242
186 285
186 289
188 361
188 392
189 231
190 323
190 326
191 308
192 220
193 317
194 227
194 397
195 225
195 305
196 337
199 214
200 382
201 279
202 348
203 212
204 371
205 251
205 351
207 244
207 363
208 339
209 281
210 233
210 235
211 313
212 362
213 293
213 396
215 343
216 236
216 280
217 277
217 387
219 226
220 388
221 367
222 350
223 398
224 241
224 358
228 395
229 381
230 296
232 373
234 286
234 356
235 329
237 268
238 254
239 350
240 368
240 369
243 273
249 276
249 378
250 252
251 368
252 356
253 364
254 342
255 336
256 316
256 374
259 295
259 320
262 294
262 361
264 317
264 375
265 330
265 399
266 334
272 366
274 298
275 372
280 370
282 301
282 352
284 287
284 387
285 308
288 330
290 340
290 380
291 371
292 351
294 311
295 327
296 333
297 326
299 359
300 395
303 307
310 313
312 360
316 345
318 337
318 338
320 341
324 332
328 348
331 358
332 372
333 399
339 379
341 378
342 377
343 375
344 380
346 373
346 383
355 390
384 396
386 394
400 185
401 233
-1 -1
26.2994
