700 12378
0 65
0 67
0 260
0 134
0 263
0 72
0 681
0 139
0 204
0 78
0 271
0 339
0 276
0 398
0 377
0 388
0 347
0 28
0 286
0 351
0 523
0 636
0 354
0 571
0 292
0 37
0 357
0 680
0 348
0 404
0 587
0 611
0 309
0 502
0 425
0 56
0 340
0 315
0 60
0 126
0 565
1 385
1 322
1 200
1 523
1 400
1 594
1 19
1 278
1 281
1 285
1 286
1 480
1 97
1 611
1 178
1 492
1 365
1 302
1 368
1 370
1 116
1 560
1 442
1 61
2 323
2 72
2 521
2 311
2 460
2 77
2 398
2 465
2 146
2 515
2 212
2 597
2 90
2 348
2 30
2 290
2 101
2 358
2 625
2 178
2 563
2 265
2 184
2 697
2 250
2 573
2 524
3 672
3 451
3 455
3 392
3 650
3 525
3 273
3 467
3 212
3 661
3 279
3 351
3 160
3 97
3 679
3 235
3 647
3 637
3 579
3 692
3 565
3 694
3 567
3 248
3 532
3 571
3 188
3 381
3 318
3 575
4 321
4 642
4 388
4 374
4 73
4 204
4 333
4 397
4 144
4 210
4 21
4 22
4 535
4 666
4 655
4 540
4 508
4 351
4 544
4 80
4 460
4 35
4 550
4 102
4 616
4 169
4 365
4 558
4 562
4 500
4 118
4 247
4 31
4 444
4 528
4 510
4 597
5 641
5 75
5 68
5 390
5 71
5 74
5 11
5 591
5 146
5 195
5 171
5 600
5 516
5 411
5 28
5 427
5 650
5 608
5 418
5 166
5 10
5 489
5 363
5 498
5 239
5 241
5 50
5 307
5 116
5 605
5 250
5 123
5 541
5 61
5 318
5 405
6 576
6 321
6 195
6 385
6 375
6 654
6 400
6 337
6 146
6 404
6 408
6 666
6 540
6 349
6 416
6 635
6 486
6 17
6 684
6 302
6 240
6 502
6 183
6 596
6 187
6 573
6 638
7 576
7 65
7 326
7 257
7 264
7 393
7 522
7 279
7 589
7 529
7 338
7 215
7 472
7 345
7 347
7 477
7 329
7 287
7 418
7 678
7 39
7 40
7 519
7 684
7 240
7 488
7 627
7 439
7 56
7 505
7 314
7 252
7 586
7 574
7 191
8 448
8 129
8 450
8 427
8 662
8 582
8 648
8 469
8 588
8 398
8 640
8 661
8 18
8 531
8 532
8 334
8 278
8 474
8 92
8 627
8 34
8 291
8 612
8 295
8 298
8 363
8 239
8 595
8 308
8 440
8 186
8 699
8 61
8 62
8 277
9 160
9 323
9 516
9 569
9 135
9 201
9 330
9 525
9 597
9 79
9 400
9 82
9 277
9 121
9 666
9 158
9 31
9 32
9 16
9 36
9 166
9 168
9 682
9 263
9 616
9 502
9 641
9 249
9 570
9 59
9 252
9 533
10 193
10 230
10 513
10 200
10 697
10 331
10 16
10 274
10 403
10 84
10 405
10 23
10 157
10 159
10 160
10 400
10 419
10 355
10 102
10 294
10 532
10 232
10 619
10 82
10 110
10 677
10 562
10 499
10 501
10 118
10 55
10 57
10 378
10 62
11 640
11 260
11 47
11 435
11 657
11 658
11 188
11 25
11 24
11 537
11 410
11 239
11 541
11 214
11 155
11 36
11 424
11 426
11 598
11 302
11 687
11 691
11 692
11 311
11 314
11 699
11 572
11 637
11 448
11 207
11 342
11 599
11 58
11 480
11 481
11 101
11 489
11 618
11 367
11 373
11 248
11 505
11 234
12 65
12 618
12 324
12 182
12 391
12 44
12 204
12 142
12 577
12 81
12 82
12 664
12 20
12 334
12 534
12 279
12 152
12 90
12 155
12 216
12 517
12 287
12 352
12 538
12 99
12 422
12 487
12 554
12 551
12 172
12 466
12 110
12 176
12 626
12 544
12 675
12 310
12 506
12 315
12 509
12 382
13 128
13 640
13 451
13 260
13 669
13 199
13 585
13 138
13 205
13 271
13 466
13 586
13 21
13 86
13 218
13 431
13 606
13 154
13 30
13 621
13 160
13 551
13 425
13 298
13 429
13 46
13 29
13 561
13 690
13 500
13 245
13 564
13 558
13 188
13 317
13 126
13 637
14 64
14 641
14 459
14 580
14 524
14 343
14 499
14 290
14 270
14 79
14 21
14 150
14 87
14 24
14 26
14 591
14 30
14 32
14 226
14 356
14 485
14 554
14 429
14 430
14 51
14 674
14 245
14 119
14 248
14 699
14 316
14 682
14 85
15 65
15 578
15 259
15 580
15 517
15 520
15 329
15 267
15 269
15 557
15 656
15 596
15 282
15 91
15 541
15 30
15 479
15 219
15 103
15 168
15 42
15 365
15 111
15 368
15 372
15 694
15 311
15 506
15 571
15 62
15 319
16 256
16 640
16 644
16 520
16 535
16 141
16 270
16 146
16 279
16 25
16 538
16 672
16 292
16 680
16 297
16 683
16 304
16 49
16 564
16 54
16 696
16 570
16 168
16 189
16 296
16 587
16 68
16 327
16 331
16 588
16 589
16 334
16 211
16 215
16 233
16 363
16 108
16 622
16 369
16 681
16 632
16 507
16 254
17 128
17 620
17 644
17 645
17 417
17 648
17 457
17 461
17 397
17 463
17 345
17 640
17 219
17 285
17 160
17 33
17 646
17 167
17 572
17 42
17 171
17 492
17 178
17 242
17 179
17 245
17 694
17 378
17 188
17 381
18 645
18 393
18 526
18 405
18 535
18 667
18 284
18 288
18 161
18 283
18 36
18 293
18 433
18 424
18 682
18 683
18 174
18 49
18 306
18 182
18 521
18 186
18 607
18 581
18 113
18 588
18 463
18 547
18 476
18 605
18 222
18 37
18 609
18 98
18 699
18 359
18 618
18 236
18 622
18 241
18 242
18 673
18 380
19 71
19 496
19 331
19 524
19 526
19 271
19 272
19 338
19 84
19 469
19 407
19 410
19 348
19 158
19 415
19 224
19 289
19 625
19 43
19 385
19 177
19 114
19 243
19 478
19 417
19 20
19 663
20 384
20 360
20 134
20 71
20 266
20 75
20 78
20 208
20 206
20 214
20 217
20 25
20 474
20 348
20 477
20 549
20 673
20 355
20 293
20 678
20 104
20 298
20 391
20 109
20 46
20 239
20 624
20 241
20 563
20 513
20 630
20 439
20 57
20 124
20 330
20 254
21 448
21 641
21 386
21 518
21 199
21 520
21 139
21 525
21 465
21 483
21 213
21 87
21 544
21 112
21 482
21 35
21 230
21 491
21 367
21 368
21 306
21 565
21 182
21 119
21 504
21 187
22 66
22 197
22 353
22 140
22 653
22 207
22 208
22 536
22 530
22 148
22 533
22 280
22 388
22 346
22 348
22 33
22 483
22 43
22 364
22 365
22 495
22 180
22 374
22 567
22 52
22 255
23 193
23 386
23 387
23 69
23 620
23 268
23 141
23 208
23 273
23 468
23 24
23 663
23 152
23 412
23 248
23 95
23 144
23 408
23 613
23 550
23 552
23 476
23 362
23 491
23 236
23 621
23 450
23 616
23 242
23 52
23 373
23 649
23 184
23 88
23 683
23 636
23 555
24 320
24 459
24 580
24 326
24 391
24 328
24 649
24 76
24 484
24 621
24 528
24 248
24 638
24 470
24 407
24 478
24 292
24 606
24 541
24 30
24 543
24 545
24 547
24 100
24 235
24 647
24 301
24 239
24 368
24 497
24 562
24 371
24 446
24 630
24 185
24 698
24 671
24 61
24 318
24 693
25 611
25 578
25 412
25 417
25 461
25 527
25 144
25 209
25 338
25 147
25 341
25 88
25 346
25 220
25 474
25 280
25 95
25 34
25 227
25 358
25 230
25 28
25 587
25 620
25 177
25 660
25 371
25 116
25 183
25 312
25 441
25 639
26 256
26 67
26 132
26 198
26 243
26 585
26 586
26 267
26 80
26 696
26 147
26 185
26 260
26 410
26 91
26 669
26 287
26 523
26 353
26 475
26 357
26 422
26 487
26 232
26 41
26 490
26 299
26 300
26 176
26 619
26 179
26 592
26 313
26 698
26 671
26 508
26 650
26 255
27 641
27 130
27 323
27 68
27 74
27 651
27 546
27 270
27 528
27 337
27 403
27 84
27 334
27 278
27 505
27 590
27 345
27 474
27 363
27 476
27 602
27 350
27 97
27 162
27 423
27 39
27 107
27 429
27 451
27 670
27 54
27 462
27 185
27 634
27 60
27 330
28 194
28 582
28 395
28 140
28 205
28 270
28 401
28 595
28 467
28 662
28 599
28 344
28 668
28 669
28 123
28 487
28 639
28 425
28 171
28 559
28 305
28 211
28 628
28 117
28 502
28 315
28 255
29 385
29 684
29 260
29 69
29 673
29 328
29 620
29 205
29 657
29 275
29 475
29 214
29 471
29 283
29 572
29 609
29 226
29 155
29 38
29 105
29 300
29 365
29 686
29 240
29 626
29 115
29 436
29 630
29 375
29 185
29 124
29 382
30 512
30 131
30 388
30 69
30 70
30 386
30 201
30 582
30 529
30 142
30 214
30 495
30 548
30 399
30 157
30 478
30 667
30 292
30 326
30 230
30 361
30 534
30 491
30 47
30 432
30 51
30 116
30 422
30 329
30 56
30 378
30 507
30 541
30 254
30 277
31 320
31 539
31 618
31 456
31 652
31 653
31 398
31 208
31 657
31 355
31 148
31 149
31 214
31 535
31 90
31 239
31 159
31 291
31 521
31 362
31 44
31 47
31 625
31 467
31 54
31 439
31 660
31 61
31 190
31 447
32 515
32 69
32 454
32 199
32 264
32 397
32 461
32 146
32 598
32 409
32 517
32 97
32 546
32 163
32 677
32 617
32 112
32 497
32 243
32 696
32 506
32 573
32 319
33 576
33 450
33 43
33 518
33 199
33 136
33 80
33 81
33 531
33 277
33 410
33 92
33 666
33 415
33 97
33 549
33 356
33 293
33 295
33 361
33 107
33 493
33 302
33 176
33 677
33 370
33 595
33 245
33 423
33 59
33 508
33 125
33 382
33 149
34 480
34 66
34 582
34 263
34 649
34 266
34 371
34 652
34 597
34 591
34 401
34 340
34 341
34 345
34 408
34 411
34 668
34 478
34 96
34 667
34 472
34 37
34 689
34 233
34 664
34 235
34 44
34 500
34 367
34 200
34 562
34 307
34 116
34 690
34 641
34 52
34 314
34 60
34 682
34 127
35 392
35 132
35 261
35 264
35 77
35 365
35 336
35 657
35 338
35 596
35 279
35 152
35 589
35 591
35 221
35 542
35 418
35 422
35 551
35 488
35 233
35 235
35 210
35 238
35 177
35 370
35 436
35 569
35 570
35 187
35 666
35 61
35 510
35 447
36 655
36 387
36 388
36 392
36 650
36 354
36 687
36 207
36 529
36 515
36 408
36 399
36 92
36 557
36 222
36 685
36 98
36 358
36 156
36 173
36 605
36 584
36 691
36 121
36 573
36 191
37 257
37 513
37 71
37 265
37 226
37 333
37 144
37 657
37 82
37 448
37 218
37 475
37 476
37 669
37 671
37 592
37 355
37 548
37 679
37 42
37 620
37 496
37 52
37 118
37 183
37 312
37 634
37 252
37 511
38 257
38 450
38 515
38 667
38 374
38 329
38 74
38 270
38 288
38 554
38 536
38 95
38 405
38 470
38 407
38 527
38 665
38 155
38 442
38 287
38 224
38 187
38 634
38 294
38 617
38 40
38 41
38 106
38 363
38 236
38 581
38 694
38 492
38 675
38 138
38 394
38 376
38 314
38 315
38 266
38 318
38 597
39 65
39 389
39 456
39 329
39 268
39 674
39 79
39 530
39 222
39 453
39 608
39 289
39 226
39 355
39 356
39 165
39 681
39 682
39 173
39 175
39 497
39 50
39 115
39 52
39 439
39 436
39 381
40 215
40 527
40 405
40 278
40 536
40 153
40 538
40 541
40 414
40 159
40 549
40 426
40 135
40 303
40 306
40 691
40 311
40 312
40 313
40 671
40 325
40 245
40 577
40 194
40 651
40 69
40 456
40 330
40 336
40 210
40 343
40 293
40 422
40 232
40 108
40 82
40 495
40 496
40 114
40 373
40 374
40 122
40 191
40 636
40 125
40 638
41 192
41 321
41 258
41 417
41 486
41 522
41 651
41 652
41 525
41 79
41 248
41 147
41 660
41 469
41 598
41 407
41 184
41 218
41 549
41 653
41 289
41 546
41 419
41 166
41 167
41 425
41 619
41 108
41 611
41 500
41 489
41 56
41 444
41 381
41 475
42 194
42 643
42 583
42 393
42 522
42 333
42 272
42 595
42 212
42 149
42 601
42 463
42 668
42 159
42 227
42 612
42 486
42 232
42 364
42 303
42 296
42 374
42 55
42 607
42 511
43 608
43 67
43 488
43 665
43 267
43 402
43 659
43 630
43 216
43 89
43 605
43 286
43 95
43 160
43 482
43 683
43 296
43 491
43 621
43 303
43 240
43 424
43 627
43 245
43 54
43 503
43 376
43 505
43 122
43 631
43 501
44 64
44 192
44 66
44 587
44 357
44 137
44 650
44 407
44 397
44 590
44 335
44 336
44 273
44 402
44 643
44 148
44 214
44 87
44 600
44 154
44 527
44 165
44 231
44 530
44 108
44 370
44 649
44 684
44 496
44 561
44 50
44 236
44 694
44 311
44 543
44 418
44 317
44 254
44 255
45 449
45 259
45 324
45 86
45 609
45 137
45 267
45 205
45 333
45 144
45 568
45 402
45 150
45 663
45 346
45 605
45 464
45 675
45 548
45 679
45 649
45 171
45 300
45 48
45 177
45 562
45 631
45 184
45 441
45 190
45 575
46 360
46 195
46 698
46 422
46 393
46 202
46 418
46 334
46 271
46 81
46 339
46 342
46 665
46 89
46 218
46 219
46 93
46 160
46 161
46 354
46 163
46 356
46 101
46 102
46 579
46 232
46 617
46 626
46 430
46 47
46 496
46 49
46 306
46 565
46 689
46 649
46 506
46 91
46 316
46 548
46 254
47 75
47 388
47 261
47 265
47 74
47 270
47 81
47 210
47 661
47 598
47 439
47 623
47 220
47 93
47 222
47 289
47 668
47 227
47 521
47 273
47 232
47 540
47 495
47 626
47 94
47 247
47 371
47 250
47 252
47 183
47 319
48 669
48 385
48 322
48 131
48 135
48 72
48 675
48 418
48 590
48 655
48 635
48 124
48 402
48 147
48 654
48 151
48 541
48 312
48 200
48 440
48 293
48 679
48 616
48 297
48 494
48 111
48 369
48 50
48 611
48 626
48 566
48 184
48 59
48 188
48 189
48 126
49 64
49 193
49 684
49 688
49 389
49 584
49 265
49 207
49 227
49 664
49 284
49 656
49 163
49 420
49 549
49 550
49 295
49 424
49 617
49 619
49 236
49 557
49 624
49 52
49 437
49 329
49 313
49 571
49 511
50 409
50 512
50 66
50 324
50 455
50 452
50 130
50 657
50 644
50 531
50 340
50 377
50 153
50 602
50 348
50 159
50 416
50 496
50 674
50 106
50 107
50 300
50 690
50 238
50 367
50 113
50 306
50 585
50 276
50 698
50 252
51 321
51 450
51 451
51 662
51 694
51 329
51 418
51 335
51 209
51 210
51 147
51 532
51 213
51 278
51 471
51 472
51 699
51 475
51 349
51 160
51 354
51 539
51 690
51 487
51 610
51 107
51 364
51 173
51 642
51 434
51 118
51 183
51 185
51 507
51 574
52 409
52 259
52 388
52 518
52 162
52 520
52 524
52 332
52 226
52 463
52 635
52 81
52 84
52 341
52 88
52 153
52 218
52 476
52 666
52 229
52 416
52 59
52 421
52 327
52 300
52 242
52 243
52 489
52 657
52 442
52 123
52 60
52 317
52 510
53 260
53 517
53 264
53 268
53 397
53 656
53 472
53 402
53 276
53 534
53 151
53 280
53 413
53 645
53 672
53 422
53 681
53 302
53 303
53 176
53 648
53 695
53 315
53 316
53 62
53 67
53 454
53 590
53 335
53 339
53 344
53 476
53 221
53 482
53 484
53 230
53 614
53 103
53 107
53 364
53 109
53 246
53 507
53 253
54 578
54 670
54 453
54 264
54 521
54 650
54 460
54 269
54 334
54 461
54 696
54 467
54 276
54 597
54 407
54 664
54 153
54 410
54 94
54 287
54 673
54 290
54 294
54 366
54 243
54 116
54 447
54 543
54 217
54 446
54 383
55 695
55 261
55 262
55 264
55 247
55 652
55 589
55 56
55 627
55 529
55 155
55 604
55 413
55 480
55 292
55 549
55 359
55 297
55 495
55 520
55 499
55 437
55 311
55 440
55 553
55 123
55 554
56 446
56 197
56 262
56 263
56 584
56 330
56 311
56 482
56 206
56 144
56 643
56 404
56 558
56 410
56 71
56 93
56 354
56 420
56 518
56 299
56 366
56 477
56 496
56 178
56 180
56 245
56 502
56 440
56 442
56 635
56 541
56 622
56 318
57 490
57 132
57 69
57 518
57 513
57 648
57 265
57 139
57 653
57 206
57 591
57 400
57 86
57 473
57 260
57 283
57 650
57 541
57 479
57 354
57 99
57 228
57 616
57 105
57 234
57 668
57 367
57 112
57 177
57 695
57 378
57 123
57 330
58 66
58 455
58 329
58 140
58 322
58 78
58 399
58 82
58 546
58 148
58 539
58 221
58 222
58 544
58 545
58 226
58 422
58 683
58 364
58 173
58 239
58 240
58 305
58 179
58 180
58 478
58 157
58 468
58 125
58 62
58 693
59 66
59 259
59 197
59 134
59 263
59 137
59 74
59 375
59 140
59 461
59 272
59 209
59 402
59 83
59 524
59 215
59 387
59 393
59 683
59 555
59 497
59 519
59 553
59 107
59 208
59 237
59 451
59 605
59 368
59 545
59 379
59 444
59 254
60 571
60 578
60 523
60 260
60 594
60 390
60 263
60 74
60 395
60 588
60 418
60 463
60 336
60 146
60 483
60 150
60 472
60 665
60 640
60 525
60 158
60 227
60 292
60 229
60 167
60 232
60 583
60 236
60 365
60 624
60 488
60 190
60 658
60 631
60 180
60 127
60 629
60 254
60 319
61 320
61 386
61 481
61 600
61 202
61 267
61 143
61 81
61 163
61 213
61 342
61 641
61 538
61 347
61 655
61 225
61 420
61 102
61 662
61 360
61 361
61 519
61 494
61 623
61 304
61 692
61 500
61 375
61 440
61 569
61 443
61 394
61 507
62 449
62 515
62 389
62 583
62 74
62 524
62 338
62 483
62 399
62 407
62 536
62 347
62 442
62 221
62 606
62 351
62 482
62 163
62 422
62 95
62 107
62 364
62 456
62 438
62 505
62 315
62 394
62 507
63 569
63 132
63 69
63 198
63 135
63 649
63 655
63 206
63 335
63 465
63 275
63 85
63 345
63 664
63 153
63 154
63 91
63 601
63 350
63 197
63 97
63 420
63 134
63 233
63 199
63 581
63 176
63 433
63 243
63 372
63 421
63 567
63 121
63 637
63 446
63 255
64 128
64 384
64 130
64 323
64 516
64 135
64 392
64 521
64 203
64 614
64 592
64 216
64 644
64 404
64 480
64 599
64 280
64 601
64 90
64 475
64 413
64 94
64 160
64 368
64 418
64 549
64 422
64 551
64 105
64 679
64 493
64 240
64 502
64 233
64 313
64 698
64 316
64 574
64 319
65 576
65 197
65 262
65 136
65 652
65 75
65 78
65 401
65 337
65 146
65 531
65 213
65 278
65 279
65 601
65 91
65 670
65 341
65 161
65 227
65 455
65 584
65 618
65 231
65 365
65 430
65 113
65 626
65 307
65 500
65 309
65 374
65 609
65 314
65 444
65 528
65 382
65 255
66 256
66 450
66 619
66 454
66 263
66 620
66 589
66 664
66 406
66 152
66 92
66 414
66 607
66 289
66 699
66 549
66 295
66 491
66 685
66 687
66 677
66 372
66 117
66 182
66 376
66 564
67 386
67 619
67 526
67 655
67 145
67 408
67 156
67 158
67 672
67 417
67 674
67 308
67 171
67 557
67 436
67 180
67 314
67 317
67 574
67 693
67 580
67 584
67 459
67 207
67 342
67 474
67 348
67 357
67 480
67 610
67 229
67 484
67 485
67 491
67 493
67 613
67 501
67 679
67 634
67 251
67 124
67 637
67 639
68 192
68 620
68 194
68 132
68 454
68 137
68 386
68 527
68 145
68 530
68 469
68 89
68 153
68 488
68 349
68 94
68 389
68 544
68 489
68 103
68 360
68 105
68 667
68 108
68 685
68 232
68 180
68 437
68 361
69 619
69 694
69 329
69 271
69 88
69 276
69 433
69 343
69 344
69 655
69 286
69 165
69 420
69 229
69 231
69 104
69 553
69 234
69 427
69 621
69 660
69 306
69 435
69 566
69 503
69 255
70 640
70 579
70 390
70 135
70 471
70 79
70 144
70 465
70 473
70 657
70 429
70 226
70 420
70 326
70 615
70 682
70 171
70 237
70 176
70 305
70 180
70 117
70 89
70 500
70 314
70 511
70 252
70 501
71 260
71 391
71 648
71 528
71 124
71 530
71 663
71 664
71 282
71 539
71 410
71 286
71 581
71 547
71 548
71 422
71 425
71 298
71 438
71 671
71 317
71 666
71 578
71 580
71 325
71 198
71 73
71 458
71 675
71 218
71 507
71 232
71 489
71 694
71 624
71 626
71 244
71 105
71 633
71 123
71 636
72 449
72 451
72 586
72 645
72 211
72 392
72 339
72 139
72 332
72 399
72 594
72 275
72 534
72 601
72 153
72 219
72 604
72 414
72 609
72 291
72 229
72 294
72 359
72 109
72 366
72 125
72 520
72 690
72 243
72 372
72 312
72 564
72 507
72 188
72 253
73 192
73 323
73 325
73 265
73 535
73 269
73 335
73 337
73 643
73 463
73 281
73 345
73 363
73 349
73 350
73 97
73 226
73 539
73 230
73 551
73 489
73 299
73 301
73 238
73 240
73 619
73 370
73 179
73 564
73 373
73 310
73 695
73 699
73 639
74 514
74 632
74 648
74 137
74 642
74 270
74 207
74 254
74 210
74 531
74 214
74 600
74 89
74 86
74 159
74 653
74 496
74 278
74 227
74 678
74 232
74 316
74 490
74 685
74 110
74 239
74 305
74 155
74 187
74 310
74 489
74 248
74 575
75 576
75 259
75 520
75 481
75 200
75 201
75 311
75 582
75 162
75 421
75 208
75 145
75 546
75 87
75 89
75 444
75 673
75 101
75 425
75 98
75 676
75 165
75 678
75 113
75 105
75 170
75 237
75 174
75 241
75 498
75 499
75 638
75 265
75 631
75 404
75 507
75 188
75 509
75 574
76 640
76 129
76 386
76 325
76 601
76 327
76 520
76 521
76 399
76 81
76 146
76 213
76 151
76 473
76 282
76 432
76 485
76 230
76 497
76 170
76 428
76 301
76 385
76 177
76 434
76 436
76 630
76 442
76 298
77 576
77 323
77 580
77 111
77 642
77 142
77 79
77 528
77 594
77 211
77 533
77 279
77 644
77 666
77 347
77 621
77 95
77 484
77 295
77 681
77 682
77 173
77 367
77 688
77 131
77 632
77 698
77 380
77 510
78 450
78 132
78 193
78 177
78 680
78 588
78 399
78 149
78 615
78 324
78 283
78 671
78 672
78 163
78 548
78 357
78 166
78 305
78 616
78 617
78 359
78 241
78 244
78 374
78 504
78 189
78 277
79 260
79 520
79 266
79 395
79 396
79 397
79 528
79 529
79 409
79 158
79 545
79 291
79 555
79 561
79 434
79 388
79 565
79 398
79 443
79 198
79 161
79 457
79 462
79 340
79 85
79 600
79 481
79 699
79 612
79 101
79 486
79 231
79 618
79 679
79 499
79 245
79 248
79 378
79 124
79 469
80 129
80 386
80 135
80 136
80 271
80 145
80 338
80 83
80 276
80 213
80 278
80 664
80 217
80 155
80 284
80 158
80 224
80 357
80 487
80 199
80 108
80 301
80 622
80 368
80 561
80 339
80 310
80 697
80 443
80 689
80 511
81 642
81 260
81 246
81 523
81 656
81 83
81 276
81 149
81 214
81 599
81 219
81 478
81 517
81 352
81 482
81 357
81 438
81 296
81 425
81 554
81 491
81 598
81 622
81 467
81 182
81 696
81 318
81 277
82 588
82 451
82 644
82 326
82 392
82 371
82 584
82 464
82 83
82 688
82 406
82 215
82 542
82 186
82 350
82 229
82 161
82 674
82 113
82 535
82 697
82 359
82 174
82 112
82 305
82 626
82 115
82 628
82 245
82 566
82 183
82 440
82 624
82 159
82 189
83 450
83 684
83 132
83 197
83 633
83 136
83 585
83 599
83 331
83 334
83 338
83 275
83 212
83 279
83 260
83 412
83 285
83 325
83 483
83 612
83 294
83 491
83 620
83 697
83 547
83 114
83 147
83 564
83 309
83 649
83 596
83 381
84 566
84 673
84 648
84 588
84 663
84 204
84 656
84 466
84 151
84 90
84 442
84 478
84 480
84 289
84 293
84 679
84 105
84 298
84 683
84 556
84 493
84 494
84 605
84 689
84 626
84 670
84 310
84 314
84 106
85 130
85 617
85 133
85 458
85 680
85 336
85 120
85 341
85 278
85 153
85 89
85 474
85 347
85 93
85 350
85 544
85 421
85 593
85 168
85 425
85 429
85 366
85 111
85 112
85 305
85 244
85 447
85 511
85 184
85 372
85 314
85 319
86 640
86 644
86 417
86 201
86 399
86 208
86 530
86 339
86 215
86 152
86 474
86 493
86 350
86 351
86 289
86 355
86 486
86 294
86 231
86 168
86 617
86 299
86 172
86 239
86 177
86 691
86 116
86 247
86 571
86 637
86 190
86 447
87 192
87 611
87 644
87 454
87 673
87 675
87 203
87 271
87 684
87 338
87 275
87 560
87 89
87 90
87 92
87 666
87 414
87 225
87 227
87 550
87 232
87 298
87 235
87 108
87 496
87 370
87 403
87 117
87 393
87 440
87 698
87 507
87 188
87 299
88 599
88 257
88 587
88 520
88 136
88 265
88 138
88 139
88 582
88 464
88 401
88 276
88 598
88 154
88 495
88 221
88 648
88 416
88 602
88 293
88 614
88 295
88 426
88 171
88 556
88 686
88 367
88 113
88 242
88 371
88 629
88 504
88 506
88 507
88 605
88 666
89 299
89 132
89 405
89 201
89 695
89 337
89 451
89 286
89 601
89 353
89 546
89 164
89 550
89 358
89 567
89 489
89 613
89 365
89 111
89 304
89 305
89 435
89 564
89 393
89 635
89 622
89 319
90 576
90 387
90 516
90 453
90 582
90 519
90 599
90 258
90 655
90 401
90 338
90 622
90 278
90 216
90 409
90 154
90 92
90 285
90 478
90 474
90 635
90 612
90 358
90 600
90 364
90 581
90 605
90 240
90 182
90 183
90 248
90 607
90 124
91 130
91 461
91 581
91 389
91 201
91 202
91 599
91 435
91 207
91 144
91 658
91 340
91 405
91 215
91 525
91 669
91 222
91 95
91 288
91 673
91 482
91 443
91 356
91 231
91 109
91 111
91 243
91 246
91 567
91 655
91 441
91 123
91 671
91 586
92 192
92 683
92 265
92 268
92 397
92 206
92 461
92 145
92 658
92 341
92 342
92 572
92 157
92 287
92 610
92 634
92 229
92 103
92 552
92 361
92 491
92 492
92 686
92 496
92 370
92 334
92 310
92 119
92 120
92 570
92 671
92 380
92 125
92 511
93 450
93 259
93 518
93 623
93 329
93 330
93 599
93 399
93 643
93 469
93 535
93 600
93 603
93 591
93 157
93 478
93 674
93 419
93 188
93 620
93 239
93 622
93 500
93 309
93 182
93 628
93 380
93 522
93 475
94 384
94 194
94 131
94 134
94 647
94 392
94 518
94 267
94 184
94 594
94 664
94 345
94 218
94 412
94 413
94 286
94 288
94 165
94 358
94 568
94 696
94 620
94 686
94 560
94 626
94 371
94 310
94 248
94 249
94 634
94 508
94 253
94 511
95 576
95 513
95 388
95 517
95 518
95 467
95 456
95 457
95 394
95 471
95 403
95 398
95 269
95 291
95 278
95 216
95 602
95 506
95 160
95 353
95 674
95 227
95 166
95 493
95 173
95 241
95 243
95 182
95 442
95 460
95 253
96 130
96 453
96 327
96 328
96 138
96 482
96 529
96 402
96 212
96 343
96 218
96 514
96 602
96 160
96 545
96 483
96 228
96 487
96 391
96 493
96 110
96 495
96 392
96 690
96 435
96 594
96 694
96 532
96 634
96 511
96 636
96 253
96 383
97 512
97 388
97 289
97 330
97 397
97 527
97 195
97 589
97 356
97 218
97 542
97 100
97 676
97 562
97 175
97 370
97 437
97 246
97 632
97 573
97 445
97 559
98 544
98 131
98 197
98 330
98 589
98 593
98 275
98 279
98 409
98 410
98 348
98 285
98 459
98 480
98 354
98 485
98 625
98 554
98 173
98 238
98 177
98 594
98 120
98 185
98 573
98 215
98 447
99 669
99 606
99 579
99 644
99 133
99 134
99 200
99 205
99 401
99 121
99 283
99 348
99 605
99 542
99 293
99 673
99 350
99 690
99 559
99 660
99 414
99 630
99 439
99 569
99 122
99 381
99 637
100 132
100 263
100 392
100 329
100 332
100 656
100 465
100 402
100 156
100 669
100 357
100 290
100 101
100 102
100 487
100 600
100 297
100 170
100 238
100 559
100 112
100 435
100 502
100 311
100 696
100 575
100 638
100 319
101 669
101 516
101 246
101 585
101 354
101 654
101 450
101 468
101 622
101 348
101 221
101 418
101 552
101 681
101 362
101 171
101 684
101 605
101 496
101 241
101 563
101 180
101 629
101 502
101 596
101 250
101 575
102 576
102 321
102 258
102 131
102 439
102 390
102 481
102 364
102 203
102 652
102 590
102 401
102 259
102 474
102 475
102 351
102 224
102 417
102 290
102 550
102 425
102 529
102 639
102 297
102 427
102 300
102 626
102 431
102 305
102 562
102 373
102 394
102 505
102 186
102 223
102 585
102 318
102 255
103 606
103 555
103 502
103 199
103 138
103 589
103 635
103 145
103 471
103 536
103 655
103 517
103 286
103 159
103 224
103 355
103 485
103 424
103 540
103 362
103 363
103 236
103 549
103 616
103 242
103 245
103 182
103 191
103 586
104 391
104 648
104 201
104 394
104 140
104 461
104 658
104 150
104 409
104 283
104 389
104 603
104 166
104 358
104 232
104 169
104 554
104 622
104 303
104 688
104 116
104 361
104 186
104 460
104 381
105 480
105 459
105 310
105 263
105 456
105 460
105 653
105 184
105 658
105 569
105 696
105 665
105 538
105 220
105 288
105 546
105 243
105 465
105 554
105 236
105 690
105 368
105 689
105 626
105 115
105 372
105 438
105 375
105 312
106 322
106 387
106 520
106 393
106 394
106 207
106 273
106 340
106 313
106 280
106 281
106 282
106 463
106 655
106 222
106 611
106 551
106 615
106 367
106 624
106 434
106 691
106 509
107 256
107 544
107 451
107 324
107 650
107 203
107 528
107 269
107 462
107 237
107 400
107 644
107 515
107 463
107 679
107 510
107 461
107 655
107 351
107 480
107 587
107 219
107 484
107 359
107 361
107 682
107 491
107 301
107 223
107 431
107 479
107 696
107 441
107 317
107 639
108 193
108 473
108 387
108 464
108 586
108 343
108 204
108 589
108 551
108 655
108 693
108 213
108 600
108 452
108 477
108 543
108 290
108 483
108 357
108 550
108 295
108 231
108 172
108 238
108 559
108 370
108 243
108 244
108 373
108 503
108 377
108 506
108 573
108 510
108 629
109 642
109 203
109 333
109 271
109 208
109 365
109 664
109 604
109 678
109 232
109 298
109 364
109 242
109 430
109 559
109 624
109 306
109 179
109 690
109 440
109 570
110 449
110 643
110 261
110 673
110 140
110 395
110 397
110 207
110 466
110 339
110 340
110 277
110 152
110 399
110 284
110 222
110 604
110 547
110 356
110 639
110 476
110 112
110 114
110 437
110 502
110 120
110 570
110 127
110 636
110 213
111 257
111 451
111 385
111 556
111 545
111 501
111 272
111 273
111 146
111 339
111 340
111 663
111 156
111 546
111 148
111 667
111 369
111 488
111 632
111 404
111 468
111 573
111 112
111 305
111 562
111 245
111 119
111 504
111 249
111 122
111 426
111 117
112 259
112 684
112 631
112 524
112 141
112 145
112 323
112 213
112 344
112 605
112 482
112 675
112 166
112 425
112 364
112 304
112 433
112 275
112 617
112 125
113 194
113 515
113 135
113 329
113 463
113 209
113 147
113 537
113 474
113 411
113 478
113 352
113 674
113 347
113 614
113 294
113 423
113 327
113 684
113 369
113 692
113 309
113 246
113 503
113 696
113 505
113 314
113 316
113 445
114 642
114 451
114 261
114 201
114 202
114 205
114 654
114 685
114 213
114 342
114 151
114 473
114 282
114 283
114 541
114 542
114 325
114 613
114 359
114 170
114 555
114 493
114 552
114 116
114 373
114 374
114 185
114 636
114 661
115 539
115 257
115 603
115 131
115 516
115 202
115 551
115 207
115 208
115 124
115 661
115 697
115 475
115 287
115 608
115 400
115 482
115 440
115 292
115 294
115 359
115 429
115 558
115 691
115 180
115 528
115 439
115 184
115 249
115 607
115 252
115 522
116 512
116 131
116 539
116 579
116 203
116 333
116 464
116 120
116 259
116 529
116 409
116 472
116 154
116 347
116 348
116 222
116 355
116 612
116 550
116 359
116 604
116 587
116 300
116 433
116 360
116 147
116 478
116 117
116 312
116 249
116 379
116 636
117 635
117 135
117 458
117 331
117 397
117 532
117 405
117 473
117 603
117 157
117 350
117 315
117 228
117 613
117 433
117 616
117 369
117 498
117 158
117 697
117 443
117 636
117 637
118 192
118 129
118 619
118 198
118 647
118 521
118 138
118 395
118 335
118 208
118 465
118 211
118 213
118 598
118 279
118 284
118 541
118 443
118 679
118 168
118 171
118 174
118 368
118 181
118 585
118 122
118 315
118 319
119 192
119 513
119 453
119 198
119 663
119 205
119 142
119 525
119 209
119 210
119 611
119 214
119 471
119 179
119 325
119 161
119 674
119 547
119 420
119 229
119 465
119 552
119 560
119 242
119 499
119 566
119 631
120 641
120 323
120 516
120 197
120 330
120 631
120 460
120 269
120 335
120 699
120 408
120 146
120 483
120 278
120 344
120 217
120 346
120 348
120 157
120 670
120 543
120 610
120 653
120 227
120 234
120 367
120 368
120 694
120 489
120 123
120 541
120 618
120 319
121 463
121 658
121 484
121 602
121 591
121 285
121 611
121 166
121 614
121 295
121 171
121 620
121 433
121 435
121 695
121 364
121 191
121 411
121 126
122 321
122 555
122 132
122 198
122 330
122 395
122 399
122 163
122 405
122 150
122 587
122 303
122 541
122 160
122 368
122 162
122 484
122 422
122 367
122 365
122 686
122 240
122 242
122 637
122 318
122 685
123 256
123 299
123 392
123 649
123 139
123 269
123 271
123 146
123 531
123 148
123 280
123 153
123 414
123 133
123 289
123 347
123 676
123 421
123 168
123 412
123 583
123 172
123 562
123 309
123 315
123 319
123 267
123 456
123 457
123 458
123 183
123 343
123 489
123 626
123 243
123 505
124 384
124 642
124 262
124 520
124 330
124 269
124 466
124 537
124 216
124 473
124 427
124 414
124 518
124 551
124 618
124 391
124 304
124 497
124 307
124 503
124 506
124 638
125 645
125 601
125 329
125 650
125 588
125 404
125 343
125 548
125 285
125 350
125 543
125 547
125 484
125 357
125 295
125 284
125 428
125 697
125 286
125 596
125 317
125 254
126 578
126 195
126 198
126 585
126 396
126 684
126 146
126 661
126 406
126 539
126 161
126 262
126 678
126 167
126 553
126 619
126 492
126 494
126 563
126 628
126 444
127 352
127 424
127 518
127 535
127 151
127 204
127 206
127 337
127 594
127 340
127 341
127 150
127 279
127 689
127 282
127 155
127 602
127 478
127 160
127 291
127 550
127 142
127 168
127 572
127 490
127 559
127 238
127 505
127 698
127 187
127 554
127 213
128 386
128 515
128 522
128 139
128 206
128 141
128 274
128 275
128 659
128 590
128 642
128 461
128 352
128 161
128 611
128 684
128 303
128 626
128 211
128 694
128 567
128 187
129 579
129 133
129 199
129 136
129 267
129 335
129 144
129 532
129 689
129 155
129 477
129 389
129 480
129 197
129 489
129 374
129 487
129 296
129 425
129 551
129 559
129 439
129 506
129 253
129 574
130 352
130 646
130 199
130 201
130 608
130 541
130 606
130 353
130 226
130 163
130 228
130 294
130 679
130 171
130 637
130 241
130 498
130 691
130 506
130 315
130 253
130 574
131 385
131 527
131 531
131 404
131 533
131 534
131 410
131 287
131 288
131 547
131 293
131 294
131 423
131 169
131 683
131 466
131 433
131 312
131 697
131 319
131 196
131 453
131 201
131 588
131 337
131 594
131 365
131 689
131 655
131 348
131 349
131 478
131 165
131 613
131 493
131 494
131 496
131 677
131 503
131 532
132 630
132 535
132 567
132 266
132 203
132 628
132 592
132 401
132 274
132 398
132 406
132 473
132 152
132 412
132 223
132 664
132 225
132 485
132 678
132 584
132 426
132 620
132 302
132 526
132 369
132 306
132 243
132 500
132 437
132 547
132 430
132 378
132 522
133 384
133 514
133 579
133 328
133 578
133 664
133 211
133 576
133 221
133 350
133 304
133 482
133 166
133 422
133 296
133 364
133 626
133 302
133 496
133 305
133 306
133 179
133 180
133 675
133 569
133 622
134 633
134 322
134 523
134 516
134 135
134 521
134 552
134 371
134 578
134 462
134 272
134 531
134 355
134 430
134 407
134 665
134 348
134 697
134 373
134 639
134 360
134 169
134 426
134 620
134 302
134 431
134 176
134 306
134 211
134 244
134 309
134 374
134 503
134 185
134 442
134 251
134 490
135 320
135 642
135 363
135 196
135 439
135 392
135 371
135 143
135 211
135 340
135 405
135 625
135 271
135 156
135 357
135 160
135 457
135 507
135 521
135 167
135 453
135 231
135 626
135 174
135 242
135 243
135 244
135 430
135 696
135 168
135 636
135 574
136 512
136 321
136 386
136 587
136 201
136 501
136 588
136 270
136 173
136 144
136 210
136 340
136 686
136 406
136 474
136 283
136 540
136 557
136 293
136 170
136 306
136 434
136 596
136 488
136 370
136 309
136 632
136 505
136 570
136 508
136 255
137 577
137 427
137 201
137 332
137 493
137 336
137 465
137 211
137 277
137 344
137 644
137 284
137 508
137 478
137 289
137 187
137 548
137 229
137 167
137 233
137 299
137 240
137 403
137 681
137 176
137 460
137 573
138 193
138 476
138 389
138 513
138 392
138 201
138 268
138 206
138 401
138 216
138 465
138 278
138 559
138 539
138 284
138 605
138 673
138 472
138 293
138 361
138 172
138 662
138 495
138 308
138 695
138 692
138 315
138 316
139 324
139 454
139 199
139 457
139 202
139 567
139 588
139 256
139 143
139 337
139 586
139 569
139 537
139 541
139 679
139 344
139 673
139 226
139 243
139 685
139 359
139 488
139 297
139 583
139 500
139 428
139 429
139 686
139 648
139 209
139 372
139 489
139 330
139 574
139 469
140 385
140 649
140 521
140 330
140 439
140 663
140 205
140 528
140 146
140 302
140 625
140 283
140 285
140 414
140 159
140 420
140 421
140 614
140 530
140 168
140 681
140 618
140 556
140 173
140 175
140 242
140 562
140 436
140 247
140 682
141 385
141 259
141 520
141 330
141 463
141 668
141 602
141 655
141 540
141 353
141 162
141 549
141 358
141 616
141 476
141 176
141 558
141 433
141 695
141 569
141 319
141 636
141 445
141 446
141 555
142 256
142 641
142 591
142 196
142 393
142 395
142 493
142 612
142 339
142 404
142 406
142 407
142 473
142 538
142 559
142 285
142 161
142 164
142 550
142 625
142 171
142 300
142 237
142 366
142 431
142 305
142 211
142 694
142 201
142 371
142 548
142 638
143 235
143 644
143 581
143 263
143 584
143 393
143 334
143 337
143 210
143 583
143 469
143 534
143 153
143 549
143 473
143 474
143 667
143 349
143 287
143 545
143 226
143 571
143 293
143 555
143 657
143 636
143 490
143 363
143 556
143 237
143 182
143 504
143 378
143 507
143 590
143 319
144 640
144 642
144 453
144 522
144 658
144 611
144 532
144 149
144 471
144 600
144 156
144 357
144 160
144 610
144 475
144 428
144 659
144 180
144 245
144 374
144 312
144 660
144 509
145 193
145 322
145 645
145 647
145 648
145 652
145 606
145 270
145 527
145 579
145 414
145 699
145 219
145 349
145 350
145 351
145 400
145 227
145 356
145 549
145 423
145 223
145 669
145 155
145 373
145 246
145 603
145 633
145 187
145 319
146 641
146 643
146 449
146 651
146 397
146 148
146 345
146 413
146 517
146 420
146 262
146 679
146 552
146 426
146 689
146 182
146 567
146 568
146 569
146 191
146 322
146 310
146 343
146 217
146 481
146 226
146 356
146 618
146 319
146 632
146 554
147 448
147 577
147 545
147 586
147 654
147 276
147 601
147 600
147 285
147 549
147 162
147 229
147 294
147 298
147 363
147 368
147 498
147 245
147 182
147 377
147 316
147 575
148 663
148 502
148 471
148 199
148 584
148 649
148 394
148 395
148 524
148 397
148 462
148 400
148 627
148 654
148 407
148 221
148 415
148 506
148 423
148 681
148 170
148 242
148 581
148 466
148 689
148 306
148 499
148 436
148 374
148 490
148 639
149 321
149 322
149 324
149 581
149 417
149 201
149 516
149 591
149 355
149 609
149 661
149 344
149 510
149 156
149 288
149 291
149 472
149 641
149 583
149 489
149 235
149 630
149 437
149 241
149 400
149 190
149 528
149 265
149 592
149 249
149 314
149 351
149 254
149 191
150 386
150 619
150 388
150 454
150 354
150 440
150 530
150 339
150 340
150 661
150 249
150 536
150 516
150 346
150 412
150 161
150 226
150 227
150 465
150 508
150 171
150 483
150 173
150 367
150 692
150 693
150 502
150 376
150 276
150 378
150 511
150 318
151 320
151 194
151 451
151 569
151 454
151 519
151 200
151 652
151 203
151 205
151 654
151 404
151 249
151 346
151 351
151 160
151 560
151 610
151 613
151 550
151 423
151 490
151 684
151 238
151 175
151 369
151 614
151 575
151 671
151 573
152 257
152 325
152 471
152 199
152 204
152 343
152 642
152 646
152 653
152 656
152 529
152 275
152 698
152 408
152 164
152 218
152 155
152 284
152 349
152 645
152 228
152 486
152 455
152 615
152 616
152 169
152 171
152 433
152 611
152 500
152 297
152 184
152 505
152 378
152 585
153 299
153 391
153 648
153 587
153 502
153 272
153 664
153 402
153 275
153 277
153 463
153 505
153 527
153 409
153 399
153 598
153 575
153 517
153 160
153 609
153 228
153 363
153 364
153 558
153 584
153 665
153 629
153 246
153 436
153 187
153 638
154 619
154 260
154 550
154 272
154 337
154 211
154 340
154 282
154 476
154 293
154 528
154 546
154 699
154 230
154 166
154 465
154 427
154 174
154 445
154 369
154 498
154 499
154 245
154 185
154 250
154 443
154 536
154 253
155 323
155 630
155 646
155 503
155 674
155 399
155 467
155 214
155 463
155 546
155 583
155 299
155 621
155 431
155 496
155 691
155 246
155 313
155 618
156 518
156 201
156 522
156 546
156 206
156 589
156 612
156 276
156 270
156 663
156 228
156 220
156 605
156 572
156 393
156 368
156 162
156 489
156 164
156 636
156 359
156 232
156 316
156 362
156 620
156 237
156 176
156 241
156 432
156 292
156 247
156 660
156 698
156 187
157 322
157 263
157 482
157 656
157 346
157 350
157 544
157 226
157 355
157 616
157 476
157 176
157 305
157 697
157 252
158 260
158 453
158 646
158 647
158 586
158 203
158 397
158 334
158 658
158 533
158 643
158 314
158 478
158 613
158 486
158 422
158 498
158 175
158 434
158 436
158 504
158 250
158 637
158 245
159 270
159 399
159 657
159 248
159 278
159 664
159 665
159 667
159 413
159 417
159 164
159 677
159 681
159 556
159 175
159 569
159 444
159 319
159 459
159 334
159 335
159 504
159 468
159 471
159 216
159 224
159 408
159 355
159 536
159 361
159 242
159 627
159 376
159 633
159 426
160 576
160 392
160 264
160 259
160 662
160 657
160 288
160 545
160 550
160 425
160 648
160 178
160 307
160 607
160 572
160 446
160 323
160 326
160 673
160 653
160 211
160 229
160 401
160 617
160 235
160 387
160 499
160 190
161 323
161 196
161 470
161 263
161 584
161 459
161 589
161 272
161 504
161 210
161 660
161 213
161 516
161 282
161 539
161 476
161 414
161 224
161 229
161 359
161 616
161 580
161 239
161 565
161 310
161 462
161 639
162 640
162 641
162 515
162 196
162 646
162 201
162 396
162 568
162 516
162 411
162 523
162 289
162 585
162 295
162 236
162 430
162 467
162 503
162 504
162 380
163 256
163 326
163 391
163 201
163 395
163 386
163 494
163 216
163 220
163 610
163 547
163 553
163 552
163 361
163 299
163 429
163 560
163 626
163 373
163 183
163 631
163 668
163 437
164 195
164 580
164 325
164 632
164 687
164 395
164 529
164 402
164 660
164 277
164 407
164 538
164 539
164 216
164 541
164 222
164 421
164 417
164 165
164 615
164 630
164 558
164 559
164 645
164 677
164 562
164 436
164 437
164 566
164 568
164 590
164 511
165 324
165 456
165 329
165 394
165 462
165 591
165 209
165 531
165 341
165 216
165 217
165 666
165 248
165 360
165 170
165 239
165 240
165 492
165 606
165 502
165 503
165 376
165 505
165 508
165 445
165 629
166 192
166 518
166 632
166 394
166 395
166 204
166 208
166 248
166 466
166 340
166 533
166 472
166 680
166 349
166 290
166 483
166 647
166 237
166 558
166 645
166 629
166 566
166 312
166 314
166 317
166 446
166 319
167 320
167 321
167 520
167 456
167 535
167 565
167 681
167 609
167 469
167 534
167 473
167 576
167 380
167 640
167 219
167 476
167 621
167 544
167 545
167 457
167 228
167 604
167 491
167 237
167 432
167 305
167 660
167 692
167 180
167 183
167 628
167 442
167 571
167 444
167 509
167 318
167 383
168 321
168 652
168 523
168 205
168 338
168 686
168 601
168 475
168 634
168 496
168 418
168 291
168 612
168 357
168 369
168 424
168 362
168 615
168 557
168 302
168 432
168 305
168 243
168 510
168 265
168 441
168 314
168 460
168 318
169 488
169 200
169 396
169 505
169 274
169 339
169 468
169 533
169 235
169 363
169 669
169 478
169 543
169 678
169 423
169 362
169 359
169 685
169 368
169 177
169 440
169 185
169 570
169 190
170 598
170 646
170 519
170 393
170 267
170 210
170 531
170 470
170 633
170 601
170 539
170 480
170 673
170 487
170 233
170 492
170 302
170 624
170 648
170 501
170 248
170 404
170 660
170 190
171 611
171 200
171 203
171 677
171 547
171 528
171 387
171 398
171 278
171 591
171 541
171 223
171 523
171 560
171 419
171 310
171 293
171 230
171 691
171 174
171 368
171 520
171 371
171 692
171 375
171 442
171 315
171 319
172 385
172 454
172 327
172 200
172 393
172 270
172 271
172 275
172 404
172 473
172 602
172 347
172 220
172 420
172 518
172 232
172 623
172 647
172 559
172 306
172 371
172 437
172 502
172 457
172 468
172 572
172 509
173 642
173 406
173 262
173 200
173 648
173 203
173 463
173 664
173 530
173 497
173 674
173 527
173 346
173 219
173 525
173 608
173 230
173 540
173 555
173 598
173 366
173 242
173 251
174 192
174 651
174 456
174 462
174 335
174 464
174 532
174 405
174 535
174 306
174 345
174 221
174 231
174 551
174 402
174 494
174 178
174 371
174 372
174 446
174 246
174 251
174 318
174 255
175 385
175 587
175 389
175 646
175 268
175 535
175 525
175 684
175 209
175 286
175 480
175 405
175 657
175 350
175 352
175 356
175 497
175 424
175 551
175 362
175 235
175 428
175 365
175 367
175 433
175 573
175 531
175 585
175 699
175 273
175 561
176 385
176 258
176 195
176 386
176 270
176 655
176 504
176 558
176 345
176 217
176 549
176 354
176 676
176 486
176 360
176 508
176 391
176 620
176 301
176 494
176 509
176 424
176 181
176 248
176 505
176 316
176 309
177 453
177 326
177 391
177 332
177 695
177 365
177 596
177 270
177 697
177 664
177 602
177 284
177 297
177 416
177 353
177 228
177 358
177 366
177 434
177 206
177 370
177 502
177 398
177 201
177 378
177 252
177 380
177 447
178 256
178 459
178 518
178 391
178 493
178 586
178 203
178 258
178 654
178 205
178 531
178 338
178 211
178 280
178 591
178 475
178 606
178 478
178 656
178 290
178 472
178 229
178 600
178 619
178 647
178 306
178 434
178 435
178 437
178 444
178 509
179 521
179 626
179 395
179 530
179 633
179 478
179 608
179 417
179 689
179 488
179 317
179 368
179 241
179 434
179 180
179 309
179 249
179 186
179 232
180 192
180 512
180 258
180 330
180 203
180 206
180 530
180 537
180 473
180 650
180 286
180 415
180 674
180 419
180 617
180 363
180 556
180 549
180 613
180 594
180 311
180 185
180 635
180 637
180 639
181 386
181 387
181 582
181 455
181 584
181 329
181 650
181 203
181 525
181 336
181 341
181 471
181 539
181 348
181 624
181 418
181 355
181 668
181 428
181 239
181 689
181 242
181 681
181 695
181 505
181 187
182 320
182 257
182 651
182 324
182 581
182 454
182 697
182 599
182 459
182 610
182 210
182 406
182 279
182 664
182 601
182 608
182 289
182 548
182 357
182 294
182 488
182 233
182 568
182 363
182 498
182 365
182 309
182 550
182 564
182 511
182 447
183 513
183 642
183 491
183 260
183 584
183 620
183 582
183 462
183 463
183 208
183 597
183 342
183 441
183 408
183 687
183 350
183 223
183 496
183 553
183 682
183 423
183 492
183 240
183 562
183 249
184 256
184 459
184 517
184 521
184 642
184 592
184 658
184 531
184 220
184 215
184 280
184 409
184 348
184 442
184 224
184 432
184 290
184 523
184 295
184 296
184 487
184 565
184 502
184 696
184 615
184 217
185 257
185 642
185 579
185 453
185 584
185 265
185 402
185 627
185 662
185 599
185 217
185 485
185 425
185 293
185 614
185 551
185 297
185 236
185 530
185 238
185 373
185 658
185 632
185 364
185 637
185 447
186 384
186 193
186 322
186 259
186 196
186 262
186 519
186 394
186 523
186 546
186 334
186 580
186 541
186 487
186 298
186 551
186 237
186 238
186 303
186 497
186 690
186 437
186 440
186 249
186 571
186 458
186 501
187 261
187 461
187 369
187 465
187 531
187 216
187 666
187 389
187 224
187 677
187 359
187 572
187 428
187 493
187 558
187 239
187 305
187 436
187 312
187 556
188 198
188 271
188 208
188 275
188 407
188 345
188 538
188 603
188 272
188 420
188 685
188 433
188 553
188 429
188 241
188 467
188 528
188 624
188 253
188 191
189 198
189 471
189 663
189 653
189 339
189 532
189 662
189 407
189 217
189 346
189 419
189 356
189 294
189 236
189 302
189 564
189 311
189 568
189 340
189 315
189 191
190 385
190 642
190 579
190 452
190 261
190 263
190 202
190 332
190 467
190 528
190 402
190 275
190 212
190 277
190 599
190 516
190 414
190 225
190 484
190 685
190 616
190 303
190 466
190 305
190 629
190 211
190 496
190 374
190 567
190 440
190 252
190 317
191 512
191 579
191 488
191 263
191 587
191 460
191 398
191 657
191 339
191 278
191 473
191 292
191 495
191 517
191 482
191 294
191 425
191 235
191 431
191 659
191 617
191 631
191 250
191 253
191 597
192 539
192 385
192 259
192 646
192 597
192 331
192 270
192 337
192 387
192 568
192 576
192 444
192 284
192 389
192 604
192 440
192 293
192 401
192 696
192 495
192 432
192 659
192 246
192 248
192 313
192 250
192 639
192 316
192 575
193 641
193 197
193 583
193 200
193 269
193 525
193 532
193 534
193 343
193 473
193 667
193 221
193 289
193 674
193 548
193 609
193 361
193 300
193 493
193 558
193 432
193 562
193 567
193 624
193 379
194 576
194 393
194 695
194 590
194 463
194 686
194 278
194 538
194 283
194 474
194 676
194 678
194 689
194 299
194 366
194 374
194 521
194 249
194 698
194 426
195 576
195 257
195 324
195 197
195 545
195 392
195 265
195 203
195 204
195 205
195 340
195 598
195 536
195 288
195 326
195 371
195 438
195 521
195 607
195 460
195 573
196 393
196 651
196 401
196 387
196 537
196 670
196 357
196 337
196 259
196 636
196 426
196 235
196 242
196 595
196 373
196 374
196 631
196 376
196 508
197 258
197 403
197 386
197 387
197 696
197 477
197 671
197 229
197 679
197 617
197 427
197 562
197 623
197 369
197 242
197 690
197 505
197 250
198 321
198 322
198 392
198 585
198 290
198 656
198 408
198 673
198 546
198 421
198 508
198 637
198 562
198 243
198 638
198 397
198 380
199 516
199 271
199 529
199 662
199 541
199 294
199 551
199 558
199 477
199 304
199 689
199 311
199 316
199 320
199 449
199 323
199 581
199 328
199 458
199 591
199 211
199 602
199 493
199 221
199 351
199 464
199 621
199 495
199 370
199 630
199 404
199 661
200 539
200 235
200 301
200 528
200 463
200 299
200 363
200 348
200 286
200 543
200 604
200 688
200 488
200 494
200 637
200 630
200 641
200 441
200 506
200 458
200 608
200 377
201 261
201 519
201 685
201 656
201 401
201 536
201 538
201 411
201 419
201 680
201 299
201 428
201 557
201 572
201 394
201 459
201 324
201 455
201 458
201 335
201 602
201 608
201 354
201 357
201 529
201 495
201 628
201 255
202 603
202 324
202 518
202 330
202 653
202 526
202 527
202 336
202 612
202 675
202 326
202 452
202 347
202 222
202 223
202 484
202 390
202 296
202 554
202 632
202 569
202 543
203 279
203 261
203 620
203 633
203 585
203 606
203 465
203 494
203 217
203 643
203 335
203 220
203 325
203 288
203 630
203 360
203 348
203 428
203 238
203 562
203 246
203 439
203 255
204 258
204 263
204 396
204 522
204 614
204 526
204 400
204 536
204 278
204 313
204 516
204 669
204 542
204 656
204 418
204 420
204 293
204 233
204 268
204 553
204 441
204 447
204 508
204 509
205 352
205 390
205 265
205 567
205 334
205 335
205 466
205 515
205 381
205 526
205 214
205 472
205 557
205 285
205 571
205 288
205 354
205 549
205 358
205 306
205 552
205 242
205 250
205 418
205 511
206 320
206 522
206 390
206 599
206 461
206 654
206 291
206 276
206 407
206 280
206 346
206 538
206 224
206 560
206 546
206 227
206 252
206 364
206 365
206 496
206 595
206 316
206 330
207 645
207 390
207 647
207 648
207 399
207 536
207 660
207 686
207 599
207 280
207 591
207 666
207 415
207 227
207 358
207 380
207 684
207 370
207 566
207 695
207 312
207 479
207 444
207 254
208 641
208 386
208 452
208 518
208 585
208 642
208 591
208 272
208 595
208 483
208 597
208 412
208 698
208 286
208 351
208 482
208 291
208 356
208 293
208 686
208 620
208 639
208 624
208 625
208 376
208 659
208 381
208 406
209 455
209 461
209 659
209 213
209 470
209 345
209 623
209 476
209 221
209 415
209 416
209 667
209 292
209 294
209 295
209 360
209 554
209 307
209 692
209 479
209 405
210 619
210 647
210 331
210 652
210 400
210 355
210 431
210 278
210 279
210 600
210 271
210 476
210 221
210 672
210 422
210 427
210 365
210 689
210 696
210 506
210 251
210 255
211 321
211 266
211 331
211 611
211 404
211 674
211 431
211 349
211 261
211 417
211 538
211 355
211 357
211 616
211 348
211 303
211 645
211 435
211 675
211 631
211 592
211 673
211 671
211 508
211 522
212 470
212 353
212 651
212 652
212 406
212 280
212 612
212 346
212 479
212 289
212 611
212 228
212 293
212 358
212 296
212 252
212 427
212 583
212 495
212 628
212 309
212 489
212 249
212 250
212 316
212 534
213 261
213 268
213 594
213 659
213 693
213 544
213 344
213 605
213 478
213 389
213 224
213 229
213 230
213 533
213 296
213 617
213 368
213 670
213 606
213 375
213 506
213 315
213 508
213 574
214 458
214 515
214 580
214 518
214 521
214 460
214 589
214 400
214 401
214 274
214 531
214 649
214 351
214 489
214 420
214 293
214 361
214 299
214 466
214 302
214 499
214 251
214 394
215 695
215 396
215 335
215 696
215 338
215 659
215 660
215 471
215 537
215 476
215 607
215 685
215 425
215 296
215 567
215 510
215 511
216 608
216 258
216 635
216 325
216 684
216 642
216 227
216 277
216 279
216 548
216 220
216 223
216 544
216 354
216 296
216 306
216 435
216 692
216 504
216 507
217 256
217 321
217 517
217 521
217 270
217 336
217 337
217 275
217 512
217 248
217 414
217 351
217 352
217 612
217 296
217 297
217 364
217 687
217 561
217 311
217 592
217 382
218 640
218 480
218 387
218 522
218 334
218 528
218 600
218 275
218 462
218 598
218 495
218 293
218 295
218 232
218 555
218 236
218 557
218 239
218 688
218 563
218 222
218 374
218 233
218 633
218 671
218 316
219 256
219 326
219 329
219 586
219 395
219 463
219 283
219 478
219 520
219 612
219 357
219 632
219 236
219 239
219 498
219 434
219 564
219 376
219 249
219 379
220 640
220 449
220 517
220 454
220 583
220 393
220 530
220 403
220 662
220 282
220 495
220 671
220 225
220 646
220 679
220 554
220 619
220 429
220 433
220 675
220 504
220 249
220 319
221 555
221 648
221 523
221 271
221 273
221 302
221 279
221 591
221 463
221 541
221 479
221 544
221 327
221 550
221 295
221 490
221 299
221 237
221 469
221 502
221 276
221 251
221 522
221 377
222 672
222 260
222 454
222 519
222 356
222 523
222 565
222 493
222 336
222 465
222 547
222 277
222 408
222 283
222 412
222 349
222 286
222 621
222 480
222 464
222 653
222 364
222 242
222 688
222 498
222 306
222 350
222 248
222 556
223 641
223 522
223 390
223 269
223 557
223 337
223 338
223 558
223 693
223 388
223 410
223 395
223 459
223 587
223 485
223 429
223 238
223 561
223 542
223 658
223 439
223 248
223 249
223 571
223 458
223 695
223 247
224 555
224 699
224 390
224 422
224 264
224 393
224 394
224 528
224 271
224 402
224 340
224 463
224 335
224 670
224 283
224 356
224 229
224 616
224 444
224 485
224 620
224 246
224 596
224 442
224 316
224 254
225 385
225 386
225 259
225 325
225 326
225 457
225 458
225 589
225 600
225 531
225 472
225 260
225 346
225 602
225 581
225 482
225 611
225 615
225 489
225 366
225 692
225 681
226 669
226 459
226 261
226 327
226 586
226 258
226 450
226 334
226 687
226 284
226 416
226 425
226 503
226 357
226 614
226 421
226 453
226 359
226 684
226 557
226 329
226 476
226 511
227 683
227 598
227 449
227 535
227 333
227 592
227 661
227 618
227 506
227 606
227 614
227 536
227 657
227 488
227 647
227 319
227 234
227 442
227 315
227 317
227 543
227 255
228 384
228 586
228 582
228 455
228 329
228 266
228 524
228 421
228 273
228 471
228 351
228 354
228 420
228 357
228 358
228 233
228 618
228 679
228 559
228 308
228 506
228 379
228 252
228 573
228 565
229 257
229 514
229 651
229 268
229 653
229 398
229 655
229 275
229 412
229 413
229 432
229 563
229 566
229 480
229 585
229 330
229 461
229 462
229 344
229 488
229 617
229 363
229 624
229 244
229 632
229 378
229 379
229 254
229 639
230 641
230 515
230 462
230 237
230 592
230 664
230 530
230 531
230 537
230 600
230 557
230 621
230 481
230 360
230 579
230 437
230 439
230 376
230 377
230 574
231 512
231 386
231 456
231 514
231 397
231 400
231 338
231 533
231 664
231 409
231 670
231 607
231 551
231 594
231 645
231 564
231 585
231 380
232 448
232 385
232 450
232 584
232 396
232 685
232 656
232 529
232 563
232 339
232 406
232 343
232 431
232 410
232 607
232 603
232 491
232 449
232 446
232 318
232 382
233 655
233 461
233 389
233 646
233 330
233 501
233 354
233 334
233 418
233 563
233 402
233 531
233 598
233 591
233 525
233 485
233 358
233 295
233 551
233 623
233 243
233 373
233 634
233 639
233 499
234 387
234 614
234 337
234 687
234 259
234 469
234 280
234 281
234 283
234 669
234 482
234 294
234 486
234 657
234 616
234 367
234 496
234 305
234 307
234 564
234 693
234 638
235 448
235 481
235 464
235 676
235 687
235 669
235 478
235 417
235 612
235 558
235 240
235 520
235 562
235 627
235 372
235 309
235 568
235 377
235 622
236 599
236 441
236 579
236 516
236 518
236 583
236 648
236 492
236 266
236 332
236 674
236 398
236 656
236 531
236 404
236 279
236 665
236 349
236 478
236 352
236 539
236 486
236 551
236 567
236 367
236 371
236 521
236 253
236 446
237 577
237 683
237 266
237 277
237 472
237 667
237 610
237 635
237 604
237 364
237 238
237 689
237 518
237 374
237 505
237 654
238 385
238 635
238 407
238 502
238 441
238 586
238 524
238 333
238 536
238 669
238 351
238 544
238 417
238 550
238 296
238 371
238 245
238 246
238 315
238 254
239 449
239 388
239 327
239 567
239 334
239 274
239 355
239 484
239 550
239 361
239 534
239 570
239 305
239 690
239 246
239 311
239 568
239 671
239 637
239 638
240 261
240 394
240 267
240 396
240 597
240 600
240 468
240 276
240 538
240 476
240 350
240 390
240 418
240 612
240 604
240 428
240 581
240 563
240 502
240 696
240 404
240 315
240 252
240 556
241 640
241 387
241 556
241 461
241 338
241 595
241 277
241 346
241 538
241 679
241 610
241 364
241 622
241 541
241 496
241 433
241 243
241 692
241 373
241 630
241 440
241 250
241 445
241 255
242 587
242 457
242 447
242 270
242 659
242 414
242 279
242 589
242 348
242 344
242 699
242 604
242 583
242 359
242 620
242 693
242 692
242 575
242 379
242 650
242 524
242 383
243 395
243 673
243 522
243 269
243 525
243 337
243 633
243 644
243 589
243 289
243 500
243 379
243 421
243 529
243 679
243 365
243 690
243 670
243 372
243 411
243 446
244 448
244 516
244 392
244 521
244 518
244 269
244 653
244 464
244 312
244 466
244 404
244 537
244 472
244 462
244 410
244 698
244 672
244 609
244 354
244 597
244 361
244 440
244 314
244 522
244 511
245 395
245 453
245 673
245 522
245 267
245 652
245 430
245 674
245 476
245 544
245 418
245 675
245 357
245 364
245 688
245 403
245 464
245 311
245 378
245 636
246 578
246 545
246 392
246 675
246 468
246 693
246 665
246 344
246 284
246 606
246 357
246 552
246 567
246 494
246 411
246 689
246 686
247 257
247 323
247 263
247 395
247 653
247 339
247 452
247 346
247 667
247 605
247 546
247 651
247 422
247 423
247 679
247 556
247 435
247 374
247 631
247 633
247 252
248 258
248 618
248 471
248 519
248 657
248 340
248 558
248 278
248 672
248 417
248 635
248 616
248 430
248 573
248 444
248 266
248 510
248 373
249 388
249 525
249 530
249 405
249 283
249 581
249 673
249 347
249 548
249 421
249 649
249 604
249 300
249 430
249 697
249 543
249 319
249 449
249 325
249 455
249 474
249 477
249 425
249 553
249 486
249 252
249 368
249 375
249 340
249 380
250 321
250 323
250 325
250 262
250 648
250 484
250 618
250 657
250 384
250 664
250 473
250 667
250 351
250 544
250 699
250 420
250 358
250 615
250 681
250 453
250 620
250 691
250 414
250 507
250 252
250 317
250 446
251 576
251 577
251 324
251 261
251 585
251 522
251 461
251 610
251 471
251 516
251 668
251 542
251 418
251 547
251 406
251 682
251 556
251 367
251 692
251 285
251 310
251 376
251 628
251 506
251 379
251 510
252 518
252 588
252 505
252 535
252 329
252 330
252 396
252 655
252 632
252 342
252 407
252 472
252 667
252 606
252 352
252 419
252 678
252 488
252 554
252 696
252 307
252 501
252 312
252 509
252 253
252 565
253 481
253 470
253 449
253 525
253 272
253 512
253 339
253 406
253 537
253 380
253 347
253 346
253 610
253 294
253 361
253 455
253 414
253 624
253 625
253 562
253 371
253 553
253 608
254 603
254 324
254 328
254 693
254 402
254 275
254 346
254 347
254 474
254 294
254 296
254 557
254 507
254 690
254 542
254 502
254 567
254 632
254 532
254 315
254 330
255 588
255 259
255 545
255 548
255 463
255 699
255 532
255 409
255 417
255 292
255 422
255 359
255 488
255 668
255 487
255 429
255 678
255 691
255 630
255 585
255 635
255 573
256 385
256 516
256 488
256 582
256 552
256 457
256 266
256 338
256 595
256 505
256 408
256 479
256 289
256 424
256 686
256 304
256 433
256 599
256 437
256 313
256 442
256 411
256 573
256 446
257 640
257 449
257 260
257 454
257 397
257 531
257 339
257 276
257 326
257 692
257 592
257 418
257 600
257 677
257 513
257 309
257 629
258 320
258 432
258 260
258 545
258 263
258 585
258 330
258 333
258 334
258 271
258 592
258 440
258 278
258 452
258 283
258 606
258 410
258 589
258 416
258 289
258 547
258 356
258 295
258 490
258 302
258 305
258 371
258 496
258 449
258 653
259 579
259 630
259 262
259 417
259 393
259 332
259 270
259 468
259 469
259 575
259 260
259 346
259 478
259 415
259 291
259 602
259 326
259 477
259 369
259 383
259 447
259 570
259 631
259 677
260 569
260 454
260 403
260 465
260 339
260 505
260 571
260 359
260 425
260 363
260 432
260 369
260 670
260 511
260 447
261 451
261 516
261 588
261 471
261 574
261 540
261 286
261 352
261 560
261 697
261 488
261 684
261 302
261 319
261 504
261 569
261 444
262 652
262 521
262 651
262 396
262 525
262 462
262 589
262 272
262 337
262 661
262 278
262 345
262 474
262 431
262 464
262 547
262 602
262 491
262 364
262 303
262 500
262 510
263 390
263 458
263 592
263 466
263 531
263 366
263 380
263 287
263 610
263 483
263 678
263 362
263 302
263 499
263 569
264 322
264 459
264 325
264 648
264 556
264 419
264 346
264 453
264 688
264 674
264 678
264 679
264 489
264 428
264 365
264 623
264 368
264 433
264 375
264 607
264 444
264 317
265 452
265 633
265 526
265 271
265 400
265 482
265 625
265 681
265 555
265 557
265 627
265 504
265 635
265 639
266 608
266 587
266 534
266 518
266 328
266 329
266 267
266 354
266 684
266 406
266 345
266 388
266 527
266 620
266 546
266 545
266 682
266 367
266 441
266 442
266 671
266 511
267 651
267 618
267 391
267 585
267 567
267 656
267 338
267 583
267 365
267 541
267 290
267 647
267 385
267 369
267 594
267 502
267 311
267 698
267 510
268 588
268 669
268 514
268 520
268 521
268 461
268 590
268 464
268 532
268 665
268 410
268 538
268 544
268 609
268 675
268 425
268 426
268 423
268 302
268 660
268 372
268 632
268 500
268 634
268 575
269 406
269 454
269 461
269 400
269 664
269 466
269 660
269 278
269 408
269 281
269 284
269 605
269 336
269 612
269 293
269 426
269 492
269 556
269 623
269 370
269 437
269 631
269 574
269 501
270 669
270 422
270 393
270 399
270 405
270 294
270 407
270 410
270 474
270 544
270 289
270 571
270 548
270 293
270 680
270 563
270 584
270 439
270 543
270 314
270 507
271 448
271 387
271 394
271 493
271 482
271 404
271 469
271 674
271 657
271 409
271 594
271 591
271 476
271 613
271 354
271 485
271 529
271 425
271 490
271 691
271 544
271 501
271 681
271 632
272 576
272 490
272 322
272 640
272 406
272 673
272 521
272 586
272 523
272 273
272 276
272 278
272 672
272 612
272 390
272 352
272 354
272 356
272 617
272 517
272 621
272 662
272 437
272 311
272 404
272 442
272 511
273 450
273 389
273 364
273 658
273 531
273 578
273 405
273 356
273 315
273 357
273 427
273 365
273 304
273 694
273 505
273 379
273 469
274 278
274 458
274 614
274 398
274 531
274 283
274 349
274 479
274 544
274 481
274 613
274 358
274 554
274 677
274 339
274 628
274 437
274 503
274 377
274 570
274 444
275 454
275 585
275 518
275 332
275 657
275 594
275 469
275 281
275 283
275 650
275 442
275 419
275 552
275 619
275 562
275 541
275 306
275 309
275 694
275 503
275 509
276 699
276 649
276 652
276 661
276 537
276 665
276 411
276 415
276 288
276 420
276 680
276 683
276 477
276 432
276 563
276 671
276 333
276 336
276 466
276 354
276 310
276 357
276 621
276 497
276 373
276 502
276 635
276 381
276 277
277 320
277 448
277 515
277 644
277 517
277 326
277 481
277 397
277 403
277 462
277 674
277 605
277 290
277 507
277 437
277 297
277 664
277 551
277 684
277 307
277 312
277 633
277 315
277 590
277 373
278 535
278 659
278 407
278 416
278 549
278 681
278 299
278 429
278 303
278 694
278 440
278 451
278 334
278 335
278 578
278 344
278 619
278 492
278 623
278 552
278 371
278 596
279 386
279 390
279 584
279 457
279 394
279 399
279 632
279 342
279 283
279 527
279 517
279 551
279 534
279 587
279 626
279 483
279 625
279 499
279 649
279 290
279 505
279 699
279 445
279 574
280 653
280 465
280 404
280 599
280 527
280 540
280 677
280 544
280 417
280 549
280 678
280 401
280 491
280 684
280 626
280 689
280 566
280 379
281 342
281 390
281 641
281 587
281 589
281 533
281 534
281 472
281 665
281 539
281 413
281 609
281 546
281 347
281 548
281 689
281 686
281 541
281 624
281 305
281 521
281 383
282 520
282 588
282 590
282 467
282 654
282 539
282 670
282 672
282 483
282 612
282 678
282 550
282 615
282 680
282 668
282 555
282 307
282 310
282 682
283 571
283 643
283 646
283 391
283 655
283 537
283 666
283 423
283 424
283 425
283 554
283 561
283 434
283 695
283 447
283 323
283 454
283 697
283 461
283 343
283 348
283 358
283 493
283 370
283 630
283 633
284 480
284 322
284 327
284 337
284 595
284 578
284 561
284 599
284 677
284 416
284 355
284 356
284 357
284 422
284 583
284 435
284 441
284 316
285 320
285 427
285 324
285 518
285 321
285 329
285 651
285 418
285 461
285 334
285 505
285 343
285 689
285 347
285 414
285 543
285 292
285 614
285 486
285 487
285 299
285 542
285 512
285 433
285 628
285 467
285 521
286 680
286 332
286 397
286 462
286 632
286 595
286 532
286 664
286 672
286 348
286 413
286 480
286 611
286 360
286 366
286 328
286 374
286 312
286 607
286 379
286 636
286 575
287 513
287 450
287 325
287 454
287 584
287 524
287 651
287 406
287 664
287 694
287 670
287 517
287 292
287 426
287 647
287 429
287 559
287 560
287 370
287 391
287 690
287 632
287 572
288 580
288 334
288 397
288 402
288 451
288 343
288 536
288 414
288 671
288 419
288 651
288 488
288 426
288 462
288 697
289 454
289 399
289 462
289 472
289 410
289 603
289 620
289 474
289 415
289 571
289 612
289 448
289 551
289 492
289 365
289 677
289 306
289 617
289 636
289 661
290 451
290 651
290 397
290 653
290 336
290 696
290 340
290 346
290 604
290 602
290 350
290 523
290 400
290 354
290 364
290 557
290 622
290 309
290 318
290 666
291 566
291 455
291 329
291 531
291 662
291 663
291 345
291 349
291 483
291 676
291 691
291 492
291 302
291 669
291 304
291 498
291 371
291 436
291 502
291 511
291 570
291 654
292 389
292 582
292 455
292 584
292 524
292 526
292 658
292 336
292 594
292 406
292 472
292 538
292 351
292 486
292 604
292 534
292 498
292 307
292 630
292 592
292 569
292 383
293 389
293 364
293 404
293 534
293 408
293 537
293 418
293 427
293 303
293 520
293 577
293 451
293 584
293 457
293 587
293 674
293 475
293 480
293 613
293 618
293 468
293 628
293 505
294 512
294 404
294 398
294 410
294 335
294 414
294 645
294 608
294 673
294 354
294 475
294 678
294 680
294 391
294 556
294 590
294 662
294 317
294 575
294 444
295 324
295 632
295 300
295 418
295 561
295 377
295 591
295 474
295 611
295 433
295 649
295 564
295 585
295 590
295 319
296 576
296 473
296 584
296 588
296 526
296 338
296 515
296 404
296 531
296 350
296 543
296 480
296 627
296 677
296 691
296 423
296 427
296 658
296 499
296 436
296 629
296 507
296 445
296 319
297 640
297 695
297 515
297 644
297 519
297 521
297 589
297 334
297 592
297 643
297 302
297 372
298 646
298 457
298 650
298 597
298 472
298 415
298 482
298 423
298 424
298 493
298 573
298 625
298 691
298 441
298 379
298 508
298 445
299 451
299 582
299 601
299 526
299 653
299 376
299 594
299 340
299 415
299 362
299 619
299 300
299 493
299 494
299 368
299 500
299 373
299 660
299 437
300 409
300 599
300 524
300 397
300 463
300 657
300 339
300 660
300 534
300 407
300 345
300 667
300 416
300 482
300 636
300 428
300 369
300 372
300 314
300 315
300 316
300 446
301 327
301 330
301 589
301 344
301 345
301 346
301 539
301 669
301 464
301 482
301 507
301 553
301 358
301 425
301 689
301 435
301 501
301 375
301 505
301 656
301 379
302 512
302 587
302 402
302 404
302 341
302 665
302 537
302 668
302 422
302 428
302 385
302 424
302 694
302 617
302 440
302 550
302 575
303 322
303 323
303 516
303 389
303 329
303 567
303 333
303 467
303 528
303 465
303 472
303 592
303 363
303 348
303 485
303 672
303 560
303 539
303 612
303 562
303 649
303 554
303 304
303 306
303 371
303 503
303 568
303 381
303 639
304 512
304 514
304 653
304 398
304 337
304 547
304 404
304 665
304 669
304 421
304 422
304 308
304 695
304 446
305 512
305 646
305 394
305 405
305 662
305 408
305 537
305 699
305 671
305 560
305 419
305 582
305 466
305 436
305 675
305 569
305 443
305 448
305 456
305 591
305 465
305 611
305 341
305 347
305 481
305 482
305 593
305 620
305 493
305 368
305 372
306 450
306 587
306 533
306 592
306 534
306 429
306 346
306 411
306 474
306 676
306 356
306 578
306 309
306 311
306 509
307 322
307 323
307 393
307 330
307 459
307 524
307 418
307 681
307 335
307 400
307 595
307 596
307 536
307 420
307 604
307 689
307 370
307 692
307 502
307 329
307 631
307 597
308 512
308 585
308 387
308 671
308 354
308 619
308 613
308 678
308 490
308 363
308 584
308 626
308 309
308 375
308 379
308 508
308 574
308 447
309 516
309 391
309 649
309 652
309 398
309 466
309 549
309 562
309 541
309 383
310 512
310 441
310 667
310 454
310 647
310 328
310 523
310 476
310 672
310 563
310 627
310 341
310 313
310 347
310 571
310 352
310 355
310 612
310 678
310 468
310 430
310 371
310 464
310 504
310 382
311 320
311 646
311 522
311 588
311 590
311 376
311 403
311 468
311 662
311 602
311 352
311 400
311 609
311 632
311 528
311 506
311 572
311 373
312 669
312 641
312 644
312 633
312 585
312 396
312 333
312 526
312 554
312 473
312 344
312 346
312 538
312 608
312 665
312 362
312 541
312 392
312 638
312 506
312 317
312 318
312 469
313 555
313 646
313 396
313 655
313 401
313 658
313 403
313 398
313 406
313 536
313 474
313 540
313 669
313 545
313 667
313 657
313 489
313 427
313 413
313 531
313 631
313 505
313 315
313 319
314 651
314 578
314 516
314 633
314 614
314 659
314 535
314 607
314 503
314 357
314 618
314 626
314 563
314 501
314 532
314 507
314 380
314 573
314 446
315 427
315 633
315 524
315 534
315 535
315 657
315 409
315 647
315 465
315 362
315 687
315 500
315 511
316 454
316 525
316 407
316 600
316 574
316 673
316 479
316 432
316 420
316 582
316 490
316 583
316 449
316 467
316 502
316 340
316 443
316 380
316 318
316 575
317 384
317 669
317 644
317 585
317 662
317 601
317 605
317 608
317 545
317 419
317 423
317 558
317 509
317 369
317 501
317 567
317 447
318 393
318 650
318 653
318 530
318 366
318 342
318 407
318 347
318 348
318 545
318 412
318 593
319 576
319 635
319 675
319 550
319 435
319 329
319 586
319 592
319 339
319 377
319 477
319 479
319 484
319 485
319 487
319 495
319 496
319 374
319 378
320 388
320 581
320 582
320 656
320 340
320 473
320 346
320 540
320 417
320 610
320 611
320 677
320 614
320 423
320 552
320 489
320 666
320 434
320 437
320 444
320 511
321 384
321 642
321 517
321 609
321 469
321 591
321 528
321 337
321 468
321 326
321 409
321 415
321 417
321 555
321 556
321 541
321 596
321 629
321 376
321 569
321 447
321 509
322 463
322 408
322 602
322 559
322 480
322 506
322 667
322 422
322 489
322 491
322 626
322 631
322 691
323 388
323 392
323 398
323 661
323 663
323 414
323 543
323 560
323 546
323 553
323 455
323 431
323 432
323 561
323 496
323 566
323 575
323 454
323 458
323 589
323 654
323 474
323 482
323 488
323 417
323 372
323 545
324 577
324 643
324 583
324 515
324 597
324 614
324 694
324 623
324 500
324 565
324 396
324 437
325 512
325 518
325 335
325 342
325 569
325 542
325 355
325 681
325 690
325 616
325 691
325 692
325 675
325 479
325 671
325 381
325 510
325 383
326 389
326 460
326 674
326 528
326 632
326 468
326 546
326 582
326 689
326 508
326 364
326 367
326 627
326 592
326 506
326 379
326 444
326 383
327 512
327 333
327 657
327 537
327 538
327 559
327 476
327 479
327 673
327 549
327 358
327 551
327 624
327 565
327 628
327 695
327 569
327 383
327 666
327 511
328 599
328 451
328 388
328 520
328 392
328 407
328 524
328 591
328 656
328 664
328 658
328 467
328 471
328 517
328 627
328 549
328 486
328 683
328 430
328 369
328 563
328 500
328 502
328 439
328 698
329 640
329 646
329 653
329 526
329 411
329 415
329 674
329 682
329 647
329 688
329 414
329 443
329 445
329 592
329 466
329 342
329 348
329 699
329 360
329 551
329 496
329 500
329 383
330 389
330 650
330 536
330 540
330 415
330 677
330 553
330 427
330 561
330 435
330 570
330 699
330 581
330 455
330 333
330 514
330 467
330 340
330 343
330 474
330 583
330 625
330 370
330 372
330 629
330 504
330 686
331 514
331 603
331 397
331 334
331 400
331 337
331 530
331 536
331 347
331 672
331 354
331 355
331 358
331 679
331 682
331 622
331 483
331 689
331 438
331 696
332 642
332 517
332 583
332 400
332 529
332 424
332 407
332 484
332 607
332 544
332 610
332 635
332 488
332 645
332 690
332 373
332 567
332 376
332 379
332 565
333 649
333 395
333 534
333 388
333 539
333 670
333 685
333 689
333 632
333 507
334 385
334 375
334 461
334 533
334 674
334 600
334 485
334 616
334 427
334 642
334 429
334 491
334 605
334 447
335 386
335 388
335 523
335 396
335 533
335 541
335 418
335 676
335 555
335 689
335 694
335 652
335 543
335 450
335 452
335 455
335 463
335 693
335 467
335 470
335 484
335 349
335 609
335 356
335 691
335 363
335 493
335 377
336 452
336 535
336 343
336 339
336 471
336 349
336 607
336 486
336 364
336 694
336 571
336 573
336 574
337 386
337 390
337 681
337 376
337 466
337 451
337 472
337 624
337 440
337 508
337 684
337 549
337 513
337 630
337 655
337 371
337 444
337 435
338 487
338 699
338 649
338 403
338 654
338 479
338 400
338 593
338 402
338 597
338 412
338 544
338 489
338 583
338 363
338 557
338 374
338 440
338 698
338 511
339 699
339 405
339 509
339 523
339 461
339 463
339 420
339 666
339 559
339 655
339 489
339 342
339 519
339 491
339 569
339 574
340 517
340 522
340 654
340 663
340 665
340 667
340 540
340 544
340 548
340 677
340 552
340 554
340 559
340 563
340 446
340 586
340 595
340 469
340 420
340 474
340 481
340 492
340 680
340 504
341 515
341 630
341 454
341 647
341 651
341 546
341 681
341 621
341 466
341 534
341 600
341 345
341 699
341 539
341 605
341 485
341 611
341 356
341 487
341 668
341 679
341 402
341 430
341 494
341 575
341 671
341 510
342 513
342 537
342 647
342 648
342 521
342 599
342 588
342 404
342 608
342 651
342 614
342 616
342 348
342 493
342 499
342 503
342 570
342 639
343 512
343 646
343 552
343 653
343 664
343 467
343 398
343 534
343 350
343 548
343 485
343 679
343 557
343 413
343 496
343 573
343 670
343 462
343 654
344 523
344 391
344 456
344 429
344 531
344 665
344 598
344 608
344 422
344 487
344 490
344 427
344 492
344 432
344 369
344 575
345 644
345 493
345 657
345 602
345 688
345 682
345 618
345 428
345 498
345 563
345 650
346 409
346 473
346 390
346 586
346 659
346 536
346 623
346 669
346 413
346 632
346 432
346 502
346 468
346 635
346 533
347 522
347 491
347 388
347 393
347 460
347 398
347 461
347 596
347 539
347 415
347 417
347 652
347 436
347 559
347 526
347 629
348 385
348 391
348 394
348 663
348 538
348 413
348 415
348 674
348 421
348 682
348 683
348 567
348 572
348 573
348 447
348 454
348 646
348 459
348 351
348 487
348 491
348 621
348 499
348 378
349 577
349 458
349 524
349 646
349 601
349 540
349 613
349 676
349 518
349 429
349 677
349 629
349 566
349 375
349 376
349 634
349 671
349 509
350 385
350 387
350 391
350 524
350 399
350 658
350 660
350 412
350 545
350 422
350 598
350 513
350 698
350 577
350 579
350 453
350 586
350 356
350 604
350 354
350 612
350 485
350 619
350 365
350 625
351 385
351 582
351 665
351 394
351 466
351 539
351 415
351 400
351 603
351 358
351 551
351 537
351 492
351 530
351 431
351 368
351 369
351 391
351 619
351 430
351 543
351 697
351 507
351 509
352 579
352 524
352 650
352 567
352 589
352 693
352 587
352 603
352 544
352 673
352 546
352 424
352 363
352 565
353 384
353 395
353 452
353 581
353 583
353 523
353 592
353 466
353 579
353 663
353 443
353 420
353 444
353 427
353 662
353 370
353 629
353 507
353 508
354 406
354 471
354 678
354 590
354 401
354 407
354 412
354 682
354 668
354 433
354 628
354 380
354 510
355 584
355 524
355 396
355 525
355 462
355 358
355 426
355 365
355 550
356 385
356 580
356 620
356 595
356 600
356 644
356 541
356 543
356 486
356 682
356 624
356 503
356 504
356 505
356 622
357 388
357 699
357 364
357 661
357 410
357 603
357 420
357 549
357 668
357 427
357 557
357 692
357 565
357 571
357 574
357 450
357 468
357 606
357 443
357 621
357 622
357 375
357 511
358 360
358 453
358 392
358 462
358 504
358 590
358 482
358 553
358 486
358 455
358 687
358 530
358 513
358 503
358 440
358 660
358 575
359 384
359 385
359 459
359 521
359 522
359 610
359 653
359 531
359 532
359 598
359 409
359 540
359 631
359 486
359 360
359 362
359 620
359 637
359 630
359 371
359 436
359 570
359 618
359 382
360 640
360 515
360 392
360 524
360 397
360 502
360 527
360 404
360 654
360 666
360 606
360 608
360 444
360 615
360 493
360 623
360 438
360 377
360 380
361 642
361 643
361 519
361 520
361 652
361 656
361 595
361 516
361 431
361 478
361 610
361 423
361 430
361 368
361 443
361 507
362 576
362 387
362 581
362 584
362 623
362 596
362 409
362 606
362 481
362 610
362 549
362 435
362 692
362 566
362 423
363 648
363 515
363 394
363 588
363 502
363 593
363 430
363 406
363 600
363 412
363 414
363 421
363 366
363 627
363 565
363 479
364 515
364 398
364 643
364 389
364 547
364 431
364 645
364 436
364 567
364 571
364 573
364 575
364 451
364 593
364 622
364 504
364 634
364 554
365 517
365 515
365 667
365 539
365 627
365 651
365 504
365 440
365 574
365 413
365 624
365 446
366 456
366 393
366 599
366 396
366 466
366 404
366 598
366 535
366 478
366 510
366 666
366 549
366 370
366 436
366 654
366 634
366 379
366 382
366 597
367 554
367 452
367 455
367 588
367 526
367 529
367 470
367 676
367 667
367 607
367 675
367 612
367 421
367 657
367 600
367 519
367 626
367 662
367 496
367 561
367 501
367 645
368 384
368 647
368 392
368 664
368 660
368 662
368 543
368 676
368 433
368 428
368 560
368 563
368 566
368 695
368 698
368 451
368 527
368 611
368 490
368 492
368 624
368 370
368 659
368 633
369 514
369 609
369 525
369 451
369 468
369 475
369 412
369 416
369 417
369 486
369 625
369 425
369 618
369 630
369 566
369 504
369 604
370 448
370 644
370 520
370 398
370 433
370 465
370 667
370 534
370 423
370 680
370 565
370 521
370 381
370 446
370 575
371 667
371 502
371 631
371 529
371 668
371 417
371 651
371 485
371 550
371 636
371 626
371 567
371 633
371 380
371 574
371 639
372 576
372 588
372 567
372 462
372 440
372 466
372 451
372 537
372 409
372 666
372 691
372 610
372 619
372 677
372 426
372 687
372 439
372 376
372 379
373 450
373 643
373 625
373 647
373 644
373 649
373 534
373 696
373 550
373 468
373 545
373 485
373 529
373 616
373 429
373 558
373 500
373 565
373 374
373 663
373 582
373 556
374 591
374 623
374 493
374 663
374 475
374 690
374 390
374 487
374 665
374 679
374 492
374 431
374 688
374 616
374 513
374 634
374 639
374 637
375 651
375 526
375 595
375 604
375 479
375 635
375 498
375 628
375 681
375 506
376 448
376 641
376 456
376 459
376 590
376 675
376 580
376 542
376 545
376 483
376 620
376 687
376 625
376 498
376 677
376 377
376 683
376 638
377 642
377 698
377 581
377 626
377 651
377 589
377 661
377 568
377 405
377 482
377 422
377 551
377 554
377 491
377 530
377 494
377 687
377 515
377 562
377 382
377 423
377 446
378 387
378 598
378 647
378 584
378 393
378 526
378 656
378 404
378 412
378 480
378 419
378 619
378 499
378 694
378 511
378 572
379 384
379 635
379 586
379 621
379 656
379 531
379 596
379 512
379 505
379 484
379 611
379 544
379 676
379 546
379 487
379 559
379 628
379 695
379 508
379 447
380 576
380 641
380 491
380 488
380 524
380 464
380 563
380 659
380 674
380 473
380 480
380 400
380 636
380 551
380 658
380 686
380 692
380 629
380 639
381 388
381 520
381 522
381 470
381 689
381 477
381 517
381 673
381 419
381 613
381 422
381 427
381 679
381 584
381 629
381 503
381 568
381 442
381 579
381 444
381 382
382 450
382 654
382 591
382 593
382 430
382 657
382 474
382 412
382 477
382 504
382 569
382 442
382 573
383 388
383 584
383 681
383 665
383 469
383 452
383 667
383 677
383 552
383 553
383 583
383 432
383 585
383 632
383 442
383 661
384 450
384 684
384 398
384 463
384 656
384 403
384 537
384 481
384 507
384 572
384 619
384 428
384 685
384 511
384 641
384 447
385 386
385 521
385 651
385 401
385 664
385 409
385 410
385 411
385 559
385 692
385 568
385 451
385 590
385 464
385 631
385 508
385 510
386 471
386 460
386 458
386 525
386 402
386 515
386 598
386 588
386 541
386 517
386 616
386 584
386 682
386 555
386 561
386 627
386 696
387 512
387 450
387 427
387 459
387 544
387 467
387 532
387 484
387 668
387 415
387 611
387 423
387 660
387 495
387 626
387 691
387 437
388 695
388 481
388 567
388 403
388 511
388 604
388 546
388 424
388 690
388 467
388 630
388 457
388 508
389 473
389 391
389 584
389 459
389 396
389 642
389 665
389 557
389 497
389 471
389 420
389 666
389 604
389 485
389 676
389 475
389 493
389 573
389 563
389 437
389 438
389 503
389 553
390 451
390 535
390 459
390 469
390 481
390 680
390 685
390 581
390 497
390 498
390 592
390 394
391 608
391 461
391 534
391 663
391 610
391 581
391 495
391 500
391 695
391 632
391 442
391 445
391 559
392 522
392 452
392 453
392 616
392 656
392 593
392 678
392 402
392 490
393 576
393 630
393 589
393 593
393 654
393 645
393 420
393 614
393 423
393 555
393 557
393 566
393 567
393 504
393 444
394 416
394 397
394 530
394 469
394 571
394 676
394 613
394 521
394 572
395 484
395 649
395 525
395 548
395 530
395 462
395 463
395 473
395 409
395 550
395 438
395 631
395 479
395 695
396 647
396 546
396 593
396 627
396 468
396 533
396 534
396 699
396 476
396 416
396 613
396 487
396 618
396 427
396 596
396 435
396 574
396 694
396 443
396 682
397 588
397 546
397 410
397 413
397 607
397 634
397 489
397 497
397 630
397 568
397 526
397 447
398 581
398 583
398 522
398 550
398 614
398 465
398 601
398 591
398 655
398 680
398 594
399 633
399 516
399 455
399 597
399 529
399 602
399 482
399 486
399 616
399 489
399 495
399 648
399 563
399 654
399 504
399 569
399 511
400 669
400 435
400 584
400 654
400 450
400 467
400 436
400 652
400 475
400 413
400 485
400 420
400 423
400 564
400 415
400 438
400 504
401 697
401 569
401 551
401 619
401 685
401 558
401 623
401 432
401 625
401 442
401 445
401 637
402 580
402 699
402 405
402 531
402 598
402 574
402 542
402 671
402 547
402 550
402 436
402 440
402 634
403 576
403 520
403 651
403 589
403 516
403 411
403 672
403 481
403 674
403 483
403 616
403 540
403 491
403 562
403 694
403 504
403 698
403 510
404 576
404 535
404 547
404 551
404 425
404 561
404 563
404 564
404 693
404 585
404 577
404 457
404 588
404 472
404 606
404 677
404 490
404 491
404 626
404 505
405 448
405 456
405 521
405 535
405 525
405 596
405 430
405 534
405 476
405 635
405 487
405 530
405 500
405 630
405 439
405 696
405 443
405 686
405 575
406 669
406 582
406 545
406 585
406 523
406 588
406 595
406 469
406 408
406 452
406 477
406 549
406 485
406 679
406 610
406 573
406 677
406 627
406 631
406 444
406 639
407 516
407 522
407 412
407 605
407 540
407 572
407 486
407 561
407 552
407 613
407 433
407 627
407 457
407 462
407 468
407 565
408 585
408 650
408 471
408 536
408 658
408 660
408 686
408 695
408 669
408 544
408 675
408 621
408 494
408 479
409 512
409 513
409 454
409 687
409 663
409 461
409 440
409 465
409 467
409 473
409 476
409 666
409 686
409 623
409 509
410 588
410 418
410 514
410 642
410 641
410 474
410 673
410 554
410 559
410 481
410 695
410 569
410 698
411 524
411 589
411 464
411 563
411 470
411 601
411 640
411 672
411 544
411 616
411 620
411 622
411 559
411 441
411 575
412 515
412 647
412 665
412 687
412 413
412 419
412 614
412 658
412 622
412 580
412 690
412 692
412 437
413 577
413 518
413 521
413 459
413 678
413 493
413 465
413 467
413 596
413 478
413 419
413 548
413 422
413 490
413 625
413 632
413 634
413 639
414 588
414 667
414 601
414 545
414 466
414 469
414 600
414 475
414 604
414 671
414 485
414 584
414 424
414 435
414 564
414 695
414 636
415 648
415 462
415 591
415 687
415 627
415 603
415 455
415 519
415 604
415 431
415 675
415 630
415 631
415 442
415 554
415 510
415 511
416 662
416 521
416 655
416 527
416 469
416 602
416 539
416 670
416 479
416 484
416 681
416 427
416 679
416 622
416 559
416 510
416 575
417 645
417 456
417 522
417 526
417 463
417 595
417 448
417 473
417 550
417 568
417 616
417 493
417 472
417 681
417 650
417 501
418 578
418 640
418 465
418 658
418 471
418 475
418 460
418 607
418 681
418 632
418 442
418 509
418 510
419 451
419 663
419 656
419 596
419 691
419 599
419 602
419 427
419 606
419 607
419 609
419 476
419 563
420 580
420 545
420 523
420 527
420 612
420 601
420 475
420 604
420 466
420 560
420 530
420 629
420 511
421 580
421 460
421 461
421 563
421 535
421 687
421 616
421 492
421 502
421 617
421 524
421 511
422 469
422 465
422 445
422 667
422 543
422 560
422 548
422 423
422 455
422 477
422 494
423 513
423 505
423 606
423 620
423 622
423 515
423 629
423 680
423 572
424 513
424 555
424 584
424 591
424 528
424 532
424 470
424 615
424 655
424 677
424 610
424 613
424 614
424 694
424 567
425 652
425 643
425 521
425 462
425 466
425 677
425 603
425 486
425 680
425 683
425 693
425 439
425 504
426 523
426 663
426 541
426 696
426 635
426 671
426 509
427 571
427 459
427 461
427 635
427 535
427 484
427 476
427 557
427 669
427 432
427 624
427 553
427 698
428 620
428 674
428 529
428 531
428 495
428 544
428 482
428 571
428 548
428 613
428 553
428 618
428 493
428 626
428 575
429 648
429 461
429 593
429 687
429 675
429 535
429 473
429 685
429 552
429 623
429 434
429 695
430 588
430 465
430 596
430 693
430 471
430 536
430 601
430 672
430 480
430 647
430 438
430 503
431 614
431 457
431 621
431 594
431 660
431 665
431 605
431 670
431 671
431 611
431 496
431 627
431 506
431 636
431 637
432 588
432 455
432 584
432 457
432 651
432 635
432 611
432 495
432 626
432 503
432 507
432 509
433 578
433 667
433 609
433 496
433 696
433 472
433 660
433 693
433 602
433 564
433 624
433 672
433 547
433 548
433 619
433 492
433 691
433 504
433 507
434 694
434 641
434 521
434 540
434 482
434 475
434 444
434 684
434 687
434 497
434 692
434 629
434 566
434 508
434 573
435 576
435 515
435 667
435 466
435 533
435 554
435 477
435 673
435 603
435 615
435 573
435 693
435 438
435 696
435 637
435 509
436 448
436 513
436 620
436 577
436 647
436 650
436 651
436 622
436 601
436 576
436 481
436 606
436 528
436 524
437 545
437 586
437 654
437 471
437 536
437 634
437 678
437 633
437 507
438 512
438 454
438 590
438 515
438 540
438 554
438 619
438 684
438 564
438 634
438 443
438 444
439 539
439 611
439 457
439 528
439 658
439 467
439 534
439 475
439 692
439 608
439 481
439 680
439 493
439 622
439 690
439 628
439 446
440 520
440 653
440 535
440 668
440 541
440 544
440 545
440 627
440 564
440 466
440 441
440 569
440 584
440 463
440 468
440 471
440 476
440 605
440 481
440 484
440 613
440 489
440 491
440 694
440 624
441 491
441 667
441 684
441 462
441 685
441 465
441 533
441 665
441 548
441 688
441 552
441 498
441 648
441 564
441 629
442 459
442 461
442 609
442 646
442 632
442 531
442 499
442 566
442 511
442 637
443 609
443 623
443 653
443 658
443 665
443 475
443 645
443 547
443 627
443 500
443 634
443 509
444 523
444 545
444 460
444 664
444 533
444 472
444 474
444 611
444 554
444 492
444 560
444 552
444 638
444 609
444 536
445 581
445 458
445 651
445 678
445 656
445 597
445 662
445 537
445 669
445 670
445 485
445 685
445 687
445 627
445 545
445 635
446 480
446 644
446 586
446 589
446 538
446 687
446 478
446 637
446 500
446 693
446 585
446 509
447 514
447 535
447 645
447 505
447 471
447 688
447 549
447 558
447 560
447 504
447 634
447 469
448 609
448 600
448 644
448 667
448 671
448 481
448 685
448 647
448 621
448 567
449 516
449 699
449 493
449 464
449 595
449 472
449 601
449 538
449 655
449 479
449 592
449 671
450 638
450 462
450 665
450 591
450 619
450 492
450 669
450 624
450 648
450 694
450 633
451 640
451 455
451 656
451 611
451 532
451 480
451 606
451 560
451 572
451 533
452 521
452 472
452 594
452 596
452 536
452 483
452 676
452 605
452 627
452 477
453 516
453 567
453 539
453 683
453 501
454 582
454 504
454 466
454 529
454 587
454 523
454 534
454 683
454 494
454 560
454 476
454 510
455 522
455 460
455 484
455 658
455 668
455 542
455 465
455 681
455 664
455 549
455 563
455 559
455 524
455 536
456 578
456 590
456 535
456 611
456 622
457 523
457 620
457 475
457 542
457 571
457 612
457 685
457 626
457 686
457 568
457 671
457 574
458 523
458 470
458 537
458 474
458 668
458 483
458 678
458 614
458 519
458 556
458 493
458 558
458 648
458 690
458 574
459 582
459 464
459 538
459 540
459 608
459 507
459 548
459 504
459 557
459 560
459 510
460 640
460 577
460 532
460 666
460 541
460 621
460 498
460 660
460 575
460 510
461 513
461 642
461 673
461 558
461 541
461 563
461 692
461 462
461 607
461 610
461 483
461 616
461 617
461 467
461 501
461 469
462 513
462 655
462 675
462 646
462 683
462 684
462 577
462 580
462 591
462 599
462 473
462 606
462 501
462 630
462 603
463 646
463 673
463 543
463 674
463 593
463 567
463 477
463 565
464 515
464 594
464 604
464 687
464 484
464 549
464 615
464 616
464 554
464 495
464 698
465 542
465 642
465 580
465 530
465 468
465 644
465 620
465 594
465 501
465 637
466 469
466 652
466 535
466 665
466 508
466 683
466 555
466 566
466 609
466 635
467 526
467 596
467 597
467 478
467 592
467 550
467 510
467 693
468 647
468 653
468 591
468 655
468 571
468 657
468 616
468 621
468 494
469 524
469 533
469 527
469 543
469 611
469 484
469 488
469 696
469 622
469 552
469 628
470 513
470 580
470 577
470 631
470 678
470 593
470 533
470 633
470 485
470 686
470 660
470 568
470 569
470 637
471 639
471 583
471 620
471 646
471 594
471 612
471 540
471 613
471 614
471 555
471 628
471 569
472 692
472 548
472 530
472 659
472 625
472 536
472 538
472 679
472 620
472 688
472 690
472 618
472 565
473 597
473 530
473 697
473 479
473 676
473 550
473 619
473 687
473 641
473 511
473 501
474 669
474 644
474 621
474 561
474 603
474 678
474 489
474 554
474 590
474 623
474 545
474 690
474 526
475 641
475 522
475 523
475 658
475 530
475 627
475 691
475 668
475 547
475 478
475 504
475 510
476 642
476 523
476 580
476 517
476 670
476 671
476 672
476 488
476 489
476 477
476 624
476 699
476 501
477 514
477 586
477 597
477 602
477 491
477 480
477 614
477 691
477 559
477 629
477 694
477 572
478 644
478 651
478 494
478 538
478 546
478 676
478 666
478 605
478 569
478 576
478 599
478 614
478 491
478 595
478 596
479 525
479 569
479 576
479 549
479 552
479 694
479 570
479 510
480 594
480 597
480 670
480 539
480 604
480 627
480 553
480 570
480 659
480 611
480 577
480 622
480 575
481 642
481 540
481 605
481 482
481 624
481 626
481 698
482 640
482 594
482 693
482 619
482 529
482 492
482 637
482 567
483 672
483 649
483 609
483 657
483 618
483 555
483 621
483 662
483 688
483 689
483 498
483 502
483 573
484 594
484 542
484 609
484 675
484 698
484 579
484 508
485 620
485 599
485 661
485 669
485 545
485 699
485 651
485 683
485 557
485 622
485 496
485 681
485 639
485 636
485 574
486 643
486 517
486 492
486 503
486 610
486 684
486 671
486 608
486 546
486 552
486 557
486 622
486 559
486 573
486 527
487 517
487 518
487 587
487 499
487 548
487 552
487 556
487 624
487 572
488 518
488 655
488 580
488 538
488 623
488 674
488 614
488 679
488 678
488 499
489 602
489 673
489 507
489 534
489 669
489 497
489 501
489 698
489 509
490 640
490 530
490 533
490 613
490 679
490 681
490 684
490 558
490 505
490 637
490 574
491 597
491 600
491 535
491 563
491 616
491 692
491 565
492 516
492 630
492 580
492 688
492 553
492 500
492 574
492 682
493 598
493 647
493 530
493 579
493 536
493 672
493 553
493 695
493 617
493 499
493 504
494 641
494 697
494 523
494 669
494 612
494 615
494 554
494 506
495 661
495 545
495 507
495 521
495 549
495 691
495 499
495 504
495 637
495 574
496 644
496 663
496 598
496 542
496 497
496 626
496 515
496 627
496 628
496 629
496 505
497 583
497 520
497 590
497 595
497 698
497 616
497 686
497 564
497 501
497 509
498 576
498 583
498 567
498 665
498 668
498 602
498 552
498 566
498 697
498 605
498 639
498 508
499 579
499 567
499 525
499 657
499 559
499 527
499 540
499 671
499 612
499 619
499 688
499 589
499 693
499 566
499 680
500 555
500 546
500 571
500 609
500 519
500 579
500 513
500 617
500 504
500 506
500 671
501 641
501 673
501 523
501 594
501 597
501 536
501 551
501 558
501 628
501 502
501 511
502 641
502 528
502 539
502 543
502 565
502 580
502 593
502 594
502 598
502 633
502 549
502 630
502 634
502 511
503 669
503 578
503 519
503 623
503 528
503 612
503 596
503 661
503 601
503 541
503 667
503 621
503 573
503 692
503 658
503 639
504 513
504 642
504 518
504 532
504 691
504 567
504 698
504 671
504 594
504 590
504 632
504 634
505 656
505 530
505 535
505 680
505 691
505 564
505 578
505 585
505 587
505 591
505 599
505 608
505 614
505 626
505 629
505 632
506 651
506 649
506 514
506 636
506 553
506 520
506 634
506 639
507 643
507 645
507 665
507 540
507 541
507 548
507 677
507 678
507 668
507 556
507 696
507 509
507 572
507 587
507 685
507 627
507 631
507 637
507 511
508 662
508 526
508 621
508 528
508 601
508 583
508 685
508 555
508 684
508 580
508 691
508 646
508 690
509 699
509 582
509 590
509 620
509 694
509 585
509 632
510 512
510 529
510 670
510 685
510 616
510 637
511 690
511 597
511 606
511 586
511 654
512 649
512 557
512 659
512 697
512 664
512 619
512 556
512 626
512 634
513 586
513 584
513 649
513 674
513 540
513 549
513 699
514 582
514 526
514 655
514 677
514 559
514 564
514 629
514 569
515 620
515 522
515 644
515 538
515 672
515 547
515 626
515 693
515 575
515 637
516 524
516 528
516 658
516 542
516 543
516 646
516 534
516 556
516 686
516 696
516 569
516 604
516 605
516 625
517 537
517 582
517 647
517 663
517 565
517 696
517 638
517 679
517 675
517 613
517 686
517 561
517 631
517 575
517 695
518 620
518 695
518 557
518 594
518 600
518 540
518 667
518 636
518 637
518 622
518 688
518 617
518 635
519 618
519 648
519 525
519 621
519 593
519 534
519 539
519 666
519 603
519 522
520 588
520 672
520 650
520 665
520 656
520 622
520 573
520 565
521 620
521 681
521 660
521 535
521 670
521 562
521 563
521 567
521 699
521 672
521 631
521 601
521 607
521 617
521 661
522 576
522 618
522 669
522 602
522 693
522 537
522 526
522 605
522 639
523 534
523 535
523 645
523 593
523 552
523 659
523 682
524 539
524 589
524 591
524 658
524 642
524 676
524 614
524 669
524 596
524 637
525 644
525 565
525 529
525 578
525 569
525 631
525 613
525 550
525 657
525 682
525 556
525 697
525 621
526 577
526 531
526 532
526 661
526 612
526 669
526 676
526 551
526 553
526 660
527 640
527 612
527 668
527 675
527 554
527 623
527 565
527 688
528 566
528 563
528 544
528 683
528 694
528 557
528 564
528 558
528 573
529 576
529 652
529 683
529 644
529 574
529 631
529 686
529 613
529 558
529 624
529 566
529 695
529 678
530 599
530 640
530 544
530 680
530 623
530 624
530 690
530 566
530 671
530 636
531 665
531 666
531 671
531 678
531 580
531 583
531 585
531 618
531 562
531 630
531 690
532 538
532 677
532 555
532 689
532 690
532 564
532 636
533 597
533 589
533 539
533 666
533 548
533 553
534 695
534 555
534 554
534 619
534 689
534 682
534 636
534 637
534 608
535 640
535 571
535 694
535 545
535 595
535 664
535 538
535 553
535 570
536 640
536 638
536 675
536 601
536 539
536 657
536 673
536 546
536 612
536 677
536 556
536 637
537 672
537 678
537 591
537 586
537 544
537 676
537 557
537 573
537 599
537 693
537 543
537 574
538 619
538 677
538 555
538 691
538 661
539 642
539 695
539 590
539 592
539 583
539 604
539 689
539 562
539 548
540 646
540 569
540 687
540 611
540 549
540 546
540 547
540 666
540 552
540 581
540 674
540 573
540 575
541 650
541 660
541 665
541 668
541 678
541 675
541 564
541 576
541 547
541 570
541 617
541 621
541 634
542 672
542 677
542 679
542 659
542 567
543 597
543 587
543 546
543 557
543 575
544 646
544 626
544 593
544 563
545 565
545 564
545 664
545 615
545 621
545 579
546 692
546 623
546 698
546 634
546 599
546 694
546 633
546 586
547 603
547 658
547 691
547 616
547 595
547 698
548 642
548 614
548 655
548 609
548 680
548 605
548 691
548 696
548 685
549 619
549 649
549 622
549 613
549 660
549 634
549 639
550 601
550 665
550 588
550 661
550 660
550 664
550 655
550 612
550 614
550 552
550 690
551 651
552 645
552 590
552 614
552 662
553 672
553 684
553 662
553 602
553 673
553 554
553 637
553 619
553 599
554 641
554 578
554 585
554 633
554 600
554 685
554 689
554 639
555 557
555 585
555 680
555 630
555 696
556 649
556 605
556 688
556 678
556 600
556 686
556 632
556 692
557 695
557 580
557 610
557 603
557 581
557 645
557 626
557 570
558 643
558 588
558 594
558 589
558 677
558 680
558 623
559 640
559 619
559 664
559 676
559 583
559 687
559 564
559 675
559 673
560 644
560 662
560 688
560 622
560 699
561 655
561 687
561 618
561 615
561 574
561 639
562 603
562 590
562 594
562 666
562 630
562 672
562 566
562 592
562 636
563 650
563 597
563 605
563 682
563 647
563 626
563 636
564 576
564 646
564 607
564 628
564 699
564 636
565 649
565 654
565 644
565 653
565 685
566 571
566 582
566 586
566 588
566 601
566 602
566 620
566 692
566 592
566 618
567 601
567 589
567 671
567 693
567 599
567 619
567 635
568 579
568 644
568 598
568 672
568 613
568 631
568 637
568 575
569 584
569 616
569 622
569 572
570 641
570 581
570 653
570 643
571 582
571 605
571 618
571 630
571 669
571 645
572 577
572 656
572 608
572 672
572 587
572 690
572 586
573 645
573 646
573 690
573 695
573 599
573 601
573 618
573 621
573 629
573 638
574 654
574 579
574 662
574 577
574 653
574 600
574 604
574 608
574 651
574 613
574 615
574 638
575 651
575 592
575 602
575 667
575 686
575 586
576 578
576 662
576 666
576 671
576 596
576 599
576 617
576 622
576 624
576 636
577 665
577 675
577 689
577 626
578 663
578 603
578 653
578 657
578 604
579 654
579 599
579 602
579 613
579 630
580 610
580 611
580 682
580 619
580 662
580 595
580 681
580 673
581 643
581 585
581 656
581 621
581 674
581 646
581 620
581 627
581 673
581 638
582 585
582 653
582 654
582 629
582 693
582 670
582 639
582 637
583 680
583 611
583 675
583 630
583 605
583 698
583 586
584 658
584 659
584 685
584 595
584 600
584 612
584 632
584 634
585 639
585 666
585 685
586 640
586 635
586 669
586 650
586 658
586 597
586 674
586 664
586 677
587 633
587 658
587 596
587 622
587 695
588 656
589 644
589 668
589 689
589 680
589 685
589 692
589 610
589 594
589 615
589 620
589 624
589 626
589 673
590 643
590 663
590 677
590 672
590 688
590 690
590 597
591 667
591 606
591 671
592 611
592 594
592 604
592 684
592 688
592 677
593 654
593 626
593 631
593 633
594 651
594 696
594 623
594 686
594 689
594 682
596 598
596 646
596 607
596 615
596 684
597 608
597 643
597 659
597 644
597 655
597 626
597 632
597 660
598 642
598 601
598 667
598 615
598 691
598 636
599 667
599 648
600 603
600 655
600 611
600 614
601 652
601 651
601 650
601 661
601 627
601 613
601 615
601 620
601 641
601 634
602 623
602 641
603 642
603 635
603 643
603 612
603 647
603 681
603 634
604 673
604 693
604 622
604 698
604 686
605 608
605 653
605 617
606 676
606 622
606 634
607 634
607 656
607 679
608 618
608 659
608 633
608 675
608 647
608 628
609 672
609 687
609 633
609 658
610 680
610 691
610 688
611 616
611 663
611 647
611 624
612 619
612 623
612 684
612 632
613 620
613 697
613 678
613 686
613 625
613 692
613 689
614 626
614 649
615 658
615 634
615 684
615 660
616 693
616 673
616 685
616 695
616 656
617 678
617 682
617 631
617 696
617 634
617 686
618 645
618 646
618 624
619 642
619 656
619 672
619 633
620 685
620 669
620 637
621 650
621 676
621 682
621 680
621 693
621 638
622 641
622 669
622 691
622 671
624 640
625 655
625 660
625 632
625 692
625 693
626 651
626 662
626 627
627 697
627 639
627 692
627 638
627 637
628 674
628 664
628 681
628 637
629 665
629 649
629 651
629 652
629 655
629 692
630 642
630 672
630 685
630 679
630 671
631 643
631 637
631 695
632 654
632 681
632 666
632 658
632 691
633 640
633 636
634 667
634 643
634 686
634 638
635 695
635 670
636 645
636 668
636 639
637 648
637 698
637 664
638 652
638 665
638 666
638 697
639 643
639 693
640 652
640 657
640 678
640 685
640 694
640 681
640 682
641 673
641 664
641 689
641 690
642 660
642 679
642 693
643 650
643 662
643 673
643 658
643 690
644 659
644 678
645 685
645 681
645 694
646 663
647 656
647 691
647 664
647 669
648 652
648 690
649 692
650 681
652 691
652 692
653 655
653 668
653 697
654 661
654 687
655 697
655 696
655 689
656 658
657 670
657 671
658 695
658 667
659 660
659 687
659 669
660 685
660 686
661 684
662 691
662 694
663 675
664 667
665 686
666 681
666 670
667 689
668 693
668 682
669 671
671 689
672 691
674 685
674 696
676 678
677 684
682 691
683 694
685 698
685 697
685 692
687 698
689 695
692 697
