20 99
0 17
0 4
0 5
0 7
0 9
0 12
0 14
1 18
1 4
1 5
1 6
1 8
1 9
1 10
1 12
1 13
1 14
1 15
2 3
2 4
2 5
2 6
2 9
2 10
2 11
2 13
2 14
2 15
2 16
2 18
3 16
3 5
3 10
3 11
3 18
3 14
3 15
4 6
4 7
4 8
4 11
4 12
4 14
5 8
5 9
5 11
5 13
5 15
5 16
5 17
5 18
5 19
6 10
6 11
6 18
6 14
7 17
7 19
7 8
7 10
7 12
7 13
7 15
8 9
8 10
8 11
8 12
8 13
8 14
8 15
8 16
8 19
9 10
9 11
9 15
10 16
10 12
10 18
11 16
11 17
11 19
12 19
12 16
12 14
12 15
13 18
13 14
14 15
14 17
14 19
15 16
15 17
15 19
16 19
16 17
16 18
17 18
17 19
18 19
