0 1 1
0 2 0
0 19 0
0 4 0
0 9 0
0 11 0
0 13 0
1 19 0
1 3 0
1 6 0
1 7 0
1 10 0
1 11 0
1 12 0
1 14 0
1 15 0
2 17 0
2 6 0
2 8 0
2 9 0
2 10 0
2 11 0
2 12 0
2 13 0
2 14 1
3 16 0
3 4 0
3 5 0
3 7 1
3 8 0
3 10 0
3 15 0
4 16 0
4 5 0
4 6 0
4 17 1
4 10 0
4 11 0
4 12 0
4 14 0
4 19 0
5 6 0
5 7 0
5 8 0
5 9 0
5 10 1
5 12 0
5 13 0
5 14 0
5 17 0
5 18 0
5 19 0
6 7 0
6 8 0
6 9 0
6 13 0
6 15 0
6 16 1
6 17 0
6 19 0
7 19 0
7 18 0
7 8 0
7 9 0
7 11 0
7 15 0
8 17 0
8 9 0
8 12 1
8 18 0
8 14 0
8 15 0
9 11 0
9 12 0
9 13 1
9 14 0
9 15 0
9 16 0
9 17 0
10 17 0
10 15 0
11 19 1
11 17 0
11 15 0
12 16 0
12 19 0
12 14 0
13 16 0
13 18 0
14 19 0
14 17 0
14 18 0
14 15 0
15 16 0
15 17 0
15 18 1
15 19 0
16 17 0
