1
0 133
0 147
1 84
1 347
2 199
2 76
3 164
3 26
4 13
4 363
5 152
5 54
6 310
6 251
7 288
7 108
8 334
8 114
9 384
9 166
10 102
10 385
11 452
11 361
12 262
12 53
13 169
14 193
14 463
15 293
15 417
16 144
16 43
17 449
17 275
18 260
18 285
19 33
19 396
20 329
20 341
21 97
21 379
22 231
22 313
23 90
23 179
24 35
24 367
25 385
25 110
26 182
27 454
27 106
28 323
28 174
29 416
29 63
30 490
30 239
31 279
31 153
32 263
32 365
33 459
34 325
34 82
35 342
36 139
36 301
37 414
37 38
38 154
39 457
39 441
40 488
40 337
41 197
41 477
42 89
42 58
43 464
44 101
44 498
45 324
45 265
46 285
46 482
47 327
47 137
48 398
48 233
49 395
49 473
50 288
50 456
51 196
51 120
52 310
52 125
53 299
54 470
55 249
55 93
56 428
56 383
57 129
57 221
58 131
59 163
59 380
60 220
60 431
61 167
61 470
62 163
62 159
63 428
64 295
64 496
65 322
65 377
66 162
66 432
67 224
67 319
68 86
68 443
69 414
69 232
70 471
70 287
71 260
71 247
72 425
72 438
73 141
73 158
74 262
74 491
75 449
75 382
76 189
77 474
77 100
78 227
78 114
79 197
79 353
80 403
80 181
81 354
81 373
82 182
83 272
83 146
84 229
85 338
85 387
86 290
87 392
87 178
88 258
88 440
89 200
90 456
91 455
91 371
92 294
92 476
93 193
94 416
94 165
95 98
95 336
96 202
96 479
97 167
98 350
99 173
99 346
100 378
101 180
102 302
103 256
103 438
104 484
104 296
105 388
105 363
106 375
107 475
107 115
108 118
109 471
109 376
110 469
111 339
111 486
112 395
112 245
113 464
113 185
115 433
116 192
116 420
117 359
117 126
118 358
119 265
119 492
120 312
121 397
121 444
122 222
122 481
123 257
123 495
124 201
124 413
125 257
126 223
127 422
127 205
128 472
128 304
129 300
130 475
130 400
131 399
132 451
132 284
133 154
134 460
134 271
135 246
135 165
136 412
136 483
137 467
138 209
138 180
139 377
140 270
140 468
141 322
142 317
142 244
143 203
143 149
144 298
145 467
145 316
146 423
147 344
148 409
148 255
149 176
150 198
150 242
151 289
151 394
152 253
153 207
155 431
155 439
156 369
156 254
157 386
157 465
158 332
159 212
160 450
160 261
161 355
161 439
162 236
164 258
166 216
168 328
168 376
169 300
170 499
170 344
171 330
171 435
172 208
172 446
173 399
174 495
175 200
175 381
176 335
177 338
177 230
178 267
179 331
181 196
183 327
183 479
184 237
184 211
185 419
186 199
186 216
187 454
187 340
188 228
188 330
189 401
190 482
190 483
191 396
191 298
192 432
194 486
194 317
195 297
195 294
198 496
201 277
202 273
203 360
204 355
204 434
205 374
206 393
206 468
207 368
208 393
209 266
210 286
210 293
211 446
212 343
213 400
213 352
214 305
214 245
215 223
215 219
217 345
217 283
218 461
218 308
219 239
220 250
221 434
222 458
224 448
225 303
225 306
226 408
226 412
227 252
228 280
229 401
230 346
231 443
232 362
233 436
234 259
234 369
235 413
235 405
236 426
237 315
238 241
238 286
240 256
240 278
241 273
242 290
243 480
243 316
244 463
246 491
247 447
248 305
248 437
249 269
250 359
251 417
252 460
253 410
254 487
255 348
259 444
261 421
263 494
264 402
264 422
266 321
267 445
268 274
268 339
269 404
270 319
271 406
272 442
274 326
275 493
276 458
276 364
277 374
278 375
279 489
280 373
281 453
281 297
282 295
282 379
283 349
284 436
287 334
289 453
291 321
291 397
292 341
292 372
296 402
299 381
301 490
302 478
303 462
304 462
306 487
307 409
307 309
308 494
309 391
311 368
311 430
312 420
313 351
314 406
314 433
315 493
318 357
318 361
320 469
320 350
323 411
324 466
325 337
326 408
329 370
331 452
332 336
333 455
333 429
335 476
340 356
342 480
343 430
345 360
347 411
348 354
349 445
351 447
352 497
353 485
356 410
357 405
358 418
362 423
364 407
365 390
366 472
366 389
367 497
370 474
371 477
372 390
378 435
380 407
382 418
383 461
384 419
386 424
387 478
389 485
391 425
392 498
394 426
398 437
403 424
404 448
415 427
415 459
421 457
427 481
429 442
440 451
441 499
450 488
465 466
473 484
489 492
500 388
501 328
-1 -1
6.49384
