1
0 443
0 516
1 307
1 455
2 8
2 40
3 103
3 564
4 356
4 506
5 72
5 379
6 264
6 491
7 311
7 384
8 405
9 36
9 457
10 130
10 569
11 76
11 430
12 251
12 272
13 225
13 571
14 83
14 532
15 579
15 589
16 231
16 380
17 83
17 208
18 207
18 566
19 78
19 387
20 217
20 572
21 427
21 494
22 108
22 306
23 205
23 538
24 139
24 556
25 181
25 514
26 44
26 258
27 345
27 434
28 39
28 137
29 304
29 337
30 302
30 519
31 406
31 581
32 98
32 283
33 117
33 427
34 227
34 253
35 115
35 343
36 501
37 161
37 235
38 313
38 424
39 449
40 135
41 96
41 562
42 297
42 541
43 268
43 361
44 558
45 134
45 412
46 126
46 449
47 120
47 446
48 78
48 152
49 336
49 517
50 53
50 370
51 152
51 158
52 101
52 480
53 301
54 299
54 592
55 59
55 578
56 150
57 358
57 388
58 373
58 443
59 525
60 475
60 486
61 226
61 232
62 162
62 372
63 180
63 498
64 225
64 447
65 136
65 222
66 157
66 559
67 169
67 199
68 70
68 380
69 180
69 432
70 291
71 338
71 357
72 209
73 470
73 503
74 280
74 406
75 101
75 358
76 375
77 210
77 267
79 108
79 285
80 243
80 426
81 218
81 336
82 132
82 366
84 271
84 542
85 178
85 515
86 149
86 405
87 230
87 537
88 236
88 465
89 141
89 408
90 131
90 195
91 165
91 355
92 170
92 597
93 348
93 510
94 319
94 479
95 563
96 579
97 339
97 343
98 171
99 250
99 454
100 461
100 484
102 252
102 329
103 483
104 264
104 286
105 214
105 217
106 255
106 353
107 259
107 346
109 538
109 540
110 128
110 528
111 246
111 415
112 298
112 598
113 236
113 281
114 159
114 587
115 425
116 275
116 513
117 458
118 577
118 589
119 153
119 233
120 545
121 423
121 430
122 230
122 472
123 360
123 507
124 317
124 474
125 215
125 328
126 512
127 321
127 570
128 261
129 319
129 480
130 424
131 520
132 147
133 249
133 524
134 500
135 158
136 229
137 567
138 340
138 366
139 293
140 456
140 576
141 359
142 151
142 478
143 265
143 299
144 385
144 466
145 488
145 501
146 256
146 369
147 184
148 187
148 414
149 415
150 216
151 413
153 363
154 174
154 238
155 229
155 519
156 300
156 402
157 234
159 431
160 477
160 577
161 591
162 547
163 312
163 419
164 277
164 335
165 206
166 260
166 279
167 183
167 526
168 187
168 242
169 382
170 327
171 269
172 201
172 248
173 315
173 401
174 208
175 401
175 580
176 397
176 500
177 493
177 522
178 184
179 244
179 565
181 279
182 310
182 541
183 327
185 348
185 393
186 553
186 582
188 231
188 531
189 504
189 575
190 262
190 438
191 423
191 429
192 524
192 574
193 333
193 381
194 263
194 394
195 232
196 309
196 350
197 207
197 431
198 289
198 580
199 391
200 376
200 381
201 265
202 249
202 318
203 212
203 403
204 462
204 555
205 475
206 563
209 457
210 555
211 285
211 565
212 573
213 384
213 395
214 364
215 219
216 330
218 403
219 282
220 331
220 502
221 460
221 468
222 288
223 368
223 389
224 503
224 504
226 595
227 505
228 334
228 585
233 452
234 534
235 402
237 342
237 535
238 258
239 337
239 394
240 289
240 376
241 332
241 461
242 365
243 546
244 342
245 311
245 445
246 478
247 435
247 558
248 417
250 352
251 459
252 502
253 281
254 270
254 416
255 379
256 553
257 465
257 469
259 284
260 594
261 435
262 583
263 420
266 404
266 476
267 535
268 396
269 527
270 390
271 481
272 566
273 446
273 550
274 295
274 373
275 557
276 410
276 581
277 391
278 365
278 468
280 572
282 363
283 303
284 495
286 294
287 496
287 512
288 323
290 383
290 426
291 448
292 364
292 489
293 326
294 459
295 463
296 354
296 479
297 340
298 481
300 466
301 523
302 509
303 398
304 458
305 400
305 442
306 328
307 442
308 353
308 414
309 521
310 362
312 352
313 592
314 375
314 549
315 413
316 452
316 583
317 573
318 378
320 398
320 499
321 533
322 453
322 584
323 597
324 516
324 576
325 569
325 590
326 437
329 473
330 548
331 511
332 385
333 496
334 493
335 542
338 374
339 530
341 395
341 410
344 495
344 544
345 536
346 356
347 388
347 441
349 482
349 593
350 529
351 585
351 591
354 518
355 393
357 562
359 397
360 587
361 474
362 520
367 532
367 598
368 545
369 482
370 511
371 447
371 531
372 534
374 441
377 392
377 599
378 383
382 510
386 505
386 595
387 407
389 420
390 584
392 469
396 498
399 508
399 567
400 433
404 506
407 454
408 521
409 438
409 485
411 456
411 491
412 564
416 439
417 560
418 492
418 539
419 530
421 422
421 485
422 472
425 432
428 471
428 561
429 552
433 487
434 473
436 450
436 487
437 464
439 450
440 527
440 540
444 522
444 543
445 517
448 588
451 539
451 568
453 494
455 483
460 484
462 561
463 529
464 588
467 497
467 525
470 599
471 547
476 582
477 549
486 594
488 551
489 554
490 526
490 596
492 548
497 586
499 518
507 571
508 557
509 551
513 560
514 537
515 544
523 596
528 533
536 578
543 554
546 559
550 590
552 593
556 568
570 575
574 586
600 95
601 56
-1 -1
4.55138
