1
0 61
0 404
1 320
1 433
2 49
2 76
3 170
3 355
4 396
4 477
5 233
5 470
6 85
6 337
7 26
7 552
8 146
8 490
9 329
9 399
10 43
10 184
11 116
11 507
12 145
12 532
13 395
13 468
14 148
14 402
15 17
15 355
16 138
16 242
17 215
18 293
18 369
19 96
19 294
20 216
20 333
21 279
21 342
22 227
22 462
23 282
23 350
24 157
24 342
25 66
25 142
26 528
27 53
27 472
28 211
28 458
29 358
29 452
30 37
30 315
31 313
31 590
32 209
32 476
33 425
33 590
34 51
34 414
35 121
35 128
36 164
36 230
37 155
38 408
38 502
39 127
39 238
40 198
40 421
41 456
41 586
42 280
42 401
43 463
44 118
44 247
45 82
45 285
46 276
46 484
47 244
47 387
48 413
48 423
49 596
50 250
50 428
51 54
52 88
52 222
53 351
54 219
55 494
55 592
56 72
56 278
57 231
57 446
58 193
58 365
59 187
59 523
60 283
60 345
61 100
62 482
62 513
63 121
63 510
64 146
64 449
65 291
65 535
66 154
67 249
67 405
68 255
68 522
69 339
69 351
70 271
70 545
71 238
71 320
72 87
73 325
73 497
74 101
74 335
75 87
75 95
76 552
77 246
77 391
78 268
78 508
79 374
79 386
80 171
80 459
81 490
81 580
82 433
83 89
83 140
84 252
84 566
85 573
86 323
86 456
88 438
89 262
90 282
90 324
91 254
91 356
92 184
92 574
93 267
93 554
94 210
94 497
95 102
96 174
97 417
97 581
98 132
98 460
99 292
99 334
100 598
101 439
102 434
103 260
103 411
104 314
104 347
105 127
105 303
106 251
106 385
107 111
107 316
108 219
108 454
109 118
109 547
110 265
110 599
111 223
112 284
112 562
113 387
113 585
114 169
114 555
115 429
115 515
116 303
117 192
117 534
119 261
119 583
120 383
120 566
122 430
122 484
123 200
123 266
124 367
124 384
125 371
125 556
126 314
126 524
128 257
129 175
129 307
130 158
130 546
131 159
131 521
132 208
133 514
133 593
134 139
134 343
135 204
135 341
136 206
136 409
137 276
137 378
138 577
139 558
140 416
141 437
141 587
142 165
143 172
143 251
144 191
144 530
145 213
147 299
147 395
148 170
149 199
149 569
150 397
150 588
151 459
151 533
152 236
152 312
153 270
153 537
154 492
155 445
156 209
156 375
157 339
158 288
159 558
160 403
160 478
161 191
161 400
162 298
162 458
163 253
163 350
164 596
165 448
166 481
166 488
167 377
167 575
168 420
168 489
169 524
171 463
172 393
173 357
173 460
174 475
175 414
176 379
176 535
177 418
177 509
178 285
178 308
179 407
179 441
180 288
180 504
181 335
181 438
182 241
182 245
183 263
183 578
185 194
185 382
186 229
186 381
187 424
188 228
188 455
189 195
189 301
190 531
190 557
192 595
193 398
194 500
195 457
196 361
196 363
197 409
197 515
198 506
199 224
200 481
201 389
201 411
202 309
202 493
203 492
203 594
204 340
205 212
205 328
206 417
207 243
207 561
208 313
210 274
211 503
212 517
213 217
214 358
214 582
215 514
216 536
217 423
218 461
218 567
220 348
220 385
221 261
221 560
222 503
223 540
224 520
225 234
225 426
226 496
226 530
227 573
228 234
229 270
230 416
231 298
232 279
232 398
233 569
235 272
235 295
236 551
237 401
237 597
239 447
239 464
240 402
240 591
241 543
242 324
243 591
244 331
245 529
246 374
247 520
248 328
248 495
249 340
250 343
252 275
253 428
254 364
255 483
256 383
256 582
257 539
258 380
258 563
259 436
259 505
260 264
262 308
263 489
264 485
265 562
266 364
267 444
268 442
269 384
269 521
271 299
272 453
273 290
273 499
274 483
275 278
277 453
277 469
280 292
281 330
281 431
283 376
284 564
286 360
286 559
287 294
287 574
289 455
289 468
290 316
291 305
293 467
295 331
296 434
296 593
297 302
297 366
300 464
300 466
301 446
302 439
304 388
304 467
305 560
306 329
306 512
307 325
309 410
310 367
310 522
311 366
311 435
312 356
315 570
317 452
317 565
318 518
318 519
319 332
319 451
321 415
321 579
322 372
322 419
323 454
326 344
326 599
327 511
327 550
330 412
332 475
333 571
334 413
336 548
336 572
337 390
338 441
338 540
341 345
344 440
346 348
346 496
347 397
349 386
349 571
352 400
352 580
353 500
353 501
354 511
357 544
359 572
359 586
360 373
361 430
362 526
362 541
363 426
365 575
368 526
368 559
369 436
370 392
370 577
371 473
372 557
373 406
375 450
376 498
377 525
378 519
379 427
380 507
381 471
382 594
388 555
389 567
390 394
391 509
392 445
393 587
394 425
396 536
399 462
403 528
404 488
405 480
406 553
407 581
408 516
410 449
412 576
415 529
418 474
419 549
420 487
421 424
422 480
422 589
427 537
429 482
431 472
432 477
432 570
435 499
437 443
440 473
442 545
443 585
444 598
447 487
448 546
450 531
451 523
457 471
461 554
465 505
465 589
466 491
469 527
470 543
474 538
476 494
478 486
479 576
479 592
485 556
486 565
491 568
493 539
495 549
498 579
501 564
502 595
506 510
508 542
512 583
513 517
516 578
518 561
525 532
527 563
533 547
534 541
538 584
542 568
544 548
550 597
551 553
584 588
600 504
601 354
-1 -1
7.7561
