100 1502
0 1
0 66
0 5
0 6
0 71
0 8
0 75
0 77
0 80
0 18
0 19
0 21
0 25
0 26
0 29
0 95
0 32
0 33
0 37
0 39
0 42
0 93
0 49
0 62
0 63
1 64
1 2
1 67
1 70
1 7
1 8
1 76
1 75
1 12
1 66
1 78
1 77
1 17
1 82
1 90
1 29
1 95
1 99
1 36
1 37
1 38
1 42
1 71
1 93
1 48
1 53
1 55
1 62
1 65
2 64
2 4
2 5
2 6
2 7
2 9
2 77
2 78
2 15
2 18
2 99
2 21
2 24
2 98
2 29
2 30
2 34
2 35
2 45
2 93
2 51
2 52
2 53
2 73
2 56
2 58
2 61
2 62
2 85
3 67
3 68
3 69
3 6
3 73
3 12
3 13
3 14
3 79
3 17
3 84
3 78
3 87
3 24
3 89
3 92
3 88
3 32
3 99
3 36
3 70
3 45
3 51
3 57
3 61
3 21
4 65
4 5
4 7
4 73
4 75
4 13
4 14
4 80
4 88
4 18
4 83
4 84
4 78
4 24
4 90
4 91
4 28
4 93
4 30
4 97
4 34
4 40
4 92
4 71
4 51
4 54
4 55
4 57
4 61
4 62
4 63
5 69
5 70
5 74
5 66
5 77
5 80
5 81
5 99
5 21
5 23
5 88
5 26
5 79
5 28
5 90
5 16
5 91
5 37
5 47
5 50
5 54
5 55
5 85
6 64
6 74
6 11
6 77
6 79
6 18
6 67
6 85
6 23
6 88
6 25
6 90
6 75
6 92
6 31
6 33
6 98
6 99
6 40
6 41
6 45
6 48
6 53
6 56
6 95
7 64
7 67
7 8
7 9
7 74
7 66
7 16
7 82
7 83
7 23
7 68
7 90
7 30
7 32
7 36
7 37
7 96
7 40
7 42
7 44
7 45
7 46
7 51
7 53
7 89
7 60
8 68
8 69
8 10
8 78
8 15
8 17
8 18
8 19
8 22
8 24
8 25
8 26
8 79
8 92
8 29
8 31
8 91
8 65
8 81
8 40
8 41
8 44
8 46
8 47
8 99
8 51
8 52
8 55
8 57
8 60
8 63
9 67
9 73
9 74
9 11
9 12
9 77
9 14
9 15
9 16
9 81
9 18
9 83
9 21
9 86
9 90
9 27
9 29
9 94
9 31
9 80
9 38
9 41
9 42
9 43
9 49
9 53
9 58
9 85
10 64
10 13
10 14
10 17
10 18
10 88
10 89
10 90
10 27
10 28
10 29
10 30
10 96
10 34
10 36
10 37
10 40
10 92
10 93
10 47
10 51
10 52
10 94
10 60
11 64
11 66
11 67
11 68
11 75
11 76
11 13
11 78
11 77
11 16
11 17
11 19
11 84
11 87
11 24
11 26
11 80
11 35
11 36
11 38
11 39
11 42
11 45
11 46
11 50
11 83
11 53
11 55
11 57
11 59
11 61
11 62
12 74
12 14
12 15
12 80
12 81
12 84
12 21
12 23
12 91
12 28
12 93
12 31
12 98
12 35
12 37
12 38
12 39
12 41
12 48
12 50
12 51
12 56
12 85
13 70
13 97
13 72
13 79
13 19
13 86
13 87
13 25
13 91
13 29
13 94
13 31
13 33
13 34
13 36
13 38
13 41
13 42
13 67
13 47
13 53
13 54
13 57
14 69
14 72
14 78
14 15
14 82
14 99
14 21
14 89
14 68
14 27
14 92
14 31
14 33
14 35
14 51
14 52
14 53
14 74
14 62
14 63
15 64
15 69
15 70
15 66
15 79
15 17
15 19
15 20
15 21
15 86
15 24
15 90
15 29
15 94
15 81
15 35
15 36
15 39
15 41
15 43
15 78
15 48
15 49
15 50
15 83
15 53
15 54
15 73
15 84
15 99
15 61
16 65
16 67
16 80
16 17
16 83
16 24
16 90
16 27
16 30
16 69
16 32
16 97
16 34
16 39
16 42
16 43
16 47
16 49
16 94
16 73
16 58
16 61
16 63
17 64
17 70
17 65
17 98
17 82
17 19
17 84
17 85
17 24
17 25
17 26
17 27
17 92
17 29
17 31
17 32
17 33
17 34
17 35
17 36
17 37
17 80
17 71
17 45
17 47
17 48
17 99
17 57
17 63
18 71
18 76
18 83
18 84
18 22
18 89
18 88
18 25
18 90
18 91
18 28
18 30
18 31
18 96
18 35
18 38
18 39
18 40
18 92
18 95
18 46
18 99
18 51
18 56
18 57
18 59
18 61
19 65
19 66
19 68
19 71
19 99
19 20
19 23
19 90
19 27
19 29
19 96
19 98
19 35
19 42
19 44
19 47
19 52
20 65
20 75
20 76
20 78
20 80
20 90
20 85
20 23
20 26
20 79
20 92
20 29
20 30
20 32
20 34
20 91
20 36
20 37
20 38
20 43
20 44
20 93
20 99
20 51
20 52
20 55
20 57
20 87
20 61
20 63
21 68
21 72
21 79
21 80
21 82
21 78
21 86
21 87
21 24
21 90
21 27
21 28
21 30
21 69
21 96
21 97
21 36
21 37
21 38
21 42
21 48
21 76
21 52
21 56
21 57
21 59
21 60
22 64
22 71
22 76
22 98
22 79
22 83
22 90
22 86
22 23
22 88
22 25
22 26
22 28
22 29
22 32
22 33
22 34
22 36
22 38
22 40
22 49
22 50
22 52
22 54
22 56
22 57
22 58
22 59
22 61
23 66
23 76
23 74
23 77
23 88
23 85
23 24
23 98
23 28
23 29
23 32
23 33
23 34
23 37
23 46
23 47
23 48
23 83
23 52
23 55
23 56
23 57
23 58
23 61
24 69
24 97
24 66
24 77
24 75
24 67
24 86
24 68
24 26
24 27
24 92
24 94
24 33
24 91
24 36
24 38
24 40
24 46
24 50
24 51
24 83
24 57
24 85
25 96
25 68
25 69
25 77
25 80
25 87
25 88
25 26
25 28
25 30
25 81
25 32
25 97
25 98
25 99
25 39
25 44
25 45
25 50
25 95
25 61
26 65
26 70
26 71
26 73
26 77
26 78
26 80
26 86
26 29
26 95
26 33
26 39
26 43
26 44
26 45
26 60
26 63
27 64
27 68
27 97
27 72
27 76
27 77
27 79
27 78
27 84
27 88
27 90
27 28
27 29
27 30
27 33
27 82
27 80
27 42
27 44
27 45
27 50
27 53
27 73
27 56
27 57
27 60
27 62
27 63
28 64
28 66
28 67
28 70
28 72
28 73
28 87
28 77
28 83
28 88
28 86
28 30
28 69
28 33
28 35
28 42
28 44
28 46
28 74
28 54
28 55
28 57
28 95
28 61
29 68
29 83
29 80
29 82
29 92
29 30
29 34
29 99
29 36
29 37
29 40
29 42
29 43
29 46
29 49
29 51
29 94
29 54
29 72
29 60
29 62
30 64
30 65
30 67
30 73
30 75
30 89
30 94
30 32
30 34
30 91
30 38
30 40
30 42
30 43
30 46
30 52
30 57
30 58
30 63
31 65
31 67
31 74
31 77
31 78
31 87
31 32
31 99
31 37
31 43
31 44
31 49
31 50
31 53
31 54
31 56
31 59
31 60
32 69
32 72
32 75
32 77
32 82
32 88
32 91
32 96
32 33
32 37
32 81
32 80
32 41
32 51
32 55
32 84
32 87
32 59
32 60
32 61
32 63
33 65
33 68
33 71
33 73
33 74
33 75
33 76
33 77
33 82
33 94
33 36
33 70
33 39
33 92
33 45
33 46
33 47
33 48
33 49
33 56
33 58
34 86
34 71
34 75
34 76
34 78
34 83
34 89
34 91
34 92
34 35
34 38
34 40
34 46
34 50
34 61
34 62
35 64
35 70
35 75
35 84
35 85
35 89
35 90
35 95
35 97
35 38
35 81
35 40
35 41
35 44
35 45
35 50
35 57
35 60
36 64
36 69
36 76
36 82
36 83
36 87
36 89
36 91
36 92
36 95
36 96
36 99
36 37
36 42
36 43
36 45
36 46
36 47
36 54
36 55
36 57
36 58
37 64
37 96
37 87
37 92
37 69
37 98
37 39
37 40
37 42
37 46
37 48
37 72
37 50
37 94
37 55
37 58
37 61
38 66
38 69
38 71
38 74
38 77
38 80
38 83
38 90
38 91
38 96
38 43
38 48
38 49
38 50
38 52
38 53
38 76
38 85
38 62
38 63
39 64
39 97
39 73
39 80
39 81
39 89
39 98
39 41
39 49
39 55
39 57
39 62
40 65
40 67
40 78
40 80
40 81
40 84
40 85
40 68
40 41
40 44
40 46
40 51
40 74
40 53
40 54
40 55
40 58
40 59
40 61
41 65
41 75
41 81
41 82
41 83
41 84
41 89
41 72
41 91
41 95
41 97
41 44
41 45
41 46
41 47
41 76
41 49
41 53
41 56
41 58
42 76
42 82
42 87
42 96
42 80
42 92
42 71
42 44
42 45
42 46
42 48
42 73
42 58
42 59
42 62
42 85
43 65
43 68
43 77
43 81
43 91
43 44
43 45
43 47
43 48
43 52
43 58
43 95
43 60
43 62
44 67
44 68
44 69
44 75
44 78
44 80
44 90
44 94
44 95
44 98
44 45
44 46
44 47
44 72
44 50
44 52
44 53
44 59
44 60
45 64
45 65
45 68
45 69
45 72
45 79
45 66
45 77
45 71
45 75
45 85
45 86
45 88
45 90
45 96
45 70
45 56
45 58
45 59
45 61
46 77
46 79
46 83
46 84
46 86
46 90
46 91
46 95
46 82
46 49
46 52
46 62
47 66
47 71
47 73
47 78
47 85
47 89
47 98
47 97
47 72
47 52
47 74
48 64
48 66
48 67
48 69
48 65
48 76
48 74
48 75
48 83
48 79
48 99
48 70
48 53
48 54
48 87
48 85
49 70
49 72
49 83
49 85
49 89
49 90
49 91
49 94
49 96
49 98
49 50
49 55
49 57
49 59
49 61
50 64
50 74
50 83
50 84
50 89
50 90
50 69
50 96
50 91
50 79
50 52
50 58
50 61
51 76
51 74
51 75
51 66
51 77
51 81
51 78
51 87
51 79
51 95
51 97
51 98
51 93
51 61
51 53
51 56
51 88
51 58
51 60
52 65
52 67
52 68
52 86
52 73
52 66
52 79
52 82
52 88
52 92
52 78
52 93
52 54
52 55
52 61
52 62
52 85
53 68
53 69
53 81
53 92
53 96
53 97
53 77
53 54
53 56
54 86
54 71
54 72
54 76
54 77
54 80
54 82
54 99
54 85
54 87
54 90
54 97
54 98
54 91
54 59
54 60
55 66
55 67
55 70
55 65
55 96
55 78
55 79
55 83
55 68
55 97
55 99
55 71
55 72
56 65
56 97
56 76
56 74
56 81
56 83
56 84
56 90
56 92
56 94
56 96
56 98
56 99
56 57
56 85
56 63
57 64
57 66
57 73
57 77
57 80
57 68
57 95
57 98
57 92
57 91
57 94
57 89
57 58
58 64
58 68
58 97
58 76
58 81
58 85
58 92
58 93
58 95
58 80
58 61
59 65
59 66
59 67
59 86
59 76
59 79
59 81
59 84
59 92
59 93
59 94
59 97
59 99
60 96
60 66
60 67
60 77
60 80
60 81
60 82
60 83
60 90
60 89
60 71
60 92
60 93
60 62
61 68
61 69
61 76
61 78
61 67
61 85
61 88
61 90
61 93
61 97
61 99
61 92
61 83
61 62
62 71
62 64
62 74
62 80
62 82
62 83
62 85
62 68
62 96
62 97
63 64
63 67
63 69
63 70
63 71
63 77
63 79
63 85
63 89
63 88
63 68
63 92
63 93
63 81
64 68
64 69
64 72
64 77
64 78
64 80
64 84
64 85
64 96
64 97
64 71
64 74
65 66
65 69
65 77
65 82
65 85
65 86
65 68
65 90
65 99
65 95
65 93
65 72
65 83
65 94
65 84
66 81
66 82
66 85
66 89
66 98
66 99
66 92
67 68
67 78
67 82
67 85
67 86
67 93
67 80
67 95
67 94
68 69
68 73
68 84
68 86
68 87
68 71
68 94
68 91
68 72
69 71
69 77
69 81
69 84
69 90
69 79
69 94
69 91
69 92
70 75
70 78
70 83
70 84
70 85
70 86
70 90
70 94
70 95
70 99
71 76
71 91
71 92
71 93
71 95
71 96
71 81
71 72
71 83
72 76
72 77
72 81
72 86
72 89
72 94
72 97
72 91
72 85
73 74
73 80
73 82
73 89
73 90
73 95
73 96
73 99
73 92
74 83
74 84
74 86
74 90
74 91
74 94
74 98
75 98
75 77
75 78
75 79
75 86
75 93
75 95
76 86
76 77
76 83
77 78
77 82
77 91
77 92
77 87
78 98
78 79
78 87
78 99
78 82
78 83
78 95
79 81
79 82
79 88
79 90
79 97
79 95
80 87
80 92
80 95
80 84
80 99
80 90
80 96
81 82
81 83
81 85
81 89
81 92
81 97
81 99
82 88
82 90
82 95
82 85
83 85
83 89
83 90
83 91
83 94
83 95
83 99
83 93
84 91
84 87
84 88
84 93
84 95
84 97
85 87
85 99
85 86
85 91
85 95
85 88
86 87
86 90
86 96
86 93
87 90
87 91
87 94
88 95
88 97
88 98
89 90
89 91
89 92
89 96
89 99
91 96
91 98
91 94
92 98
92 95
92 96
93 99
94 97
94 99
95 96
95 97
95 98
