100 1479
0 1
0 2
0 75
0 6
0 7
0 74
0 11
0 12
0 78
0 16
0 17
0 18
0 99
0 84
0 86
0 87
0 24
0 25
0 91
0 29
0 30
0 32
0 33
0 35
0 36
0 39
0 41
0 44
0 82
0 47
0 48
0 49
0 51
0 54
0 56
0 88
0 63
1 96
1 2
1 3
1 68
1 70
1 97
1 8
1 9
1 74
1 14
1 88
1 18
1 67
1 85
1 24
1 90
1 93
1 30
1 31
1 32
1 33
1 35
1 36
1 42
1 82
1 46
1 47
1 99
1 50
1 54
2 68
2 64
2 73
2 10
2 75
2 76
2 98
2 81
2 82
2 83
2 20
2 21
2 86
2 24
2 25
2 90
2 33
2 34
2 99
2 42
2 50
2 55
2 58
2 60
2 61
3 64
3 68
3 71
3 8
3 9
3 10
3 11
3 77
3 14
3 79
3 18
3 19
3 20
3 21
3 86
3 87
3 88
3 25
3 27
3 29
3 30
3 31
3 32
3 97
3 91
3 78
3 37
3 41
3 43
3 44
3 45
3 49
3 52
3 82
3 73
3 84
3 95
3 74
3 62
4 64
4 67
4 9
4 10
4 75
4 81
4 83
4 84
4 21
4 90
4 28
4 26
4 96
4 97
4 98
4 36
4 92
4 42
4 45
4 49
4 52
4 20
4 59
4 62
4 85
5 64
5 65
5 67
5 69
5 6
5 8
5 96
5 11
5 12
5 20
5 86
5 23
5 24
5 27
5 31
5 32
5 97
5 70
5 43
5 45
5 47
5 51
5 53
5 60
5 61
5 62
6 65
6 67
6 72
6 9
6 76
6 13
6 14
6 79
6 80
6 18
6 23
6 90
6 27
6 30
6 37
6 39
6 47
6 48
6 53
6 54
6 73
6 58
6 59
6 60
6 61
6 63
7 32
7 66
7 36
7 86
7 38
7 72
7 42
7 75
7 44
7 14
7 80
7 19
7 52
7 54
7 24
7 57
7 58
7 90
7 62
8 64
8 86
8 68
8 71
8 73
8 75
8 76
8 13
8 14
8 15
8 16
8 81
8 20
8 22
8 23
8 24
8 79
8 28
8 88
8 69
8 96
8 33
8 34
8 39
8 41
8 44
8 50
8 94
8 56
8 84
9 96
9 38
9 33
9 40
9 41
9 97
9 11
9 45
9 80
9 16
9 75
9 83
9 21
9 73
9 25
9 91
9 95
10 73
10 87
10 13
10 80
10 81
10 82
10 67
10 20
10 85
10 22
10 23
10 68
10 26
10 29
10 30
10 96
10 39
10 40
10 44
10 45
10 47
10 94
10 89
10 56
11 65
11 72
11 76
11 17
11 82
11 85
11 86
11 89
11 24
11 25
11 90
11 91
11 92
11 30
11 31
11 36
11 38
11 41
11 46
11 47
11 53
11 54
11 88
11 60
11 94
11 62
12 64
12 66
12 67
12 70
12 71
12 72
12 73
12 74
12 75
12 92
12 19
12 24
12 26
12 91
12 28
12 29
12 30
12 32
12 39
12 41
12 47
12 51
12 53
13 64
13 67
13 68
13 73
13 77
13 15
13 80
13 81
13 18
13 19
13 20
13 85
13 22
13 89
13 26
13 79
13 28
13 29
13 30
13 95
13 34
13 39
13 40
13 82
13 47
13 50
13 83
13 52
13 94
13 54
13 61
13 63
14 73
14 78
14 15
14 82
14 19
14 84
14 85
14 22
14 87
14 71
14 90
14 31
14 32
14 67
14 36
14 37
14 38
14 43
14 44
14 46
14 47
14 48
14 49
14 50
14 58
14 60
15 51
15 54
15 40
15 43
15 44
15 16
15 19
15 84
15 22
15 88
15 89
15 26
15 91
15 28
15 62
15 63
16 65
16 67
16 69
16 70
16 75
16 76
16 19
16 87
16 31
16 32
16 97
16 35
16 38
16 39
16 41
16 44
16 54
16 73
16 56
16 62
16 63
17 66
17 69
17 70
17 72
17 77
17 79
17 19
17 84
17 21
17 93
17 32
17 33
17 34
17 35
17 36
17 38
17 41
17 46
17 47
17 55
17 56
17 57
17 58
17 60
18 86
18 71
18 73
18 82
18 67
18 22
18 89
18 25
18 93
18 30
18 31
18 32
18 33
18 98
18 36
18 37
18 38
18 95
18 45
18 52
18 57
18 58
18 59
18 60
19 65
19 69
19 73
19 87
19 20
19 78
19 22
19 23
19 24
19 90
19 86
19 29
19 88
19 95
19 32
19 33
19 39
19 40
19 44
19 45
19 52
19 57
19 61
19 63
20 64
20 96
20 77
20 80
20 81
20 67
20 84
20 92
20 87
20 88
20 79
20 28
20 29
20 30
20 69
20 32
20 98
20 40
20 41
20 42
20 49
20 53
20 72
20 74
21 65
21 72
21 76
21 66
21 78
21 79
21 99
21 85
21 22
21 88
21 24
21 25
21 90
21 30
21 31
21 35
21 37
21 81
21 42
21 43
21 44
21 46
21 50
21 54
21 57
21 95
22 67
22 68
22 70
22 71
22 73
22 75
22 86
22 89
22 31
22 33
22 34
22 99
22 37
22 39
22 42
22 54
22 60
22 85
23 65
23 83
23 71
23 94
23 81
23 85
23 24
23 89
23 90
23 91
23 28
23 93
23 30
23 69
23 32
23 99
23 37
23 39
23 92
23 45
23 46
23 50
23 51
23 53
23 57
23 58
23 60
24 73
24 79
24 81
24 88
24 91
24 32
24 33
24 98
24 96
24 41
24 42
24 43
24 46
24 47
24 76
24 49
24 52
24 56
24 57
24 60
24 85
24 63
25 66
25 72
25 76
25 77
25 67
25 86
25 79
25 93
25 30
25 95
25 96
25 34
25 35
25 82
25 45
25 46
25 48
25 83
25 53
25 54
25 55
25 59
26 71
26 72
26 73
26 75
26 77
26 87
26 89
26 79
26 30
26 95
26 39
26 45
26 46
26 47
26 49
26 50
26 51
26 55
26 56
26 57
26 61
26 63
27 64
27 97
27 74
27 75
27 98
27 79
27 80
27 81
27 83
27 87
27 88
27 94
27 95
27 33
27 34
27 35
27 70
27 39
27 43
27 44
27 45
27 49
27 50
27 53
27 62
28 96
28 66
28 70
28 74
28 77
28 78
28 88
28 68
28 79
28 29
28 30
28 95
28 32
28 33
28 98
28 37
28 40
28 42
28 43
28 45
28 72
28 50
28 94
28 89
28 55
28 58
28 62
29 66
29 69
29 72
29 79
29 80
29 87
29 94
29 31
29 98
29 35
29 39
29 47
29 99
29 49
29 57
29 74
29 62
29 63
30 66
30 81
30 83
30 96
30 85
30 40
30 43
30 46
30 48
30 49
30 51
30 55
30 87
30 59
30 62
30 63
31 83
31 67
31 71
31 88
31 89
31 91
31 94
31 69
31 97
31 35
31 36
31 43
31 46
31 47
31 51
31 56
31 62
32 66
32 73
32 79
32 78
32 92
32 94
32 95
32 80
32 98
32 36
32 65
32 39
32 41
32 71
32 46
32 48
32 49
32 52
32 53
32 84
32 58
32 62
33 70
33 71
33 76
33 98
33 78
33 80
33 89
33 90
33 88
33 95
33 97
33 34
33 35
33 38
33 81
33 92
33 44
33 46
33 47
33 48
33 49
33 50
33 56
33 57
33 60
33 61
33 63
34 65
34 86
34 81
34 79
34 75
34 66
34 78
34 87
34 90
34 98
34 91
34 36
34 37
34 39
34 41
34 72
34 89
34 55
34 56
34 57
34 59
34 60
35 97
35 64
35 73
35 84
35 87
35 36
35 37
35 39
35 51
35 56
35 95
35 60
35 61
36 66
36 67
36 70
36 64
36 74
36 86
36 92
36 93
36 94
36 37
36 65
36 40
36 45
36 46
36 48
36 49
36 54
36 55
36 57
36 59
37 66
37 74
37 87
37 80
37 89
37 94
37 45
37 47
37 49
37 50
37 51
37 55
37 58
37 85
38 64
38 67
38 69
38 72
38 76
38 77
38 87
38 93
38 95
38 98
38 81
38 40
38 42
38 43
38 82
38 46
38 49
38 56
38 58
38 61
39 96
39 68
39 98
39 76
39 87
39 79
39 81
39 84
39 85
39 97
39 40
39 43
39 99
39 49
39 52
39 56
39 57
39 60
39 74
40 66
40 67
40 69
40 70
40 71
40 81
40 86
40 87
40 79
40 84
40 91
40 43
40 44
40 46
40 99
40 83
40 94
40 54
40 56
40 57
40 60
40 61
41 96
41 74
41 98
41 85
41 93
41 95
41 97
41 99
41 46
41 51
41 56
41 84
41 62
42 67
42 70
42 72
42 76
42 79
42 83
42 87
42 89
42 71
42 90
42 95
42 96
42 97
42 99
42 92
42 43
42 44
42 52
42 54
42 57
42 61
42 65
43 65
43 68
43 79
43 94
43 77
43 83
43 86
43 87
43 90
43 96
43 92
43 44
43 50
43 52
43 53
43 54
43 57
43 63
44 69
44 75
44 79
44 87
44 88
44 95
44 52
44 57
44 74
44 85
45 65
45 76
45 79
45 80
45 81
45 85
45 86
45 69
45 96
45 97
45 98
45 92
45 48
45 49
45 53
45 55
45 56
45 57
45 95
45 60
45 74
46 64
46 75
46 65
46 73
46 79
46 80
46 84
46 93
46 78
46 49
46 89
46 87
46 85
47 66
47 72
47 73
47 77
47 78
47 86
47 89
47 81
47 48
47 49
47 53
47 54
47 85
47 63
48 64
48 66
48 69
48 71
48 75
48 94
48 79
48 81
48 84
48 97
48 50
48 53
48 59
48 61
48 62
49 64
49 66
49 70
49 65
49 72
49 80
49 93
49 98
49 99
49 50
49 51
49 52
49 54
49 55
49 56
49 84
49 90
49 63
50 65
50 75
50 80
50 81
50 98
50 87
50 92
50 78
50 91
50 53
50 55
50 56
50 58
50 59
51 67
51 68
51 70
51 71
51 73
51 74
51 87
51 77
51 86
51 89
51 90
51 97
51 52
51 53
51 58
51 59
51 63
52 65
52 66
52 72
52 96
52 77
52 85
52 86
52 87
52 79
52 93
52 95
52 97
52 67
52 54
52 57
52 58
52 63
53 65
53 66
53 75
53 76
53 79
53 83
53 93
53 94
53 69
53 96
53 58
54 66
54 69
54 73
54 76
54 81
54 99
54 84
54 71
54 79
54 90
54 95
54 98
54 91
54 70
54 61
54 62
55 64
55 68
55 72
55 73
55 77
55 84
55 87
55 91
55 90
55 96
55 99
55 92
55 62
56 97
56 71
56 80
56 75
56 76
56 99
56 84
56 86
56 91
56 92
56 88
56 96
56 94
56 57
56 58
56 59
57 98
57 69
57 76
57 77
57 84
57 89
57 93
57 83
57 59
57 85
58 65
58 68
58 74
58 75
58 76
58 83
58 84
58 88
58 91
58 94
58 97
58 98
58 81
58 61
58 63
59 66
59 72
59 76
59 79
59 86
59 87
59 88
59 93
59 97
59 99
59 89
59 63
60 76
60 80
60 83
60 78
60 95
60 87
61 68
61 97
61 78
61 77
61 80
61 81
61 88
61 89
61 83
61 62
61 63
62 96
62 72
62 77
62 78
62 82
62 67
62 85
62 87
62 88
62 68
62 80
62 91
62 93
62 95
62 63
63 64
63 83
63 67
63 72
63 76
63 85
63 87
63 95
63 98
63 94
64 65
64 73
64 75
64 77
64 66
64 86
64 88
64 89
64 92
64 93
64 97
64 91
65 67
65 71
65 72
65 73
65 98
65 79
65 75
65 84
65 89
65 80
65 87
65 70
65 83
66 72
66 76
66 84
66 86
66 94
66 85
67 87
67 86
67 93
67 98
67 99
67 74
68 70
68 75
68 79
68 81
68 83
68 85
68 87
68 88
68 89
68 94
68 95
68 96
68 98
68 74
69 73
69 77
69 78
69 79
69 85
69 89
69 84
69 80
69 95
70 76
70 78
70 84
70 85
70 89
70 90
70 95
70 81
70 71
70 80
71 86
71 76
71 74
71 75
71 85
71 90
71 94
71 72
71 95
72 75
72 73
72 77
72 78
72 82
72 89
72 88
72 91
72 95
72 90
72 92
72 93
73 83
73 85
73 87
73 89
73 86
73 90
73 95
73 80
73 98
73 96
73 82
73 76
74 77
74 80
74 82
74 89
74 97
74 91
75 81
75 90
75 94
75 91
76 77
76 81
76 87
76 79
76 92
76 85
77 78
77 80
77 82
77 93
77 84
77 97
78 96
78 80
78 98
78 82
78 84
78 86
78 88
78 90
78 95
78 85
79 95
79 94
79 81
79 90
79 92
79 88
79 85
80 82
80 88
80 99
80 93
81 83
81 95
81 96
81 87
81 99
81 94
81 89
82 96
82 94
82 83
83 87
83 84
83 90
84 88
84 98
85 88
85 93
85 89
86 98
86 89
86 97
87 92
87 96
87 93
87 88
88 97
88 90
88 96
88 98
88 91
88 95
88 99
89 98
89 90
89 94
89 96
89 93
90 98
90 95
91 94
92 97
92 98
92 99
93 95
94 96
94 97
95 98
95 99
96 97
