1
0 381
0 392
1 540
1 502
2 383
2 413
3 354
3 484
4 643
4 453
5 642
5 267
6 398
6 422
7 330
7 468
8 646
8 415
9 376
9 412
10 635
10 412
11 587
11 479
12 347
12 379
13 558
13 569
14 537
14 370
15 326
15 357
16 353
16 361
17 562
17 260
18 530
18 342
19 668
19 429
20 582
20 395
21 559
21 326
22 604
22 471
23 284
23 401
24 520
24 409
25 544
25 464
26 561
26 391
27 553
27 350
28 364
28 399
29 527
29 396
30 517
30 399
31 581
31 402
32 590
32 635
33 696
33 339
34 388
34 410
35 512
35 311
36 529
36 366
37 598
37 400
38 537
38 507
39 541
39 257
40 513
40 256
41 526
41 634
42 571
42 352
43 632
43 511
44 581
44 315
45 314
45 470
46 512
46 633
47 620
47 425
48 346
48 447
49 294
49 436
50 661
50 358
51 622
51 333
52 363
52 507
53 616
53 482
54 275
54 286
55 302
55 340
56 308
56 355
57 519
57 331
58 298
58 303
59 317
59 443
60 601
60 374
61 557
61 577
62 345
62 377
63 521
63 626
64 549
64 664
65 553
65 301
66 692
66 406
67 698
67 492
68 396
68 404
69 530
69 663
70 539
70 544
71 594
71 304
72 540
72 504
73 252
73 493
74 526
74 539
75 637
75 327
76 479
76 509
77 527
77 438
78 514
78 541
79 416
79 455
80 260
80 264
81 319
81 355
82 300
82 395
83 542
83 440
84 561
84 272
85 627
85 298
86 532
86 477
87 631
87 496
88 317
88 323
89 619
89 465
90 604
90 459
91 378
91 418
92 341
92 436
93 386
93 428
94 528
94 267
95 596
95 417
96 672
96 434
97 543
97 613
98 371
98 487
99 558
99 474
100 259
100 316
101 274
101 310
102 671
102 302
103 680
103 328
104 286
104 424
105 609
105 250
106 305
106 469
107 420
108 608
108 449
109 390
109 450
110 608
110 421
111 658
111 254
112 597
112 601
113 602
113 392
114 261
114 456
115 614
115 665
116 262
116 503
117 676
117 283
118 294
118 357
119 456
119 497
120 349
120 385
121 673
121 375
122 525
122 266
123 533
123 270
124 576
124 629
125 282
125 382
126 268
126 311
127 576
127 661
128 666
128 273
129 291
129 310
130 695
130 269
131 529
131 290
132 437
132 502
133 605
133 329
134 624
134 344
135 271
135 313
136 659
136 370
137 387
137 506
138 332
138 435
139 368
139 378
140 623
140 636
141 282
141 352
142 523
142 261
143 416
143 453
144 520
144 640
145 652
145 322
146 650
146 277
147 586
147 365
148 682
148 480
149 304
149 393
150 534
150 545
151 569
151 397
152 555
152 461
153 256
153 335
154 320
154 380
155 646
155 253
156 679
156 687
157 313
157 495
158 360
158 423
159 632
159 650
160 548
160 335
161 299
161 368
162 628
162 295
163 276
163 281
164 579
164 611
165 292
165 367
166 300
166 367
167 618
167 487
168 690
168 500
169 563
169 643
170 350
170 483
171 346
171 505
172 275
172 285
173 689
173 324
174 593
174 631
175 403
175 472
176 562
176 443
177 583
177 337
178 689
178 478
179 343
179 397
180 551
180 499
181 380
181 400
182 264
182 499
183 663
183 441
184 377
184 481
185 571
185 660
186 363
186 428
187 423
187 441
188 269
188 381
189 641
189 251
190 670
190 431
191 572
191 343
192 305
192 351
193 457
193 504
194 639
194 439
195 690
195 362
196 552
196 495
197 551
197 293
198 595
198 666
199 296
199 384
200 554
200 459
201 276
201 325
202 640
202 349
203 660
203 415
204 309
204 437
205 475
205 491
206 573
206 652
207 329
207 332
208 645
208 694
209 580
209 591
210 536
210 376
211 698
211 297
212 429
212 465
213 287
213 417
214 279
214 475
215 641
215 265
216 648
216 484
217 255
217 330
218 454
218 482
219 462
219 473
220 565
220 413
221 307
221 409
222 654
222 452
223 289
223 293
224 272
224 510
225 427
225 439
226 265
226 283
227 627
227 258
228 615
228 319
229 535
229 284
230 290
230 452
231 639
231 316
232 560
232 508
233 687
233 411
234 538
234 340
235 306
235 372
236 258
236 403
237 594
237 651
238 515
238 433
239 596
239 336
240 574
240 603
241 584
241 461
242 584
242 402
243 634
243 657
244 677
244 460
245 556
245 359
246 446
246 510
247 254
247 303
248 325
248 435
249 673
249 472
250 629
251 697
252 570
253 681
255 532
257 611
259 645
262 407
263 407
263 602
266 589
268 680
270 488
271 525
273 433
274 578
277 566
278 476
278 647
279 450
280 333
280 606
281 630
285 546
287 486
288 519
288 672
289 637
291 296
292 513
295 692
297 560
299 534
301 387
306 644
307 600
308 699
309 353
312 497
312 667
314 591
315 587
318 405
318 688
320 463
321 485
321 573
322 570
323 550
324 679
327 623
328 511
331 694
334 618
334 676
336 422
337 516
338 642
338 697
339 373
341 438
342 480
344 463
345 625
347 365
348 414
348 430
351 620
354 471
356 408
356 683
358 522
359 451
360 385
361 647
362 455
364 476
366 674
369 432
369 567
371 595
372 389
373 468
374 557
375 462
379 469
382 393
383 605
384 599
386 528
388 442
389 691
390 531
391 624
394 658
394 696
398 598
401 556
404 662
405 582
406 445
408 607
410 588
411 426
414 678
418 489
419 420
419 488
421 603
424 500
425 559
426 550
427 653
430 490
431 590
432 524
434 547
440 625
442 533
444 523
444 670
445 449
446 610
447 644
448 451
448 494
454 538
457 494
458 522
458 686
460 619
464 614
466 485
466 566
467 577
467 606
470 542
473 656
474 568
477 662
478 667
481 535
486 496
489 638
490 524
491 597
492 669
493 621
498 589
498 506
501 655
501 656
503 521
505 554
508 668
509 585
514 630
515 565
516 699
517 675
518 575
518 585
531 572
536 633
543 593
545 671
546 654
547 626
548 580
549 665
552 636
555 612
563 659
564 567
564 684
568 655
574 607
575 691
578 669
579 685
583 677
586 649
588 675
592 688
592 651
599 681
600 653
609 617
610 648
612 686
613 695
615 657
616 674
617 664
621 685
622 684
628 678
638 693
649 693
682 683
700 483
701 107
-1 -1
15.0889
