1
0 414
0 425
1 241
1 271
2 423
2 588
3 494
3 576
4 300
4 407
5 268
5 499
6 65
6 143
7 18
7 388
8 41
8 463
9 63
9 126
10 323
10 459
11 507
11 583
12 96
12 417
13 167
13 561
14 68
14 449
15 335
15 472
16 176
16 450
17 162
17 391
18 598
19 67
19 235
20 82
21 55
21 445
22 387
22 474
23 85
23 311
24 265
24 475
25 304
25 421
26 64
26 301
27 353
27 575
28 216
28 365
29 173
29 228
30 44
30 294
31 270
31 362
32 74
32 274
33 287
33 392
34 330
34 390
35 203
35 546
36 570
36 434
37 48
37 471
38 164
38 435
39 60
39 324
40 50
40 89
41 509
42 190
42 309
43 236
43 596
44 250
45 356
45 428
46 56
46 490
47 370
47 384
48 319
49 295
49 386
50 404
51 208
51 332
52 147
52 544
53 175
53 339
54 166
54 326
55 73
56 454
57 116
57 487
58 190
58 305
59 99
59 118
60 412
61 188
61 525
62 393
62 481
63 148
64 542
65 152
66 225
66 554
67 364
68 474
69 535
69 192
70 290
70 397
71 258
71 264
72 456
72 555
73 596
74 110
75 299
75 520
76 510
76 559
77 132
77 441
78 409
78 594
79 107
79 323
80 161
80 453
81 98
81 444
82 507
83 339
83 358
84 492
84 597
85 486
86 221
86 399
87 354
87 525
88 170
88 482
89 195
90 394
90 532
91 277
91 388
92 242
92 564
93 220
93 342
94 286
94 552
95 97
95 587
96 98
97 211
99 556
100 112
100 344
101 498
101 576
102 271
102 439
103 115
103 489
104 260
104 453
105 217
105 561
106 222
106 481
107 313
108 199
108 508
109 350
109 447
110 415
111 165
111 322
112 249
113 198
113 200
114 133
114 374
115 577
116 512
117 141
117 411
118 136
119 230
119 293
120 442
120 503
121 573
121 587
122 214
122 429
123 256
123 478
124 348
124 410
125 153
125 244
126 585
127 305
127 465
128 333
128 513
129 328
129 381
130 213
130 366
131 178
131 393
132 160
133 426
134 464
134 521
135 155
135 383
136 406
137 215
137 416
138 194
138 311
139 321
139 358
140 292
140 392
141 185
142 246
142 423
143 579
144 188
144 553
145 400
145 455
146 374
146 428
147 405
148 292
149 154
149 549
150 253
150 257
151 288
151 555
152 216
153 217
154 342
155 349
156 369
156 515
157 308
157 519
158 345
158 517
159 206
159 403
160 229
161 266
162 241
163 242
163 591
164 468
165 197
166 218
167 278
168 364
168 461
169 484
169 540
170 549
171 366
171 584
172 184
172 591
173 296
174 530
174 545
175 329
176 202
177 272
177 347
178 582
179 212
179 225
180 421
180 492
181 505
181 527
182 205
182 272
183 367
183 383
184 557
185 594
186 207
186 299
187 228
187 420
189 297
189 411
191 415
191 416
192 569
193 319
193 581
194 221
195 280
196 204
196 580
197 385
198 582
199 448
200 308
201 233
201 340
202 523
203 402
204 577
205 255
206 574
207 332
208 438
209 251
209 568
210 378
210 414
211 320
212 341
213 243
214 431
215 252
218 493
219 517
219 583
220 403
222 589
223 317
223 452
224 246
224 529
226 244
226 451
227 298
227 362
229 310
230 420
231 489
231 520
232 302
232 307
233 443
234 355
234 483
235 581
236 316
237 331
237 546
238 324
238 579
239 338
239 599
240 268
240 327
243 551
245 475
245 565
247 547
247 567
248 518
248 519
249 371
250 598
251 500
252 457
253 378
254 501
254 586
255 504
256 593
257 276
258 359
259 278
259 389
260 560
261 408
261 543
262 303
262 484
263 367
263 429
264 396
265 557
266 419
267 468
267 566
269 363
269 597
270 387
273 315
273 322
274 459
275 360
275 436
276 434
277 373
279 558
279 563
280 449
281 379
281 509
282 350
282 418
283 422
283 485
284 483
284 562
285 534
285 578
286 458
287 306
288 410
289 397
289 445
290 368
291 329
291 554
293 529
294 590
295 427
296 501
297 478
298 357
300 424
301 306
302 510
303 530
304 473
307 580
309 496
310 547
312 328
312 471
313 440
314 320
314 588
315 346
316 531
317 470
318 514
318 542
321 437
325 354
325 379
326 431
327 427
330 372
331 466
333 439
334 494
334 563
335 571
336 487
336 493
337 448
337 473
338 548
340 572
341 469
343 413
343 578
344 406
345 548
346 405
347 556
348 370
349 455
351 376
351 460
352 444
352 476
353 363
355 398
356 438
357 536
359 456
360 592
361 537
361 595
365 380
368 382
369 585
371 524
372 533
373 566
375 480
375 511
376 440
377 490
377 528
380 437
381 419
382 522
384 523
385 447
386 491
389 412
390 488
391 401
394 454
395 513
395 590
396 498
398 553
399 531
400 497
401 472
402 467
404 595
407 497
408 477
409 424
413 559
417 567
418 552
422 524
425 485
426 477
430 496
430 543
432 443
432 521
433 441
433 458
435 442
436 558
446 518
446 545
450 462
451 562
452 511
457 570
460 536
461 533
462 526
463 500
464 516
465 589
466 499
467 551
469 502
470 526
476 480
479 506
479 538
482 565
486 571
488 550
491 575
495 537
495 593
502 541
503 516
504 527
505 540
506 544
508 560
512 573
514 528
515 535
522 550
532 538
534 592
539 568
541 584
564 599
569 574
572 586
600 539
601 20
-1 -1
90.8649
