1
0 86
0 99
1 23
1 65
2 184
2 219
3 40
3 150
4 195
4 219
5 88
5 194
6 24
6 155
7 63
7 286
8 9
8 51
9 223
10 209
10 213
11 41
11 189
12 225
12 287
13 134
13 203
14 129
14 297
15 170
15 266
16 109
16 210
17 159
17 275
18 287
18 293
19 126
19 237
20 78
20 185
21 54
21 90
22 24
22 204
23 248
25 28
25 233
26 262
26 298
27 76
27 166
28 116
29 135
29 247
30 53
30 180
31 62
31 176
32 187
32 214
33 133
33 231
34 52
34 201
35 166
35 289
36 98
36 285
37 175
37 270
38 42
38 110
39 165
39 183
40 76
41 57
42 101
43 140
43 237
44 208
44 259
45 169
45 249
46 55
46 292
47 142
47 161
48 125
48 255
49 58
49 236
50 177
50 275
51 253
52 85
53 168
54 263
55 154
56 98
56 279
57 127
58 211
59 190
59 291
60 246
60 252
61 175
61 181
62 68
63 77
64 89
64 190
65 202
66 199
66 264
67 75
67 81
68 167
69 252
69 265
70 242
70 243
71 177
71 286
72 100
72 198
73 78
73 255
74 156
74 218
75 178
77 146
79 232
79 271
80 142
80 192
81 127
82 144
82 288
83 120
83 245
84 105
84 261
85 109
86 194
87 212
87 271
88 132
89 232
90 104
91 269
91 288
92 160
92 170
93 196
93 235
94 102
94 148
95 143
95 160
96 293
96 294
97 153
97 187
99 183
100 138
101 224
102 159
103 112
103 254
104 276
105 282
106 163
106 165
107 184
107 245
108 191
108 215
110 145
111 216
111 266
112 215
113 121
113 279
114 162
114 284
115 174
115 225
116 231
117 126
117 241
118 272
118 284
119 149
119 197
120 283
121 248
122 150
122 295
123 171
123 280
124 158
124 200
125 256
128 163
128 208
129 162
130 239
130 243
131 145
131 295
132 222
133 222
134 168
135 269
136 198
136 262
137 193
137 238
138 229
139 201
139 257
140 189
141 202
141 258
143 250
144 296
146 227
147 199
147 210
148 273
149 244
151 171
151 218
152 192
152 249
153 290
154 220
155 191
156 217
157 221
157 263
158 258
161 186
164 186
164 273
167 299
169 257
172 227
172 260
173 214
173 260
174 297
176 268
178 289
179 250
179 292
180 256
181 259
182 272
182 299
185 264
188 206
188 281
193 274
195 206
196 212
197 205
200 278
203 230
204 228
205 234
207 251
207 265
209 268
211 221
213 251
216 228
217 220
223 239
224 238
226 230
226 234
235 240
236 274
240 270
241 246
242 296
244 281
247 278
253 254
261 298
267 285
267 291
276 280
277 282
277 283
290 294
300 229
301 233
-1 -1
1.10701
