1
0 40
0 249
1 215
1 376
2 10
2 92
3 327
3 374
4 183
4 226
5 311
5 378
6 59
6 361
7 148
7 153
8 117
8 269
9 209
9 292
10 58
11 164
11 210
12 205
12 280
13 47
13 324
14 37
14 317
15 141
15 251
16 44
16 94
17 184
17 250
18 105
18 123
19 118
19 201
20 154
20 368
21 74
21 305
22 124
22 271
23 112
23 167
24 152
24 229
25 160
25 361
26 198
26 270
27 36
27 365
28 199
28 393
29 207
29 341
30 195
30 279
31 203
31 274
32 308
32 315
33 232
33 358
34 311
34 363
35 79
35 180
36 86
37 246
38 118
38 325
39 284
39 303
40 286
41 207
41 314
42 194
42 373
43 213
43 263
44 263
45 87
45 235
46 253
46 285
47 171
48 213
48 279
49 104
49 220
50 52
50 90
51 169
51 370
52 88
53 206
53 334
54 165
54 300
55 135
55 234
56 61
56 131
57 256
57 393
58 200
59 204
60 121
60 244
61 335
62 281
62 364
63 78
63 244
64 80
64 241
65 110
65 315
66 215
66 238
67 232
67 347
68 339
68 384
69 144
69 187
70 276
70 391
71 80
71 373
72 169
72 194
73 93
73 248
74 378
75 96
75 211
76 113
76 131
77 91
77 377
78 399
79 305
81 285
81 371
82 236
82 364
83 193
83 196
84 275
84 292
85 103
85 190
86 91
87 125
88 154
89 216
89 356
90 342
92 289
93 301
94 297
95 282
95 341
96 360
97 192
97 230
98 113
98 372
99 125
99 173
100 268
100 385
101 340
101 392
102 187
102 320
103 150
104 295
105 161
106 167
106 283
107 168
107 216
108 160
108 388
109 142
109 381
110 387
111 228
111 396
112 293
114 322
114 394
115 264
115 343
116 192
116 214
117 330
119 260
119 268
120 134
120 199
121 343
122 302
122 380
123 197
124 228
126 129
126 241
127 140
127 202
128 250
128 331
129 376
130 221
130 382
132 309
132 344
133 171
133 261
134 323
135 185
136 158
136 328
137 258
137 349
138 306
138 338
139 221
139 239
140 326
141 369
142 175
143 191
143 209
144 265
145 223
145 333
146 254
146 372
147 177
147 245
148 278
149 290
149 307
150 195
151 328
151 384
152 332
153 163
155 206
155 310
156 351
156 375
157 182
157 346
158 262
159 177
159 193
161 293
162 254
162 354
163 220
164 379
165 337
166 238
166 352
168 275
170 286
170 288
172 234
172 271
173 345
174 214
174 294
175 371
176 381
176 390
178 198
178 359
179 197
179 218
180 312
181 210
181 243
182 219
183 273
184 301
185 295
186 201
186 219
188 222
188 233
189 257
189 277
190 365
191 217
196 218
200 287
202 350
203 313
204 330
205 262
208 247
208 266
212 327
212 349
217 367
222 360
223 298
224 227
224 320
225 366
225 397
226 245
227 251
229 243
230 264
231 338
231 377
233 296
235 256
236 242
237 284
237 304
239 278
240 306
240 318
242 394
246 382
247 336
248 260
249 368
252 308
252 366
253 357
255 316
255 322
257 309
258 380
259 291
259 354
261 272
265 350
266 313
267 317
267 390
269 392
270 388
272 283
273 370
274 287
276 325
277 399
280 340
281 351
282 326
288 383
289 363
290 386
291 387
294 299
296 316
297 358
298 344
299 323
300 319
302 329
303 336
304 395
307 367
310 397
312 391
314 335
319 362
321 339
321 396
324 337
329 334
331 345
332 398
333 359
342 352
346 356
347 348
348 385
353 386
353 398
355 357
355 389
362 379
369 389
374 395
375 383
400 318
401 211
-1 -1
18.6731
