1
0 60
0 242
1 258
1 299
2 89
2 380
3 118
3 279
4 85
4 110
5 281
5 383
6 39
6 112
7 49
7 257
8 16
8 72
9 193
9 302
10 38
10 361
11 122
11 156
12 83
12 239
13 177
13 252
14 159
14 379
15 68
15 292
16 17
17 360
18 107
18 140
19 74
19 214
20 266
20 289
21 36
21 345
22 244
22 269
23 29
23 354
24 31
24 235
25 111
25 155
26 60
26 304
27 165
27 287
28 297
28 389
29 199
30 108
30 256
31 340
32 117
32 358
33 195
33 246
34 236
34 283
35 79
35 333
36 392
37 154
37 369
38 80
39 304
40 53
40 120
41 47
41 293
42 343
42 379
43 247
43 295
44 285
44 354
45 238
45 298
46 76
46 172
47 374
48 70
48 315
49 63
50 82
50 374
51 224
51 323
52 83
52 289
53 139
54 149
54 377
55 95
55 319
56 197
56 334
57 96
57 226
58 263
58 312
59 196
59 214
61 100
61 176
62 365
62 366
63 177
64 286
64 309
65 125
65 359
66 197
66 270
67 106
67 200
68 221
69 195
69 352
70 388
71 75
71 271
72 113
73 147
73 340
74 192
75 175
76 129
77 244
77 305
78 155
78 236
79 398
80 268
81 216
81 355
82 136
84 188
84 372
85 239
86 226
86 309
87 207
87 208
88 266
88 276
89 201
90 135
90 323
91 268
91 349
92 203
92 237
93 227
93 384
94 103
94 312
95 377
96 113
97 269
97 347
98 298
98 378
99 178
99 241
100 389
101 168
101 348
102 203
102 225
103 311
104 224
104 395
105 215
105 357
106 292
107 133
108 231
109 262
109 265
110 179
111 260
112 129
114 181
114 371
115 254
115 387
116 339
116 363
117 355
118 176
119 202
119 350
120 130
121 150
121 368
122 245
123 193
123 261
124 219
124 335
125 178
126 273
126 300
127 334
127 346
128 350
128 362
130 180
131 205
131 299
132 376
132 395
133 367
134 319
134 386
135 294
136 356
137 228
137 353
138 179
138 376
139 362
140 386
141 272
141 288
142 170
142 313
143 158
143 390
144 253
144 318
145 201
145 242
146 210
146 332
147 282
148 223
148 385
149 216
150 357
151 326
151 385
152 348
152 359
153 283
153 317
154 351
156 368
157 171
157 267
158 293
159 316
160 194
160 290
161 211
161 321
162 276
162 335
163 207
163 265
164 360
164 391
165 316
166 174
166 345
167 185
167 225
168 399
169 196
169 249
170 338
171 259
172 394
173 182
173 277
174 230
175 306
180 229
181 232
182 295
183 249
183 351
184 320
184 381
185 296
186 314
186 329
187 192
187 204
188 220
189 370
189 375
190 336
190 364
191 194
191 233
198 280
198 306
199 248
200 297
202 326
204 371
205 220
206 255
206 329
208 257
209 217
209 361
210 313
211 300
212 229
212 387
213 332
213 352
215 375
217 339
218 310
218 347
219 251
221 327
222 233
222 322
223 324
227 258
228 308
230 238
231 380
232 325
234 252
234 394
235 261
237 315
240 243
240 367
241 341
243 274
245 356
246 302
247 324
248 267
250 271
250 397
251 321
253 287
254 338
255 308
256 305
259 264
260 325
262 331
263 288
264 278
270 382
272 301
273 364
274 320
275 291
275 383
277 396
278 322
279 399
280 390
281 396
282 344
284 294
284 341
285 372
286 393
290 342
291 365
296 373
301 342
303 327
303 344
307 378
307 398
310 337
311 369
317 393
318 373
328 330
328 391
330 382
331 358
333 353
336 337
343 370
346 381
349 392
363 388
384 397
400 314
401 366
-1 -1
93.2483
