1
0 38
0 94
1 366
1 389
2 168
2 208
3 79
3 383
4 109
4 354
5 268
5 331
6 13
6 179
7 355
7 361
8 13
8 357
9 17
9 296
10 153
10 374
11 54
11 165
12 281
12 293
14 169
14 259
15 280
15 371
16 93
16 275
17 346
18 64
18 276
19 213
19 385
20 30
20 95
21 145
21 359
22 89
22 138
23 133
23 309
24 37
24 234
25 34
25 112
26 97
26 273
27 222
27 286
28 148
28 254
29 249
29 261
30 139
31 64
31 302
32 228
32 341
33 346
33 353
34 238
35 109
35 287
36 230
36 375
37 324
38 351
39 102
39 253
40 352
40 382
41 212
41 365
42 102
42 188
43 344
43 378
44 149
44 240
45 321
45 345
46 60
46 338
47 107
47 200
48 207
48 331
49 144
49 254
50 250
50 288
51 311
51 320
52 215
52 312
53 340
53 399
54 257
55 77
55 185
56 125
56 224
57 252
57 345
58 98
58 110
59 370
59 376
60 397
61 120
61 180
62 283
62 307
63 201
63 224
65 76
65 121
66 98
66 129
67 150
67 267
68 96
68 291
69 199
69 264
70 187
70 294
71 108
71 289
72 147
72 187
73 192
73 370
74 106
74 195
75 128
75 306
76 182
77 172
78 190
78 280
79 84
80 174
80 223
81 270
81 312
82 103
82 238
83 265
83 391
84 159
85 299
85 325
86 216
86 227
87 105
87 177
88 322
88 334
89 299
90 133
90 267
91 112
91 183
92 233
92 310
93 231
94 192
95 303
96 308
97 197
99 159
99 336
100 266
100 326
101 200
101 255
103 225
104 380
104 386
105 116
106 213
107 356
108 300
110 279
111 127
111 333
113 222
113 368
114 122
114 271
115 151
115 175
116 395
117 130
117 315
118 290
118 293
119 281
119 329
120 289
121 256
122 314
123 241
123 297
124 203
124 286
125 398
126 151
126 393
127 377
128 250
129 244
130 360
131 171
131 296
132 134
132 186
134 362
135 283
135 349
136 300
136 379
137 230
137 292
138 305
139 161
140 242
140 328
141 235
141 317
142 175
142 347
143 339
143 381
144 372
145 150
146 313
146 364
147 206
148 243
149 272
152 274
152 364
153 330
154 301
154 388
155 212
155 253
156 357
156 390
157 162
157 351
158 269
158 343
160 179
160 225
161 342
162 241
163 291
163 387
164 177
164 191
165 373
166 211
166 313
167 210
167 392
168 258
169 282
170 292
170 394
171 248
172 341
173 316
173 333
174 399
176 229
176 285
178 359
178 367
180 237
181 201
181 390
182 379
183 260
184 377
184 396
185 242
186 275
188 282
189 206
189 246
190 320
191 352
193 220
193 361
194 219
194 343
195 218
196 264
196 391
197 245
198 369
198 384
199 348
202 318
202 323
203 214
204 362
204 373
205 266
207 314
208 385
209 284
209 308
210 328
211 278
214 233
215 236
216 381
217 245
217 256
218 243
219 263
220 354
221 316
221 335
223 260
226 295
226 363
227 318
228 380
229 389
231 232
232 350
234 369
235 322
236 301
237 302
239 306
239 355
240 311
244 330
246 383
247 337
247 376
248 265
249 356
251 367
251 375
252 277
255 284
257 332
258 309
259 349
261 363
262 325
262 365
263 327
268 285
269 366
270 310
271 382
272 392
273 339
274 294
276 290
277 371
278 386
279 321
287 360
288 295
297 298
298 384
303 329
304 334
304 388
305 336
307 398
315 337
317 332
319 335
319 395
323 358
324 326
327 358
338 393
340 387
344 394
347 353
348 350
368 378
372 396
374 397
400 342
401 205
-1 -1
31.9278
