1
0 113
0 157
1 166
1 236
2 48
2 278
3 46
3 279
4 184
4 397
5 199
5 353
6 255
6 341
7 97
7 107
8 259
8 272
9 176
9 338
10 67
10 194
11 121
11 249
12 76
12 297
13 130
13 235
14 187
14 369
15 18
15 387
16 120
16 341
17 308
17 324
18 149
19 45
19 95
20 27
20 362
21 167
21 353
22 206
22 253
23 108
23 268
24 149
24 259
25 45
25 169
26 90
26 255
27 58
28 98
28 160
29 65
29 387
30 168
30 306
31 70
31 82
32 166
32 367
33 107
33 369
34 145
34 179
35 173
35 328
36 198
36 241
37 121
37 284
38 49
38 326
39 60
39 364
40 241
40 293
41 168
41 235
42 98
42 359
43 103
43 373
44 117
44 357
46 380
47 319
47 361
48 73
49 354
50 188
50 204
51 147
51 316
52 186
52 284
53 355
53 389
54 181
54 289
55 186
55 379
56 103
56 183
57 87
57 328
58 295
59 216
59 321
60 377
61 119
61 226
62 127
62 191
63 118
63 361
64 165
64 366
65 182
66 86
66 190
67 162
68 200
68 233
69 82
69 365
70 96
71 294
71 314
72 163
72 196
73 224
74 289
74 372
75 191
75 267
76 267
77 233
77 384
78 269
78 375
79 223
79 263
80 146
80 157
81 170
81 324
83 95
83 236
84 299
84 381
85 248
85 340
86 368
87 388
88 388
88 393
89 246
89 294
90 190
91 120
91 161
92 291
92 331
93 175
93 282
94 178
94 311
96 389
97 359
99 116
99 197
100 180
100 213
101 201
101 343
102 127
102 230
104 188
104 276
105 251
105 307
106 215
106 295
108 264
109 125
109 298
110 136
110 187
111 256
111 327
112 125
112 344
113 290
114 220
114 266
115 173
115 256
116 146
117 311
118 183
119 298
122 176
122 243
123 226
123 293
124 280
124 329
126 209
126 213
128 161
128 360
129 222
129 325
130 281
131 258
131 375
132 299
132 338
133 178
133 205
134 216
134 279
135 285
135 340
136 230
137 169
137 360
138 139
138 344
139 372
140 306
140 376
141 154
141 281
142 283
142 396
143 265
143 329
144 193
144 336
145 147
148 237
148 265
150 184
150 209
151 163
151 310
152 170
152 283
153 239
153 337
154 254
155 212
155 271
156 274
156 292
158 160
158 273
159 333
159 393
162 321
164 197
164 379
165 264
167 364
171 285
171 352
172 207
172 320
174 268
174 390
175 373
177 315
177 366
179 383
180 304
181 363
182 257
185 196
185 205
189 280
189 290
192 270
192 302
193 342
194 330
195 210
195 304
198 222
199 237
200 288
201 286
202 252
202 343
203 220
203 355
204 391
206 297
207 250
208 266
208 339
210 212
211 214
211 269
214 248
215 254
217 362
217 386
218 325
218 342
219 257
219 380
221 395
223 253
224 240
225 286
225 349
227 326
227 352
228 314
228 350
229 273
229 399
231 300
231 307
232 309
232 356
234 313
234 395
238 309
238 392
239 260
240 244
242 336
242 368
243 275
244 349
245 339
245 399
246 386
247 278
247 317
249 322
250 322
251 271
252 277
258 337
260 363
261 327
261 392
262 313
262 367
263 277
270 291
272 351
274 319
275 305
276 332
282 383
287 288
287 296
292 296
300 305
301 365
301 398
302 312
303 350
303 358
308 320
310 345
312 376
315 371
316 346
317 351
318 347
318 390
323 332
323 334
330 331
333 384
334 357
335 346
335 348
345 385
347 385
348 374
354 374
356 382
358 371
370 381
370 382
377 394
378 396
378 397
394 398
400 221
401 391
-1 -1
0.954976
