1
0 7
0 164
1 790
1 685
2 46
2 37
3 852
3 107
4 263
4 890
5 742
5 59
6 566
6 102
7 293
8 821
8 473
9 16
9 312
10 312
10 625
11 261
11 812
12 319
12 468
13 717
13 548
14 897
14 198
15 570
15 463
16 66
17 184
17 124
18 676
18 887
19 359
19 893
20 771
20 864
21 141
21 154
22 289
22 463
23 143
23 456
24 727
24 454
25 344
25 490
26 272
26 847
27 304
27 189
28 284
28 752
29 287
29 440
30 282
30 338
31 526
31 655
32 161
32 253
33 687
33 466
34 474
34 499
35 482
35 614
36 487
36 127
37 787
38 702
38 123
39 290
39 51
40 686
40 591
41 780
41 404
42 291
42 221
43 332
43 762
44 579
44 484
45 389
45 826
46 458
47 348
47 94
48 145
48 254
49 413
49 831
50 541
50 353
51 315
52 384
52 148
53 89
53 719
54 645
54 874
55 877
55 786
56 151
56 408
57 717
57 614
58 689
58 497
59 584
60 666
60 441
61 445
61 82
62 175
62 74
63 257
63 871
64 596
64 510
65 302
65 342
66 458
67 683
67 419
68 137
68 804
69 90
69 482
70 395
70 766
71 795
71 333
72 779
72 218
73 720
73 366
74 330
75 695
75 753
76 423
76 819
77 541
77 602
78 160
78 492
79 375
79 754
80 706
80 739
81 189
81 760
82 420
83 266
83 309
84 433
84 634
85 150
85 665
86 406
86 168
87 833
87 771
88 139
88 250
89 848
90 234
91 623
91 368
92 222
92 867
93 640
93 481
94 113
95 271
95 658
96 651
96 586
97 193
97 500
98 788
98 243
99 428
99 630
100 762
100 746
101 530
101 294
102 600
103 305
103 198
104 133
104 798
105 871
105 660
106 461
106 775
107 217
108 260
108 885
109 137
109 200
110 512
110 877
111 653
111 158
112 705
112 471
113 578
114 518
114 564
115 399
115 594
116 818
116 692
117 687
117 883
118 537
118 152
119 209
119 888
120 755
120 735
121 321
121 352
122 176
122 225
123 594
124 859
125 178
125 846
126 779
126 318
127 486
128 140
128 422
129 547
129 809
130 410
130 551
131 661
131 693
132 671
132 459
133 489
134 847
134 507
135 551
135 564
136 642
136 383
138 818
138 823
139 251
140 154
141 875
142 796
143 187
144 895
144 309
145 517
146 459
146 249
147 701
147 832
148 180
149 276
149 164
150 185
151 166
152 258
153 860
153 380
155 242
155 707
156 345
156 310
157 393
157 325
158 505
159 650
159 485
160 442
161 752
162 545
162 751
163 194
163 508
165 460
165 506
166 475
167 534
167 493
168 279
169 256
169 639
170 275
170 586
171 407
171 335
172 648
172 298
173 798
173 892
174 526
174 865
175 464
176 307
177 544
177 767
178 815
179 317
179 447
180 528
181 270
181 292
182 863
182 830
183 769
183 643
184 644
185 755
186 563
186 313
187 444
188 774
188 596
190 825
190 739
191 390
191 747
192 800
192 891
193 889
194 603
195 645
195 561
196 758
196 340
197 398
197 273
199 806
199 358
200 547
201 324
201 761
202 773
202 409
203 772
203 776
204 421
204 241
205 848
205 379
206 773
206 562
207 878
207 435
208 346
208 553
209 281
210 519
210 364
211 898
211 540
212 413
212 368
213 524
213 766
214 392
214 794
215 554
215 304
216 536
216 709
217 377
218 868
219 761
219 601
220 632
220 638
221 880
222 778
223 522
223 785
224 552
224 367
225 252
226 512
226 445
227 273
227 636
228 296
228 814
229 800
229 751
230 559
230 492
231 450
231 240
232 539
232 634
233 849
233 316
234 556
235 240
235 822
236 549
236 617
237 501
237 758
238 443
238 753
239 266
239 454
241 681
242 731
243 749
244 350
244 362
245 690
245 473
246 283
246 498
247 796
247 430
248 684
248 879
249 417
250 299
251 488
252 511
253 858
254 398
255 263
255 395
256 793
257 352
258 349
259 405
259 715
260 854
261 285
262 650
262 400
264 334
264 894
265 872
265 748
267 279
267 572
268 776
268 827
269 846
269 722
270 653
271 805
272 808
274 577
274 382
275 517
276 733
277 464
277 495
278 533
278 287
280 611
280 371
281 813
282 783
283 601
284 426
285 441
286 678
286 560
288 566
288 817
289 835
290 747
291 462
292 525
293 361
294 581
295 834
295 865
296 606
297 427
297 331
298 859
299 474
300 768
300 580
301 387
301 606
302 494
303 533
303 697
305 868
306 669
306 893
307 363
308 534
308 732
310 502
311 513
311 339
313 736
314 471
314 371
315 523
316 513
317 538
318 764
319 574
320 390
320 432
321 578
322 792
322 730
323 863
323 759
324 342
325 772
326 515
326 679
327 735
327 744
328 535
328 841
329 355
329 621
330 895
331 593
332 592
333 450
334 734
335 576
336 750
336 810
337 669
337 824
338 503
339 885
340 829
341 466
341 622
343 770
343 855
344 714
345 705
346 476
347 521
347 590
348 589
349 400
350 616
351 654
351 369
353 720
354 514
354 674
355 598
356 635
356 358
357 691
357 567
359 745
360 387
360 647
361 495
362 627
363 624
364 576
365 774
365 891
366 801
367 869
369 436
370 565
370 630
372 434
372 467
373 412
373 629
374 610
374 763
375 820
376 575
376 507
377 835
378 672
378 472
379 832
380 797
381 729
381 493
382 836
383 461
384 876
385 726
385 856
386 898
386 683
388 699
388 884
391 663
391 626
392 569
393 520
394 802
394 861
396 670
396 480
397 688
397 418
399 757
401 595
401 851
402 529
402 472
403 546
403 452
404 744
405 407
406 515
408 745
409 611
410 851
411 861
411 587
412 782
414 667
414 598
415 680
415 632
416 696
416 789
417 664
418 677
419 420
421 619
422 546
423 659
424 660
424 453
425 721
425 899
426 695
427 686
428 628
429 816
429 845
430 674
431 574
431 631
432 678
433 743
434 620
435 531
436 780
437 538
437 483
438 769
438 727
439 539
439 494
440 728
442 603
443 560
444 709
446 563
446 595
447 452
448 627
448 633
449 528
449 784
451 778
451 573
453 548
455 648
455 605
456 531
457 790
457 749
460 715
462 850
465 588
465 477
467 666
468 870
469 781
469 837
470 786
470 837
475 589
476 486
477 789
478 543
478 872
479 535
479 664
480 890
481 668
483 704
484 681
485 742
487 605
488 712
489 839
490 558
491 700
491 763
496 875
496 553
497 866
498 830
499 684
500 828
501 713
502 856
503 743
504 713
504 736
505 889
506 652
508 842
509 804
509 734
510 587
511 694
514 874
516 677
516 631
518 850
519 836
520 823
521 814
522 675
523 725
524 712
525 570
527 688
527 857
529 657
530 886
532 549
532 612
536 807
537 892
540 826
542 665
542 621
543 756
544 640
545 612
550 788
550 710
552 646
554 722
555 881
555 703
556 896
557 811
557 672
558 879
559 663
561 620
562 636
565 689
567 641
568 585
568 685
569 699
571 649
571 609
572 759
573 844
575 756
577 792
579 844
580 824
581 802
582 719
582 590
583 716
583 808
584 860
585 615
588 809
591 639
592 799
593 643
597 781
597 679
599 869
599 647
600 811
602 882
604 673
604 853
607 740
607 887
608 799
608 862
609 673
610 644
613 820
613 843
615 633
616 797
617 897
618 896
618 702
619 662
622 733
623 658
624 652
625 834
626 728
628 723
629 741
635 803
637 793
637 680
638 703
641 657
642 888
646 698
649 864
651 767
654 764
655 741
656 667
656 765
659 694
661 726
662 740
668 738
670 873
671 682
675 840
676 708
682 730
690 886
691 829
692 839
693 828
696 855
697 841
698 794
700 840
701 714
704 723
706 791
707 765
708 784
710 821
711 815
711 867
716 783
718 819
718 795
721 801
724 785
724 748
725 838
729 775
731 831
732 833
737 807
737 880
738 854
746 812
750 843
754 787
757 803
760 857
768 822
770 816
777 825
777 866
782 849
791 806
805 852
810 881
813 883
817 827
838 876
842 873
845 853
858 878
862 899
870 884
882 894
900 389
901 142
-1 -1
2.18559
