1
0 280
0 397
1 429
1 495
2 8
2 143
3 32
3 385
4 145
4 405
5 80
5 91
6 10
6 50
7 86
7 312
8 393
9 328
9 329
10 13
11 68
11 292
12 55
12 465
13 294
14 313
14 436
15 449
15 479
16 201
16 296
17 370
17 414
18 156
18 262
19 73
19 260
20 97
20 396
21 515
21 366
22 551
22 421
23 99
23 372
24 54
24 197
25 83
25 351
26 491
26 506
27 338
27 387
28 297
28 433
29 564
29 231
30 115
30 342
31 198
31 222
32 256
33 47
33 96
34 40
34 308
35 138
35 301
36 41
36 402
37 81
37 483
38 591
38 374
39 393
39 428
40 318
41 264
42 65
42 172
43 294
43 441
44 241
44 255
45 127
45 158
46 52
46 471
47 561
48 384
48 498
49 216
49 375
50 368
51 110
52 450
53 156
53 189
54 421
55 356
56 57
56 366
57 317
58 59
58 350
59 166
60 590
60 132
61 534
61 188
62 77
62 85
63 124
63 451
64 209
64 256
65 114
66 559
66 316
67 176
67 196
68 405
69 312
69 448
70 107
70 207
71 288
71 375
72 310
72 427
73 352
74 205
74 412
75 106
75 314
76 137
76 398
77 333
78 190
78 453
79 102
79 223
80 183
81 542
82 119
82 221
83 315
84 114
84 169
85 215
86 353
87 545
87 88
88 227
89 266
89 309
90 295
90 346
91 497
92 123
92 428
93 154
93 415
94 300
94 464
95 514
95 357
96 485
97 327
98 526
98 281
99 345
100 244
100 447
101 129
101 271
102 226
103 230
103 273
104 229
104 501
105 566
105 425
106 369
107 108
108 434
109 271
109 430
110 180
111 339
111 445
112 524
112 420
113 198
113 283
115 191
116 577
116 173
117 548
117 479
118 570
118 430
119 308
120 282
120 431
121 297
121 355
122 379
122 456
123 463
124 265
125 343
125 369
126 359
126 454
127 409
128 224
128 400
129 329
130 190
130 592
131 523
131 461
132 343
133 184
133 573
134 184
134 288
135 235
135 380
136 583
136 348
137 150
138 299
139 569
139 175
140 589
140 435
141 232
141 268
142 565
142 467
143 466
144 535
144 257
145 544
146 307
146 384
147 442
147 511
148 160
148 167
149 187
149 203
150 508
151 162
151 493
152 217
152 510
153 290
153 452
154 558
155 323
155 503
157 360
157 478
158 554
159 513
159 272
160 553
161 339
161 504
162 246
163 295
163 459
164 446
164 505
165 170
165 435
166 570
167 438
168 285
168 406
169 457
170 362
171 567
171 179
172 233
173 402
174 512
174 559
175 338
176 400
177 212
177 388
178 233
178 541
179 500
180 213
181 347
181 511
182 301
182 507
183 425
185 599
185 371
186 390
186 436
187 313
188 293
189 272
191 487
192 450
192 463
193 584
193 302
194 548
194 504
195 411
195 497
196 590
197 571
199 252
199 539
200 520
200 213
201 408
202 391
202 442
203 289
204 484
204 494
205 267
206 228
206 571
207 546
208 566
208 481
209 243
210 522
210 461
211 248
211 465
212 489
214 342
214 478
215 371
216 520
217 499
218 568
218 573
219 533
219 376
220 518
220 334
221 330
222 471
223 473
224 585
225 560
225 415
226 569
227 394
228 538
229 361
230 587
231 474
232 458
234 260
234 501
235 550
236 269
236 377
237 254
237 438
238 577
238 488
239 531
239 242
240 244
240 470
241 505
242 323
243 595
245 395
245 455
246 452
247 517
247 467
248 377
249 441
249 464
250 306
250 458
251 335
251 336
252 532
253 529
253 480
254 499
255 470
257 517
258 527
258 287
259 404
259 594
261 549
261 419
262 588
263 594
263 309
264 275
265 364
266 466
267 516
268 537
269 595
270 285
270 357
273 567
274 453
274 475
275 358
276 315
276 318
277 304
277 352
278 515
278 448
279 518
279 376
280 576
281 481
282 392
283 493
284 563
284 332
286 558
286 457
287 403
289 598
290 547
291 302
291 356
292 319
293 502
296 579
298 382
298 440
299 325
300 544
303 556
303 433
304 525
305 474
305 477
306 381
307 335
310 498
311 532
311 336
314 468
316 349
317 330
319 447
320 552
320 560
321 469
321 490
322 519
322 599
324 326
324 389
325 414
326 337
327 492
328 346
331 419
331 503
332 482
333 462
334 398
337 394
340 380
340 475
341 527
341 456
344 583
344 592
345 555
348 412
349 582
350 418
351 446
353 513
354 522
354 373
355 422
358 383
359 576
360 528
361 580
362 424
363 535
363 444
364 552
365 529
365 403
367 381
367 472
368 486
370 597
372 537
373 455
374 578
378 396
378 507
379 581
382 418
383 545
385 546
386 423
386 439
387 490
388 437
389 397
390 444
391 496
392 423
395 413
399 564
399 485
401 420
401 482
404 598
406 408
407 536
407 486
409 480
410 424
410 473
411 462
413 426
416 528
416 582
417 451
417 596
422 509
426 516
427 524
429 551
431 586
432 575
432 459
434 565
437 514
439 492
440 496
443 445
443 491
449 563
454 541
460 540
460 554
468 539
469 530
472 596
476 581
476 483
477 574
484 526
487 543
488 509
489 555
494 587
495 525
500 557
502 575
506 580
508 574
510 597
512 572
519 523
521 550
521 538
530 568
531 557
533 579
534 586
536 556
540 547
542 561
543 584
549 562
553 588
562 593
572 585
578 593
589 591
600 347
601 51
-1 -1
18.9589
