1
0 71
0 341
1 322
1 367
2 532
2 319
3 39
3 175
4 56
4 522
5 270
5 444
6 589
6 217
7 65
7 321
8 10
8 316
9 64
9 189
10 190
11 19
11 203
12 536
12 537
13 25
13 306
14 390
14 404
15 371
15 580
16 67
16 168
17 18
17 59
18 317
19 46
20 523
20 331
21 81
21 267
22 23
22 259
23 446
24 150
24 202
25 454
26 542
26 549
27 257
27 363
28 60
28 471
29 566
29 168
30 134
30 332
31 561
31 308
32 258
32 500
33 281
33 360
34 171
34 408
35 317
35 484
36 53
36 326
37 86
37 164
38 256
38 574
39 69
40 353
40 355
41 166
41 488
42 272
42 289
43 61
43 81
44 339
44 388
45 127
45 259
46 358
47 79
47 598
48 93
48 295
49 98
49 413
50 173
50 391
51 583
51 121
52 328
52 440
53 332
54 167
54 305
55 174
55 298
56 422
57 60
57 453
58 160
59 384
61 229
62 273
62 405
63 90
63 101
64 478
65 249
66 542
66 137
67 209
68 342
68 366
69 389
70 157
70 342
71 310
72 535
72 581
73 592
73 169
74 522
74 301
75 224
75 234
76 543
76 498
77 338
77 498
78 99
78 330
79 426
80 339
80 488
82 419
82 452
83 118
83 269
84 235
84 480
85 182
85 328
86 402
87 264
87 385
88 208
88 487
89 372
89 480
90 377
91 261
91 320
92 470
92 493
93 455
94 102
94 253
95 163
95 260
96 549
96 476
97 251
97 264
98 246
99 337
100 236
100 290
101 116
102 470
103 353
103 358
104 520
104 204
105 210
105 243
106 157
106 214
107 122
107 198
108 195
108 468
109 161
109 271
110 537
110 548
111 189
111 324
112 380
112 528
113 248
113 571
114 284
114 435
115 527
115 462
116 582
117 178
117 401
118 120
119 238
119 459
120 599
121 456
122 545
123 449
123 476
124 541
124 303
125 154
125 369
126 577
126 274
127 433
128 155
128 438
129 562
129 232
130 513
130 492
131 421
131 504
132 165
132 330
133 578
133 255
134 188
135 231
135 447
136 170
136 429
137 234
138 258
138 360
139 571
139 201
140 262
140 464
141 223
141 428
142 538
142 559
143 200
143 436
144 588
144 291
145 578
145 270
146 589
146 412
147 312
147 391
148 206
148 366
149 241
149 398
150 462
151 388
151 481
152 586
152 313
153 380
153 509
154 495
155 464
156 584
156 466
158 211
158 254
159 512
159 245
160 450
161 417
162 292
162 555
163 593
164 357
165 507
166 501
167 179
169 239
170 552
171 280
172 598
172 448
173 479
174 560
175 318
176 187
176 238
177 249
177 425
178 444
179 448
180 325
180 486
181 568
181 446
182 276
183 261
183 267
184 536
184 583
185 590
185 374
186 289
186 343
187 376
188 283
190 509
191 521
191 262
192 354
192 500
193 219
193 307
194 548
194 558
195 461
196 286
196 420
197 321
197 457
198 209
199 292
199 562
200 311
201 591
202 375
203 453
204 477
205 570
205 455
206 269
207 290
207 399
208 266
210 567
211 237
212 301
212 491
213 558
213 396
214 331
215 531
215 414
216 407
216 502
217 409
218 296
218 443
219 469
220 591
220 438
221 378
221 393
222 597
222 411
223 281
224 386
225 512
225 365
226 518
226 271
227 278
227 475
228 563
228 361
229 314
230 495
230 497
231 399
232 551
233 553
233 456
235 370
236 327
237 265
239 243
240 404
240 440
241 458
242 519
242 431
244 368
244 499
245 439
246 514
247 525
247 294
248 347
250 534
250 594
251 551
252 327
252 592
253 490
254 435
255 490
256 350
257 557
260 565
263 595
263 387
265 346
266 352
268 547
268 478
272 489
273 277
274 416
275 560
275 423
276 333
277 349
278 352
279 293
279 432
280 297
282 320
282 508
283 372
284 474
285 287
285 346
286 309
287 463
288 539
288 546
291 437
293 422
294 529
295 393
296 411
297 415
298 567
299 351
299 466
300 379
300 414
302 348
302 369
303 304
304 565
305 368
306 418
307 515
308 400
309 544
310 557
311 364
312 429
313 329
314 374
315 344
315 445
316 326
318 494
319 432
322 362
323 597
323 585
324 519
325 343
329 530
333 396
334 336
334 511
335 575
335 497
336 533
337 513
338 474
340 564
340 395
341 373
344 406
345 430
345 442
347 425
348 451
349 357
350 491
351 553
354 555
355 493
356 544
356 496
359 564
359 441
361 506
362 408
363 437
364 398
365 566
367 383
370 532
371 504
373 585
375 426
376 387
377 481
378 533
379 499
381 552
381 382
382 556
383 423
384 587
385 394
386 517
389 465
390 579
392 526
392 540
394 531
397 523
397 424
400 450
401 482
402 413
403 427
403 434
405 465
406 430
407 581
409 539
410 570
410 416
412 443
415 436
417 473
418 487
419 424
420 517
421 595
427 447
428 596
431 572
433 467
434 580
439 505
441 496
442 550
445 516
449 460
451 489
452 492
454 559
457 469
458 593
459 511
460 582
461 528
463 538
467 534
468 546
471 554
472 520
472 514
473 479
475 502
477 545
482 484
483 587
483 485
485 584
486 573
494 524
501 543
503 516
503 510
505 561
506 569
507 524
508 550
510 521
515 527
518 575
525 588
526 541
529 573
530 579
535 596
540 590
547 599
554 577
556 586
563 572
568 576
569 594
574 576
600 395
601 58
-1 -1
19.8185
