1
0 54
0 192
1 300
1 330
2 7
2 414
3 78
3 269
4 136
4 360
5 341
5 509
6 547
6 496
7 564
8 405
8 491
9 28
9 342
10 206
10 433
11 51
11 591
12 534
12 277
13 181
13 449
14 76
14 79
15 514
15 389
16 219
16 269
17 76
17 592
18 387
18 439
19 170
19 221
20 590
20 404
21 592
21 325
22 392
22 436
23 38
23 290
24 138
24 184
25 279
25 465
26 523
26 352
27 533
27 314
28 101
29 527
29 96
30 436
30 501
31 66
31 102
32 594
32 256
33 170
33 261
34 77
34 291
35 335
35 344
36 116
36 142
37 265
37 332
39 180
39 460
40 309
40 595
41 44
41 441
42 197
42 453
43 139
43 375
44 215
45 193
45 246
46 147
46 537
47 168
47 202
48 456
48 478
49 435
50 158
50 180
51 117
52 213
52 486
53 237
53 316
54 423
55 234
55 462
56 126
56 476
57 129
57 574
58 578
58 359
59 121
59 454
60 70
60 510
61 539
61 205
62 108
62 203
63 195
63 280
64 130
64 131
65 390
65 446
66 124
67 293
67 369
68 240
68 416
69 235
69 367
70 530
71 94
71 447
72 212
72 283
73 112
73 276
74 355
74 399
75 133
75 412
77 85
78 382
79 511
80 159
80 383
81 577
81 84
82 95
82 207
83 559
83 558
84 518
85 461
86 472
86 498
87 515
87 385
88 356
88 396
89 423
89 439
90 577
90 353
91 418
91 426
92 147
92 151
93 146
93 329
94 130
95 486
96 187
97 159
97 376
98 566
98 408
99 196
99 255
100 554
100 326
101 563
102 390
103 204
103 588
104 555
104 407
105 263
105 474
106 135
106 445
107 324
107 471
108 444
109 544
109 581
110 584
110 457
111 370
111 461
112 291
113 149
113 333
114 237
114 557
115 354
115 358
116 553
117 432
118 177
118 249
119 238
119 286
120 549
120 238
121 257
122 218
122 564
123 597
123 378
124 508
125 388
125 398
126 528
127 188
127 265
128 301
128 325
129 349
131 371
132 251
132 381
133 278
134 231
134 301
135 380
136 455
137 585
137 252
138 440
139 184
140 235
140 424
141 201
141 364
142 305
143 209
143 458
144 529
144 188
145 340
145 492
146 430
148 321
148 366
149 404
150 374
150 502
151 281
152 589
152 205
153 310
153 499
154 373
154 387
155 429
155 594
156 289
156 433
157 271
157 468
158 211
160 343
160 475
161 524
161 214
162 327
162 396
163 409
163 488
164 545
164 490
165 297
165 481
166 520
166 470
167 552
167 395
168 315
169 310
169 421
171 251
171 379
172 230
172 351
173 554
173 573
174 571
174 305
175 213
175 473
176 263
176 427
177 403
178 573
178 350
179 389
179 489
181 539
182 250
182 286
183 514
183 545
185 199
185 479
186 364
186 384
187 245
189 285
189 308
190 541
190 432
191 596
191 362
192 371
193 381
194 535
194 442
195 491
196 403
197 276
198 211
198 262
199 327
200 285
200 348
201 505
202 363
203 538
204 283
206 557
207 299
208 375
208 593
209 350
210 328
210 435
212 434
214 226
215 268
216 315
216 427
217 313
217 406
218 484
219 385
220 586
220 272
221 567
222 370
222 426
223 296
223 483
224 243
224 464
225 422
225 543
226 296
227 572
227 431
228 569
228 282
229 553
229 575
230 531
231 284
232 233
232 303
233 307
234 556
236 529
236 540
239 429
239 437
240 560
241 571
241 273
242 550
242 497
243 578
244 524
244 394
245 288
246 525
247 384
247 430
248 308
248 339
249 294
250 443
252 318
253 331
253 410
254 559
254 292
255 415
256 515
257 422
258 581
258 304
259 576
259 591
260 518
260 584
261 445
262 264
264 402
266 440
266 484
267 549
267 408
268 580
270 443
270 507
271 358
272 452
273 395
274 547
274 288
275 338
275 493
277 413
278 586
279 504
280 467
281 582
282 300
284 383
287 289
287 324
290 420
292 481
293 599
294 409
295 513
295 334
297 583
298 311
298 391
299 400
302 366
302 497
303 579
304 501
306 345
306 346
307 478
309 398
311 527
312 393
312 503
313 468
314 448
316 509
317 576
317 399
318 537
319 378
319 499
320 536
320 472
321 502
322 479
322 507
323 446
323 483
326 579
328 357
329 428
330 333
331 368
332 471
334 335
336 413
336 425
337 560
337 414
338 568
339 434
340 498
341 451
342 475
343 476
344 558
345 454
346 349
347 354
347 460
348 512
351 570
352 522
353 520
355 424
356 563
357 415
359 565
360 488
361 561
361 362
363 465
365 561
365 489
367 533
368 419
369 377
372 397
372 447
373 569
374 506
376 590
377 562
379 599
380 459
382 512
386 544
386 418
388 485
391 513
392 473
393 450
394 495
397 548
400 455
401 521
401 535
402 583
405 449
406 505
407 444
410 480
411 438
411 464
412 480
416 448
417 552
417 450
419 504
420 463
421 494
425 519
428 562
431 525
437 516
438 546
441 543
442 542
451 598
452 534
453 493
456 587
457 463
458 482
459 469
462 598
466 593
466 477
467 565
469 587
470 494
474 526
477 548
482 570
485 508
487 556
487 496
490 500
492 503
495 574
500 580
506 540
510 516
511 521
517 538
517 567
519 555
522 526
523 588
528 550
530 597
531 532
532 546
536 596
541 568
542 566
551 572
551 595
575 585
582 589
600 38
601 49
-1 -1
63.1493
