1
0 95
0 115
1 125
1 151
2 285
2 295
3 17
3 98
4 128
4 195
5 92
5 225
6 248
6 253
7 123
7 211
8 26
8 139
9 86
9 172
10 153
10 198
11 134
11 288
12 131
12 263
13 24
13 93
14 106
14 299
15 101
15 216
16 122
16 266
17 150
18 38
18 117
19 22
19 213
20 63
20 64
21 47
21 202
22 108
23 25
23 234
24 154
25 138
26 76
27 75
27 187
28 79
28 83
29 77
29 211
30 147
30 242
31 50
31 173
32 40
32 126
33 204
33 268
34 87
34 280
35 105
35 243
36 111
36 257
37 160
37 286
38 160
39 197
39 250
40 261
41 182
41 298
42 169
42 277
43 158
43 174
44 115
44 157
45 104
45 264
46 70
46 215
47 118
48 171
48 206
49 137
49 147
50 60
51 144
51 179
52 56
52 244
53 144
53 294
54 219
54 296
55 94
55 284
56 227
57 149
57 192
58 80
58 110
59 74
59 185
60 256
61 189
61 223
62 175
62 205
63 91
64 177
65 262
65 277
66 203
66 231
67 136
67 143
68 241
68 274
69 113
69 289
70 205
71 176
71 278
72 168
72 245
73 162
73 184
74 220
75 145
76 215
77 279
78 208
78 232
79 184
80 119
81 110
81 293
82 97
82 118
83 226
84 137
84 252
85 203
85 255
86 150
87 260
88 246
88 297
89 121
89 237
90 165
90 227
91 206
92 112
93 207
94 222
95 229
96 114
96 124
97 120
98 183
99 105
99 254
100 155
100 193
101 141
102 181
102 209
103 109
103 270
104 267
106 252
107 114
107 130
108 182
109 216
111 132
112 228
113 222
116 167
116 239
117 158
119 290
120 281
121 224
122 159
123 249
124 230
125 133
126 243
127 156
127 183
128 145
129 191
129 250
130 143
131 238
132 199
133 272
134 283
135 258
135 259
136 171
138 221
139 265
140 164
140 284
141 148
142 212
142 233
146 181
146 239
148 286
149 232
151 276
152 224
152 231
153 177
154 229
155 235
156 201
157 217
159 245
161 191
161 287
162 273
163 292
163 299
164 288
165 168
166 180
166 257
167 194
169 223
170 253
170 296
172 221
173 179
174 208
175 193
176 210
178 263
178 271
180 285
185 266
186 214
186 294
187 197
188 270
188 282
189 190
190 218
192 201
194 290
195 200
196 238
196 242
198 295
199 228
200 264
204 244
207 271
209 291
210 212
213 280
214 260
217 279
218 236
219 225
220 236
226 246
230 262
233 274
234 267
235 255
237 275
240 265
240 293
241 287
247 269
248 283
249 258
251 254
251 268
256 289
259 298
261 282
269 278
272 291
273 292
275 281
276 297
300 247
301 202
-1 -1
1.07934
