1
0 288
0 302
1 362
1 47
2 135
2 62
3 581
3 145
4 340
4 347
5 342
5 48
6 551
6 461
7 436
7 116
8 460
8 109
9 576
9 242
10 133
10 109
11 445
11 285
12 102
12 509
13 152
13 278
14 284
14 158
15 41
15 485
16 101
16 313
17 225
17 118
18 45
18 466
19 302
19 317
20 514
20 594
21 39
21 76
22 165
22 237
23 205
23 338
24 66
24 346
25 199
25 584
26 139
26 517
27 470
27 45
28 532
28 357
29 371
29 250
30 169
30 249
31 67
31 53
32 67
32 471
33 238
34 568
34 440
35 407
35 590
36 361
36 180
37 96
37 219
38 398
38 314
39 357
40 44
40 563
41 374
42 287
42 379
43 162
43 95
44 82
46 198
46 543
47 233
48 168
49 119
49 341
50 448
50 342
51 515
51 561
52 390
52 173
53 533
54 356
54 294
55 299
55 547
56 84
56 187
57 547
57 404
58 389
58 262
59 263
59 117
60 344
60 373
61 462
61 222
62 254
63 589
63 146
64 515
64 571
65 545
65 97
66 556
68 431
68 537
69 150
69 110
70 227
70 561
71 327
71 549
72 246
72 317
73 149
73 134
74 154
74 500
75 195
75 442
76 258
77 278
77 93
78 576
78 196
79 344
79 575
80 408
80 409
81 395
81 115
82 106
83 377
83 567
84 369
85 206
85 558
86 392
86 120
87 514
87 180
88 536
88 202
89 215
89 100
90 570
90 328
91 256
91 159
92 221
92 510
93 163
94 545
94 430
95 305
96 574
97 306
98 324
98 125
99 582
99 126
100 179
101 172
102 502
103 310
103 477
104 582
104 157
105 269
105 538
106 345
107 160
107 120
108 290
108 175
110 559
111 537
111 409
112 454
112 122
113 147
113 479
114 283
114 358
115 304
116 364
117 527
118 206
119 163
121 212
121 421
122 577
123 325
123 565
124 411
124 488
125 346
126 179
127 341
127 541
128 441
128 213
129 516
129 565
130 583
130 216
131 467
131 365
132 459
132 155
133 170
134 137
135 228
136 270
136 159
137 596
138 289
138 435
139 397
140 580
140 383
141 193
141 326
142 581
142 428
143 282
143 226
144 281
144 309
145 493
146 555
147 223
148 431
148 319
149 533
150 452
151 465
151 468
152 183
153 322
153 578
154 446
155 423
156 353
156 211
157 232
158 222
160 323
161 333
161 580
162 227
164 337
164 332
165 334
166 412
166 247
167 275
167 490
168 552
169 254
170 531
171 398
171 378
172 505
173 584
174 320
174 478
175 339
176 376
176 231
177 386
177 207
178 207
178 527
181 480
181 433
182 336
182 369
183 291
184 566
184 560
185 364
185 572
186 360
186 315
187 300
188 322
188 248
189 331
189 200
190 400
190 415
191 391
191 402
192 285
192 492
193 539
194 268
194 543
195 503
196 498
197 406
197 497
198 377
199 524
200 349
201 456
201 476
202 494
203 391
203 507
204 370
204 544
205 531
208 269
208 595
209 289
209 566
210 464
210 437
211 425
212 540
213 286
214 283
214 484
215 300
216 376
217 450
217 436
218 456
218 479
219 596
220 487
220 489
221 352
223 328
224 516
224 401
225 299
226 447
228 552
229 239
230 550
230 359
231 493
232 491
233 453
234 451
234 415
235 277
235 311
236 329
236 535
237 498
238 259
239 266
240 387
240 472
241 303
241 542
242 392
243 271
243 274
244 433
244 416
245 579
245 507
246 519
247 373
248 457
249 526
250 452
251 325
251 381
252 311
252 571
253 484
253 282
255 550
255 423
256 403
257 525
257 359
258 345
259 279
260 521
260 273
261 495
261 381
262 372
263 599
264 419
264 548
265 435
265 382
266 403
267 546
267 505
268 347
270 449
271 316
272 362
272 559
273 518
274 406
275 459
276 483
276 335
277 429
279 333
280 506
280 397
281 439
284 476
286 463
287 460
288 417
290 380
291 343
292 420
292 465
293 461
293 574
294 393
295 297
295 365
296 473
296 383
297 482
298 546
298 555
301 593
301 309
303 477
304 577
305 321
306 501
307 329
307 510
308 410
308 486
310 501
312 413
312 379
313 490
314 556
315 396
316 363
318 595
318 356
319 434
320 511
321 475
323 427
324 351
326 432
327 394
330 536
330 438
331 405
332 385
334 349
335 470
336 337
338 511
339 348
340 513
343 494
348 517
350 586
350 594
351 597
352 387
353 558
354 598
354 562
355 513
355 402
358 473
360 368
361 553
363 557
366 462
366 407
367 416
367 426
368 588
370 486
371 475
372 393
374 426
375 422
375 508
378 523
380 424
382 548
384 480
384 541
385 469
386 512
388 434
388 585
389 443
390 404
394 395
396 444
399 448
399 590
400 593
401 524
405 591
408 529
410 464
411 457
412 472
413 564
414 538
414 508
417 563
418 522
418 427
419 523
420 591
421 478
422 440
424 592
425 506
428 519
429 540
430 520
432 583
437 458
438 453
439 578
441 529
442 539
443 587
444 455
445 572
446 520
447 528
449 530
450 451
454 551
455 569
458 587
463 579
466 503
467 562
468 588
469 512
471 544
474 589
474 504
481 592
481 564
482 560
483 496
485 585
487 554
488 518
489 528
491 535
492 525
495 522
496 499
497 532
499 521
500 573
502 598
504 575
509 568
526 549
530 534
534 599
542 597
553 570
554 569
557 573
567 586
600 229
601 33
-1 -1
12.2096
