300 2239
0 192
0 161
0 3
0 100
0 193
0 76
0 202
0 75
0 204
0 240
0 299
0 246
0 281
0 121
0 190
1 160
1 129
1 163
1 36
1 55
1 161
1 232
1 73
1 107
1 205
1 270
1 164
1 84
1 62
1 87
1 120
1 116
1 4
1 261
2 253
2 33
2 251
2 100
2 230
2 257
2 8
2 236
2 13
2 110
2 111
2 16
2 209
2 51
2 122
2 79
2 232
2 190
3 228
3 38
3 200
3 298
3 247
3 45
3 253
3 272
3 168
3 18
3 118
3 119
3 248
3 155
3 232
4 195
4 65
4 232
4 199
4 210
4 238
4 237
4 114
4 277
4 214
4 89
4 252
5 66
5 37
5 40
5 41
5 234
5 143
5 272
5 113
5 20
5 87
5 120
5 123
5 298
5 63
6 194
6 99
6 243
6 137
6 138
6 12
6 45
6 142
6 112
6 179
6 116
6 236
6 56
6 250
6 252
7 289
7 35
7 135
7 139
7 172
7 151
7 176
7 273
7 242
7 19
7 215
7 55
7 123
7 188
7 30
7 247
8 113
8 294
8 146
8 151
8 73
8 289
8 98
8 158
9 192
9 129
9 258
9 195
9 132
9 69
9 193
9 136
9 137
9 203
9 270
9 22
9 87
9 88
9 196
9 58
9 30
9 133
9 291
9 293
9 174
9 264
9 94
9 118
9 201
9 122
9 59
10 64
10 280
10 297
10 197
10 281
10 216
10 265
10 47
10 124
10 255
10 175
11 64
11 224
11 226
11 261
11 199
11 200
11 298
11 247
11 77
11 20
11 215
11 282
11 157
12 257
12 278
12 67
12 68
12 270
12 87
12 297
12 250
12 94
13 35
13 228
13 263
13 258
13 175
13 109
13 34
13 14
13 47
13 17
13 18
13 131
13 219
13 119
13 159
13 188
13 93
13 31
14 128
14 192
14 259
14 68
14 71
14 202
14 272
14 213
14 214
14 21
14 117
15 98
15 211
15 261
15 134
15 291
15 28
15 250
15 91
15 76
15 222
15 223
16 192
16 34
16 37
16 294
16 233
16 141
16 109
16 151
16 121
16 282
16 127
16 229
17 32
17 193
17 67
17 135
17 28
17 242
17 210
17 116
17 118
17 56
17 186
17 60
18 261
18 54
18 137
18 298
18 151
18 47
18 273
18 210
18 259
18 22
18 87
18 184
18 293
18 63
18 220
18 159
19 241
19 114
19 180
19 196
19 276
19 25
19 123
19 265
19 253
20 162
20 299
20 100
20 103
20 226
20 42
20 173
20 157
20 253
20 213
20 152
20 292
20 125
21 97
21 163
21 164
21 70
21 263
21 275
21 236
21 295
21 44
21 178
21 143
21 216
21 50
21 83
21 88
21 186
22 128
22 161
22 212
22 57
22 73
22 199
22 140
22 269
23 288
23 179
23 214
23 102
23 217
23 108
23 95
23 140
23 238
23 159
24 33
24 235
24 292
24 197
24 103
24 40
24 28
24 43
24 223
24 208
24 200
24 241
24 186
24 123
24 60
24 280
24 191
25 288
25 51
25 227
25 229
25 198
25 71
25 236
25 175
25 80
25 241
25 282
25 89
25 26
25 273
25 286
26 256
26 200
26 105
26 279
26 108
26 142
26 144
26 168
26 52
26 110
26 278
26 233
26 125
26 223
27 128
27 176
27 240
27 83
27 287
27 136
27 138
27 171
27 255
27 109
27 141
28 288
28 259
28 38
28 167
28 136
28 265
28 114
28 78
28 208
28 82
28 291
28 90
28 60
28 248
29 32
29 97
29 253
29 105
29 128
29 75
29 204
29 78
29 207
29 287
29 242
29 179
29 116
29 170
29 234
29 239
29 189
29 127
30 209
30 148
30 260
30 200
30 283
30 276
30 174
30 143
31 241
31 34
31 267
31 164
31 229
31 249
31 185
31 258
31 139
31 236
32 209
32 163
32 101
32 81
32 266
32 210
32 270
32 146
32 243
32 284
32 197
33 259
33 150
33 205
33 238
33 116
33 246
33 121
33 212
33 60
33 221
34 224
34 161
34 229
34 257
34 254
34 211
34 181
34 214
34 119
34 93
34 62
35 48
35 81
35 98
35 69
35 202
35 267
35 108
35 286
35 255
36 224
36 200
36 233
36 114
36 50
36 246
36 88
36 121
36 186
36 220
36 93
36 63
37 224
37 289
37 228
37 295
37 73
37 204
37 270
37 271
37 148
37 238
37 58
37 117
38 131
38 294
38 233
38 203
38 140
38 114
38 67
38 84
38 181
38 183
38 216
38 267
38 218
38 187
38 149
39 64
39 291
39 68
39 294
39 134
39 167
39 297
39 268
39 173
39 110
39 207
39 146
39 269
39 54
39 164
39 58
39 92
39 122
40 196
40 268
40 242
40 142
40 143
40 113
40 114
40 179
40 110
40 56
40 124
40 293
41 295
41 275
41 133
41 71
41 168
41 249
41 263
41 284
42 267
42 238
42 271
42 240
42 209
42 242
42 211
42 85
42 183
42 151
42 95
43 96
43 296
43 163
43 164
43 214
43 70
43 136
43 170
43 141
43 206
43 173
43 180
43 51
43 84
43 54
43 120
43 57
43 220
43 61
43 261
44 288
44 225
44 196
44 241
44 172
44 141
44 81
44 52
44 55
44 56
44 84
45 288
45 228
45 199
45 232
45 92
45 266
45 267
45 109
45 145
45 146
45 259
45 292
45 188
45 299
46 194
46 292
46 262
46 230
46 200
46 138
46 299
46 238
46 210
46 149
46 187
46 92
46 222
47 160
47 224
47 163
47 71
47 210
47 107
47 205
47 173
47 212
47 245
47 182
47 184
47 250
48 144
48 164
48 150
48 183
48 233
48 218
48 252
48 221
49 129
49 98
49 69
49 75
49 177
49 242
49 116
49 277
49 214
49 184
49 154
49 156
49 286
50 257
50 169
50 177
50 82
50 246
50 87
50 88
50 89
50 250
50 187
50 222
51 128
51 160
51 163
51 228
51 165
51 279
51 263
51 266
51 236
51 290
51 80
51 241
51 115
51 52
51 89
51 287
52 227
52 141
52 253
52 176
52 177
52 245
52 124
52 122
52 190
52 95
53 256
53 164
53 293
53 262
53 263
53 233
53 196
53 269
53 142
53 178
53 212
53 117
53 278
53 248
53 217
53 58
53 266
54 288
54 176
54 162
54 131
54 103
54 108
54 112
54 89
54 60
54 199
55 128
55 282
55 197
55 102
55 215
55 140
55 110
55 144
55 241
55 297
55 151
55 225
55 154
55 125
55 158
56 135
56 201
56 173
56 221
56 240
56 244
56 153
56 89
56 284
56 157
56 63
57 288
57 299
57 150
57 140
57 270
57 272
57 146
57 152
57 153
57 287
57 160
57 226
57 113
57 108
57 110
57 175
57 177
57 242
57 60
57 61
58 97
58 131
58 102
58 104
58 106
58 167
58 257
58 161
58 273
58 178
58 163
58 280
58 185
58 122
58 296
58 245
59 225
59 283
59 207
59 137
59 172
59 142
59 61
59 108
59 275
59 268
59 88
59 123
59 265
59 253
60 128
60 68
60 182
60 214
60 136
60 247
60 274
60 276
60 185
60 152
60 228
60 79
61 208
61 244
61 251
61 86
61 185
61 202
61 260
62 203
62 227
62 69
62 102
62 65
62 129
62 197
62 140
62 98
62 78
62 241
62 147
62 84
62 262
62 218
62 165
62 221
62 126
62 63
63 68
63 195
63 164
63 133
63 298
63 236
63 115
63 127
64 132
64 262
64 203
64 189
64 247
64 267
64 121
64 157
64 185
65 192
65 81
65 230
65 119
65 236
65 171
65 140
66 272
66 145
66 98
66 118
66 225
66 287
66 124
66 150
66 111
67 179
67 264
67 239
67 286
67 115
67 181
67 283
67 221
67 190
67 223
68 161
68 137
68 157
68 112
68 268
68 275
68 150
68 284
68 221
69 192
69 97
69 98
69 261
69 130
69 136
69 171
69 204
69 162
69 176
69 276
69 250
69 253
69 158
69 255
70 227
70 166
70 102
70 106
70 110
70 273
70 131
70 150
70 247
70 283
70 155
70 252
70 74
70 293
71 194
71 267
71 166
71 170
71 139
71 280
71 221
71 285
71 182
71 184
71 266
71 125
72 176
72 224
72 172
72 260
72 149
72 137
72 106
72 140
72 266
72 291
72 127
73 267
73 292
73 229
73 103
73 235
73 269
73 176
73 152
73 95
73 124
74 145
74 178
74 227
74 165
74 289
74 169
74 254
75 192
75 226
75 195
75 165
75 295
75 104
75 202
75 288
75 114
75 279
75 152
75 232
75 280
75 296
76 162
76 83
76 148
76 286
76 102
76 291
76 290
76 237
76 270
77 193
77 98
77 107
77 241
77 296
77 265
77 234
77 290
77 79
77 112
77 209
77 111
77 219
77 126
78 192
78 193
78 108
78 204
78 206
78 221
78 208
78 114
78 245
78 151
78 184
79 288
79 195
79 229
79 198
79 167
79 297
79 266
79 140
79 239
79 112
79 116
79 117
79 246
79 279
79 248
79 189
79 293
80 81
80 130
80 121
80 225
80 140
80 141
80 226
80 191
81 290
81 100
81 263
81 220
81 211
81 212
81 281
81 260
81 95
81 92
81 159
82 256
82 165
82 130
82 261
82 137
82 172
82 290
82 88
82 152
82 101
83 280
83 198
83 200
83 266
83 139
83 172
83 237
83 111
83 248
83 242
83 148
83 214
83 201
83 184
83 121
83 126
84 162
84 269
84 227
84 119
84 175
84 143
84 211
84 244
84 117
84 87
84 90
84 123
84 154
85 253
85 99
85 100
85 135
85 168
85 297
85 295
85 157
85 205
86 232
86 100
86 213
86 102
86 257
86 136
86 203
86 172
87 204
87 261
87 289
87 264
87 169
87 209
87 122
87 188
87 101
88 131
88 165
88 294
88 295
88 247
88 209
88 215
88 153
88 293
89 288
89 161
89 133
89 262
89 138
89 140
89 173
89 116
89 279
89 228
89 156
89 189
89 286
90 160
90 163
90 293
90 227
90 206
90 274
90 115
90 286
90 219
90 157
90 190
91 257
91 226
91 232
91 266
91 269
91 272
91 200
91 244
91 181
91 188
91 255
92 225
92 132
92 145
92 103
92 140
92 115
92 216
92 257
92 94
93 224
93 225
93 230
93 289
93 174
93 147
93 214
93 152
93 249
93 122
93 260
94 194
94 99
94 134
94 166
94 233
94 271
94 273
94 214
94 123
95 96
95 193
95 227
95 145
95 144
95 283
95 187
95 124
96 193
96 98
96 267
96 212
96 181
96 166
96 213
97 263
97 163
97 196
97 166
97 135
97 232
97 106
97 231
97 204
97 205
97 142
97 113
97 235
97 120
97 260
97 287
97 223
98 161
98 164
98 113
98 169
98 106
98 225
98 207
98 99
98 175
98 293
99 193
99 133
99 231
99 171
99 205
99 144
99 241
99 253
99 191
100 160
100 262
100 231
100 266
100 108
100 162
100 255
100 210
100 116
100 219
100 127
101 130
101 163
101 259
101 291
101 234
101 112
101 243
101 181
101 153
101 123
101 188
101 297
102 247
102 118
102 103
102 231
102 239
102 176
102 215
102 245
102 249
102 124
102 285
102 166
103 256
103 132
103 230
103 177
103 269
103 124
103 176
103 115
103 120
103 219
104 282
104 131
104 116
104 235
104 188
104 138
105 113
105 163
105 165
105 150
105 129
105 280
105 281
105 175
105 173
106 166
106 129
106 202
106 135
106 257
106 258
106 112
106 273
106 116
106 185
106 124
106 122
106 191
107 194
107 164
107 132
107 229
107 142
107 143
107 274
107 152
107 228
107 293
108 160
108 199
108 298
108 272
108 287
108 212
108 286
108 188
108 186
108 158
108 223
109 274
109 161
109 163
109 197
109 275
109 234
109 110
109 242
109 211
109 149
109 123
109 125
109 296
110 195
110 267
110 269
110 272
110 149
110 221
110 163
110 229
110 230
110 234
110 167
110 237
110 111
110 168
111 289
111 198
111 243
111 264
111 234
111 267
111 274
111 244
111 124
111 286
111 255
112 257
112 231
112 168
112 188
112 287
112 180
112 118
112 271
112 286
112 159
113 292
113 162
113 208
113 213
113 265
113 184
113 165
114 161
114 289
114 292
114 174
114 115
114 276
114 147
115 288
115 243
115 179
115 195
115 232
115 284
115 251
115 197
116 131
116 167
116 274
116 143
116 231
116 286
116 166
117 288
117 289
117 226
117 299
117 230
117 201
117 202
117 267
117 174
117 149
117 247
117 156
117 234
118 197
118 145
118 127
118 194
118 265
118 299
118 123
118 220
118 130
119 229
119 230
119 289
119 262
119 183
119 122
119 254
119 191
120 132
120 197
120 232
120 193
120 171
120 223
120 229
120 149
120 221
121 162
121 199
121 226
121 269
121 122
121 155
121 157
121 126
122 262
122 266
122 194
122 208
122 277
122 214
122 283
122 158
122 227
122 294
122 233
122 295
122 241
122 126
122 182
122 184
122 254
123 257
123 226
123 165
123 169
123 234
123 295
123 212
123 282
124 288
124 291
124 228
124 167
124 206
124 265
124 217
124 231
124 199
125 209
125 274
125 296
125 236
125 174
125 159
126 164
126 139
126 238
126 209
126 210
126 277
126 278
126 220
126 191
127 160
127 225
127 261
127 292
127 136
127 172
127 142
127 168
127 243
127 148
127 247
127 249
127 281
128 194
128 196
128 168
128 220
128 299
128 140
128 210
128 153
129 133
129 151
129 269
129 147
129 254
129 218
129 188
129 255
130 256
130 203
130 263
130 267
130 268
130 205
130 271
130 274
130 275
130 212
130 287
130 288
130 294
130 173
130 238
130 175
130 243
130 180
131 137
131 170
131 204
131 200
131 181
131 283
132 226
132 163
132 165
132 171
132 216
132 182
132 154
132 187
133 226
133 169
133 200
133 144
133 280
133 148
133 152
133 283
133 155
133 253
133 153
134 136
134 209
134 237
134 175
134 177
134 211
134 151
134 216
134 200
135 258
135 261
135 169
135 180
135 278
135 187
135 190
136 230
136 235
136 232
136 237
136 211
136 299
136 247
136 153
136 285
136 158
137 201
137 234
137 173
137 272
137 281
137 187
137 286
138 249
138 277
138 199
138 154
138 252
138 221
139 177
139 221
139 196
139 214
139 292
139 175
140 261
140 141
140 142
141 251
141 145
141 210
141 247
141 216
141 267
141 188
142 258
142 169
142 249
142 154
143 232
143 265
143 275
143 283
143 254
143 261
144 257
144 261
144 284
144 178
144 227
144 155
144 188
145 147
145 166
145 201
145 159
146 263
146 287
146 247
146 222
146 269
147 208
147 219
148 238
148 214
149 224
149 227
149 196
149 237
149 245
149 276
149 213
149 282
149 156
150 289
150 176
150 236
150 260
150 222
150 183
150 247
150 253
150 215
150 191
151 160
151 281
151 260
151 233
151 267
151 242
151 182
151 153
151 252
152 230
152 233
152 270
152 209
152 185
152 201
152 219
152 158
152 165
153 225
153 226
153 227
153 237
153 256
153 254
154 166
154 263
154 171
154 287
154 280
154 250
154 223
154 247
155 240
155 260
155 169
155 236
155 272
155 178
155 275
155 248
155 284
155 190
156 160
156 178
156 272
156 171
156 284
156 222
157 201
157 274
157 206
157 178
157 179
157 279
157 283
157 223
158 227
158 196
158 231
158 299
158 268
158 275
158 287
159 240
159 162
159 235
159 262
159 198
159 258
159 171
159 272
159 277
159 190
159 231
160 293
160 295
160 233
160 252
160 279
160 240
160 196
161 275
161 201
161 271
161 211
161 212
161 214
161 223
161 293
161 233
161 235
161 226
161 179
161 249
161 252
162 198
162 238
162 286
162 245
162 186
162 222
162 165
163 273
163 212
163 216
163 219
163 165
163 290
163 291
163 170
163 180
163 248
163 188
164 181
164 168
164 190
164 291
164 246
164 199
165 292
165 184
165 239
165 181
165 250
165 218
165 232
166 267
166 264
166 233
166 263
166 272
166 209
166 186
166 252
167 232
167 170
167 231
167 277
167 248
167 254
168 256
168 182
168 183
168 220
168 221
168 286
169 232
169 233
169 172
169 209
169 277
169 246
169 283
170 193
170 227
170 267
170 286
170 191
171 224
171 267
171 240
171 207
171 181
171 246
171 249
171 187
171 286
172 289
172 230
172 203
172 174
172 241
172 183
172 273
173 259
173 230
173 248
173 243
173 201
173 233
174 228
174 201
174 267
174 221
174 277
175 228
175 264
175 277
175 278
175 271
175 297
176 214
176 225
176 267
176 260
176 264
176 244
176 188
176 229
177 279
177 272
177 259
177 229
177 274
177 239
177 208
177 278
177 215
177 280
177 247
177 231
178 256
178 290
178 196
178 294
178 236
178 221
178 179
178 260
178 191
179 292
179 210
179 240
179 232
180 225
180 260
180 295
180 233
180 298
180 240
180 272
180 242
180 265
180 184
180 231
181 243
181 291
181 266
181 197
181 250
181 187
182 209
182 284
182 266
182 190
183 289
183 275
183 205
183 190
184 256
184 235
184 234
184 272
184 213
184 282
184 254
184 293
185 193
185 194
185 227
185 267
185 272
185 285
185 218
185 251
186 230
186 201
186 258
186 203
186 237
186 279
186 285
186 190
187 192
187 274
187 269
187 292
187 214
187 228
187 250
187 284
188 299
188 223
189 210
189 212
189 231
189 271
189 190
190 253
190 251
190 202
190 256
190 266
190 241
190 243
190 248
191 290
191 197
191 267
191 269
191 270
191 286
191 218
191 284
192 259
192 260
192 230
192 199
192 297
192 283
193 240
193 289
193 208
193 246
193 215
194 228
194 266
194 254
194 252
195 288
195 234
195 209
195 248
195 282
196 274
196 215
196 247
197 233
197 203
197 218
197 202
198 283
198 263
198 291
198 266
198 255
198 271
198 249
199 252
199 240
199 274
199 253
200 230
200 264
200 298
200 209
200 278
200 248
201 253
201 278
201 212
201 249
202 214
203 283
203 291
203 212
203 246
203 265
203 251
203 250
204 253
204 250
204 271
205 294
205 235
205 241
205 243
205 283
206 265
206 280
206 210
206 285
206 284
206 279
206 216
206 250
206 271
207 224
207 272
207 211
207 232
207 254
208 294
209 257
209 217
209 216
209 221
209 227
209 238
210 239
211 261
211 268
211 254
212 262
212 273
212 244
212 215
212 265
213 272
213 244
213 251
214 279
214 251
214 230
214 260
215 259
215 272
216 249
216 285
216 286
216 255
217 226
217 294
217 264
217 268
217 241
217 293
218 233
218 278
219 253
219 279
219 251
220 238
220 264
221 292
221 296
222 276
222 294
222 232
222 249
223 260
223 232
223 259
223 235
223 253
224 262
224 296
224 277
225 297
225 240
225 242
226 290
226 264
226 244
226 227
227 288
227 278
228 279
229 279
229 273
229 264
229 288
229 269
229 283
230 290
230 239
230 240
230 285
231 239
232 243
233 241
233 242
233 251
234 277
234 264
234 266
234 245
235 256
235 260
235 272
235 265
236 280
237 256
237 263
237 274
237 276
238 267
238 258
239 269
241 245
241 251
241 271
241 282
242 299
242 271
243 256
243 255
243 280
243 284
244 289
244 294
245 269
245 252
245 277
246 256
246 291
248 267
248 261
249 258
249 292
249 290
249 278
250 294
251 299
251 261
251 271
252 257
252 274
253 257
253 261
253 278
253 296
253 297
254 288
254 295
254 264
254 267
254 286
254 287
255 257
255 274
255 273
255 279
255 283
256 261
257 284
258 294
258 269
258 278
259 288
260 290
260 285
260 275
260 264
261 292
261 286
265 298
266 279
267 289
267 297
268 273
268 276
270 274
270 286
271 279
272 289
272 296
273 289
273 275
273 280
273 287
274 288
274 289
274 291
276 280
276 283
277 290
277 291
277 281
281 288
283 288
288 293
289 292
289 295
289 296
290 291
292 297
294 298
