1
0 723
0 703
1 32
1 778
2 666
2 187
3 448
3 81
4 351
4 679
5 199
5 26
6 323
6 758
7 710
7 81
8 481
8 683
9 390
9 401
10 327
10 597
11 721
11 571
12 529
12 346
13 121
13 530
14 451
14 148
15 108
15 629
16 675
16 371
17 393
17 291
18 774
18 629
19 48
19 713
20 548
20 669
21 486
21 153
22 396
22 317
23 75
23 638
24 653
24 304
25 174
25 767
26 373
27 723
27 625
28 470
28 55
29 86
29 287
30 144
30 474
31 669
31 115
32 57
33 545
33 300
34 237
34 57
35 103
35 338
36 771
36 95
37 247
37 763
38 238
38 334
39 279
39 722
40 495
40 437
41 148
41 380
42 587
42 746
43 611
43 172
44 198
44 51
45 388
45 263
46 599
46 756
47 134
47 479
48 347
49 537
49 694
50 707
50 766
51 673
52 321
52 229
53 245
53 311
54 776
54 386
55 795
56 376
56 188
58 228
58 601
59 266
59 592
60 526
60 436
61 321
61 351
62 151
62 700
63 175
63 705
64 251
64 158
65 230
65 558
66 606
66 429
67 389
67 749
68 215
68 798
69 715
69 510
70 470
70 754
71 489
71 159
72 608
72 414
73 782
73 417
74 420
74 109
75 579
76 763
76 156
77 547
77 638
78 699
78 338
79 423
79 756
80 684
80 84
82 535
82 797
83 293
83 605
84 295
85 137
85 617
86 140
87 520
87 371
88 615
88 718
89 141
89 605
90 202
90 753
91 324
91 562
92 772
92 142
93 631
93 699
94 742
94 435
95 655
96 783
96 313
97 422
97 248
98 651
98 563
99 656
99 408
100 250
100 180
101 737
101 475
102 467
102 760
103 741
104 555
104 329
105 140
105 543
106 659
106 318
107 133
107 613
108 227
109 269
110 536
110 485
111 584
111 695
112 515
112 305
113 618
113 630
114 197
114 728
115 424
116 456
116 352
117 460
117 293
118 416
118 121
119 267
119 468
120 392
120 619
122 187
122 492
123 196
123 157
124 425
124 360
125 781
125 556
126 350
126 177
127 580
127 426
128 431
128 478
129 189
129 543
130 581
130 563
131 279
131 189
132 461
132 757
133 215
134 785
135 564
135 506
136 278
136 354
137 413
138 200
138 783
139 590
139 639
141 536
142 475
143 520
143 433
144 741
145 599
145 728
146 335
146 236
147 491
147 788
149 711
149 549
150 516
150 735
151 318
152 239
152 281
153 334
154 407
154 410
155 546
155 244
156 455
157 208
158 517
159 711
160 214
160 637
161 257
161 173
162 616
162 381
163 288
163 417
164 258
164 759
165 421
165 695
166 257
166 644
167 658
167 682
168 573
168 522
169 258
169 572
170 716
170 340
171 627
171 249
172 690
173 432
174 483
175 647
176 624
176 514
177 628
178 472
178 239
179 734
179 209
180 222
181 220
181 790
182 280
182 434
183 641
183 760
184 546
184 759
185 768
185 670
186 557
186 618
188 547
190 285
190 358
191 768
191 243
192 713
192 612
193 208
193 222
194 219
194 498
195 330
195 445
196 473
197 241
198 302
199 784
200 458
201 531
201 419
202 661
203 497
203 550
204 288
204 299
205 650
205 588
206 452
206 471
207 555
207 688
209 560
210 709
210 568
211 224
211 649
212 402
212 697
213 246
213 329
214 705
216 779
216 726
217 614
217 747
218 517
218 474
219 260
220 503
221 342
221 298
223 598
223 379
224 295
225 752
225 253
226 469
226 423
227 424
228 502
229 411
230 575
231 306
231 472
232 740
232 628
233 644
233 438
234 554
234 380
235 434
235 311
236 586
237 339
238 671
240 525
240 265
241 561
242 540
242 701
243 656
244 541
245 301
246 683
247 363
248 395
249 484
250 261
251 621
252 435
252 507
253 493
254 359
254 362
255 585
255 367
256 712
256 381
259 332
259 473
260 738
261 322
262 611
262 350
263 286
264 457
264 405
265 532
266 300
267 396
268 464
268 289
269 597
270 642
270 795
271 493
271 340
272 482
272 732
273 672
273 328
274 528
274 365
275 706
275 364
276 645
276 574
277 465
277 789
278 794
280 645
281 349
282 364
282 479
283 708
283 796
284 706
284 671
285 637
286 336
287 346
289 504
290 676
290 666
291 345
292 587
292 400
294 609
294 702
296 398
296 735
297 658
297 726
298 372
299 582
301 733
302 527
303 576
303 535
304 573
305 704
306 754
307 551
307 632
308 507
308 457
309 531
309 787
310 582
310 406
312 650
312 720
313 354
314 679
314 447
315 501
315 602
316 359
316 463
317 461
319 581
319 751
320 630
320 348
322 401
323 661
324 413
325 686
325 378
326 633
326 441
327 780
328 748
330 385
331 687
331 685
332 797
333 397
333 660
335 339
336 489
337 640
337 727
341 660
341 427
342 388
343 483
343 787
344 770
344 469
345 471
347 724
348 560
349 775
352 647
353 366
353 596
355 740
355 687
356 589
356 499
357 719
358 512
360 625
361 594
361 405
362 610
363 476
365 700
366 393
367 436
368 481
368 530
369 600
369 487
370 511
370 447
372 632
373 619
374 490
374 567
375 577
375 771
376 540
377 497
377 505
378 635
379 431
382 772
382 716
383 730
383 544
384 556
384 415
385 441
386 462
387 496
387 585
389 733
390 719
391 502
391 725
392 509
394 737
394 664
395 508
397 677
398 579
399 792
399 565
400 636
402 487
403 750
403 789
404 782
404 680
406 743
407 693
408 673
409 764
409 524
410 524
411 450
412 710
412 692
414 527
415 569
416 604
418 495
418 680
419 578
420 681
421 663
422 455
425 652
426 591
427 744
428 641
428 718
429 708
430 468
430 692
432 767
433 657
437 776
438 614
439 615
439 748
440 583
440 550
442 684
442 466
443 717
443 551
444 528
444 696
445 456
446 454
446 534
448 590
449 545
449 758
450 643
451 576
452 480
453 539
453 755
454 664
458 639
459 518
459 526
460 542
462 773
463 477
464 798
465 773
466 780
467 620
476 720
477 571
478 591
480 643
482 485
484 609
486 598
488 610
488 693
490 770
491 559
492 533
494 791
494 627
496 565
498 538
499 785
500 525
500 655
501 601
503 541
504 522
505 578
506 769
508 686
509 665
510 621
511 739
512 736
513 519
513 765
514 626
515 607
516 786
518 595
519 649
521 731
521 634
523 715
523 761
529 689
532 769
533 653
534 777
537 648
538 721
539 678
542 725
544 566
548 688
549 634
552 583
552 665
553 707
553 722
554 786
557 738
558 577
559 640
561 704
562 790
564 608
566 729
567 765
568 584
569 593
570 648
570 727
572 678
574 592
575 689
580 674
586 793
588 736
589 696
593 594
595 775
596 714
600 796
602 734
603 663
603 606
604 743
607 617
612 651
613 667
616 788
620 794
622 662
622 729
623 668
623 691
624 742
626 791
631 744
633 657
635 654
636 724
642 702
646 779
646 730
652 781
654 764
659 745
662 694
667 762
668 792
670 690
672 747
674 749
676 752
677 784
681 685
682 746
691 739
697 777
698 712
698 778
701 731
703 732
709 757
714 793
717 766
745 762
750 753
751 761
755 799
774 799
800 675
801 357
-1 -1
31.4647
