1
0 519
0 343
1 682
1 777
2 41
2 560
3 215
3 52
4 299
4 305
5 141
5 505
6 450
6 734
7 88
7 127
8 248
8 351
9 392
9 140
10 177
10 789
11 396
11 617
12 534
12 421
13 564
13 763
14 518
14 583
15 465
15 664
16 567
16 188
17 263
17 477
18 557
18 430
19 79
19 26
20 535
20 604
21 321
21 692
22 771
22 517
23 387
23 28
24 272
24 222
25 86
25 26
27 640
27 621
28 656
29 760
29 538
30 373
30 53
31 341
31 540
32 678
32 689
33 228
33 172
34 288
34 628
35 198
35 593
36 160
36 510
37 195
37 407
38 514
38 784
39 495
39 381
40 773
40 183
41 660
42 96
42 239
43 689
43 324
44 471
44 287
45 77
45 599
46 538
46 304
47 324
47 146
48 289
48 629
49 451
49 303
50 661
50 470
51 246
51 756
52 138
53 743
54 554
54 403
55 790
55 187
56 652
56 294
57 356
57 754
58 507
58 301
59 313
60 261
60 195
61 217
61 606
62 539
62 555
63 196
63 523
64 417
64 441
65 579
65 413
66 497
66 216
67 715
67 563
68 150
68 551
69 467
69 275
70 576
70 737
71 592
71 90
72 102
72 199
73 724
73 696
74 152
74 570
75 231
75 119
76 686
76 444
77 176
78 565
78 583
79 103
80 261
80 480
81 624
81 738
82 686
82 249
83 197
83 607
84 666
84 251
85 363
85 338
86 718
87 433
87 771
88 713
89 678
89 245
90 639
91 593
91 106
92 305
92 345
93 130
93 630
94 774
94 730
95 108
95 189
96 386
97 527
97 160
98 134
98 169
99 673
99 311
100 170
100 402
101 222
101 184
102 258
103 626
104 490
104 761
105 524
105 514
106 537
107 154
107 508
108 274
109 776
109 219
110 619
110 475
111 774
111 419
112 461
112 660
113 791
113 409
114 163
114 579
115 452
115 351
116 634
116 767
117 273
117 443
118 520
118 350
119 641
120 708
120 535
121 531
121 603
122 128
122 448
123 260
123 701
124 796
124 303
125 766
125 597
126 528
126 407
127 513
128 618
129 359
129 250
130 700
131 158
131 190
132 292
132 431
133 665
133 608
134 213
135 655
135 276
136 731
136 631
137 713
137 377
138 157
139 513
139 295
140 783
141 665
142 716
142 669
143 422
143 209
144 256
144 234
145 558
145 574
146 344
147 385
147 690
148 474
148 284
149 436
149 699
150 423
151 748
151 247
152 495
153 333
153 485
154 685
155 585
155 335
156 521
156 469
157 166
158 683
159 577
159 235
161 753
161 338
162 331
162 252
163 337
164 309
164 473
165 211
165 412
166 296
167 534
167 191
168 670
168 738
169 317
170 567
171 580
171 732
172 613
173 204
173 236
174 562
174 271
175 725
175 749
176 416
177 255
178 289
178 426
179 348
179 479
180 483
180 536
181 223
181 795
182 205
182 400
183 388
184 737
185 464
185 790
186 353
186 334
187 727
188 424
189 499
190 211
191 671
192 454
192 463
193 787
193 672
194 769
194 286
196 298
197 726
198 540
199 315
200 745
200 340
201 550
201 568
202 269
202 676
203 427
203 431
204 409
205 268
206 566
206 687
207 642
207 657
208 280
208 796
209 333
210 649
210 721
212 705
212 498
213 264
214 229
214 613
215 666
216 360
217 680
218 644
218 243
219 247
220 784
220 572
221 525
221 242
223 367
224 472
224 691
225 352
225 592
226 581
226 729
227 459
227 684
228 736
229 363
230 420
230 252
231 521
232 779
232 588
233 616
233 648
234 645
235 612
236 528
237 603
237 286
238 752
238 310
239 651
240 640
240 570
241 418
241 741
242 726
243 422
244 781
244 339
245 517
246 450
248 302
249 772
250 602
251 337
253 401
253 510
254 741
254 347
255 591
256 336
257 295
257 618
258 550
259 328
259 598
260 749
262 799
262 304
263 722
264 425
265 546
265 511
266 448
266 397
267 585
267 334
268 418
269 727
270 791
270 793
271 423
272 357
273 615
274 382
275 767
276 626
277 712
277 481
278 500
278 318
279 695
279 637
280 405
281 343
281 674
282 617
282 697
283 758
283 719
284 622
285 493
285 605
287 649
288 438
290 696
290 394
291 530
291 425
292 724
293 329
293 463
294 559
296 483
297 789
297 797
298 595
299 668
300 556
300 728
301 787
302 672
306 780
306 501
307 462
307 643
308 350
308 573
309 391
310 783
311 490
312 359
312 455
313 755
314 594
314 420
315 390
316 515
316 638
317 759
318 623
319 326
319 599
320 460
320 671
321 508
322 331
322 380
323 600
323 355
325 777
325 788
326 478
327 332
327 722
328 621
329 486
330 642
330 763
332 452
335 378
336 488
339 442
340 611
341 646
342 413
342 751
344 578
345 404
346 675
346 652
347 542
348 608
349 481
349 491
352 566
353 468
354 633
354 569
355 770
356 529
357 389
358 759
358 624
360 761
361 720
361 379
362 507
362 575
364 590
364 601
365 588
365 793
366 676
366 434
367 747
368 557
368 543
369 766
369 506
370 416
370 798
371 704
371 602
372 395
372 721
373 723
374 518
374 410
375 757
375 674
376 733
376 612
377 460
378 757
379 438
380 473
381 675
382 515
383 516
383 415
384 770
384 702
385 746
386 499
387 545
388 662
389 537
390 625
391 661
392 733
393 616
393 681
394 639
395 685
396 609
397 772
398 552
398 635
399 754
399 437
400 750
401 493
402 551
403 628
404 786
405 449
406 496
406 553
408 556
408 439
410 584
411 717
411 506
412 688
414 433
414 502
415 435
417 596
419 512
421 625
424 428
426 753
427 755
428 776
429 492
429 446
430 693
432 768
432 765
434 446
435 732
436 475
437 607
439 690
440 614
440 636
441 503
442 461
443 445
444 679
445 782
447 740
447 748
449 655
451 658
453 651
453 505
454 527
455 698
456 707
456 489
457 591
457 606
458 663
458 760
459 501
462 587
464 654
465 730
466 523
466 530
467 516
468 605
470 762
471 673
472 552
474 512
476 704
476 706
477 582
478 502
479 799
480 619
482 650
482 750
484 584
484 633
485 500
486 560
487 520
487 497
488 600
489 547
491 775
492 645
494 582
494 635
496 536
498 623
503 682
504 729
504 687
509 609
509 745
511 731
519 595
522 529
522 532
524 586
525 691
526 576
526 581
531 716
532 620
533 627
533 563
539 775
541 627
541 569
542 739
543 656
544 735
544 703
545 792
546 637
547 786
548 714
548 561
549 711
549 788
553 653
554 700
555 708
558 577
559 769
561 709
562 707
564 610
565 589
568 653
571 756
571 636
572 692
573 664
574 762
575 703
578 631
580 764
586 736
587 779
589 714
590 743
594 717
596 622
597 715
598 778
601 798
604 695
610 662
611 681
614 739
615 641
620 663
629 632
630 710
632 659
634 723
638 712
643 683
644 667
646 785
647 742
647 792
648 699
650 654
657 667
658 694
659 773
668 677
669 702
670 794
677 728
679 684
680 795
688 780
693 782
694 720
697 744
698 740
701 711
705 718
706 752
709 710
719 778
725 794
734 797
735 768
742 765
744 746
747 764
751 785
758 781
800 469
801 59
-1 -1
20.9034
