500 1248
0 89
0 131
0 275
0 423
1 75
1 143
1 170
1 370
1 423
2 204
2 253
2 421
3 106
3 386
3 447
3 449
4 60
4 75
4 177
4 204
4 229
4 443
4 484
5 182
5 246
5 250
5 349
5 446
6 39
6 42
6 67
6 152
6 163
6 175
6 401
7 87
7 90
7 141
7 202
8 24
8 71
8 298
8 367
8 441
8 449
8 479
9 81
9 184
9 189
9 260
9 266
10 247
10 383
10 488
11 186
11 215
11 231
11 345
11 398
11 415
11 466
12 37
12 267
12 493
13 79
13 118
13 213
13 243
13 384
13 471
14 41
14 102
14 124
14 201
14 279
14 281
14 401
14 466
15 40
15 61
15 74
15 99
15 280
15 331
15 347
15 362
15 445
15 455
16 88
16 96
16 206
16 223
16 378
16 454
16 498
17 121
18 28
18 251
18 293
18 312
18 346
18 372
18 400
19 159
19 252
19 267
19 428
20 368
20 429
20 451
20 473
21 84
21 178
21 366
21 421
21 463
22 189
22 340
23 59
23 181
23 209
23 449
24 95
24 233
24 450
24 464
25 169
25 270
25 273
25 394
25 489
26 166
26 168
26 397
26 475
27 87
27 178
27 321
27 398
27 470
28 99
28 255
28 308
29 90
29 101
29 128
29 164
29 436
29 461
30 229
30 257
30 411
31 187
31 294
31 394
32 126
32 186
32 328
32 348
32 359
33 148
33 259
33 298
33 445
34 123
34 296
34 391
34 464
35 202
35 243
35 311
35 417
36 156
36 310
36 318
36 321
36 489
36 497
37 106
37 148
37 180
37 231
37 289
37 364
37 401
38 152
38 267
39 279
39 308
39 334
40 128
40 313
40 486
41 67
41 292
41 461
42 277
42 393
42 441
42 487
43 477
44 104
44 215
44 228
44 472
45 220
45 270
45 390
45 410
45 412
46 222
46 360
47 158
47 159
47 219
47 306
47 422
48 274
48 281
48 286
48 354
48 378
49 191
49 198
49 347
49 383
49 494
50 79
50 329
50 354
51 104
51 171
51 220
51 236
51 388
51 428
52 53
52 243
52 255
52 317
52 423
53 56
53 92
53 344
53 348
53 439
54 98
54 199
54 234
54 302
54 357
54 359
54 467
55 177
55 246
55 253
55 343
55 410
56 95
56 299
56 444
56 476
57 106
57 228
57 244
57 378
57 390
57 407
58 86
58 126
58 165
58 170
58 244
58 336
58 493
59 76
59 133
59 476
60 86
60 172
60 253
60 280
60 440
61 214
61 389
61 424
61 459
62 173
62 310
62 343
62 390
62 441
63 153
63 311
63 374
63 429
63 454
63 470
64 138
64 198
64 224
64 373
65 92
65 117
65 227
65 354
65 372
65 477
65 495
66 101
66 448
66 484
67 203
67 303
67 475
68 81
68 116
68 196
68 207
68 216
69 282
69 389
70 376
70 398
71 78
71 111
71 261
71 272
71 324
71 325
71 421
71 466
72 238
72 328
72 374
72 398
72 430
73 119
73 312
73 468
74 145
74 165
74 303
74 364
75 123
75 437
76 281
76 339
76 483
77 255
77 263
77 332
77 369
77 389
78 256
78 432
78 466
79 95
79 193
79 228
80 180
80 192
81 166
81 190
81 206
81 315
81 411
82 190
82 199
82 213
82 216
82 345
82 410
82 488
83 94
83 220
83 450
83 497
84 155
84 221
84 231
84 435
85 158
85 183
85 334
86 193
86 231
86 239
86 298
86 302
86 422
87 110
87 258
87 425
88 151
88 169
88 340
88 440
89 143
89 152
89 205
89 451
89 480
90 174
91 113
91 154
91 290
91 387
91 498
92 94
92 119
92 161
92 162
92 251
92 352
92 423
93 110
93 254
93 258
93 277
93 346
93 454
94 115
94 240
94 446
95 110
95 214
95 286
95 360
96 148
96 281
96 343
96 361
96 380
97 203
97 218
97 400
97 422
98 153
98 161
98 314
98 317
98 419
98 470
98 472
99 364
99 433
100 302
100 352
100 406
101 351
101 369
101 386
101 437
101 491
102 309
102 426
103 238
103 355
103 370
103 376
103 382
104 177
104 327
104 394
104 449
105 196
105 212
105 318
105 443
105 493
106 135
106 150
106 408
107 382
107 452
108 154
108 295
108 313
108 364
109 162
109 208
109 239
110 183
110 305
110 366
110 471
111 240
111 311
111 416
111 463
112 182
112 240
112 270
112 345
112 421
113 166
113 286
113 391
113 459
114 131
114 362
114 378
114 494
115 127
115 387
115 392
115 422
115 475
116 120
116 368
116 376
116 424
117 151
117 182
117 402
117 447
117 496
118 196
118 215
118 353
118 386
118 471
119 241
120 151
120 227
120 270
120 352
120 392
120 394
121 189
121 202
121 221
121 410
122 212
122 248
122 429
123 338
123 361
123 473
124 287
124 390
125 202
125 298
125 351
125 437
126 264
126 307
127 160
127 304
127 305
128 325
129 325
129 468
130 167
130 333
130 342
130 356
130 498
131 137
131 462
131 480
132 183
132 195
132 236
132 252
132 257
133 265
133 308
133 452
134 182
134 185
134 283
134 386
135 353
135 465
135 486
136 181
136 185
136 317
136 321
136 425
137 184
137 339
137 434
138 156
138 206
138 458
139 312
139 340
139 437
139 442
139 451
140 195
140 207
140 223
140 241
140 272
140 381
140 470
141 278
141 292
141 363
141 435
142 154
142 234
142 280
142 311
142 444
142 482
143 422
144 193
144 420
145 146
145 303
145 337
146 157
146 228
147 224
147 264
147 354
148 232
148 304
148 354
148 372
148 477
148 478
149 174
149 281
149 337
149 429
150 165
150 171
150 324
150 493
151 192
151 399
151 459
152 283
152 307
152 415
152 453
152 488
153 345
153 472
154 267
155 286
155 306
155 381
156 482
157 202
157 260
158 194
158 242
158 257
158 379
159 206
159 210
159 299
159 373
159 380
159 417
159 432
159 436
159 460
159 464
160 218
160 255
160 321
160 342
161 258
161 298
162 237
163 247
163 265
163 320
163 412
163 454
164 237
165 185
165 339
165 494
166 207
166 219
166 247
166 341
166 432
166 436
166 468
167 278
167 375
168 184
168 269
169 290
169 413
169 468
171 185
171 256
171 465
172 289
172 401
172 441
172 483
173 233
173 334
173 444
174 202
174 287
174 403
174 476
175 270
175 274
175 294
175 301
176 354
176 383
176 471
177 207
177 407
177 449
178 258
178 267
178 446
178 461
179 234
179 436
180 232
180 269
180 341
180 405
180 441
180 463
180 493
181 246
181 387
182 356
182 359
183 241
183 307
184 349
184 455
185 267
185 309
185 395
186 452
187 485
188 205
188 296
188 374
189 277
189 408
189 449
190 366
190 426
190 433
190 487
191 212
191 286
191 410
191 464
192 329
192 424
193 197
193 198
193 206
193 235
194 296
194 383
194 416
194 468
195 288
195 320
196 359
196 371
197 219
197 371
197 472
198 429
198 433
198 499
199 268
199 280
199 333
199 403
199 424
200 336
200 436
200 498
201 249
201 421
201 422
201 428
201 471
202 208
202 229
202 325
202 439
203 377
203 428
204 245
204 457
205 264
205 271
205 351
205 414
206 292
206 295
206 330
206 343
206 360
207 334
207 488
207 489
208 372
208 433
209 261
209 292
209 335
211 472
212 288
212 329
212 481
213 248
213 290
213 305
214 342
214 387
215 405
215 492
216 243
216 311
216 336
216 389
216 417
217 283
217 302
217 304
217 324
217 400
217 474
218 261
218 422
218 490
219 283
219 303
219 309
219 387
219 422
220 444
220 497
221 291
221 370
221 398
222 253
222 353
222 429
222 466
223 244
223 246
223 455
223 479
224 449
225 313
225 329
225 334
226 272
226 302
226 389
226 498
227 265
227 350
228 290
228 311
228 409
228 431
229 344
229 435
229 438
230 248
230 300
231 372
231 376
231 383
231 392
231 396
232 328
232 386
232 434
232 455
232 466
233 293
233 376
233 447
233 448
234 281
234 296
234 317
235 245
235 307
235 340
235 345
235 364
236 294
236 394
236 440
236 480
237 301
237 350
237 431
237 457
238 259
238 304
238 438
240 380
241 276
241 300
241 431
242 281
242 373
242 426
243 397
243 476
244 247
244 328
244 334
244 445
245 264
245 266
245 434
245 477
245 490
246 354
247 308
247 358
249 347
249 362
249 408
249 493
250 252
250 352
250 392
250 444
251 420
251 430
252 257
252 334
252 367
252 428
254 291
254 354
254 378
254 382
254 465
255 332
255 377
256 279
256 408
257 495
258 317
260 319
260 325
260 335
261 354
261 474
262 295
262 343
264 292
264 355
264 407
264 423
264 431
264 457
265 279
266 269
266 340
266 386
266 433
266 439
266 468
267 321
268 348
268 390
268 448
269 363
269 429
269 460
270 457
270 485
271 298
271 349
271 468
271 487
272 469
273 427
273 481
274 378
275 348
277 347
278 279
278 486
279 463
282 438
283 321
284 297
284 312
284 388
285 297
285 400
285 479
286 487
287 304
287 314
287 364
288 292
288 330
288 363
288 450
289 338
289 372
289 380
290 361
290 452
291 345
291 440
292 307
292 316
292 350
293 331
296 335
296 345
296 366
296 373
297 302
297 324
297 448
299 374
299 381
299 490
300 393
301 306
301 404
301 422
302 345
302 424
302 444
302 491
303 381
305 439
306 324
306 372
306 405
306 466
306 468
308 319
308 446
308 452
308 458
308 469
309 336
310 340
310 352
310 466
311 340
311 404
312 319
312 470
312 471
313 449
314 388
314 456
315 333
315 439
315 463
316 438
316 481
317 396
320 367
320 375
321 418
322 325
322 326
322 365
322 435
322 445
323 446
323 478
324 351
325 384
326 372
326 388
326 400
326 475
327 364
327 391
328 348
329 413
331 356
331 474
332 397
332 452
332 456
333 471
334 379
334 426
335 381
335 412
335 425
335 452
336 436
337 345
338 373
338 383
338 392
339 394
339 450
339 487
340 496
341 381
341 420
341 462
343 385
344 398
344 417
344 444
346 366
346 403
346 466
347 441
348 472
348 492
349 362
350 355
350 468
351 483
352 409
352 483
353 367
353 467
354 375
354 416
356 370
356 472
357 409
357 482
359 400
359 427
360 384
361 440
361 487
362 410
363 433
364 410
365 463
367 467
368 412
368 453
368 484
369 441
370 384
370 387
371 453
371 454
372 425
374 391
374 496
376 396
376 469
377 401
377 458
378 385
378 471
378 475
379 382
379 459
382 425
383 481
384 411
384 423
384 431
384 438
385 390
385 449
386 390
386 404
387 441
387 495
392 421
393 462
394 497
395 410
395 422
396 451
396 486
397 429
399 415
401 430
402 406
403 436
403 471
407 447
408 470
409 416
410 414
410 470
410 494
411 419
413 426
413 442
415 444
417 496
419 448
419 458
420 432
420 451
420 497
421 457
421 492
423 430
424 456
424 483
425 439
425 471
426 486
427 428
428 456
432 457
433 458
433 467
433 475
435 440
440 485
441 473
443 480
446 488
448 470
452 467
452 496
453 460
456 476
459 499
460 486
461 495
463 477
463 491
464 484
472 492
482 498
487 488
