1
0 599
0 856
1 421
1 853
2 265
2 502
3 348
3 589
4 40
4 666
5 328
5 565
6 29
6 542
7 115
7 751
8 424
8 614
9 103
9 672
10 132
10 339
11 474
11 870
12 436
12 547
13 686
13 877
14 181
14 450
15 152
15 472
16 177
16 811
17 251
17 702
18 758
19 587
19 799
20 427
20 855
21 218
21 885
22 316
22 821
23 332
23 876
24 63
24 315
25 439
25 874
26 742
26 844
27 378
27 568
28 291
28 611
29 137
30 338
30 695
31 215
31 263
32 585
32 628
33 149
33 559
34 332
34 764
35 519
35 820
36 98
36 110
37 211
37 786
38 397
38 719
39 216
39 656
40 488
41 512
41 750
42 471
42 686
43 95
43 710
44 131
44 147
45 235
45 302
46 596
46 688
47 115
47 485
48 208
48 287
49 263
49 341
50 68
50 279
51 584
51 668
52 549
52 657
53 255
53 516
54 241
54 769
55 612
55 852
56 539
56 733
57 598
57 774
58 118
58 839
59 235
59 567
60 192
60 472
61 92
61 650
62 325
62 827
63 617
64 411
64 697
65 633
65 791
66 716
66 851
67 750
67 873
68 776
69 289
69 502
70 741
70 775
71 589
71 865
72 359
72 382
73 537
73 897
74 352
74 523
75 312
75 632
76 304
76 320
77 361
77 534
78 644
78 680
79 309
79 361
80 228
80 281
81 152
81 353
82 124
82 349
83 148
83 532
84 243
84 298
85 176
85 308
86 200
86 417
87 166
87 175
88 404
88 748
89 287
89 892
90 703
90 734
91 242
91 452
92 841
93 343
93 893
94 578
94 867
95 240
96 527
96 840
97 126
97 247
98 306
99 393
99 419
100 359
100 638
101 219
101 237
102 706
102 712
103 482
104 260
104 744
105 145
105 797
106 183
106 563
107 761
107 764
108 624
108 773
109 323
109 882
110 530
111 441
111 691
112 301
112 725
113 470
113 717
114 159
114 864
116 590
116 849
117 652
117 669
118 648
119 351
119 385
120 207
120 675
121 308
121 710
122 220
122 846
123 156
123 744
124 807
125 707
125 893
126 842
127 290
127 526
128 787
128 805
129 381
129 836
130 226
130 623
131 151
132 685
133 157
133 643
134 320
134 878
135 355
135 897
136 523
136 591
137 368
138 259
138 440
139 534
139 850
140 165
140 552
141 167
141 452
142 467
142 840
143 155
143 238
144 715
144 880
145 551
146 418
146 860
147 376
148 719
149 324
150 388
150 888
151 180
153 284
153 555
154 413
154 620
155 548
156 474
157 716
158 783
158 803
159 497
160 451
160 820
161 413
161 772
162 448
162 574
163 265
163 518
164 579
164 803
165 758
166 504
167 513
168 303
168 498
169 193
169 202
170 314
170 747
171 663
171 879
172 190
172 841
173 369
173 645
174 561
174 687
175 808
176 705
177 545
178 317
178 500
179 455
179 834
180 749
181 801
182 457
182 593
183 418
184 489
184 509
185 233
185 374
186 242
186 457
187 576
187 718
188 658
188 760
189 514
189 605
190 421
191 543
191 780
192 737
193 881
194 285
194 477
195 649
195 794
196 209
196 553
197 847
197 886
198 745
198 889
199 336
199 707
200 661
201 225
201 569
202 351
203 469
203 595
204 362
204 603
205 711
205 890
206 373
206 566
207 594
208 370
209 757
210 379
210 708
211 688
212 257
212 494
213 274
213 823
214 427
214 496
215 875
216 842
217 563
217 683
218 522
219 343
220 863
221 774
221 862
222 288
222 646
223 363
223 643
224 536
224 801
225 508
226 853
227 370
227 792
228 256
229 606
229 756
230 619
230 630
231 416
231 879
232 355
232 773
233 753
234 627
234 715
236 346
236 390
237 604
238 341
239 248
239 400
240 432
241 573
243 374
244 471
244 798
245 738
245 802
246 516
246 871
247 367
248 377
249 294
249 831
250 500
250 603
251 286
252 588
252 752
253 447
253 709
254 402
254 731
255 423
256 410
257 425
258 568
258 641
259 283
260 861
261 581
261 833
262 291
262 678
264 375
264 665
266 275
266 781
267 321
267 769
268 286
268 664
269 525
269 654
270 640
270 824
271 633
271 797
272 693
272 709
273 334
273 524
274 634
275 298
276 626
276 869
277 296
277 810
278 525
278 725
279 522
280 866
280 887
281 575
282 572
282 681
283 632
284 860
285 410
288 292
289 330
290 669
292 310
293 463
293 641
294 371
295 314
295 655
296 483
297 430
297 778
299 796
299 824
300 310
300 648
301 515
302 740
303 551
304 515
305 411
305 816
306 549
307 405
307 802
309 531
311 495
311 851
312 349
313 412
313 754
315 574
316 636
317 494
318 592
318 721
319 562
319 619
321 419
322 462
322 480
323 763
324 859
325 731
326 687
326 822
327 485
327 811
328 679
329 337
329 481
330 724
331 775
331 818
333 490
333 554
334 854
335 531
335 868
336 396
337 855
338 670
339 469
340 492
340 697
342 439
342 593
344 358
344 874
345 406
345 829
346 546
347 626
347 866
348 397
350 701
350 739
352 700
353 753
354 484
354 629
356 529
356 584
357 644
357 896
358 745
360 567
360 675
362 576
363 392
364 610
364 798
365 460
365 695
366 690
366 724
367 580
368 433
369 747
371 623
372 586
372 717
373 783
375 570
376 799
377 628
378 506
379 501
380 564
380 766
381 653
382 520
383 692
383 792
384 465
384 617
385 698
386 446
386 477
387 771
387 786
388 621
389 437
389 577
390 679
391 684
391 781
392 898
393 827
394 456
394 761
395 636
395 647
396 718
398 539
398 674
399 417
399 720
400 660
401 635
401 891
402 479
403 442
403 728
404 833
405 607
406 426
407 637
407 854
408 634
408 670
409 681
409 821
412 819
414 588
414 812
415 645
415 736
416 517
420 615
420 876
422 839
422 868
423 467
424 831
425 848
426 672
428 622
428 701
429 450
429 473
430 863
431 503
431 770
432 495
433 742
434 538
434 705
435 465
435 499
436 711
437 890
438 508
438 666
440 692
441 759
442 449
443 678
443 756
444 566
444 726
445 663
445 714
446 657
447 869
448 553
449 528
451 557
453 510
453 767
454 595
454 828
455 754
456 529
458 601
458 732
459 814
459 856
460 813
461 560
461 722
462 554
463 602
464 490
464 550
466 668
466 882
468 737
468 738
470 654
473 608
475 776
475 867
476 673
476 723
478 653
478 682
479 825
480 625
481 861
482 810
483 809
484 726
486 779
486 790
487 743
487 751
488 611
489 677
491 652
491 788
492 650
493 659
493 727
496 497
498 614
499 578
501 743
503 777
504 768
505 615
505 896
506 772
507 642
507 746
509 883
510 661
511 570
511 857
512 631
513 703
514 631
517 616
518 693
519 778
520 704
521 599
521 878
524 793
526 741
527 637
528 804
530 613
532 537
533 560
533 849
535 604
535 800
536 818
538 608
540 556
540 649
541 735
541 752
542 552
543 690
544 673
544 787
545 577
546 624
547 837
548 830
550 734
555 694
556 700
557 639
558 564
558 607
559 852
561 618
562 828
565 795
569 789
571 706
571 771
572 660
573 646
575 887
579 667
580 582
581 813
582 894
583 806
583 858
585 850
586 777
587 843
590 721
591 760
592 620
594 704
596 815
597 691
597 843
598 768
600 779
600 838
601 712
602 862
605 884
606 622
609 664
609 714
610 685
612 857
613 805
616 872
618 865
621 899
625 659
627 732
629 815
630 739
635 671
638 696
639 698
640 740
642 729
647 791
651 713
651 730
655 877
656 763
658 683
662 825
662 829
665 817
667 684
671 689
674 782
676 730
676 845
677 889
680 766
682 875
689 794
694 846
696 746
699 735
699 826
702 770
708 888
713 891
720 790
722 789
723 806
727 762
728 780
729 872
733 809
736 804
748 885
749 817
755 835
755 847
757 832
759 838
762 871
765 795
765 881
767 845
782 886
784 788
784 899
785 819
785 826
793 834
796 800
807 884
808 892
812 859
814 822
816 883
823 898
830 844
832 848
835 870
836 895
837 873
858 895
864 880
900 894
901 18
-1 -1
429.633
