198
0 550
0 878
2 576
2 841
3 808
5 736
5 871
6 841
7 695
8 552
8 707
9 574
10 666
10 861
11 734
11 882
12 564
12 842
13 691
13 749
14 599
15 778
15 783
16 811
16 843
17 699
18 606
18 812
19 663
20 740
21 757
21 788
22 604
23 662
24 747
25 573
25 608
26 648
26 880
27 556
27 655
28 650
29 597
29 617
31 559
31 569
32 869
33 554
33 797
34 632
35 549
35 670
36 651
36 875
38 803
39 576
40 823
41 708
42 581
42 641
43 574
43 796
44 624
44 759
45 683
46 549
46 751
47 625
48 573
49 700
49 775
50 598
52 681
52 825
53 751
54 580
54 846
55 605
56 674
56 692
57 686
57 787
58 552
58 659
60 888
61 616
62 634
63 626
63 641
64 891
65 815
66 746
67 817
68 696
69 835
69 896
71 623
72 834
73 761
75 827
76 851
77 645
78 834
79 764
81 659
82 636
83 829
84 814
84 819
85 824
86 582
87 768
88 664
89 688
89 709
90 738
91 741
92 738
92 772
93 868
94 669
96 656
96 793
97 845
98 699
98 785
99 816
100 790
100 833
101 861
102 727
103 787
104 660
105 825
106 768
106 792
107 823
108 795
108 831
109 613
109 677
110 601
111 831
112 629
112 794
113 802
114 584
114 656
116 801
117 702
118 724
118 866
119 631
119 765
120 569
121 657
121 804
122 582
123 661
125 586
125 587
126 629
126 864
127 587
128 664
129 755
129 872
130 856
130 876
131 627
131 652
132 728
132 873
133 594
133 848
134 597
134 708
136 568
136 800
137 832
138 709
139 804
140 662
141 744
142 741
143 765
144 561
145 618
146 566
146 782
147 860
148 710
148 822
149 635
149 840
150 602
150 701
152 578
153 717
154 622
155 724
156 695
157 758
158 869
159 730
159 810
161 813
162 753
163 726
165 567
165 651
166 557
167 637
167 853
168 716
168 830
169 762
169 898
170 672
171 883
172 716
173 722
174 710
175 889
176 630
176 756
177 720
177 844
178 783
180 682
181 734
182 827
183 703
184 559
184 813
185 732
188 739
189 591
189 668
190 630
191 837
192 648
193 722
193 870
194 615
195 654
196 680
196 711
197 865
198 857
198 886
199 777
200 837
201 688
202 754
202 873
203 562
203 603
204 557
204 782
205 593
205 650
206 645
206 686
207 671
207 897
208 803
209 753
211 820
212 570
213 577
214 851
215 890
216 665
217 550
217 884
218 781
218 836
219 691
219 860
220 802
221 673
221 707
222 660
222 839
223 885
224 717
225 644
226 859
227 833
228 712
228 771
229 558
229 759
230 731
230 769
231 632
232 733
232 778
233 867
234 701
234 720
235 667
236 891
237 829
238 560
238 678
239 718
239 737
240 736
241 743
242 883
243 766
243 774
244 631
245 732
246 674
246 760
248 773
249 870
250 682
251 672
251 821
252 653
252 795
253 624
253 675
254 779
255 895
256 767
257 613
257 742
258 684
258 799
259 583
259 595
260 871
261 692
261 811
262 565
263 575
263 790
264 670
264 785
265 784
266 892
266 895
268 628
269 706
270 601
271 553
271 733
272 877
273 856
274 889
275 879
276 849
277 888
278 563
278 616
279 599
279 705
280 683
280 830
281 706
281 838
282 725
284 571
285 589
285 814
286 772
286 868
288 643
288 812
289 700
290 756
291 646
292 821
293 643
294 771
295 755
296 611
296 658
297 614
297 750
298 758
298 819
299 838
300 653
300 679
301 654
301 663
302 852
303 879
304 852
305 713
305 793
306 568
307 776
307 863
308 719
308 844
309 570
310 815
310 824
311 808
312 666
312 809
313 744
314 745
315 702
316 791
317 605
318 554
319 760
320 703
322 892
323 763
323 807
324 776
325 627
326 622
327 561
327 816
328 780
329 684
330 884
331 850
333 555
334 828
335 620
336 865
337 826
338 818
338 853
339 881
340 890
341 746
341 826
342 721
342 872
343 847
344 887
345 687
346 595
347 696
349 565
351 739
351 747
352 675
352 839
353 677
353 749
354 668
355 875
356 619
357 712
357 794
358 673
360 748
360 754
361 584
361 897
362 667
363 678
363 864
365 649
366 585
366 799
368 855
369 592
370 657
371 609
371 658
372 644
373 579
373 847
374 612
375 638
376 633
376 694
377 786
378 693
378 769
379 866
380 593
381 748
382 578
383 600
383 810
384 705
385 681
386 735
387 635
387 671
388 792
389 617
389 621
390 800
391 835
392 850
393 832
394 820
395 639
396 711
396 770
398 704
399 628
400 592
401 556
402 620
403 689
404 896
405 779
406 562
407 894
408 857
409 689
409 697
410 580
410 766
411 615
412 590
413 773
413 786
415 764
416 623
417 845
417 887
418 828
419 655
420 636
421 649
421 715
423 728
423 862
424 729
426 642
427 745
428 589
429 625
429 735
430 774
431 669
432 801
433 585
433 893
434 791
435 863
436 661
436 805
437 761
437 818
438 596
438 608
439 690
439 693
440 822
441 789
442 626
442 750
444 877
446 899
447 849
447 882
448 806
449 566
449 714
450 607
450 858
451 610
452 899
453 704
453 737
454 604
454 859
455 606
456 621
456 836
457 862
458 723
458 874
459 842
460 874
461 560
461 633
462 646
462 798
463 679
463 798
464 564
464 690
466 680
467 885
468 687
469 876
470 596
471 723
472 572
472 752
473 840
474 718
476 867
477 600
477 727
479 555
479 652
480 719
480 848
481 642
482 767
483 715
484 553
484 775
485 572
486 713
487 634
487 855
488 647
489 796
490 598
490 894
491 577
491 638
492 639
493 886
494 893
495 731
495 898
496 809
497 685
499 610
500 551
500 730
501 586
502 698
503 854
504 618
505 806
506 594
507 721
508 614
508 729
509 789
510 777
511 640
512 612
512 726
513 676
513 725
514 581
515 611
516 558
516 757
517 637
518 743
519 740
520 603
520 752
521 762
521 784
522 781
523 858
523 880
524 579
524 665
525 676
525 685
526 770
527 698
528 817
529 846
530 780
531 563
532 551
532 609
533 567
533 607
534 590
534 591
535 805
536 697
536 854
537 575
537 694
538 647
539 571
539 797
540 583
540 588
541 619
542 640
543 588
544 843
544 878
545 788
545 881
546 714
546 742
547 602
547 763
548 807
900 1
900 4
900 7
900 14
900 17
900 30
900 32
900 37
900 38
900 39
900 40
900 45
900 47
900 50
900 51
900 55
900 59
900 60
900 61
900 62
900 68
900 70
900 71
900 73
900 74
900 77
900 79
900 80
900 82
900 85
900 86
900 87
900 88
900 90
900 91
900 94
900 95
900 99
900 103
900 104
900 105
900 113
900 115
900 116
900 117
900 120
900 123
900 124
900 127
900 128
900 135
900 137
900 139
900 140
900 141
900 143
900 144
900 145
900 151
900 152
900 153
900 154
900 157
900 158
900 160
900 161
900 163
900 164
900 170
900 172
900 174
900 178
900 179
900 181
900 182
900 183
900 185
900 186
900 187
900 190
900 192
900 194
900 195
900 201
900 210
900 212
900 214
900 220
900 225
900 227
900 231
900 235
900 240
900 244
900 245
900 247
900 248
900 256
900 267
900 269
900 272
900 273
900 275
900 276
900 282
900 283
900 284
900 287
900 290
900 292
900 294
900 309
900 313
900 314
900 315
900 317
900 318
900 319
900 321
900 324
900 326
900 330
900 332
900 333
900 336
900 337
900 346
900 347
900 348
900 349
900 350
900 354
900 355
900 358
900 359
900 364
900 365
900 367
900 372
900 374
900 375
900 377
900 381
900 384
900 385
900 391
900 393
900 394
900 395
900 397
900 399
900 400
900 401
900 405
900 411
900 414
900 418
900 422
900 425
900 426
900 427
900 430
900 434
900 441
900 443
900 445
900 455
900 459
900 460
900 465
900 466
900 469
900 473
900 474
900 475
900 476
900 478
900 481
900 483
900 486
900 488
900 489
900 492
900 493
900 498
900 503
900 505
900 507
900 514
900 518
900 522
900 527
900 529
900 530
900 531
900 541
900 543
900 548
901 1
901 3
901 4
901 6
901 9
901 19
901 20
901 22
901 23
901 24
901 28
901 30
901 34
901 37
901 41
901 48
901 51
901 53
901 59
901 64
901 65
901 66
901 67
901 70
901 72
901 74
901 75
901 76
901 78
901 80
901 81
901 83
901 93
901 95
901 97
901 101
901 102
901 107
901 110
901 111
901 115
901 122
901 124
901 135
901 138
901 142
901 147
901 151
901 155
901 156
901 160
901 162
901 164
901 166
901 171
901 173
901 175
901 179
901 180
901 186
901 187
901 188
901 191
901 197
901 199
901 200
901 208
901 209
901 210
901 211
901 213
901 215
901 216
901 223
901 224
901 226
901 233
901 236
901 237
901 241
901 242
901 247
901 249
901 250
901 254
901 255
901 260
901 262
901 265
901 267
901 268
901 270
901 274
901 277
901 283
901 287
901 289
901 291
901 293
901 295
901 299
901 302
901 303
901 304
901 306
901 311
901 316
901 320
901 321
901 322
901 325
901 328
901 329
901 331
901 332
901 334
901 335
901 339
901 340
901 343
901 344
901 345
901 348
901 350
901 356
901 359
901 362
901 364
901 367
901 368
901 369
901 370
901 379
901 380
901 382
901 386
901 388
901 390
901 392
901 397
901 398
901 402
901 403
901 404
901 406
901 407
901 408
901 412
901 414
901 415
901 416
901 419
901 420
901 422
901 424
901 425
901 428
901 431
901 432
901 435
901 440
901 443
901 444
901 445
901 446
901 448
901 451
901 452
901 457
901 465
901 467
901 468
901 470
901 471
901 475
901 478
901 482
901 485
901 494
901 496
901 497
901 498
901 499
901 501
901 502
901 504
901 506
901 509
901 510
901 511
901 515
901 517
901 519
901 526
901 528
901 535
901 538
901 542
-1 -1
3.08875
