1
0 193
0 392
1 13
1 299
2 79
2 333
3 39
3 225
4 44
4 71
5 53
5 380
6 129
6 178
7 222
7 374
8 56
8 208
9 31
10 298
10 361
11 106
11 192
12 309
12 343
13 110
14 166
14 202
15 185
15 315
16 132
16 271
17 208
17 235
18 99
18 375
19 33
19 173
20 34
20 183
21 24
21 70
22 49
22 90
23 60
23 302
24 83
25 29
25 50
26 161
26 344
27 47
27 217
28 39
28 210
29 97
30 204
30 396
31 288
32 239
32 289
33 334
34 265
35 198
35 398
36 307
36 336
37 259
37 294
38 148
38 387
40 98
40 310
41 380
41 394
42 358
42 379
43 109
43 242
44 195
45 46
45 320
46 155
47 152
48 121
48 350
49 78
50 170
51 118
51 369
52 277
52 377
53 148
54 207
54 276
55 96
55 202
56 370
57 64
57 273
58 275
58 280
59 102
59 361
60 243
61 161
61 334
62 140
62 268
63 194
63 286
64 332
65 81
65 348
66 118
66 332
67 378
67 390
68 153
68 305
69 137
69 397
70 80
71 340
72 273
72 278
73 261
73 314
74 243
74 344
75 102
75 133
76 288
76 353
77 182
77 352
78 283
79 122
80 194
81 87
82 201
82 282
83 323
84 198
84 205
85 285
85 359
86 269
86 343
87 377
88 150
88 345
89 116
89 225
90 165
91 139
91 233
92 218
92 226
93 164
93 266
94 130
94 381
95 168
95 355
96 209
97 330
98 318
99 186
100 105
100 199
101 119
101 196
103 108
103 252
104 223
104 269
105 255
106 111
107 183
107 293
108 216
109 357
110 314
111 213
112 231
112 389
113 270
113 341
114 230
114 257
115 134
115 171
116 232
117 149
117 221
119 289
120 144
120 250
121 239
122 338
123 277
123 337
124 212
124 272
125 147
125 160
126 189
126 190
127 218
127 363
128 374
128 379
129 229
130 151
131 157
131 372
132 278
133 306
134 139
135 245
135 263
136 146
136 186
137 319
138 174
138 177
140 328
141 330
141 386
142 201
142 236
143 215
143 287
144 213
145 193
145 219
146 326
147 350
149 227
150 205
151 321
152 312
153 206
154 264
154 337
155 179
156 191
156 333
157 323
158 223
158 250
159 242
159 399
160 214
162 351
162 368
163 164
163 179
165 244
166 362
167 182
167 373
168 172
169 331
169 367
170 246
171 270
172 367
173 383
174 286
175 199
175 329
176 360
176 394
177 207
178 231
180 220
180 347
181 185
181 236
184 262
184 381
187 320
187 392
188 210
188 357
189 388
190 227
191 241
192 258
195 296
196 324
197 234
197 297
200 219
200 382
203 211
203 302
204 309
206 383
209 391
211 325
212 247
214 217
215 318
216 351
220 355
221 308
222 341
224 245
224 382
226 237
228 248
228 356
229 268
230 248
232 321
233 326
234 306
235 262
237 280
238 256
238 342
240 340
240 346
241 290
244 247
246 384
249 287
249 322
251 369
251 386
252 363
253 349
253 378
254 331
254 339
255 396
256 310
257 399
258 315
259 395
260 311
260 352
261 390
263 316
264 353
265 311
266 328
267 274
267 366
271 365
272 366
274 384
275 336
276 295
279 327
279 368
281 295
281 365
282 303
283 329
284 354
284 385
285 308
290 304
291 294
291 299
292 312
292 345
293 316
296 359
297 335
298 322
300 348
300 393
301 313
301 364
303 356
304 342
305 324
307 370
313 338
317 339
317 371
319 372
325 389
327 395
335 371
346 364
347 358
349 376
354 375
360 393
362 385
373 388
376 398
387 391
400 397
401 9
-1 -1
3.89282
