1
0 212
0 234
1 24
1 281
2 10
2 393
3 162
3 172
4 264
4 354
5 12
5 191
6 387
6 216
7 209
7 233
8 224
8 226
9 67
9 376
10 177
11 343
11 97
12 225
13 388
13 227
14 94
14 136
15 59
15 222
16 63
16 244
17 113
17 132
18 340
18 143
19 56
19 378
20 360
20 398
21 258
21 30
22 213
22 228
23 265
23 350
24 28
25 357
25 242
26 173
26 240
27 293
27 311
28 131
29 258
29 172
30 255
31 257
31 387
32 256
32 254
33 48
33 244
34 166
34 370
35 278
35 133
36 63
36 233
37 335
37 185
38 291
38 241
39 329
39 221
40 278
40 301
41 289
41 205
42 322
42 202
43 158
43 247
44 208
44 235
45 256
45 200
46 57
46 60
47 286
47 347
48 210
49 270
49 309
50 290
50 223
51 314
51 379
52 54
52 79
53 262
53 370
54 325
55 200
55 220
56 129
57 106
58 280
58 83
59 234
60 194
61 84
61 121
62 275
62 72
64 66
64 179
65 277
65 328
66 86
67 305
68 302
68 84
69 350
69 125
70 299
70 297
71 184
71 214
72 282
73 366
73 253
74 95
74 201
75 348
75 229
76 147
76 227
77 135
77 202
78 372
78 374
79 115
80 385
80 197
81 149
81 195
82 315
82 271
83 242
85 267
85 271
86 321
87 140
87 215
88 292
88 176
89 299
89 396
90 358
90 180
91 274
91 165
92 319
92 153
93 113
93 371
94 390
95 254
96 385
96 219
98 155
98 186
99 373
99 198
100 352
100 107
101 145
101 347
102 343
102 198
103 104
103 399
104 332
105 303
105 174
106 128
107 250
108 175
108 176
109 275
109 239
110 366
110 163
111 320
111 182
112 323
112 395
114 337
114 156
115 193
116 273
116 367
117 349
117 231
118 170
118 232
119 311
119 152
120 365
120 128
121 382
122 296
122 207
123 166
123 189
124 310
124 246
125 303
126 345
126 219
127 294
127 295
129 281
130 319
130 214
131 171
132 364
133 283
134 279
134 331
135 392
136 235
137 288
137 380
138 337
138 187
139 354
139 240
140 339
141 334
141 363
142 306
142 146
143 164
144 310
144 373
145 157
146 238
147 153
148 309
148 324
149 289
150 272
150 191
151 377
151 251
152 356
154 298
154 300
155 197
156 216
157 239
158 265
159 260
159 335
160 388
160 312
161 259
161 389
162 190
163 300
164 177
165 285
167 367
167 249
168 345
168 218
169 315
169 357
170 178
171 362
173 372
174 342
175 322
178 324
179 285
180 203
181 193
181 237
182 305
183 276
183 342
184 213
185 223
186 212
187 363
188 349
188 353
189 199
190 333
192 210
194 259
195 325
196 267
196 338
199 232
201 344
203 320
204 280
204 209
205 217
206 298
206 378
207 304
208 384
211 314
211 355
215 277
217 359
218 230
220 248
221 301
222 341
224 253
225 302
226 381
228 279
229 362
230 327
231 375
236 293
236 395
237 339
238 273
241 328
243 284
243 397
245 270
245 294
246 264
247 377
248 331
249 261
250 374
251 268
252 288
252 255
257 360
260 382
261 330
262 394
263 287
263 317
266 313
266 390
268 358
269 333
269 368
272 313
274 286
276 352
282 383
283 295
284 334
287 307
290 399
291 369
292 396
296 361
297 323
304 308
306 326
307 379
308 344
312 368
316 348
316 376
317 369
318 327
318 329
321 393
326 332
330 336
336 340
338 394
341 346
346 361
351 386
351 383
353 397
355 375
356 359
364 398
365 392
371 384
380 389
381 391
386 391
400 192
401 97
-1 -1
2.65462
