1
0 28
0 39
1 34
1 306
2 9
2 128
3 93
3 227
4 118
4 390
5 312
5 241
6 159
6 220
7 358
7 116
8 129
8 183
9 180
10 63
10 327
11 153
11 347
12 323
12 394
13 115
13 249
14 128
14 243
15 276
15 377
16 288
16 73
17 163
17 189
18 331
18 143
19 37
19 149
20 40
20 50
21 304
21 124
22 278
22 235
23 130
23 225
24 113
24 124
25 345
25 375
26 344
26 387
27 77
27 396
28 78
29 138
29 158
30 317
30 125
31 69
31 277
32 47
32 343
33 38
33 105
34 362
35 66
35 229
36 148
36 190
37 215
38 201
39 77
40 133
41 52
41 244
42 155
42 385
43 259
43 281
44 369
44 194
45 391
45 168
46 200
46 245
47 219
48 347
48 126
49 272
49 170
50 205
51 309
51 175
52 119
53 192
53 228
54 170
54 230
55 317
55 123
56 97
56 394
57 311
57 241
58 274
58 205
59 308
59 355
60 303
60 318
61 266
61 383
62 342
62 359
63 352
64 298
64 398
65 370
65 164
66 161
67 73
67 147
68 290
68 349
69 200
70 191
70 202
71 136
71 191
72 151
72 215
74 291
74 213
75 145
75 226
76 356
76 216
78 172
79 184
79 365
80 164
80 203
81 364
81 217
82 345
82 386
83 94
83 242
84 116
84 369
85 380
85 243
86 260
86 354
87 140
87 269
88 399
88 188
89 382
89 121
90 261
90 239
91 98
91 177
92 333
92 363
93 296
94 259
95 389
95 138
96 341
96 360
97 242
98 203
99 274
99 230
100 399
100 173
101 112
101 255
102 321
102 178
103 322
103 211
104 300
104 393
105 322
106 190
106 199
107 256
107 160
108 264
108 272
109 266
109 374
110 117
110 376
111 332
111 250
112 178
113 185
114 325
114 209
115 146
117 339
118 284
119 360
120 273
120 287
121 184
122 283
122 222
123 156
125 278
126 256
127 299
127 179
129 169
130 180
131 388
131 239
132 373
132 247
133 330
134 157
134 186
135 141
135 225
136 297
137 268
137 381
139 387
139 207
140 240
141 280
142 309
142 153
143 361
144 379
144 359
145 381
146 327
147 331
148 227
149 189
150 198
150 236
151 377
152 197
152 218
154 158
154 172
155 276
156 350
157 192
159 166
160 344
161 185
162 335
162 348
163 330
165 197
165 212
166 286
167 302
167 198
168 211
169 368
171 270
171 346
173 216
174 391
174 234
175 340
176 187
176 336
177 364
179 257
181 271
181 234
182 350
182 388
183 361
186 294
187 294
188 306
193 265
193 343
194 334
195 367
195 231
196 323
196 353
199 354
201 292
202 204
204 270
206 208
206 253
207 384
208 357
209 313
210 321
210 341
212 319
213 275
214 287
214 338
217 383
218 233
219 325
220 376
221 264
221 340
222 295
223 397
223 248
224 316
224 373
226 315
229 232
231 337
232 390
233 297
235 398
236 254
237 245
237 252
238 286
238 250
240 334
244 281
246 269
246 370
247 279
248 329
249 282
251 392
251 316
252 275
253 363
254 303
255 257
258 267
258 271
260 385
261 326
262 352
262 366
263 267
263 336
265 280
268 291
273 335
277 324
279 362
282 384
283 288
284 357
285 312
285 367
289 320
289 355
290 379
292 348
293 342
295 372
296 301
298 324
299 351
300 358
301 307
302 308
304 397
305 337
305 314
307 393
310 315
310 375
311 318
313 328
314 382
319 365
320 328
326 329
332 338
333 371
339 353
346 372
349 392
351 386
356 396
366 395
368 389
371 374
378 395
378 380
400 293
401 228
-1 -1
7.75634
