1
0 7
0 108
1 71
1 354
2 82
2 132
3 49
3 57
4 347
4 330
5 34
5 253
6 347
6 331
7 327
8 44
8 374
9 323
9 143
10 80
10 362
11 340
11 141
12 356
12 247
13 15
13 59
14 353
14 242
15 250
16 330
16 119
17 383
18 280
18 177
19 286
19 287
20 92
20 161
21 29
21 270
22 106
22 207
23 363
23 394
24 336
24 166
25 391
25 382
26 43
26 341
27 295
27 82
28 280
28 300
29 200
30 328
30 133
31 282
31 67
32 102
32 191
33 77
33 378
34 321
35 291
35 221
36 136
36 185
37 351
37 374
38 69
38 233
39 51
39 71
40 78
40 206
41 271
41 146
42 292
42 212
43 127
44 61
45 256
45 240
46 152
46 178
47 202
47 251
48 318
48 104
49 393
50 271
50 232
51 313
52 277
52 197
53 55
53 386
54 341
54 148
55 134
56 272
56 323
57 195
58 325
58 252
59 245
60 147
60 187
61 299
62 310
62 181
63 123
63 214
64 311
64 79
65 298
65 306
66 339
66 122
67 369
68 72
68 130
69 143
70 76
70 193
72 242
73 279
73 291
74 184
74 375
75 257
75 150
76 158
77 140
78 163
79 334
80 310
81 176
81 263
83 85
83 99
84 305
84 177
85 228
86 387
86 170
87 186
87 296
88 95
88 379
89 155
89 219
90 336
90 221
91 239
91 339
92 385
93 111
93 139
94 157
94 228
95 364
96 345
96 184
97 300
97 241
98 295
98 349
99 178
100 131
100 154
101 274
101 307
102 218
103 173
103 185
104 206
105 129
105 180
106 328
107 121
107 223
108 196
109 183
109 223
110 368
110 335
111 167
112 264
112 113
113 350
114 314
114 371
115 290
115 153
116 308
116 149
117 126
117 337
118 155
118 198
119 379
120 290
120 168
121 174
122 326
123 268
124 154
124 167
125 209
125 253
126 292
127 390
128 160
128 212
129 313
130 255
131 168
132 303
133 247
134 174
135 261
135 225
136 301
137 259
137 327
138 357
138 175
139 321
140 373
141 274
142 282
142 394
144 380
144 204
145 376
145 229
146 222
147 164
148 370
149 162
150 334
151 387
151 358
152 319
153 232
156 279
156 392
157 308
158 324
159 278
159 241
160 275
161 378
162 331
163 365
164 317
165 326
165 249
166 182
169 359
169 246
170 265
171 348
171 216
172 176
172 211
173 288
175 380
179 314
179 283
180 262
181 266
182 391
183 355
186 208
187 362
188 265
188 193
189 227
189 251
190 373
190 210
191 390
192 289
192 224
194 354
194 359
195 312
196 383
197 389
198 215
199 201
199 238
200 367
201 266
202 302
203 353
203 366
204 338
205 344
205 370
207 303
208 344
210 257
211 227
213 268
213 392
214 365
215 377
216 338
217 376
217 377
218 369
219 345
220 286
220 366
222 384
224 238
225 352
226 304
226 249
229 307
230 364
230 235
231 396
231 294
233 312
234 395
234 285
235 237
236 318
236 371
237 316
239 301
240 304
243 284
243 395
244 342
244 398
245 259
246 381
248 262
248 276
250 386
252 324
254 346
254 357
255 267
256 361
258 278
258 393
260 287
260 399
261 269
263 320
264 322
267 309
269 333
270 329
272 309
273 352
273 281
275 317
276 332
277 396
281 332
283 399
284 333
285 289
288 298
293 385
293 389
294 351
296 325
297 397
297 360
299 388
302 388
305 375
306 356
311 335
315 320
315 397
316 372
319 342
322 340
329 382
337 384
343 372
343 360
346 349
348 350
355 358
361 363
367 368
381 398
400 209
401 17
-1 -1
11.376
