1
0 17
0 279
1 9
1 134
2 360
2 118
3 369
3 238
4 100
4 151
5 310
5 331
6 197
6 200
7 24
7 128
8 345
8 150
9 304
10 307
10 103
11 290
11 317
12 337
12 157
13 288
13 87
14 211
14 221
15 99
15 105
16 297
16 223
17 342
18 290
18 232
19 326
19 108
20 77
20 182
21 381
21 332
22 214
22 233
23 263
23 318
24 203
25 340
25 303
26 289
26 42
27 350
27 391
28 356
28 252
29 78
29 336
30 267
30 140
31 234
31 364
32 293
32 240
33 89
33 152
34 376
34 278
35 49
35 190
36 79
36 98
37 97
37 125
38 127
38 192
39 329
39 298
40 327
40 116
41 279
41 61
42 273
43 341
43 388
44 283
44 212
45 353
45 217
46 296
46 321
47 366
47 210
48 59
48 99
49 205
50 363
50 173
51 147
51 198
52 378
52 330
53 262
53 132
54 325
54 171
55 282
55 397
56 60
56 336
57 62
57 194
58 110
58 251
59 373
60 247
61 137
62 196
63 83
63 344
64 177
64 194
65 262
65 167
66 77
66 173
67 171
67 375
68 94
68 358
69 91
69 357
70 263
70 170
71 281
71 389
72 334
72 277
73 377
73 151
74 156
74 235
75 259
75 244
76 129
76 154
78 294
79 320
80 267
80 366
81 309
81 149
82 277
82 395
83 271
84 258
84 204
85 260
86 392
86 159
87 367
88 397
88 335
89 339
90 387
90 252
91 144
92 93
92 158
93 356
94 312
95 303
95 163
96 126
96 166
97 393
98 340
100 284
101 338
101 181
102 271
102 118
103 372
104 352
104 276
105 257
106 396
106 175
107 111
107 269
108 360
109 259
109 187
110 248
111 398
112 180
112 199
113 114
113 146
114 392
115 286
115 333
116 213
117 179
117 243
119 135
119 244
120 354
120 146
121 293
121 226
122 282
122 240
123 133
123 214
124 231
124 251
125 235
126 380
127 283
128 399
129 287
130 149
130 170
131 359
131 377
132 218
133 247
134 145
135 232
136 139
136 286
137 307
138 318
138 337
139 328
140 379
141 363
141 202
142 394
142 383
143 325
143 338
144 270
145 216
147 190
148 375
148 195
150 156
152 359
153 384
153 161
154 181
155 172
155 209
157 219
158 346
159 376
160 368
160 327
161 191
162 394
162 382
163 242
164 380
164 217
165 174
165 215
166 178
167 201
168 314
168 182
169 342
169 189
172 197
174 227
175 178
176 188
176 249
177 372
179 294
180 296
183 220
183 222
184 276
184 211
185 311
185 368
186 198
186 239
187 313
188 266
189 381
191 365
192 253
193 295
193 227
195 238
196 231
199 285
200 291
201 308
202 357
203 204
205 324
206 280
206 241
207 299
207 351
208 348
208 242
209 228
210 315
212 395
213 355
215 358
216 295
218 245
219 280
220 321
221 229
222 301
223 390
224 285
224 386
225 265
225 233
226 391
228 288
229 312
230 384
230 250
234 236
236 323
237 319
237 386
239 332
241 371
243 369
245 353
246 301
246 350
248 329
249 255
250 333
253 398
254 278
254 299
255 292
256 300
256 387
257 291
258 382
260 284
261 314
261 378
264 302
264 354
265 306
266 396
268 269
268 331
270 320
272 362
272 287
273 297
274 344
274 364
275 361
275 385
281 305
289 347
292 351
298 306
300 310
302 349
304 311
305 343
308 335
309 313
315 373
316 334
316 367
317 379
319 328
322 330
322 361
323 348
324 393
326 374
339 365
341 352
343 390
346 370
347 399
349 389
355 374
362 388
370 385
371 383
400 345
401 85
-1 -1
26.9128
