1
0 17
0 172
1 96
1 164
2 275
2 88
3 363
3 113
4 397
4 221
5 261
5 115
6 36
6 383
7 66
7 158
8 183
8 233
9 13
9 108
10 35
10 147
11 97
11 133
12 373
12 216
13 62
14 354
15 37
15 145
16 77
16 185
17 289
18 365
18 397
19 395
19 143
20 96
20 187
21 167
21 373
22 56
22 209
23 81
23 378
24 170
24 368
25 309
25 234
26 352
26 202
27 198
27 232
28 100
28 275
29 73
29 232
30 375
30 214
31 266
31 242
32 155
32 250
33 42
33 206
34 305
34 61
35 279
36 211
37 372
38 386
38 270
39 285
39 227
40 257
40 147
41 278
41 320
42 262
43 98
43 158
44 358
44 111
45 326
45 380
46 157
46 255
47 95
47 181
48 64
48 184
49 265
49 55
50 191
50 240
51 59
51 226
52 288
52 370
53 161
53 283
54 99
54 221
55 120
56 303
57 173
57 231
58 118
58 129
59 277
60 259
60 260
61 343
62 119
63 312
63 357
64 254
65 92
65 98
66 150
67 162
67 177
68 338
68 166
69 324
69 237
70 286
70 360
71 120
71 377
72 318
72 188
73 269
74 345
74 118
75 314
75 248
76 292
76 219
77 109
78 339
78 165
79 99
79 112
80 366
80 199
81 210
82 123
82 196
83 342
83 108
84 328
84 149
85 338
85 388
86 284
86 202
87 128
87 248
88 341
89 139
89 210
90 231
90 242
91 289
91 367
92 393
93 376
93 170
94 390
94 235
95 350
97 329
100 243
101 134
101 153
102 263
102 162
103 148
103 225
104 368
104 123
105 189
105 298
106 347
106 156
107 260
107 148
109 315
110 343
110 381
111 144
112 244
113 258
114 159
114 205
115 207
116 127
116 252
117 319
117 387
119 278
121 163
121 196
122 152
122 250
124 323
124 353
125 399
125 197
126 270
126 146
127 318
128 217
129 268
130 264
130 247
131 259
131 218
132 136
132 244
133 352
134 335
135 181
135 201
136 398
137 295
137 331
138 350
138 327
139 320
140 193
140 235
141 288
141 212
142 286
142 251
143 182
144 175
145 362
146 287
149 336
150 389
151 398
151 190
152 220
153 357
154 333
154 340
155 399
156 367
157 299
159 358
160 307
160 201
161 209
163 169
164 253
165 169
166 283
167 387
168 307
168 325
171 268
171 204
172 222
173 241
174 317
174 205
175 243
176 356
176 379
177 281
178 392
178 255
179 384
179 314
180 345
180 346
182 337
183 193
184 280
185 296
186 277
186 341
187 386
188 305
189 219
190 297
191 227
192 322
192 239
194 359
194 198
195 315
195 246
197 313
199 300
200 276
200 324
203 312
203 370
204 348
206 226
207 360
208 364
208 328
211 374
212 372
213 390
213 238
214 294
215 280
215 251
216 377
217 293
218 355
220 265
222 299
223 322
223 294
224 291
225 323
228 302
228 296
229 339
229 393
230 394
230 395
233 311
234 325
236 292
236 351
237 300
238 334
239 384
240 247
241 388
245 293
245 340
246 304
249 291
249 273
252 362
253 385
254 303
256 344
256 378
257 262
258 348
261 382
263 375
264 321
266 276
267 321
267 281
269 382
271 359
271 392
272 334
272 391
273 369
274 302
274 349
279 346
282 316
282 365
284 310
285 332
287 381
290 304
290 326
295 385
297 361
298 374
301 309
301 363
306 327
306 351
308 313
308 379
310 383
311 344
316 380
317 337
319 330
329 371
330 353
331 333
332 364
335 396
336 389
342 349
347 396
354 366
355 369
356 361
371 376
391 394
400 14
401 224
-1 -1
26.6255
