1
0 553
0 488
1 201
1 210
2 687
2 785
3 293
3 373
4 520
4 470
5 535
5 537
6 171
6 57
7 219
7 759
8 329
8 545
9 12
9 335
10 72
10 504
11 16
11 42
12 163
13 53
13 585
14 614
14 20
15 90
15 446
16 599
17 69
17 585
18 225
18 350
19 679
19 54
20 773
21 594
21 62
22 345
22 105
23 70
23 374
24 787
24 532
25 297
25 348
26 682
26 270
27 518
27 739
28 574
28 66
29 129
29 795
30 776
30 380
31 453
31 739
32 386
32 272
33 194
33 593
34 523
34 360
35 478
35 255
36 642
36 512
37 320
37 191
38 145
38 451
39 477
39 747
40 181
40 379
41 408
41 245
42 65
43 569
43 190
44 778
44 271
45 349
45 549
46 599
46 542
47 625
47 746
48 447
48 458
49 455
49 783
50 547
50 632
51 654
51 322
52 539
52 630
53 423
54 385
55 662
55 471
56 659
56 638
57 416
58 149
58 596
59 360
59 381
60 546
60 727
61 387
61 159
62 179
63 149
63 374
64 192
64 293
65 189
66 205
67 363
67 502
68 709
68 168
69 455
70 597
71 603
71 103
72 82
73 241
73 738
74 520
74 317
75 96
75 762
76 299
76 244
77 146
77 540
78 399
78 97
79 645
79 702
80 273
80 624
81 273
81 792
82 378
83 170
83 234
84 393
84 672
85 557
85 469
86 732
86 496
87 698
87 510
88 188
88 217
89 135
89 411
90 734
91 635
91 661
92 591
92 175
93 512
93 199
94 514
94 647
95 632
95 505
96 383
97 567
98 309
98 454
99 260
99 473
100 528
100 207
101 196
101 247
102 493
102 586
103 397
104 582
104 552
105 755
106 740
106 279
107 666
107 766
108 327
108 236
109 286
109 686
110 564
110 330
111 663
111 334
112 156
112 114
113 186
113 378
114 300
115 763
115 781
116 598
116 117
117 394
118 794
118 359
119 397
119 270
120 642
120 220
121 203
121 251
122 262
122 383
123 192
123 252
124 133
124 577
125 307
125 747
126 427
126 377
127 212
127 527
128 372
128 743
129 627
130 717
130 467
131 299
131 318
132 260
132 483
133 177
134 432
134 784
135 486
136 564
136 453
137 664
137 570
138 740
138 246
139 235
139 376
140 356
140 635
141 391
141 725
142 616
142 366
143 613
143 760
144 159
144 310
145 170
146 526
147 480
147 430
148 537
148 318
150 652
150 575
151 795
151 540
152 694
152 637
153 715
153 254
154 436
154 451
155 711
155 797
156 458
157 667
157 622
158 517
158 454
160 292
160 609
161 648
161 524
162 491
162 680
163 379
164 799
164 434
165 525
165 755
166 706
166 284
167 521
167 528
168 780
169 732
169 255
171 327
172 554
172 352
173 786
173 630
174 479
174 355
175 308
176 209
176 750
177 768
178 674
178 312
179 654
180 576
180 607
181 583
182 448
182 215
183 644
183 606
184 456
184 321
185 197
185 715
186 298
187 409
187 573
188 498
189 343
190 221
191 261
193 538
193 226
194 634
195 616
195 371
196 745
197 601
198 640
198 797
199 202
200 640
200 416
201 639
202 346
203 368
204 328
204 500
205 589
206 549
206 607
207 390
208 782
208 509
209 311
210 745
211 402
211 426
212 634
213 684
213 223
214 400
214 431
215 581
216 417
216 561
217 407
218 268
218 692
219 671
220 338
221 701
222 596
222 230
223 442
224 406
224 703
225 433
226 259
227 428
227 748
228 730
228 302
229 544
229 736
230 414
231 444
231 403
232 779
232 412
233 706
233 305
234 265
235 697
236 506
237 749
237 290
238 326
238 438
239 733
239 367
240 431
240 577
241 289
242 519
242 490
243 330
243 723
244 511
245 463
246 743
247 560
248 519
248 651
249 483
249 487
250 774
250 440
251 277
252 753
253 656
253 588
254 384
256 550
256 735
257 334
257 742
258 665
258 556
259 326
261 753
262 534
263 653
263 603
264 435
264 617
265 322
266 413
266 761
267 438
267 764
268 542
269 272
269 304
271 280
274 445
274 370
275 793
275 687
276 730
276 358
277 670
278 407
278 756
279 768
280 466
281 550
281 562
282 641
282 553
283 691
283 419
284 705
285 524
285 296
286 440
287 644
287 339
288 626
288 432
289 716
290 388
291 655
291 798
292 714
294 697
294 609
295 541
295 618
296 563
297 668
298 646
300 574
301 672
301 700
302 770
303 660
303 436
304 648
305 676
306 774
306 472
307 497
308 395
309 429
310 651
311 490
312 552
313 551
313 488
314 539
314 355
315 631
315 335
316 641
316 351
317 600
319 650
319 363
320 628
321 515
323 380
323 759
324 681
324 573
325 772
325 369
328 680
329 371
331 522
331 531
332 719
332 480
333 712
333 477
336 405
336 460
337 570
337 682
338 636
339 350
340 530
340 425
341 533
341 489
342 463
342 466
343 410
344 554
344 446
345 595
346 495
347 429
347 766
348 638
349 441
351 473
353 568
353 721
354 769
354 781
356 578
357 491
357 625
358 369
359 404
361 409
361 478
362 649
362 738
364 555
364 713
365 401
365 486
366 459
367 555
368 589
370 669
372 727
373 580
375 663
375 402
376 623
377 675
381 608
382 514
382 481
384 726
385 711
386 505
387 408
388 622
389 645
389 735
390 578
391 657
392 457
392 659
393 751
394 523
395 481
396 426
396 696
398 405
398 484
399 489
400 777
401 479
403 421
404 565
406 721
410 710
411 582
412 445
413 476
414 765
415 462
415 681
417 456
418 650
418 608
419 518
420 468
420 494
421 744
422 591
422 691
423 763
424 653
424 507
425 566
427 794
428 643
430 722
433 442
434 452
435 602
437 530
437 761
439 601
439 503
441 790
443 758
443 767
444 629
447 612
448 597
449 571
449 624
450 712
450 605
452 594
457 498
459 592
460 784
461 690
461 501
462 724
464 754
464 767
465 789
465 689
467 468
469 742
470 758
471 606
472 558
474 649
474 580
475 714
475 494
476 592
482 620
482 536
484 694
485 782
485 760
487 726
492 684
492 762
493 543
495 786
496 557
497 729
499 796
499 685
500 779
501 776
502 556
503 627
504 567
506 737
507 793
508 720
508 757
509 674
510 613
511 569
513 695
513 733
515 704
516 716
516 541
517 535
521 615
522 619
525 780
526 559
527 750
529 595
529 777
531 618
532 757
533 568
534 628
536 771
538 669
543 590
544 699
545 571
546 734
547 744
548 587
548 678
551 709
558 584
559 658
560 799
561 572
562 693
563 731
565 791
566 736
572 660
575 655
576 699
579 673
579 593
581 689
583 619
584 796
586 670
587 615
588 713
590 662
600 611
602 741
604 790
604 752
605 798
610 756
610 702
611 620
612 773
614 626
617 728
621 677
621 690
623 724
629 707
631 685
633 665
633 787
636 749
637 783
639 775
643 765
646 772
647 718
652 792
656 751
657 658
661 737
664 723
666 686
667 718
668 771
671 754
673 764
675 717
676 785
677 741
678 708
679 707
683 778
683 698
688 705
688 788
692 693
695 728
696 708
700 729
701 748
703 789
704 719
710 746
720 788
722 770
725 791
731 769
752 775
800 598
801 352
-1 -1
5.2095
