1
0 81
0 134
1 13
1 232
2 71
2 230
3 84
3 307
4 135
4 452
5 143
5 469
6 106
6 192
7 366
7 460
8 336
8 369
9 96
9 135
10 318
10 340
11 313
11 406
12 163
12 171
13 469
14 60
14 354
15 40
15 90
16 27
16 91
17 19
17 118
18 261
18 389
19 342
20 65
20 391
21 344
21 483
22 255
22 269
23 45
23 399
24 61
24 263
25 173
25 280
26 112
26 464
27 110
28 152
28 190
29 279
29 436
30 233
30 285
31 399
31 472
32 374
32 376
33 442
33 450
34 77
34 403
35 66
35 162
36 218
36 223
37 355
37 393
38 211
38 291
39 220
39 486
40 328
41 95
41 182
42 429
43 311
43 343
44 179
44 285
45 229
46 214
46 243
47 84
47 420
48 73
48 370
49 79
49 93
50 68
50 381
51 193
51 473
52 272
52 386
53 72
53 417
54 107
54 218
55 185
55 468
56 64
56 200
57 272
57 299
58 154
58 385
59 92
59 319
60 476
61 254
62 387
62 418
63 282
63 341
64 225
65 188
66 459
67 184
67 362
68 130
69 186
69 465
70 250
70 371
71 247
72 211
73 331
74 242
74 431
75 344
75 478
76 329
76 408
77 368
78 205
78 251
79 340
80 173
80 449
81 498
82 266
82 436
83 111
83 289
85 113
85 298
86 148
86 350
87 115
87 197
88 94
88 471
89 261
89 473
90 395
91 212
92 454
93 194
94 162
95 239
96 306
97 146
97 467
98 161
98 478
99 117
99 387
100 269
100 390
101 221
101 335
102 300
102 342
103 380
103 401
104 148
104 373
105 373
105 477
106 435
107 352
108 164
108 390
109 133
109 213
110 317
111 123
112 421
113 474
114 255
114 348
115 491
116 124
116 179
117 319
118 489
119 233
119 395
120 152
120 367
121 369
121 483
122 155
122 413
123 309
124 368
125 197
125 423
126 157
126 175
127 295
127 392
128 287
128 292
129 199
129 287
130 165
131 297
131 303
132 229
132 278
133 479
134 207
136 321
136 456
137 231
137 480
138 273
138 404
139 280
139 400
140 166
140 219
141 235
141 328
142 222
142 377
143 398
144 265
144 321
145 248
145 271
146 246
147 289
147 493
149 226
149 316
150 332
150 470
151 262
151 468
153 357
153 474
154 308
155 309
156 210
156 236
157 445
158 367
158 476
159 284
159 379
160 327
160 412
161 422
163 444
164 416
165 410
166 168
167 236
167 433
168 356
169 282
169 371
170 237
170 407
171 315
172 228
172 442
174 297
174 489
175 268
176 358
176 400
177 270
177 423
178 217
178 430
180 240
180 323
181 303
181 425
182 292
183 310
183 383
184 419
185 360
186 237
187 447
187 451
188 304
189 251
189 437
190 349
191 460
191 496
192 216
193 347
194 283
195 337
195 446
196 380
196 429
198 238
198 385
199 318
200 415
201 456
201 494
202 336
202 408
203 240
203 330
204 462
204 490
205 294
206 334
206 358
207 226
208 393
208 492
209 313
209 370
210 267
212 300
213 223
214 487
215 322
215 497
216 311
217 264
219 323
220 235
221 238
222 405
224 305
224 426
225 290
227 305
227 424
228 466
230 258
231 346
232 482
234 296
234 444
239 263
241 396
241 427
242 485
243 404
244 245
244 325
245 432
246 394
247 455
248 479
249 443
249 462
250 467
252 352
252 495
253 375
253 378
254 273
256 440
256 453
257 470
257 481
258 394
259 377
259 428
260 267
260 376
262 294
264 330
265 290
266 301
268 450
270 306
271 485
274 324
274 381
275 286
275 487
276 317
276 484
277 331
277 492
278 361
279 446
281 345
281 389
283 484
284 350
286 481
288 360
288 397
291 411
293 326
293 458
295 425
296 351
298 405
299 339
301 384
302 351
302 396
304 361
307 431
308 315
310 445
312 332
312 372
314 378
314 386
316 338
320 341
320 441
322 364
324 448
325 406
326 432
327 438
329 357
333 424
333 477
334 464
335 451
337 455
338 401
339 364
343 411
345 434
346 433
347 475
348 471
349 454
353 379
353 493
354 365
355 409
356 402
359 366
359 448
362 482
363 383
363 392
365 439
372 412
374 413
375 407
382 486
382 488
384 438
388 480
388 488
391 466
397 452
398 428
402 458
403 414
409 463
410 461
414 498
415 459
416 430
417 491
418 465
419 420
421 457
422 453
426 475
427 457
434 495
435 461
437 490
439 463
440 497
441 494
443 472
447 499
496 499
500 449
501 42
-1 -1
2.02334
