1
0 41
0 241
1 151
1 339
2 234
2 388
3 198
3 310
4 23
4 379
5 320
5 485
6 80
6 452
7 32
7 90
8 86
8 178
9 345
10 272
10 332
11 340
11 493
12 299
12 318
13 175
13 421
14 91
14 431
15 99
15 368
16 260
16 486
17 61
17 344
18 187
18 241
19 48
19 398
20 206
20 251
21 250
21 492
22 283
22 370
23 371
24 271
24 440
25 64
25 464
26 157
26 337
27 248
27 429
28 49
28 357
29 127
29 213
30 85
30 255
31 112
31 302
32 159
33 214
33 384
34 123
34 462
35 134
35 465
36 63
36 348
37 278
37 415
38 56
38 293
39 199
39 365
40 124
40 363
41 449
42 393
42 474
43 120
43 185
44 64
44 252
45 200
45 460
46 252
46 489
47 75
47 324
48 120
49 79
50 109
50 352
51 176
51 284
52 94
52 291
53 106
53 305
54 191
54 439
55 282
55 328
56 137
57 228
57 301
58 400
58 415
59 165
59 380
60 190
60 299
61 110
62 119
62 483
63 480
65 422
65 497
66 78
66 84
67 128
67 311
68 183
68 458
69 275
69 346
70 158
70 459
71 155
71 377
72 356
72 378
73 77
73 274
74 142
74 229
75 492
76 313
76 479
77 230
78 421
79 325
80 243
81 336
81 385
82 196
82 477
83 374
83 428
84 202
85 464
86 300
87 199
87 375
88 257
88 451
89 167
89 265
90 376
91 336
92 215
92 289
93 166
93 296
94 283
95 169
95 443
96 223
96 371
97 160
97 358
98 118
98 261
99 434
100 288
100 322
101 343
101 442
102 317
102 493
103 324
103 472
104 117
104 438
105 260
105 343
106 321
107 222
107 303
108 133
108 372
109 305
110 372
111 272
111 428
112 467
113 171
113 250
114 161
114 476
115 313
115 406
116 262
116 342
117 303
118 296
119 127
121 179
121 424
122 319
122 448
123 398
124 184
125 132
125 388
126 251
126 418
128 254
129 172
129 467
130 270
130 335
131 151
131 487
132 174
133 219
134 236
135 498
135 499
136 189
136 291
137 255
138 352
138 422
139 190
139 390
140 169
140 263
141 259
141 364
142 292
143 194
143 478
144 220
144 433
145 294
145 469
146 410
146 454
147 334
147 396
148 232
148 470
149 396
149 456
150 348
150 491
152 235
152 281
153 472
153 480
154 349
154 435
155 436
156 414
156 419
157 281
158 481
159 399
160 193
161 166
162 192
162 418
163 330
163 382
164 205
164 220
165 449
167 416
168 202
168 234
170 211
170 367
171 253
172 408
173 197
173 267
174 271
175 307
176 334
177 248
177 355
178 212
179 345
180 332
180 441
181 379
181 476
182 221
182 442
183 277
184 412
185 197
186 205
186 256
187 246
188 225
188 268
189 471
191 328
192 315
193 223
194 496
195 227
195 245
196 263
198 491
200 242
201 330
201 490
203 266
203 323
204 323
204 361
206 294
207 229
207 237
208 309
208 473
209 468
209 499
210 231
210 232
211 440
212 269
213 327
214 361
215 451
216 391
216 444
217 226
217 378
218 238
218 382
219 326
221 488
222 319
224 338
224 359
225 347
226 494
227 473
228 311
230 370
231 276
233 381
233 404
235 256
236 357
237 351
238 366
239 326
239 430
240 359
240 468
242 249
243 411
244 397
244 469
245 443
246 436
247 254
247 479
249 297
253 407
257 302
258 353
258 387
259 333
261 471
262 304
264 331
264 470
265 314
266 282
267 423
268 293
269 285
270 286
273 360
273 466
274 477
275 483
276 486
277 329
278 298
279 316
279 354
280 337
280 488
284 405
285 455
286 430
287 295
287 484
288 363
289 327
290 391
290 420
292 463
295 385
297 390
298 494
300 432
301 320
304 474
306 362
306 417
307 495
308 333
308 389
309 366
310 411
312 367
312 452
314 424
315 497
316 347
317 431
318 462
321 481
322 456
325 412
329 465
331 392
335 407
338 427
339 423
340 384
341 402
341 426
342 447
344 375
346 429
349 438
350 373
350 406
351 387
353 495
354 434
355 427
356 393
358 458
360 446
362 403
364 439
365 466
368 433
369 403
369 446
373 437
374 455
376 453
377 437
380 410
381 413
383 404
383 435
386 413
386 490
389 394
392 414
394 426
395 401
395 432
397 498
399 460
400 416
401 453
402 441
405 489
408 450
409 448
409 463
417 447
419 461
420 496
425 459
444 475
445 457
445 482
450 478
454 487
457 475
461 484
482 485
500 425
501 9
-1 -1
1.86469
