26
1 309
1 315
2 114
2 221
3 343
3 37
4 196
5 298
6 169
6 75
7 34
7 394
8 236
8 231
9 280
9 210
10 323
10 251
11 376
11 215
12 304
13 30
13 367
14 241
14 173
15 332
15 76
16 161
16 69
17 339
17 127
18 269
18 254
19 33
19 28
20 386
21 348
21 284
22 338
22 374
23 369
23 70
24 160
26 213
26 398
27 265
27 109
28 355
29 244
29 189
30 199
31 264
32 184
32 46
33 77
34 217
35 228
35 301
36 307
36 292
37 388
38 160
38 205
39 260
39 108
40 122
40 314
42 370
42 230
43 97
43 108
44 52
44 269
45 291
45 247
46 360
47 80
47 362
48 104
48 283
49 359
49 85
50 235
50 222
51 82
51 259
52 392
53 155
53 84
54 233
54 87
55 192
55 354
56 203
56 252
57 159
58 380
58 63
59 373
59 142
60 169
61 365
62 99
62 246
63 286
64 202
64 116
65 213
65 105
66 137
66 237
67 105
67 77
68 128
68 194
69 316
70 72
71 240
71 131
72 345
73 287
74 121
74 139
75 120
76 103
78 138
78 341
79 301
79 310
80 347
81 83
81 263
82 236
83 180
84 208
85 378
86 216
86 277
87 110
88 114
88 326
89 92
89 358
90 232
90 261
91 163
91 220
92 363
93 297
93 143
94 178
94 324
95 375
95 229
96 294
96 188
97 370
98 180
98 253
99 145
100 272
100 154
101 367
101 215
102 289
102 115
103 211
104 364
106 369
107 320
107 118
109 168
110 380
111 152
111 250
112 307
112 165
113 375
113 318
115 163
116 382
117 280
117 156
118 366
119 208
119 257
120 223
121 134
122 254
123 155
123 151
124 304
124 270
125 361
125 399
126 227
126 294
127 129
128 305
129 243
130 290
130 318
131 397
132 387
132 230
133 167
134 300
135 310
135 372
136 267
137 295
138 167
139 174
140 282
140 143
141 178
141 293
142 382
144 176
144 239
145 241
146 185
146 313
147 250
147 399
148 248
148 397
149 386
149 302
151 209
152 273
153 353
153 219
154 395
156 317
157 312
157 327
158 209
158 337
159 181
161 287
164 366
164 270
165 243
166 331
166 319
168 186
170 264
170 218
172 321
172 311
174 216
175 329
175 319
176 300
177 282
177 364
179 331
181 390
182 338
182 345
183 313
183 205
184 328
185 349
186 383
187 321
187 360
188 238
189 253
190 290
190 279
191 306
191 276
192 352
193 204
193 285
194 252
195 261
195 372
196 398
197 371
197 267
198 396
198 263
199 202
200 224
200 220
201 323
203 356
204 341
206 233
206 255
207 377
207 314
210 276
212 296
212 299
214 265
214 303
217 262
218 357
221 226
222 229
223 245
224 278
225 296
225 285
226 348
227 333
232 239
234 340
234 283
235 325
237 328
238 368
240 335
242 373
242 278
244 390
245 246
247 391
248 249
249 308
251 256
255 350
257 392
258 351
258 271
259 342
266 347
266 284
271 353
272 343
273 291
275 309
275 333
277 349
279 378
281 288
281 379
286 383
289 324
292 351
293 385
295 297
298 346
299 384
303 334
305 391
306 379
308 388
315 365
317 395
320 326
322 329
322 389
325 389
327 374
330 396
330 357
332 359
334 352
336 354
336 342
337 384
339 355
344 361
344 368
350 393
356 377
358 376
363 393
387 394
400 0
400 5
400 24
400 25
400 31
400 41
400 133
400 150
400 162
400 171
400 179
400 201
400 211
400 256
400 268
400 274
400 288
400 302
400 311
400 312
400 316
400 335
400 340
400 371
400 381
400 385
401 0
401 4
401 12
401 20
401 25
401 41
401 57
401 60
401 61
401 73
401 106
401 136
401 150
401 162
401 171
401 173
401 219
401 228
401 231
401 260
401 262
401 268
401 274
401 346
401 362
401 381
-1 -1
0.056027
