600 10987
0 599
0 258
0 579
0 586
0 390
0 200
0 585
0 266
0 522
0 578
0 79
0 336
0 536
0 84
0 341
0 407
0 152
0 89
0 442
0 30
0 293
0 587
0 99
0 229
0 296
0 300
0 48
0 563
0 52
0 414
0 500
0 378
0 317
1 64
1 71
1 200
1 267
1 482
1 399
1 145
1 149
1 22
1 279
1 281
1 538
1 367
1 186
1 289
1 226
1 443
1 102
1 299
1 303
1 496
1 49
1 498
1 371
1 500
1 349
1 567
1 217
1 251
1 445
1 382
2 576
2 387
2 5
2 327
2 9
2 11
2 396
2 208
2 338
2 340
2 22
2 495
2 572
2 158
2 479
2 421
2 360
2 502
2 7
2 492
2 549
2 61
2 371
2 116
2 246
2 553
2 377
2 188
2 125
3 199
3 137
3 203
3 77
3 270
3 335
3 595
3 526
3 88
3 349
3 222
3 34
3 227
3 585
3 362
3 564
3 370
3 46
3 61
3 178
3 308
3 382
3 503
3 56
3 397
3 252
3 170
3 126
4 129
4 258
4 363
4 311
4 449
4 329
4 202
4 119
4 395
4 591
4 272
4 149
4 150
4 215
4 89
4 218
4 283
4 28
4 474
4 223
4 393
4 523
4 290
4 299
4 109
4 509
4 432
4 241
4 373
4 247
4 123
4 252
4 125
5 65
5 259
5 581
5 261
5 6
5 391
5 202
5 459
5 194
5 334
5 205
5 141
5 472
5 274
5 404
5 407
5 216
5 537
5 282
5 130
5 416
5 417
5 418
5 59
5 100
5 487
5 379
5 425
5 362
5 429
5 558
5 432
5 241
5 434
5 564
5 466
5 314
5 315
5 188
6 576
6 385
6 578
6 579
6 324
6 263
6 10
6 141
6 399
6 401
6 531
6 404
6 213
6 88
6 580
6 346
6 541
6 542
6 517
6 481
6 34
6 486
6 167
6 127
6 445
6 368
6 561
6 545
6 577
6 560
6 185
6 570
6 251
6 188
6 381
6 85
7 464
7 454
7 71
7 328
7 11
7 398
7 143
7 208
7 404
7 597
7 406
7 472
7 79
7 29
7 517
7 96
7 16
7 232
7 135
7 172
7 581
7 47
7 72
7 244
7 117
7 183
7 392
7 122
7 379
7 446
8 130
8 261
8 262
8 353
8 9
8 458
8 331
8 12
8 205
8 525
8 144
8 529
8 20
8 470
8 215
8 152
8 303
8 28
8 29
8 329
8 351
8 80
8 547
8 350
8 230
8 423
8 168
8 348
8 362
8 493
8 494
8 47
8 176
8 308
8 117
8 528
8 183
8 390
8 560
8 507
8 444
8 536
9 321
9 259
9 71
9 138
9 11
9 140
9 354
9 143
9 272
9 530
9 19
9 213
9 343
9 474
9 219
9 540
9 538
9 33
9 34
9 99
9 171
9 556
9 301
9 366
9 59
9 339
9 309
9 511
9 283
9 505
9 251
9 405
10 384
10 513
10 130
10 555
10 516
10 583
10 136
10 329
10 501
10 499
10 531
10 593
10 146
10 19
10 569
10 548
10 90
10 156
10 154
10 222
10 36
10 293
10 412
10 426
10 491
10 466
10 47
10 368
10 200
10 51
10 308
10 414
10 313
10 442
10 318
10 63
11 515
11 136
11 386
11 271
11 17
11 18
11 403
11 20
11 25
11 537
11 415
11 547
11 420
11 168
11 309
11 55
11 569
11 318
11 576
11 67
11 70
11 327
11 75
11 190
11 208
11 82
11 83
11 341
11 87
11 90
11 477
11 482
11 484
11 232
11 362
11 109
11 339
11 245
11 276
11 250
11 253
12 320
12 131
12 324
12 69
12 326
12 457
12 215
12 527
12 18
12 339
12 598
12 279
12 452
12 331
12 156
12 92
12 314
12 30
12 162
12 475
12 454
12 40
12 105
12 106
12 364
12 365
12 451
12 239
12 360
12 562
12 478
12 310
12 568
12 185
12 87
12 251
13 128
13 562
13 195
13 68
13 289
13 493
13 172
13 138
13 398
13 399
13 196
13 215
13 408
13 281
13 27
13 28
13 570
13 491
13 161
13 226
13 37
13 294
13 424
13 363
13 236
13 429
13 494
13 434
13 435
13 446
13 376
13 442
13 251
13 252
13 153
13 501
14 481
14 259
14 134
14 243
14 524
14 205
14 206
14 115
14 147
14 398
14 598
14 345
14 282
14 93
14 485
14 33
14 99
14 228
14 357
14 561
14 491
14 44
14 111
14 515
14 526
14 179
14 52
14 245
14 186
14 189
15 576
15 386
15 452
15 517
15 326
15 503
15 72
15 204
15 266
15 183
15 268
15 333
15 20
15 85
15 25
15 228
15 348
15 477
15 100
15 553
15 359
15 361
15 490
15 303
15 113
15 50
15 500
15 375
15 317
15 126
16 129
16 514
16 107
16 68
16 263
16 266
16 248
16 18
16 404
16 185
16 580
16 431
16 427
16 491
16 544
16 417
16 359
16 104
16 426
16 466
16 46
16 367
16 241
16 114
16 594
16 55
16 184
16 148
16 189
16 446
17 321
17 323
17 516
17 470
17 556
17 394
17 205
17 79
17 269
17 149
17 203
17 279
17 153
17 346
17 92
17 598
17 94
17 353
17 35
17 231
17 169
17 426
17 423
17 364
17 494
17 115
17 372
17 511
17 500
17 59
17 318
17 191
18 320
18 68
18 326
18 519
18 595
18 588
18 565
18 530
18 547
18 21
18 473
18 444
18 37
18 288
18 546
18 507
18 292
18 101
18 487
18 168
18 361
18 299
18 300
18 114
18 494
18 424
18 306
18 51
18 446
18 183
18 187
18 188
18 190
18 533
19 192
19 129
19 386
19 387
19 586
19 261
19 262
19 391
19 396
19 77
19 513
19 147
19 578
19 277
19 471
19 152
19 90
19 219
19 494
19 517
19 97
19 379
19 326
19 451
19 41
19 106
19 436
19 430
19 417
19 306
19 52
19 169
19 56
19 116
19 186
19 123
19 253
19 405
20 514
20 387
20 134
20 584
20 138
20 322
20 270
20 22
20 283
20 284
20 420
20 37
20 550
20 41
20 561
20 439
20 312
20 441
20 394
20 318
20 576
20 66
20 164
20 455
20 200
20 202
20 462
20 79
20 83
20 578
20 292
20 92
20 221
20 485
20 229
20 253
20 467
20 246
20 136
20 251
20 509
21 521
21 399
21 88
21 148
21 279
21 26
21 410
21 31
21 33
21 549
21 114
21 477
21 48
21 115
21 560
21 312
21 314
21 351
21 444
21 202
21 195
21 455
21 74
21 82
21 85
21 599
21 344
21 527
21 93
21 357
21 352
21 354
21 101
21 360
21 362
21 530
21 367
21 368
21 113
21 242
21 371
21 377
21 378
21 252
21 510
22 579
22 86
22 490
22 330
22 471
22 268
22 78
22 335
22 145
22 398
22 278
22 446
22 280
22 345
22 539
22 414
22 32
22 97
22 546
22 421
22 369
22 40
22 233
22 480
22 301
22 317
22 560
22 168
22 383
22 544
22 245
22 56
22 255
22 572
22 232
22 254
22 296
23 512
23 131
23 516
23 137
23 522
23 139
23 143
23 529
23 532
23 405
23 535
23 154
23 29
23 414
23 415
23 288
23 550
23 40
23 41
23 298
23 171
23 174
23 47
23 177
23 562
23 179
23 438
23 443
23 190
23 65
23 578
23 76
23 594
23 595
23 596
23 89
23 346
23 96
23 358
23 232
23 489
23 106
23 491
23 365
23 111
23 241
23 243
23 244
23 254
24 512
24 131
24 69
24 582
24 201
24 587
24 461
24 206
24 80
24 273
24 469
24 344
24 537
24 570
24 312
24 161
24 226
24 356
24 102
24 551
24 453
24 304
24 240
24 497
24 115
24 496
24 375
24 184
24 57
24 526
24 123
24 572
24 62
24 63
25 386
25 198
25 391
25 520
25 394
25 75
25 205
25 115
25 227
25 171
25 345
25 26
25 271
25 395
25 413
25 545
25 35
25 582
25 102
25 426
25 43
25 236
25 177
25 434
25 275
25 310
25 247
25 184
25 249
25 490
25 446
26 448
26 321
26 194
26 71
26 392
26 522
26 418
26 206
26 592
26 440
26 416
26 532
26 473
26 280
26 495
26 96
26 162
26 36
26 578
26 359
26 40
26 167
26 44
26 174
26 47
26 245
26 462
26 184
26 444
26 382
26 319
27 256
27 449
27 387
27 388
27 261
27 562
27 265
27 206
27 461
27 80
27 248
27 402
27 211
27 468
27 215
27 559
27 349
27 581
27 465
27 424
27 361
27 338
27 47
27 433
27 498
27 179
27 373
27 119
27 376
27 63
28 384
28 491
28 72
28 201
28 142
28 205
28 336
28 408
28 594
28 333
28 569
28 88
28 89
28 335
28 314
28 161
28 354
28 472
28 106
28 43
28 562
28 413
28 176
28 242
28 115
28 245
28 246
28 265
28 505
28 186
28 511
28 61
28 437
29 581
29 137
29 395
29 397
29 143
29 465
29 148
29 343
29 484
29 219
29 158
29 31
29 417
29 475
29 228
29 551
29 535
29 491
29 236
29 114
29 564
29 560
29 242
29 499
29 116
29 54
29 55
29 436
29 183
29 510
30 385
30 323
30 452
30 374
30 136
30 565
30 144
30 145
30 276
30 213
30 214
30 474
30 219
30 325
30 417
30 422
30 103
30 170
30 487
30 493
30 175
30 112
30 432
30 52
30 245
30 182
30 439
30 592
30 185
30 59
30 381
30 437
31 65
31 491
31 389
31 198
31 321
31 172
31 459
31 332
31 77
31 270
31 210
31 483
31 279
31 228
31 347
31 412
31 542
31 421
31 393
31 587
31 355
31 100
31 37
31 453
31 427
31 300
31 562
31 494
31 304
31 570
31 114
31 374
31 250
31 122
31 490
31 254
31 341
32 576
32 258
32 133
32 263
32 457
32 593
32 338
32 275
32 475
32 546
32 483
32 485
32 585
32 39
32 552
32 105
32 44
32 370
32 115
32 117
32 55
32 377
32 123
32 188
32 446
32 575
33 522
33 379
33 328
33 138
33 548
33 78
33 527
33 273
33 465
33 403
33 206
33 169
33 90
33 411
33 412
33 414
33 431
33 482
33 227
33 36
33 486
33 230
33 356
33 168
33 233
33 429
33 238
33 175
33 241
33 50
33 123
33 334
33 566
33 251
33 506
33 59
33 330
33 106
34 473
34 327
34 136
34 339
34 471
34 460
34 514
34 79
34 424
34 440
34 147
34 533
34 214
34 345
34 89
34 90
34 559
34 393
34 35
34 521
34 487
34 360
34 535
34 323
34 428
34 301
34 239
34 304
34 264
34 83
34 53
34 502
34 265
34 312
34 57
34 378
34 556
34 63
35 385
35 548
35 141
35 142
35 143
35 144
35 150
35 280
35 409
35 413
35 542
35 416
35 164
35 294
35 40
35 41
35 299
35 172
35 173
35 563
35 307
35 57
35 316
35 445
35 71
35 74
35 205
35 207
35 208
35 483
35 340
35 470
35 216
35 89
35 220
35 221
35 528
35 354
35 227
35 455
35 103
35 492
35 109
35 189
35 246
35 425
35 249
35 507
36 129
36 323
36 582
36 353
36 550
36 592
36 387
36 344
36 156
36 506
36 538
36 100
36 357
36 294
36 167
36 552
36 105
36 362
36 451
36 541
36 113
36 147
36 181
36 186
36 509
36 245
37 321
37 388
37 197
37 199
37 265
37 526
37 143
37 528
37 146
37 213
37 54
37 182
37 468
37 542
37 261
37 544
37 289
37 155
37 294
37 104
37 391
37 159
37 210
37 497
37 370
37 310
37 521
37 148
38 68
38 325
38 198
38 73
38 203
38 79
38 144
38 404
38 85
38 151
38 409
38 91
38 95
38 432
38 457
38 219
38 399
38 438
38 485
38 368
38 114
38 564
38 182
38 329
38 440
38 313
38 506
38 511
38 574
38 127
39 64
39 65
39 322
39 459
39 263
39 72
39 393
39 139
39 268
39 224
39 535
39 83
39 406
39 215
39 153
39 349
39 161
39 587
39 103
39 105
39 551
39 558
39 477
39 240
39 113
39 434
39 180
39 169
39 189
39 524
40 416
40 258
40 259
40 581
40 390
40 456
40 137
40 74
40 354
40 141
40 462
40 525
40 591
40 300
40 219
40 157
40 224
40 481
40 226
40 99
40 524
40 550
40 41
40 235
40 44
40 45
40 175
40 435
40 52
40 437
40 169
40 249
40 378
40 507
40 475
41 257
41 555
41 537
41 390
41 138
41 565
41 536
41 87
41 216
41 409
41 155
41 92
41 541
41 478
41 287
41 176
41 168
41 297
41 491
41 364
41 175
41 240
41 498
41 181
41 376
41 313
41 511
41 394
41 475
41 377
42 449
42 130
42 516
42 534
42 198
42 391
42 202
42 523
42 77
42 526
42 589
42 208
42 339
42 405
42 278
42 151
42 472
42 580
42 155
42 348
42 540
42 223
42 592
42 487
42 220
42 235
42 429
42 542
42 182
42 121
42 59
42 252
43 193
43 71
43 200
43 329
43 523
43 332
43 143
43 336
43 146
43 212
43 533
43 406
43 345
43 226
43 295
43 552
43 362
43 434
43 179
43 52
43 373
43 312
43 61
43 190
43 127
44 320
44 224
44 196
44 389
44 262
44 200
44 137
44 139
44 288
44 145
44 384
44 535
44 152
44 281
44 412
44 314
44 542
44 408
44 315
44 295
44 476
44 430
44 349
44 112
44 497
44 242
44 371
44 52
44 570
44 329
44 500
44 186
44 59
44 253
45 354
45 427
45 134
45 392
45 74
45 141
45 142
45 461
45 144
45 594
45 147
45 534
45 350
45 288
45 97
45 98
45 419
45 518
45 426
45 107
45 240
45 46
45 48
45 113
45 498
45 478
45 505
45 59
45 124
45 381
45 190
46 196
46 262
46 520
46 364
46 205
46 433
46 595
46 323
46 404
46 405
46 215
46 580
46 218
46 410
46 350
46 293
46 240
46 546
46 101
46 423
46 236
46 541
46 48
46 368
46 115
46 308
46 574
46 585
46 312
46 564
46 159
46 253
46 190
47 137
47 524
47 282
47 286
47 543
47 545
47 162
47 291
47 426
47 435
47 182
47 265
47 570
47 571
47 316
47 266
47 195
47 583
47 456
47 458
47 461
47 593
47 163
47 596
47 86
47 343
47 89
47 93
47 354
47 355
47 358
47 491
47 364
47 110
47 242
47 339
47 507
47 252
48 512
48 213
48 325
48 328
48 201
48 202
48 397
48 590
48 80
48 514
48 147
48 430
48 341
48 154
48 347
48 412
48 581
48 418
48 420
48 553
48 423
48 508
48 555
48 496
48 393
48 596
48 60
48 189
48 574
49 259
49 452
49 133
49 441
49 135
49 75
49 205
49 505
49 563
49 387
49 340
49 405
49 407
49 88
49 409
49 179
49 91
49 410
49 478
49 471
49 545
49 355
49 293
49 193
49 517
49 61
49 111
49 596
49 241
49 362
49 307
49 375
49 592
49 148
49 186
49 251
49 189
50 129
50 454
50 552
50 72
50 74
50 567
50 268
50 397
50 462
50 464
50 216
50 595
50 83
50 350
50 534
50 407
50 88
50 111
50 540
50 286
50 224
50 418
50 547
50 293
50 568
50 424
50 498
50 174
50 239
50 177
50 434
50 467
50 116
50 94
50 183
50 248
50 252
50 499
51 321
51 67
51 389
51 455
51 136
51 329
51 332
51 398
51 143
51 528
51 387
51 535
51 280
51 345
51 282
51 475
51 284
51 285
51 478
51 96
51 416
51 571
51 485
51 474
51 299
51 594
51 595
51 542
51 247
51 186
51 59
51 508
51 330
51 446
51 555
52 448
52 195
52 324
52 261
52 391
52 136
52 428
52 522
52 459
52 396
52 77
52 239
52 592
52 402
52 462
52 278
52 152
52 91
52 412
52 357
52 480
52 155
52 165
52 359
52 487
52 111
52 433
52 311
52 440
52 485
52 123
52 460
52 475
53 192
53 193
53 133
53 70
53 71
53 72
53 271
53 273
53 596
53 480
53 598
53 152
53 488
53 431
53 538
53 198
53 224
53 291
53 134
53 359
53 104
53 454
53 492
53 174
53 111
53 368
53 232
53 442
53 571
53 252
53 573
54 320
54 478
54 388
54 69
54 200
54 585
54 407
54 140
54 590
54 497
54 405
54 87
54 152
54 410
54 476
54 158
54 101
54 474
54 353
54 291
54 228
54 523
54 305
54 444
54 237
54 369
54 562
54 116
54 62
54 372
54 122
54 316
54 190
55 599
55 323
55 262
55 327
55 493
55 202
55 396
55 207
55 563
55 427
55 579
55 277
55 278
55 343
55 363
55 476
55 161
55 59
55 420
55 508
55 106
55 107
55 364
55 301
55 238
55 239
55 561
55 221
55 481
55 464
55 373
55 568
55 123
55 188
55 317
56 256
56 260
56 326
56 71
56 457
56 339
56 439
56 333
56 273
56 402
56 147
56 212
56 405
56 478
56 88
56 542
56 219
56 414
56 96
56 496
56 91
56 164
56 104
56 169
56 490
56 107
56 428
56 240
56 547
56 498
56 309
56 361
56 340
56 506
56 443
56 411
56 475
57 294
57 481
57 460
57 79
57 210
57 83
57 468
57 494
57 429
57 538
57 155
57 542
57 97
57 99
57 356
57 229
57 230
57 487
57 233
57 237
57 238
57 111
57 515
57 242
57 185
57 319
57 382
58 256
58 576
58 514
58 196
58 198
58 455
58 73
58 388
58 203
58 270
58 399
58 272
58 532
58 278
58 281
58 346
58 348
58 159
58 544
58 208
58 482
58 503
58 101
58 294
58 232
58 169
58 364
58 430
58 560
58 488
58 436
58 117
58 438
58 119
58 441
58 166
58 189
58 134
58 319
59 67
59 262
59 583
59 136
59 138
59 460
59 173
59 272
59 453
59 560
59 203
59 407
59 559
59 201
59 207
59 348
59 413
59 287
59 98
59 164
59 231
59 551
59 175
59 176
59 177
59 573
59 244
59 119
59 120
59 443
59 124
59 74
59 447
60 192
60 321
60 194
60 389
60 198
60 71
60 584
60 137
60 266
60 599
60 141
60 461
60 82
60 86
60 279
60 473
60 220
60 287
60 496
60 292
60 296
60 169
60 492
60 488
60 449
60 311
60 249
60 250
60 575
61 513
61 324
61 69
61 390
61 289
61 393
61 194
61 77
61 592
61 146
61 595
61 532
61 277
61 534
61 505
61 216
61 271
61 350
61 287
61 97
61 347
61 167
61 492
61 82
61 431
61 240
61 306
61 180
61 181
61 119
61 377
61 186
61 411
62 193
62 386
62 107
62 196
62 69
62 518
62 199
62 74
62 247
62 148
62 286
62 226
62 547
62 503
62 422
62 294
62 231
62 363
62 112
62 178
62 117
62 375
62 458
62 574
62 383
63 259
63 267
63 525
63 344
63 276
63 406
63 537
63 541
63 547
63 167
63 556
63 430
63 176
63 308
63 201
63 440
63 313
63 187
63 325
63 72
63 73
63 330
63 331
63 204
63 334
63 79
63 593
63 211
63 85
63 87
63 88
63 357
63 105
63 106
63 423
63 242
63 599
63 373
63 119
63 504
63 508
63 253
64 512
64 195
64 582
64 520
64 586
64 203
64 140
64 525
64 142
64 498
64 400
64 563
64 146
64 159
64 98
64 547
64 485
64 573
64 106
64 235
64 109
64 110
64 495
64 433
64 306
64 435
64 438
64 568
64 569
64 507
64 252
64 234
64 574
64 127
65 129
65 386
65 299
65 452
65 441
65 135
65 136
65 137
65 215
65 269
65 398
65 207
65 400
65 469
65 86
65 409
65 271
65 156
65 442
65 197
65 288
65 555
65 98
65 310
65 100
65 424
65 489
65 278
65 108
65 317
65 368
65 305
65 584
65 182
65 121
65 186
65 253
65 533
66 522
66 195
66 326
66 390
66 201
66 447
66 578
66 398
66 400
66 402
66 515
66 142
66 278
66 89
66 348
66 541
66 293
66 528
66 99
66 101
66 552
66 298
66 365
66 239
66 180
66 245
66 184
66 441
66 123
66 443
66 127
67 451
67 135
67 268
67 126
67 207
67 594
67 468
67 533
67 215
67 344
67 348
67 413
67 288
67 304
67 187
67 230
67 487
67 171
67 174
67 541
67 240
67 306
67 318
67 311
67 123
67 254
68 257
68 258
68 390
68 263
68 392
68 550
68 460
68 269
68 376
68 211
68 85
68 441
68 344
68 156
68 541
68 94
68 97
68 549
68 104
68 170
68 364
68 146
68 584
68 467
68 510
68 310
68 248
68 397
68 506
68 315
68 254
69 288
69 452
69 134
69 371
69 142
69 143
69 145
69 339
69 431
69 406
69 535
69 412
69 399
69 348
69 541
69 224
69 225
69 99
69 164
69 536
69 401
69 297
69 490
69 109
69 238
69 367
69 240
69 113
69 115
69 308
69 437
69 560
70 258
70 554
70 324
70 517
70 262
70 328
70 486
70 266
70 588
70 594
70 213
70 214
70 495
70 348
70 222
70 417
70 101
70 294
70 362
70 108
70 237
70 434
70 176
70 242
70 496
70 119
70 568
70 377
70 378
70 330
70 318
70 166
71 128
71 442
71 451
71 133
71 396
71 346
71 461
71 81
71 514
71 147
71 404
71 213
71 569
71 216
71 347
71 156
71 90
71 199
71 351
71 474
71 419
71 229
71 294
71 103
71 109
71 366
71 564
71 114
71 179
71 180
71 577
71 436
71 378
71 415
72 128
72 321
72 130
72 325
72 264
72 183
72 484
72 592
72 275
72 532
72 597
72 470
72 279
72 280
72 409
72 154
72 347
72 221
72 353
72 483
72 113
72 422
72 92
72 583
72 555
72 370
72 175
72 305
72 403
72 311
72 525
72 569
72 477
72 383
72 541
73 437
73 523
73 588
73 461
73 551
73 143
73 145
73 508
73 403
73 533
73 599
73 89
73 91
73 525
73 477
73 414
73 95
73 160
73 99
73 420
73 166
73 465
73 105
73 298
73 171
73 556
73 419
73 238
73 275
73 308
73 117
73 571
73 252
73 190
74 384
74 149
74 388
74 86
74 523
74 525
74 146
74 532
74 405
74 153
74 284
74 414
74 171
74 174
74 175
74 432
74 359
74 183
74 573
74 195
74 324
74 199
74 80
74 81
74 595
74 470
74 599
74 465
74 231
74 109
74 240
74 497
74 115
74 116
74 504
74 250
74 255
74 511
75 324
75 134
75 327
75 460
75 522
75 452
75 526
75 591
75 80
75 568
75 149
75 505
75 538
75 220
75 351
75 560
75 163
75 356
75 360
75 156
75 234
75 365
75 240
75 177
75 178
75 118
75 567
75 184
75 315
75 251
75 420
76 448
76 385
76 194
76 387
76 374
76 471
76 535
76 330
76 460
76 258
76 334
76 141
76 208
76 401
76 403
76 151
76 397
76 89
76 90
76 347
76 350
76 543
76 368
76 227
76 465
76 104
76 297
76 487
76 110
76 483
76 304
76 369
76 459
76 246
76 185
76 442
76 572
76 446
77 441
77 454
77 391
77 492
77 586
77 151
77 577
77 462
77 429
77 401
77 148
77 86
77 279
77 218
77 412
77 570
77 350
77 547
77 101
77 423
77 296
77 233
77 172
77 237
77 368
77 113
77 178
77 371
77 182
77 311
77 120
77 340
77 529
77 479
77 572
77 382
78 385
78 131
78 388
78 406
78 582
78 583
78 328
78 330
78 396
78 205
78 462
78 589
78 81
78 594
78 403
78 84
78 213
78 343
78 580
78 347
78 220
78 570
78 286
78 479
78 483
78 102
78 433
78 431
78 301
78 175
78 515
78 369
78 547
78 569
78 442
78 255
78 188
78 319
79 324
79 534
79 326
79 141
79 461
79 275
79 482
79 121
79 280
79 473
79 525
79 185
79 224
79 168
79 234
79 427
79 495
79 371
79 437
79 536
80 577
80 390
80 526
80 536
80 338
80 483
80 283
80 223
80 225
80 163
80 484
80 230
80 105
80 490
80 494
80 495
80 497
80 116
80 374
80 567
80 440
80 121
80 159
80 572
80 559
81 256
81 490
81 450
81 259
81 324
81 517
81 479
81 211
81 494
81 86
81 345
81 559
81 413
81 442
81 570
81 451
81 104
81 169
81 234
81 430
81 512
81 112
81 179
81 437
81 246
81 250
81 447
81 124
81 138
81 383
82 192
82 516
82 358
82 455
82 520
82 140
82 143
82 208
82 145
82 403
82 401
82 216
82 473
82 474
82 541
82 94
82 229
82 230
82 103
82 561
82 109
82 238
82 253
82 305
82 562
82 499
82 117
82 241
82 102
82 382
82 511
83 321
83 322
83 259
83 517
83 262
83 201
83 522
83 140
83 290
83 270
83 333
83 464
83 376
83 341
83 280
83 550
83 282
83 493
83 94
83 95
83 440
83 422
83 294
83 170
83 363
83 238
83 177
83 242
83 307
83 587
83 498
83 247
83 371
83 185
83 529
84 384
84 194
84 197
84 471
84 407
84 524
84 290
84 269
84 92
84 145
84 338
84 597
84 343
84 344
84 348
84 517
84 351
84 354
84 358
84 105
84 300
84 302
84 117
84 503
84 314
85 256
85 384
85 130
85 200
85 329
85 587
85 140
85 588
85 207
85 367
85 452
85 154
85 303
85 220
85 285
85 287
85 571
85 561
85 558
85 175
85 432
85 369
85 499
85 567
85 248
85 313
85 442
85 511
85 188
85 573
86 262
86 392
86 459
86 277
86 88
86 152
86 303
86 346
86 351
86 474
86 225
86 98
86 292
86 497
86 306
86 556
86 109
86 238
86 175
86 305
86 242
86 373
86 310
86 312
86 121
86 479
86 125
87 256
87 580
87 584
87 265
87 461
87 270
87 527
87 274
87 590
87 569
87 153
87 283
87 160
87 97
87 98
87 102
87 551
87 300
87 210
87 302
87 432
87 243
87 436
87 439
87 377
87 251
88 385
88 322
88 133
88 264
88 354
88 462
88 461
88 497
88 216
88 484
88 90
88 427
88 150
88 162
88 292
88 406
88 305
88 360
88 412
88 278
88 365
88 558
88 111
88 243
88 564
88 414
88 182
88 441
88 251
88 253
89 107
89 578
89 399
89 144
89 153
89 540
89 413
89 160
89 289
89 547
89 548
89 156
89 308
89 566
89 567
89 564
89 572
89 573
89 323
89 196
89 458
89 461
89 208
89 465
89 214
89 215
89 218
89 527
89 94
89 225
89 486
89 363
89 493
89 366
89 114
89 503
89 377
89 251
89 383
90 321
90 584
90 203
90 226
90 206
90 479
90 593
90 274
90 275
90 414
90 155
90 540
90 387
90 286
90 159
90 367
90 519
90 554
90 327
90 257
90 466
90 111
90 497
90 564
90 245
90 374
90 568
90 441
90 570
90 351
90 522
90 510
90 373
91 514
91 542
91 134
91 578
91 398
91 143
91 208
91 563
91 558
91 406
91 358
91 219
91 348
91 286
91 102
91 103
91 573
91 423
91 494
91 303
91 305
91 306
91 115
91 158
91 310
91 377
91 315
91 509
91 254
92 539
92 323
92 389
92 198
92 519
92 556
92 586
92 331
92 269
92 398
92 397
92 272
92 291
92 401
92 535
92 495
92 284
92 542
92 95
92 523
92 163
92 549
92 227
92 427
92 492
92 173
92 366
92 175
92 531
92 564
92 309
92 375
92 415
92 508
93 129
93 515
93 516
93 581
93 449
93 328
93 556
93 203
93 162
93 461
93 209
93 465
93 433
93 350
93 288
93 417
93 98
93 227
93 422
93 369
93 361
93 480
93 492
93 305
93 563
93 375
93 312
93 574
94 192
94 257
94 203
94 569
94 327
94 139
94 531
94 213
94 512
94 537
94 152
94 219
94 229
94 481
94 587
94 227
94 164
94 165
94 104
94 291
94 426
94 368
94 403
94 121
94 314
94 127
94 574
94 149
95 197
95 326
95 202
95 523
95 207
95 400
95 504
95 338
95 339
95 212
95 150
95 279
95 152
95 527
95 284
95 261
95 227
95 534
95 557
95 366
95 437
95 502
95 375
95 376
95 468
95 442
95 444
95 189
95 575
96 320
96 416
96 131
96 537
96 205
96 272
96 401
96 195
96 148
96 405
96 217
96 411
96 538
96 222
96 160
96 528
96 290
96 484
96 165
96 361
96 135
96 365
96 175
96 496
96 596
96 246
96 381
96 249
96 442
96 187
96 572
96 253
96 510
96 575
97 450
97 387
97 582
97 200
97 521
97 407
97 535
97 207
97 208
97 465
97 596
97 587
97 510
97 346
97 155
97 156
97 410
97 414
97 144
97 538
97 483
97 293
97 297
97 427
97 494
97 413
97 178
97 179
97 439
97 313
97 318
97 565
98 195
98 133
98 449
98 200
98 457
98 333
98 526
98 207
98 376
98 384
98 387
98 590
98 215
98 576
98 346
98 219
98 325
98 289
98 162
98 163
98 100
98 103
98 389
98 489
98 362
98 235
98 364
98 431
98 369
98 155
98 184
98 313
98 477
99 193
99 203
99 454
99 327
99 586
99 267
99 140
99 461
99 210
99 532
99 599
99 413
99 155
99 221
99 286
99 417
99 354
99 356
99 421
99 230
99 487
99 489
99 554
99 491
99 429
99 367
99 168
99 243
99 308
99 120
99 445
99 126
100 555
100 580
100 521
100 266
100 143
100 590
100 335
100 275
100 404
100 278
100 151
100 216
100 538
100 283
100 156
100 325
100 480
100 291
100 165
100 489
100 453
100 485
100 468
100 303
100 339
100 495
100 312
100 185
100 445
100 255
101 256
101 260
101 438
101 455
101 200
101 588
101 271
101 403
101 214
101 407
101 410
101 412
101 186
101 159
101 416
101 161
101 571
101 102
101 558
101 297
101 554
101 107
101 466
101 559
101 113
101 504
101 251
101 583
101 189
101 474
102 192
102 578
102 387
102 537
102 197
102 198
102 449
102 454
102 521
102 330
102 203
102 143
102 206
102 185
102 581
102 438
102 552
102 425
102 556
102 239
102 497
102 334
102 222
102 118
102 249
102 506
102 507
103 544
103 323
103 261
103 390
103 332
103 482
103 462
103 207
103 273
103 515
103 148
103 406
103 345
103 153
103 474
103 143
103 284
103 222
103 389
103 160
103 105
103 236
103 367
103 176
103 372
103 117
103 246
103 375
104 512
104 579
104 455
104 524
104 141
104 207
104 208
104 209
104 212
104 214
104 408
104 592
104 591
104 482
104 359
104 164
104 536
104 231
104 297
104 235
104 498
104 306
104 500
104 528
104 468
104 570
104 443
104 510
105 539
105 449
105 323
105 534
105 327
105 525
105 398
105 337
105 419
105 277
105 214
105 343
105 420
105 303
105 491
105 411
105 405
105 431
105 171
105 468
105 239
105 112
105 573
105 180
105 551
105 566
105 312
105 377
105 314
105 572
105 533
106 194
106 261
106 455
106 392
106 396
106 469
106 209
106 210
106 382
106 284
106 152
106 484
106 218
106 595
106 410
106 159
106 472
106 230
106 519
106 232
106 169
106 171
106 402
106 238
106 445
106 552
106 179
106 373
106 460
106 253
106 190
107 392
107 137
107 398
107 146
107 149
107 150
107 281
107 431
107 157
107 422
107 172
107 486
107 559
107 136
107 316
107 586
107 574
107 456
107 457
107 202
107 331
107 208
107 593
107 466
107 596
107 526
107 470
107 471
107 592
107 230
107 241
107 370
107 302
107 285
107 249
107 254
107 166
108 259
108 325
108 263
108 521
108 462
108 463
108 272
108 530
108 323
108 526
108 408
108 513
108 476
108 387
108 566
108 464
108 180
108 167
108 426
108 455
108 257
108 321
108 308
108 437
108 182
108 251
108 116
108 443
108 509
108 127
109 129
109 331
109 134
109 329
109 463
109 440
109 467
109 277
109 388
109 418
109 243
109 390
109 362
109 257
109 111
109 434
109 179
109 308
109 181
109 182
109 312
109 505
110 129
110 194
110 133
110 490
110 263
110 364
110 143
110 145
110 466
110 211
110 405
110 150
110 505
110 152
110 292
110 569
110 219
110 216
110 158
110 351
110 160
110 367
110 418
110 411
110 228
110 486
110 480
110 298
110 352
110 493
110 558
110 112
110 288
110 115
110 542
110 311
110 445
110 251
110 192
110 597
111 577
111 194
111 310
111 151
111 173
111 336
111 376
111 466
111 215
111 185
111 417
111 162
111 472
111 166
111 554
111 556
111 430
111 496
111 114
111 182
111 191
112 577
112 258
112 516
112 262
112 454
112 137
112 386
112 450
112 402
112 595
112 468
112 597
112 344
112 473
112 285
112 160
112 545
112 290
112 548
112 293
112 175
112 176
112 436
112 310
112 592
112 120
112 379
112 444
113 448
113 193
113 194
113 323
113 182
113 548
113 462
113 143
113 531
113 273
113 205
113 339
113 532
113 599
113 281
113 525
113 422
113 424
113 554
113 485
113 371
113 308
113 246
113 183
113 184
113 374
113 571
113 254
114 386
114 598
114 263
114 264
114 408
114 445
114 288
114 161
114 293
114 551
114 296
114 243
114 313
114 415
114 573
114 190
114 192
114 450
114 452
114 326
114 458
114 596
114 342
114 344
114 219
114 357
114 484
114 230
114 486
114 233
114 491
114 493
114 238
114 499
114 122
114 126
115 323
115 537
115 326
115 454
115 203
115 589
115 387
115 495
115 285
115 262
115 487
115 488
115 234
115 299
115 493
115 431
115 182
115 376
115 313
115 571
115 382
116 576
116 449
116 516
116 134
116 524
116 204
116 141
116 207
116 339
116 149
116 408
116 351
116 541
116 356
116 444
116 434
116 495
116 248
116 313
116 123
116 124
116 458
116 319
117 576
117 288
117 427
117 388
117 374
117 139
117 144
117 145
117 339
117 567
117 214
117 441
117 280
117 217
117 495
117 465
117 314
117 547
117 230
117 488
117 553
117 298
117 295
117 428
117 321
117 303
117 562
117 308
117 349
117 201
117 276
118 192
118 130
118 131
118 202
118 258
118 462
118 397
118 401
118 579
118 593
118 281
118 152
118 217
118 154
118 540
118 248
118 589
118 472
118 166
118 568
118 490
118 299
118 236
118 498
118 509
118 242
118 565
118 503
118 440
118 185
118 315
118 458
119 192
119 512
119 130
119 389
119 469
119 139
119 452
119 526
119 530
119 149
119 470
119 576
119 260
119 570
119 158
119 351
119 546
119 390
119 486
119 487
119 561
119 302
119 239
119 241
119 242
119 437
119 439
119 569
119 124
120 432
120 576
120 555
120 580
120 518
120 588
120 183
120 524
120 206
120 531
120 273
120 275
120 398
120 476
120 285
120 414
120 548
120 424
120 554
120 171
120 365
120 495
120 304
120 306
120 307
120 372
120 310
120 311
120 371
120 569
120 315
120 188
120 443
121 322
121 459
121 452
121 261
121 136
121 395
121 206
121 146
121 531
121 533
121 471
121 409
121 527
121 286
121 479
121 549
121 485
121 241
121 296
121 434
121 302
121 369
121 370
121 245
121 503
121 376
121 506
121 443
121 252
121 445
122 256
122 260
122 133
122 134
122 138
122 526
122 429
122 400
122 147
122 276
122 533
122 151
122 161
122 164
122 550
122 301
122 584
122 178
122 437
122 567
122 314
122 159
122 565
122 576
122 417
122 456
122 594
122 365
122 472
122 348
122 480
122 359
122 232
122 493
122 239
122 496
122 373
122 532
122 381
122 255
123 480
123 353
123 138
123 140
123 207
123 208
123 344
123 339
123 451
123 494
123 516
123 219
123 222
123 351
123 231
123 436
123 430
123 304
123 241
123 373
123 310
124 577
124 374
124 327
124 139
124 269
124 557
124 272
124 339
124 535
124 548
124 154
124 219
124 413
124 479
124 144
124 290
124 315
124 356
124 421
124 230
124 232
124 555
124 552
124 182
124 506
124 251
124 380
124 125
124 475
124 575
125 129
125 235
125 261
125 326
125 257
125 522
125 587
125 194
125 526
125 464
125 580
125 148
125 149
125 343
125 281
125 155
125 390
125 545
125 357
125 438
125 470
125 489
125 426
125 363
125 364
125 174
125 374
125 439
125 553
125 443
125 189
125 255
126 577
126 322
126 198
126 458
126 590
126 464
126 145
126 596
126 463
126 473
126 153
126 399
126 424
126 170
126 235
126 494
126 368
126 515
126 500
126 502
126 376
126 442
126 411
126 362
126 254
126 191
127 449
127 427
127 388
127 197
127 327
127 136
127 138
127 203
127 569
127 145
127 213
127 406
127 441
127 154
127 469
127 598
127 223
127 352
127 546
127 552
127 234
127 236
127 301
127 433
127 562
127 435
127 181
127 310
127 364
127 318
127 373
128 256
128 513
128 473
128 387
128 453
128 571
128 501
128 269
128 592
128 209
128 402
128 340
128 213
128 281
128 576
128 345
128 285
128 478
128 416
128 291
128 228
128 549
128 594
128 306
128 309
128 442
128 191
128 574
128 319
129 257
129 136
129 329
129 332
129 546
129 301
129 209
129 563
129 468
129 302
129 463
129 215
129 152
129 413
129 399
129 156
129 370
129 227
129 294
129 145
129 233
129 483
129 369
129 435
129 349
129 425
129 248
129 189
129 190
130 448
130 195
130 518
130 139
130 140
130 584
130 301
130 557
130 149
130 598
130 488
130 335
130 352
130 417
130 354
130 475
130 228
130 550
130 231
130 296
130 489
130 172
130 173
130 177
130 434
130 562
130 436
130 248
130 447
130 507
130 330
130 382
131 224
131 450
131 259
131 196
131 520
131 586
131 401
131 530
131 211
131 344
131 411
131 280
131 351
131 163
131 420
131 421
131 550
131 423
131 556
131 498
131 495
131 177
131 242
131 307
131 594
131 501
131 567
131 248
131 187
131 383
132 451
132 326
132 455
132 520
132 269
132 337
132 408
132 410
132 155
132 285
132 280
132 415
132 416
132 419
132 420
132 198
132 584
132 301
132 561
132 439
132 572
132 189
132 382
133 256
133 539
133 523
133 470
133 134
133 202
133 395
133 565
133 399
133 400
133 280
133 467
133 342
133 343
133 345
133 411
133 412
133 541
133 581
133 443
133 164
133 550
133 536
133 423
133 297
133 492
133 447
133 544
133 373
133 319
133 253
134 514
134 582
134 135
134 335
134 272
134 210
134 211
134 430
134 569
134 284
134 237
134 274
134 165
134 358
134 488
134 170
134 171
134 174
134 445
134 432
134 520
134 441
134 511
134 188
134 381
134 191
135 576
135 516
135 263
135 567
135 266
135 459
135 333
135 418
135 505
135 465
135 403
135 468
135 150
135 215
135 218
135 156
135 427
135 199
135 287
135 278
135 570
135 230
135 166
135 231
135 193
135 171
135 542
135 365
135 541
135 177
135 307
135 244
135 478
135 183
135 185
135 442
135 362
136 203
136 366
136 137
136 268
136 147
136 277
136 587
136 199
136 544
136 225
136 483
136 294
136 468
136 302
136 177
136 245
136 310
136 212
136 455
136 330
137 386
137 146
137 406
137 407
137 282
137 156
137 154
137 287
137 417
137 419
137 165
137 167
137 299
137 428
137 302
137 432
137 181
137 567
137 571
137 196
137 327
137 331
137 332
137 205
137 208
137 209
137 210
137 469
137 253
137 296
137 371
137 285
137 183
138 513
138 473
138 451
138 300
138 503
138 269
138 592
138 598
138 343
138 280
138 217
138 349
138 415
138 251
138 521
138 511
138 167
138 171
138 172
138 559
138 178
138 245
138 376
138 253
138 565
139 451
139 289
139 338
139 330
139 407
139 269
139 286
139 431
139 150
139 153
139 154
139 303
139 157
139 222
139 474
139 225
139 539
139 484
139 421
139 555
139 491
139 301
139 239
139 497
139 178
139 562
139 244
139 436
139 383
140 453
140 198
140 520
140 330
140 450
140 144
140 563
140 419
140 404
140 343
140 539
140 222
140 464
140 420
140 362
140 300
140 567
140 495
140 403
140 457
140 522
140 442
140 187
140 317
141 256
141 576
141 258
141 323
141 324
141 391
141 264
141 578
141 516
141 210
141 291
141 406
141 441
141 281
141 442
141 581
141 420
141 390
141 444
141 598
141 304
141 562
141 499
141 565
141 515
141 440
141 313
141 250
142 193
142 259
142 385
142 328
142 585
142 458
142 203
142 395
142 590
142 144
142 150
142 409
142 218
142 221
142 549
142 418
142 485
142 423
142 297
142 426
142 491
142 558
142 477
142 176
142 307
142 309
142 311
142 501
142 185
142 186
142 586
142 383
143 554
143 452
143 197
143 520
143 550
143 397
143 527
143 532
143 431
143 157
143 159
143 352
143 573
143 233
143 362
143 562
143 564
143 310
143 413
143 374
143 511
143 509
143 469
144 256
144 259
144 517
144 402
144 515
144 532
144 279
144 452
144 282
144 423
144 168
144 297
144 301
144 305
144 308
144 158
144 438
144 311
144 576
144 193
144 196
144 566
144 177
144 205
144 590
144 207
144 336
144 526
144 220
144 349
144 355
144 359
144 236
144 493
144 367
144 496
144 246
144 381
144 510
145 322
145 328
145 599
145 501
145 204
145 472
145 467
145 341
145 471
145 216
145 153
145 346
145 347
145 572
145 480
145 419
145 420
145 297
145 327
145 179
145 181
145 524
145 568
145 340
145 378
145 428
146 235
146 516
146 279
146 549
146 298
146 255
146 174
146 175
146 309
146 438
146 444
146 573
146 574
146 194
146 208
146 337
146 595
146 596
146 341
146 599
146 472
146 222
146 484
146 360
146 361
146 317
146 496
146 369
146 499
146 375
146 506
146 511
146 510
146 213
147 432
147 449
147 578
147 323
147 481
147 329
147 266
147 203
147 417
147 525
147 238
147 281
147 207
147 477
147 351
147 288
147 368
147 475
147 292
147 486
147 554
147 301
147 174
147 541
147 305
147 302
147 246
147 533
147 574
147 149
148 544
148 476
148 260
148 198
148 547
148 399
148 273
148 497
148 149
148 216
148 281
148 154
148 283
148 348
148 414
148 543
148 161
148 163
148 420
148 561
148 233
148 170
148 295
148 564
148 359
148 244
148 374
148 440
148 308
148 187
149 448
149 259
149 374
149 257
149 502
149 530
149 150
149 459
149 344
149 495
149 219
149 532
149 297
149 300
149 493
149 238
149 496
149 306
149 310
149 404
149 442
149 379
149 253
150 363
150 428
150 458
150 205
150 461
150 209
150 532
150 260
150 411
150 589
150 225
150 163
150 391
150 421
150 273
150 360
150 236
150 585
150 248
150 527
150 504
150 415
150 556
151 264
151 522
151 334
151 463
151 269
151 278
151 216
151 409
151 442
151 414
151 416
151 481
151 570
151 468
151 561
151 564
151 158
151 397
151 251
151 188
152 258
152 257
152 399
152 282
152 410
152 290
152 164
152 170
152 300
152 176
152 434
152 563
152 566
152 439
152 184
152 314
152 574
152 575
152 310
152 331
152 588
152 461
152 205
152 592
152 344
152 474
152 491
152 492
152 499
152 500
152 501
152 426
153 588
153 258
153 495
153 263
153 264
153 396
153 204
153 590
153 275
153 212
153 278
153 536
153 411
153 480
153 227
153 230
153 424
153 483
153 557
153 239
153 359
153 308
153 181
153 404
153 252
153 586
153 245
154 496
154 195
154 407
154 261
154 582
154 525
154 335
154 505
154 594
154 323
154 488
154 283
154 456
154 240
154 226
154 561
154 167
154 168
154 234
154 299
154 364
154 437
154 200
154 434
154 432
154 181
154 441
154 187
155 192
155 555
155 389
155 199
155 456
155 585
155 545
155 396
155 162
155 397
155 593
155 275
155 538
155 476
155 508
155 159
155 436
155 517
155 430
155 495
155 305
155 309
155 502
155 425
155 184
155 249
155 442
155 316
155 382
155 511
156 259
156 328
156 464
156 497
156 213
156 215
156 346
156 283
156 427
156 479
156 587
156 487
156 551
156 495
156 369
156 500
156 186
156 509
157 580
157 598
157 326
157 391
157 574
157 336
157 286
157 339
157 468
157 277
157 463
157 410
157 271
157 474
157 414
157 479
157 162
157 291
157 548
157 262
157 490
157 557
157 541
157 176
157 373
157 283
157 444
157 318
157 191
158 539
158 580
158 518
158 263
158 556
158 471
158 397
158 465
158 210
158 291
158 341
158 342
158 344
158 410
158 367
158 528
158 354
158 163
158 357
158 233
158 234
158 428
158 301
158 349
158 368
158 305
158 531
158 244
158 255
158 319
159 193
159 259
159 452
159 263
159 395
159 548
159 256
159 580
159 466
159 276
159 270
159 593
159 569
159 538
159 516
159 219
159 290
159 391
159 357
159 488
159 235
159 175
159 433
159 307
159 244
159 382
159 182
159 462
159 340
159 415
159 509
159 190
160 450
160 195
160 261
160 481
160 496
160 396
160 269
160 208
160 341
160 478
160 286
160 581
160 161
160 418
160 228
160 232
160 300
160 305
160 366
160 310
160 314
160 571
160 252
160 509
161 387
161 518
161 520
161 515
161 534
161 282
161 541
161 415
161 546
161 424
161 584
161 566
161 439
161 440
161 442
161 591
161 456
161 269
161 336
161 212
161 471
161 344
161 218
161 335
161 186
161 350
161 479
161 225
161 423
161 596
161 372
161 375
161 505
161 382
162 385
162 179
162 519
162 200
162 523
162 226
162 207
162 312
162 467
162 342
162 215
162 478
162 544
162 292
162 486
162 433
162 168
162 427
162 492
162 240
162 243
162 372
162 501
162 184
162 378
162 187
163 320
163 321
163 514
163 516
163 389
163 326
163 263
163 542
163 204
163 290
163 208
163 209
163 530
163 217
163 346
163 347
163 220
163 512
163 483
163 550
163 532
163 232
163 299
163 353
163 594
163 302
163 488
163 562
163 245
163 376
163 313
163 186
164 260
164 519
164 395
164 589
164 334
164 466
164 211
164 277
164 470
164 407
164 462
164 283
164 453
164 418
164 511
164 294
164 487
164 426
164 236
164 366
164 183
164 312
164 377
164 252
164 509
164 405
165 576
165 544
165 387
165 581
165 392
165 393
165 375
165 476
165 584
165 210
165 497
165 212
165 561
165 470
165 356
165 539
165 348
165 541
165 571
165 369
165 425
165 171
165 428
165 328
165 306
165 521
165 440
165 443
166 328
166 193
166 386
166 235
166 389
166 264
166 523
166 333
166 584
166 272
166 274
166 451
166 535
166 282
166 442
166 350
166 581
166 544
166 225
166 454
166 572
166 298
166 257
166 557
166 175
166 560
166 305
166 371
166 313
166 252
166 254
166 191
167 256
167 195
167 260
167 534
167 203
167 460
167 397
167 462
167 525
167 554
167 215
167 436
167 346
167 286
167 581
167 545
167 290
167 355
167 555
167 497
167 361
167 362
167 171
167 489
167 433
167 498
167 308
167 265
167 313
168 257
168 450
168 198
168 391
168 428
168 598
168 454
168 272
168 593
168 483
168 532
168 214
168 280
168 219
168 285
168 474
168 342
168 293
168 455
168 171
168 364
168 237
168 238
168 495
168 306
168 557
168 425
168 504
168 189
169 578
169 406
169 390
169 583
169 266
169 395
169 204
169 274
169 468
169 342
169 535
169 222
169 351
169 534
169 355
169 484
169 421
169 489
169 517
169 558
169 433
169 360
169 178
169 563
169 244
169 309
169 503
169 249
169 379
170 325
170 328
170 585
170 462
170 527
170 536
170 595
170 213
170 470
170 495
170 287
170 487
170 300
170 365
170 239
170 176
170 456
170 371
170 248
170 597
171 192
171 320
171 407
171 246
171 241
171 588
171 489
171 586
171 488
171 219
171 413
171 555
171 330
171 315
171 541
171 173
171 477
171 304
171 232
171 449
171 564
171 182
171 266
171 298
171 252
171 190
171 575
172 587
172 200
172 567
172 204
172 270
172 450
172 211
172 532
172 334
172 214
172 343
172 216
172 480
172 289
172 366
172 176
172 241
172 430
172 314
172 572
172 574
173 323
173 389
173 524
173 397
173 206
173 568
173 547
173 276
173 341
173 470
173 537
173 598
173 416
173 229
173 236
173 365
173 498
173 242
173 372
173 501
173 247
173 504
173 381
173 383
174 383
174 193
174 262
174 579
174 581
174 198
174 520
174 201
174 271
174 563
174 280
174 562
174 546
174 492
174 434
174 306
174 366
174 488
174 211
174 365
174 181
174 393
174 314
174 187
174 202
174 190
174 191
175 514
175 294
175 415
175 326
175 492
175 565
175 204
175 333
175 207
175 529
175 223
175 229
175 295
175 551
175 367
175 433
175 562
175 372
175 181
175 439
175 462
175 319
176 195
176 196
176 397
176 369
176 427
176 487
176 213
176 569
176 481
176 486
176 424
176 295
176 200
176 436
176 246
176 560
176 315
176 251
176 188
177 581
177 585
177 599
177 398
177 274
177 431
177 408
177 218
177 347
177 346
177 285
177 223
177 352
177 411
177 551
177 451
177 424
177 540
177 491
177 302
177 221
177 595
177 245
177 506
177 565
178 384
178 448
178 263
178 328
178 329
178 461
178 592
178 465
178 533
178 216
178 281
178 348
178 350
178 352
178 391
178 504
178 490
178 225
178 432
178 244
178 502
178 247
178 440
179 385
179 514
179 555
179 196
179 513
179 490
179 493
179 492
179 394
179 460
179 397
179 335
179 400
179 529
179 590
179 406
179 598
179 224
179 475
179 420
179 519
179 364
179 430
179 445
179 242
179 562
179 308
179 182
179 248
179 572
179 253
180 449
180 324
180 454
180 521
180 331
180 205
180 207
180 286
180 490
180 417
180 227
180 198
180 234
180 237
180 434
180 361
180 553
180 379
180 511
181 587
181 452
181 261
181 420
181 484
181 525
181 589
181 557
181 595
181 494
181 343
181 539
181 540
181 346
181 542
181 543
181 290
181 296
181 370
181 564
181 311
181 312
181 313
181 187
181 380
182 427
182 518
182 328
182 364
182 414
182 549
182 218
182 224
182 290
182 483
182 292
182 297
182 430
182 370
182 245
182 313
182 574
182 447
183 384
183 576
183 515
183 261
183 390
183 331
183 504
183 273
183 403
183 277
183 406
183 345
183 474
183 221
183 376
183 587
183 227
183 229
183 230
183 209
183 519
183 493
183 432
183 372
183 436
183 378
183 318
184 265
184 458
184 267
184 337
184 333
184 531
184 473
184 433
184 281
184 477
184 587
184 549
184 353
184 291
184 228
184 357
184 358
184 231
184 233
184 298
184 408
184 354
184 305
184 397
184 241
184 447
185 518
185 401
185 531
185 283
185 287
185 547
185 422
185 371
185 438
185 186
185 572
185 445
185 195
185 310
185 582
185 275
185 332
185 331
185 205
185 465
185 467
185 212
185 217
185 219
185 225
185 230
185 232
185 370
185 246
185 596
185 506
185 255
186 323
186 200
186 599
186 460
186 499
186 276
186 377
186 280
186 218
186 591
186 538
186 351
186 362
186 549
186 494
186 187
186 507
186 469
187 576
187 193
187 502
187 582
187 584
187 447
187 501
187 589
187 339
187 342
187 506
187 351
187 545
187 550
187 423
187 425
187 555
187 429
187 239
187 515
187 594
187 374
187 568
187 446
187 191
188 384
188 533
188 269
188 504
188 598
188 408
188 219
188 284
188 414
188 197
188 411
188 356
188 422
188 220
188 428
188 369
188 370
188 243
188 373
188 310
188 318
188 469
189 386
189 360
189 449
189 202
189 582
189 209
189 465
189 276
189 534
189 260
189 390
189 417
189 228
189 361
189 298
189 494
189 367
189 305
189 362
189 567
189 248
189 330
189 510
189 511
190 514
190 388
190 265
190 536
190 516
190 544
190 548
190 293
190 296
190 476
190 433
190 308
190 457
190 318
190 267
190 580
190 454
190 200
190 588
190 226
190 590
190 470
190 344
190 395
190 482
190 483
190 486
190 402
190 369
190 249
190 511
191 580
191 310
191 394
191 442
191 530
191 532
191 430
191 535
191 411
191 412
191 351
191 295
191 287
191 307
191 438
191 314
191 382
192 439
192 465
192 444
192 457
192 270
192 592
192 273
192 529
192 206
192 279
192 472
192 283
192 416
192 418
192 401
192 233
192 363
192 428
192 365
192 584
192 531
192 500
192 311
192 596
192 570
192 405
193 571
193 451
193 196
193 392
193 371
193 463
193 272
193 210
193 275
193 510
193 598
193 452
193 595
193 285
193 414
193 421
193 553
193 466
193 339
193 308
193 309
193 246
193 439
193 550
193 313
193 442
193 573
194 258
194 542
194 199
194 589
194 272
194 337
194 215
194 478
194 291
194 229
194 380
194 298
194 427
194 300
194 432
194 501
194 489
194 377
194 570
194 507
194 255
195 387
195 581
195 390
195 200
195 265
195 550
195 590
195 593
195 594
195 512
195 408
195 217
195 417
195 483
195 422
195 358
195 554
195 237
195 245
195 246
195 570
195 316
195 317
196 407
196 374
196 257
196 328
196 394
196 247
196 589
196 536
196 559
196 537
196 406
196 215
196 344
196 347
196 349
196 459
196 411
196 292
196 356
196 554
196 555
196 541
196 303
196 385
196 236
196 246
196 311
196 568
196 569
196 380
196 573
197 386
197 598
197 321
197 459
197 396
197 333
197 526
197 208
197 209
197 406
197 420
197 220
197 483
197 228
197 423
197 553
197 299
197 450
197 435
197 500
197 245
197 501
197 505
197 529
197 447
197 573
197 510
198 384
198 257
198 258
198 427
198 261
198 386
198 282
198 555
198 428
198 560
198 562
198 440
198 443
198 327
198 329
198 208
198 514
198 211
198 342
198 344
198 351
198 224
198 225
198 315
198 359
198 488
198 374
198 509
199 516
199 457
199 286
199 415
199 539
199 235
199 492
199 301
199 432
199 434
199 372
199 542
199 502
199 311
199 568
199 511
199 458
199 319
200 258
200 353
200 268
200 466
200 547
200 280
200 537
200 410
200 415
200 448
200 391
200 317
200 308
200 375
200 436
200 202
200 575
201 389
201 326
201 583
201 521
201 586
201 503
201 204
201 578
201 210
201 468
201 430
201 343
201 541
201 453
201 228
201 234
201 466
201 303
201 368
201 244
201 439
201 568
201 314
201 318
202 256
202 385
202 518
202 449
202 521
202 247
202 270
202 577
202 563
202 275
202 213
202 281
202 540
202 467
202 476
202 429
202 561
202 435
202 565
202 249
203 384
203 358
203 385
203 265
203 394
203 460
203 565
203 210
203 408
203 559
203 223
203 353
203 482
203 292
203 232
203 231
203 483
203 368
203 241
203 373
203 485
203 507
203 264
204 321
204 323
204 326
204 264
204 469
204 331
204 332
204 206
204 465
204 547
204 277
204 223
204 357
204 273
204 423
204 301
204 466
204 306
204 243
204 567
204 314
204 479
205 578
205 579
205 388
205 391
205 335
205 313
205 358
205 349
205 261
205 244
205 294
205 234
205 492
205 493
205 541
205 370
205 479
205 315
205 508
206 256
206 230
206 386
206 388
206 385
206 264
206 527
206 530
206 403
206 404
206 533
206 282
206 418
206 539
206 293
206 554
206 301
206 308
206 317
206 577
206 450
206 323
206 337
206 343
206 219
206 353
206 482
206 358
206 492
206 238
206 367
206 498
206 502
206 383
207 515
207 518
207 521
207 406
207 410
207 286
207 545
207 293
207 368
207 435
207 567
207 312
207 590
207 317
207 328
207 334
207 593
207 466
207 215
207 354
207 571
207 360
207 234
207 494
207 573
207 240
207 362
207 254
207 511
208 515
208 516
208 398
208 542
208 543
208 294
208 299
208 428
208 347
208 435
208 438
208 440
208 314
208 578
208 580
208 463
208 215
208 344
208 228
208 478
208 481
208 327
208 484
208 583
208 364
208 501
208 374
209 487
209 326
209 330
209 397
209 591
209 216
209 402
209 291
209 280
209 282
209 283
209 546
209 390
209 231
209 551
209 423
209 364
209 317
209 242
209 531
209 250
209 443
210 384
210 388
210 374
210 449
210 454
210 518
210 462
210 397
210 227
210 532
210 510
210 439
210 475
210 226
210 484
210 438
210 304
210 371
210 309
210 246
210 314
210 254
210 373
211 261
211 327
211 265
211 501
211 582
211 479
211 272
211 275
211 222
211 325
211 353
211 226
211 259
211 239
211 434
211 339
211 436
211 366
211 310
211 393
211 443
211 445
212 554
212 552
212 334
212 472
212 466
212 579
212 596
212 213
212 216
212 285
212 222
212 583
212 423
212 362
212 365
212 496
212 424
212 242
212 308
212 565
212 378
212 543
212 490
212 255
213 519
213 532
213 278
213 281
213 304
213 475
213 300
213 565
213 521
213 314
213 428
213 579
213 580
213 326
213 460
213 337
213 466
213 347
213 481
213 484
213 358
213 231
213 361
213 596
213 468
213 507
213 382
214 515
214 580
214 392
214 457
214 394
214 403
214 343
214 283
214 415
214 499
214 442
214 575
214 458
214 373
215 441
215 522
215 550
215 386
215 514
215 400
215 421
215 486
215 412
215 257
215 429
215 520
215 449
215 584
215 313
215 314
216 320
216 571
216 450
216 323
216 454
216 236
216 458
216 578
216 335
216 400
216 355
216 581
216 475
216 338
216 517
216 464
216 486
216 519
216 301
216 374
216 489
216 592
216 570
216 428
216 313
216 255
217 388
217 438
217 263
217 329
217 268
217 526
217 577
217 563
217 355
217 575
217 591
217 348
217 414
217 546
217 357
217 433
217 488
217 553
217 436
217 387
217 365
217 494
217 564
217 368
217 241
217 449
217 307
217 244
217 521
217 379
217 380
217 394
217 574
217 511
218 387
218 582
218 521
218 531
218 276
218 324
218 348
218 427
218 223
218 352
218 570
218 356
218 360
218 391
218 429
218 240
218 545
218 249
218 571
218 234
218 255
219 384
219 578
219 323
219 342
219 599
219 336
219 273
219 278
219 343
219 457
219 543
219 348
219 480
219 425
219 359
219 426
219 505
219 367
219 494
219 375
219 526
219 592
220 448
220 491
220 326
220 455
220 461
220 272
220 440
220 350
220 478
220 286
220 416
220 363
220 365
220 304
220 498
220 243
220 244
220 254
220 310
220 312
220 313
220 318
221 587
221 580
221 453
221 262
221 519
221 328
221 522
221 399
221 272
221 593
221 338
221 334
221 313
221 569
221 527
221 543
221 544
221 336
221 423
221 304
221 242
221 308
221 547
221 377
221 255
222 320
222 385
222 322
222 517
222 262
222 593
222 278
222 473
222 408
222 281
222 512
222 477
222 350
222 364
222 419
222 445
222 466
222 573
222 403
222 544
222 361
222 506
222 251
222 381
222 446
222 383
223 512
223 416
223 261
223 395
223 397
223 453
223 596
223 277
223 471
223 559
223 414
223 325
223 224
223 555
223 315
223 295
223 553
223 231
223 429
223 238
223 511
223 592
223 351
223 443
224 357
224 264
224 467
224 400
224 339
224 438
224 471
224 335
224 284
224 478
224 544
224 419
224 293
224 426
224 295
224 236
224 237
224 265
224 249
224 492
224 373
225 385
225 322
225 491
225 260
225 263
225 265
225 586
225 476
225 589
225 337
225 544
225 472
225 412
225 431
225 284
225 520
225 288
225 354
225 227
225 519
225 324
225 455
225 494
225 239
225 497
225 511
225 376
225 251
225 380
225 255
226 323
226 388
226 325
226 257
226 519
226 395
226 524
226 527
226 343
226 537
226 350
226 355
226 230
226 423
226 494
226 243
226 566
226 380
227 537
227 262
227 460
227 266
227 267
227 311
227 398
227 387
227 469
227 292
227 421
227 294
227 232
227 540
227 362
227 431
227 240
227 521
227 248
227 378
227 415
227 572
228 256
228 388
228 327
228 458
228 396
228 386
228 270
228 531
228 340
228 343
228 280
228 473
228 495
228 417
228 355
228 516
228 424
228 361
228 427
228 445
228 306
228 248
228 398
228 252
229 260
229 520
229 301
229 272
229 249
229 541
229 354
229 483
229 294
229 232
229 568
229 507
229 382
229 511
230 320
230 386
230 407
230 265
230 279
230 525
230 271
230 531
230 472
230 527
230 378
230 445
230 544
230 485
230 546
230 519
230 556
230 426
230 579
230 434
230 250
230 507
230 252
230 253
230 309
231 587
231 260
231 262
231 397
231 548
231 482
231 356
231 359
231 362
231 557
231 369
231 370
231 565
231 479
231 475
231 312
231 377
231 314
231 298
232 524
232 405
232 534
232 409
232 538
232 288
232 546
232 427
232 557
232 558
232 560
232 305
232 308
232 443
232 454
232 584
232 330
232 463
232 472
232 348
232 391
232 493
232 374
232 247
232 379
232 281
232 234
232 533
233 514
233 262
233 353
233 460
233 528
233 403
233 340
233 527
233 493
233 532
233 531
233 437
233 310
233 447
234 514
234 523
234 519
234 399
234 280
234 476
234 546
234 244
234 593
234 587
234 562
234 349
234 552
234 306
234 308
234 309
234 374
234 506
234 315
234 252
235 257
235 386
235 452
235 358
235 264
235 521
235 465
235 583
235 448
235 351
235 416
235 294
235 295
235 427
235 300
235 366
235 559
235 432
235 513
235 440
235 441
235 444
236 526
236 349
236 273
236 594
236 366
236 279
236 280
236 592
236 359
236 303
236 498
236 244
236 309
236 247
236 249
236 477
236 508
237 576
237 325
237 334
237 531
237 590
237 278
237 537
237 412
237 551
237 297
237 555
237 365
237 440
237 255
238 387
238 519
238 267
238 273
238 532
238 541
238 543
238 294
238 295
238 555
238 438
238 442
238 571
238 572
238 317
238 450
238 456
238 247
238 332
238 333
238 314
238 570
238 443
238 484
238 529
238 488
238 595
238 503
238 315
239 383
239 567
239 514
239 270
239 275
239 342
239 282
239 285
239 410
239 442
239 293
239 561
239 242
239 309
239 438
239 425
239 255
240 512
240 577
240 586
240 391
240 456
240 521
240 524
240 333
240 259
240 276
240 281
240 367
240 325
240 416
240 546
240 455
240 243
240 244
240 317
240 267
240 570
240 379
240 253
240 394
241 595
241 599
241 588
241 589
241 590
241 271
241 401
241 515
241 404
241 463
241 284
241 350
241 351
241 488
241 432
241 305
241 306
241 563
241 542
241 252
241 509
242 264
242 268
242 269
242 275
242 404
242 534
242 408
242 412
242 299
242 434
242 307
242 309
242 577
242 323
242 285
242 588
242 590
242 338
242 468
242 479
242 481
242 276
242 492
242 500
242 553
242 253
243 578
243 579
243 522
243 591
243 336
243 508
243 403
243 270
243 409
243 285
243 542
243 479
243 353
243 486
243 295
243 296
243 380
243 554
243 430
243 499
243 244
243 376
243 383
243 533
243 341
244 512
244 322
244 334
244 397
244 400
244 341
244 348
244 475
244 544
244 419
244 553
244 561
244 590
244 430
244 433
244 375
244 378
244 316
244 490
245 384
245 257
245 514
245 513
245 521
245 578
245 280
245 538
245 543
245 416
245 553
245 554
245 303
245 435
245 286
245 572
245 318
245 565
245 448
245 588
245 459
245 460
245 592
245 270
245 395
245 352
245 494
245 367
245 371
245 247
245 507
246 385
246 392
246 330
246 547
246 534
246 299
246 346
246 465
246 477
246 540
246 357
246 496
246 290
246 293
246 276
246 421
246 562
246 495
246 452
246 371
246 438
246 423
246 394
247 320
247 578
247 453
247 327
247 535
247 395
247 452
247 397
247 591
247 528
247 568
247 471
247 413
247 546
247 293
247 550
247 593
247 366
247 445
247 266
247 571
247 362
247 318
247 501
248 512
248 490
248 449
248 392
248 486
248 399
248 566
248 324
248 570
248 350
248 261
248 289
248 358
248 325
248 438
248 488
248 491
248 598
248 336
248 307
248 576
248 442
248 252
249 386
249 451
249 260
249 513
249 585
249 461
249 270
249 272
249 514
249 592
249 278
249 542
249 572
249 545
249 418
249 516
249 301
249 430
249 559
249 497
249 308
249 475
249 312
249 553
249 571
249 511
250 577
250 481
250 393
250 273
250 466
250 467
250 341
250 470
250 408
250 527
250 508
250 353
250 291
250 485
250 297
250 298
250 364
250 493
250 509
250 497
250 307
250 437
250 585
250 550
250 251
250 316
250 381
250 565
251 389
251 262
251 520
251 267
251 558
251 278
251 535
251 550
251 551
251 555
251 556
251 430
251 306
251 521
251 448
251 449
251 454
251 330
251 341
251 360
251 444
251 371
251 376
251 380
252 268
252 399
252 273
252 403
252 409
252 282
252 292
252 552
252 323
252 581
252 455
252 338
252 595
252 476
252 583
252 486
252 488
252 491
252 365
252 360
252 501
252 345
252 281
252 509
252 382
253 339
253 516
253 263
253 275
253 266
253 528
253 531
253 278
253 347
253 517
253 478
253 287
253 592
253 296
253 489
253 363
253 455
253 392
253 513
253 309
253 466
253 553
253 362
253 316
254 320
254 514
254 584
254 465
254 394
254 526
254 337
254 387
254 276
254 597
254 408
254 555
254 546
254 355
254 420
254 422
254 425
254 466
254 369
254 563
254 372
254 570
255 393
255 523
255 450
255 528
255 529
255 403
255 533
255 534
255 410
255 495
255 538
255 548
255 424
255 428
255 430
255 431
255 560
255 568
255 316
255 574
255 447
255 448
255 324
255 598
255 599
255 345
255 364
255 496
255 302
255 500
255 376
256 384
256 514
256 580
256 518
256 417
256 405
256 342
256 346
256 350
256 376
256 278
256 419
256 362
256 598
256 549
256 559
256 560
256 570
256 435
256 308
256 261
256 574
256 373
257 491
257 585
257 518
257 599
257 399
257 336
257 472
257 591
257 283
257 557
257 544
257 475
257 357
257 593
257 302
257 434
257 432
257 360
257 306
257 563
257 311
257 442
257 443
257 341
258 453
258 262
258 462
258 472
258 466
258 473
258 475
258 517
258 542
258 260
258 417
258 548
258 423
258 362
258 300
258 594
258 366
258 432
258 436
258 565
258 311
258 571
258 582
259 481
259 321
259 490
259 454
259 353
259 460
259 333
259 338
259 465
259 517
259 336
259 539
259 369
259 594
259 428
259 559
259 372
259 265
259 379
259 426
260 384
260 576
260 577
260 305
260 401
260 312
260 473
260 485
260 420
260 431
260 542
260 419
260 564
260 529
260 369
260 563
260 372
260 317
260 318
260 383
261 514
261 363
261 457
261 330
261 471
261 270
261 530
261 377
261 485
261 286
261 545
261 356
261 294
261 298
261 595
261 295
261 434
261 552
261 306
261 510
261 501
262 302
262 467
262 486
262 394
262 268
262 333
262 275
262 589
262 529
262 536
262 491
262 390
262 294
262 427
262 301
262 437
262 515
262 572
262 510
263 562
263 490
263 427
263 588
263 535
263 452
263 397
263 335
263 536
263 557
263 275
263 302
263 278
263 306
263 283
263 349
263 362
263 295
263 359
263 497
263 432
263 594
263 311
264 441
264 491
264 519
264 460
264 397
264 400
264 280
264 338
264 547
264 529
264 480
264 344
264 592
264 440
264 423
264 296
264 425
264 490
264 300
264 532
264 584
264 310
264 376
264 509
264 382
264 556
265 520
265 336
265 563
265 532
265 342
265 472
265 371
265 410
265 570
265 411
265 300
265 439
265 442
265 447
266 518
266 578
266 325
266 327
266 585
266 394
266 371
266 397
266 568
266 276
266 431
266 410
266 354
266 357
266 365
266 302
266 303
266 437
266 376
266 569
266 317
266 318
267 451
267 580
267 583
267 457
267 397
267 563
267 473
267 474
267 283
267 540
267 414
267 479
267 579
267 300
267 432
267 498
267 403
267 572
268 473
268 456
268 330
268 508
268 275
268 279
268 344
268 572
268 477
268 415
268 484
268 488
268 444
268 560
268 305
268 306
268 437
268 374
268 575
268 571
268 317
268 319
269 393
269 398
269 527
269 274
269 324
269 410
269 411
269 541
269 547
269 431
269 435
269 439
269 441
269 314
269 575
269 322
269 587
269 289
269 459
269 460
269 592
269 341
269 472
269 474
269 478
269 380
269 493
269 500
269 379
269 511
270 448
270 454
270 364
270 335
270 505
270 274
270 534
270 408
270 347
270 491
270 575
270 419
270 355
270 549
270 530
270 299
270 365
270 451
270 596
270 498
270 372
270 411
270 511
271 409
271 388
271 391
271 392
271 457
271 552
271 334
271 531
271 345
271 410
271 411
271 479
271 289
271 521
271 360
271 361
271 583
271 487
271 305
271 434
271 595
271 425
271 376
271 443
271 316
272 576
272 444
272 459
272 332
272 288
272 344
272 468
272 480
272 284
272 409
272 280
272 324
272 335
272 527
272 418
272 529
272 582
272 433
272 533
272 374
272 457
272 381
272 383
273 480
273 459
273 581
273 353
273 521
273 599
273 331
273 526
273 339
273 407
273 344
273 410
273 350
273 485
273 352
273 546
273 293
273 550
273 552
273 380
273 455
273 493
273 579
273 507
273 524
274 450
274 580
274 520
274 394
274 311
274 332
274 276
274 597
274 406
274 280
274 345
274 348
274 477
274 479
274 354
274 484
274 549
274 425
274 491
274 429
274 432
274 564
274 501
274 473
274 532
274 444
274 445
274 476
275 385
275 520
275 525
275 414
275 296
275 554
275 303
275 328
275 436
275 586
275 318
275 581
275 336
275 465
275 340
275 473
275 348
275 477
275 464
275 482
275 484
275 488
275 490
275 366
275 552
275 505
275 382
276 323
276 324
276 438
276 520
276 396
276 332
276 565
276 399
276 592
276 401
276 595
276 558
276 470
276 409
276 465
276 457
276 486
276 437
276 360
276 502
276 402
276 431
276 435
276 394
276 380
277 513
277 387
277 326
277 327
277 329
277 330
277 401
277 280
277 542
277 583
277 361
277 298
277 555
277 556
277 370
277 577
277 312
277 315
277 444
277 446
278 394
278 526
278 399
278 548
278 549
278 422
278 299
278 562
278 306
278 313
278 328
278 587
278 588
278 461
278 464
278 594
278 355
278 468
278 476
278 483
278 358
278 493
278 596
278 498
278 469
279 520
279 330
279 398
279 527
279 340
279 543
279 477
279 414
279 359
279 488
279 361
279 402
279 305
279 309
279 312
279 404
279 378
279 586
279 318
279 575
280 537
280 550
280 584
280 299
280 307
280 565
280 475
280 568
280 574
280 450
280 453
280 459
280 332
280 347
280 357
280 337
280 491
280 493
280 547
281 322
281 516
281 374
281 535
281 528
281 580
281 594
281 343
281 484
281 282
281 475
281 412
281 546
281 419
281 420
281 380
281 554
281 437
281 565
281 507
281 510
281 447
282 577
282 589
282 534
282 538
282 483
282 548
282 454
282 551
282 296
282 297
282 298
282 590
282 553
282 378
282 443
282 536
283 342
283 409
283 392
283 584
283 591
283 339
283 469
283 538
283 292
283 347
283 582
283 359
283 340
283 348
283 362
283 427
283 512
283 429
283 412
283 561
283 579
283 403
283 577
283 375
283 413
284 384
284 324
284 389
284 455
284 332
284 551
284 599
284 408
284 439
284 347
284 508
284 418
284 419
284 358
284 519
284 380
284 298
284 299
284 370
284 305
284 362
284 375
284 596
284 314
285 469
285 328
285 458
285 405
285 408
285 495
285 520
285 496
285 455
285 296
285 585
285 543
285 380
285 318
286 416
286 582
286 364
286 332
286 337
286 335
286 291
286 398
286 510
286 481
286 553
286 391
286 300
286 419
286 595
286 376
286 533
287 578
287 587
287 569
287 330
287 535
287 396
287 403
287 340
287 471
287 408
287 476
287 413
287 575
287 418
287 507
287 292
287 432
287 305
287 437
287 567
287 316
288 384
288 582
288 321
288 565
288 526
288 335
288 342
288 493
288 478
288 351
288 547
288 583
288 488
288 464
288 440
288 510
288 447
289 578
289 459
289 388
289 581
289 584
289 396
289 590
289 336
289 340
289 476
289 468
289 351
289 294
289 424
289 427
289 562
289 430
289 559
289 370
289 307
289 566
289 567
289 313
289 314
289 380
289 383
290 450
290 387
290 462
290 399
290 401
290 402
290 516
290 508
290 566
290 360
290 489
290 551
290 301
290 304
290 435
290 404
290 570
290 507
290 501
291 591
291 452
291 457
291 525
291 398
291 335
291 528
291 594
291 467
291 565
291 590
291 580
291 409
291 346
291 303
291 506
291 482
291 440
291 492
291 570
291 561
291 311
291 444
291 318
292 578
292 519
292 393
292 522
292 418
292 402
292 473
292 474
292 476
292 351
292 544
292 295
292 304
292 567
292 378
293 448
293 323
293 488
293 518
293 417
293 439
293 498
293 578
293 336
293 339
293 494
293 563
293 407
293 346
293 557
293 581
293 422
293 426
293 304
293 435
293 513
293 569
293 381
293 296
294 523
294 526
294 531
294 404
294 409
294 416
294 424
294 430
294 304
294 305
294 307
294 576
294 450
294 331
294 578
294 469
294 357
294 363
294 495
294 417
294 435
294 377
294 508
295 584
295 428
295 462
295 548
295 594
295 403
295 494
295 534
295 569
295 299
295 539
295 477
295 547
295 298
295 429
295 369
295 307
295 515
295 468
295 314
295 490
296 516
296 550
296 322
296 343
296 545
296 358
296 551
296 433
296 446
296 316
296 565
297 387
297 390
297 458
297 482
297 336
297 466
297 474
297 389
297 354
297 483
297 465
297 491
297 300
297 477
297 530
297 309
298 576
298 385
298 391
298 333
298 592
298 515
298 427
298 482
298 358
298 434
298 370
298 308
298 566
298 380
298 319
299 390
299 371
299 435
299 479
299 409
299 559
299 589
299 482
299 374
299 426
299 517
299 530
299 483
299 433
299 568
299 449
299 445
300 384
300 516
300 464
300 536
300 467
300 486
300 556
300 558
300 496
300 498
300 372
300 565
300 393
300 377
300 316
300 574
301 587
301 522
301 399
301 594
301 404
301 505
301 353
301 355
301 519
301 557
301 558
301 418
302 491
302 535
302 396
302 398
302 596
302 530
302 345
302 539
302 352
302 454
302 455
302 468
302 556
302 304
302 307
302 436
302 385
302 506
302 460
302 492
302 319
303 320
303 515
303 581
303 321
303 403
303 483
303 484
303 544
303 485
303 486
303 487
303 554
303 583
303 495
303 566
303 503
303 511
303 573
303 574
304 577
304 354
304 325
304 392
304 329
304 418
304 525
304 357
304 425
304 372
304 585
304 441
304 314
304 508
304 573
305 598
305 393
305 405
305 407
305 474
305 423
305 425
305 542
305 313
305 319
305 578
305 323
305 581
305 339
305 544
305 346
305 399
305 523
305 484
305 491
305 494
305 508
305 533
306 456
306 390
306 405
306 484
306 400
306 340
306 356
306 488
306 348
306 415
306 455
306 321
306 559
306 596
306 435
306 373
306 457
306 505
306 383
307 577
307 322
307 580
307 586
307 397
307 525
307 598
307 344
307 506
307 484
307 423
307 555
307 455
307 446
308 512
308 534
308 519
308 526
308 530
308 406
308 539
308 425
308 427
308 430
308 313
308 450
308 326
308 456
308 589
308 590
308 472
308 357
308 358
308 491
308 496
308 554
309 505
309 516
309 456
309 599
309 464
309 593
309 531
309 340
309 408
309 540
309 571
309 423
309 311
309 468
309 509
310 387
310 388
310 420
310 555
310 559
310 564
310 566
310 457
310 441
310 458
310 329
310 586
310 590
310 337
310 378
310 350
310 496
310 361
310 506
310 383
311 517
311 521
311 391
311 565
311 593
311 346
311 412
311 413
311 538
311 386
311 455
311 488
311 425
311 492
311 564
311 432
311 503
311 372
312 386
312 391
312 392
312 329
312 458
312 523
312 418
312 593
312 412
312 348
312 485
312 421
312 430
312 447
312 524
313 565
313 388
313 520
313 532
313 410
313 541
313 418
313 432
313 563
313 437
313 570
313 322
313 585
313 586
313 331
313 337
313 338
313 547
313 598
313 474
313 478
313 362
313 501
313 380
314 555
314 518
314 392
314 496
314 331
314 538
314 541
314 547
314 470
314 490
314 338
314 494
314 438
314 441
314 446
315 427
315 325
315 392
315 590
315 333
315 465
315 466
315 579
315 535
315 484
315 477
315 478
315 354
315 420
315 518
315 508
315 584
315 574
315 511
316 450
316 325
316 509
316 458
316 523
316 462
316 336
316 547
316 399
316 429
316 435
316 375
316 376
316 564
316 379
316 556
317 322
317 513
317 395
317 320
317 384
317 595
317 456
317 473
317 410
317 474
317 542
317 543
317 481
317 561
317 593
317 434
317 431
317 433
317 370
317 499
317 447
318 599
318 439
318 467
318 597
318 431
318 575
318 506
318 493
318 567
318 368
318 497
318 432
318 445
318 571
319 512
319 390
319 332
319 334
319 335
319 340
319 431
319 538
319 517
319 544
319 354
319 484
319 549
319 468
319 375
320 577
320 450
320 363
320 396
320 395
320 334
320 463
320 402
320 526
320 406
320 587
320 409
320 475
320 557
320 546
320 549
320 428
320 425
320 432
320 488
320 478
320 379
320 590
320 381
321 450
321 331
321 461
321 590
321 525
321 483
321 409
321 591
321 348
321 542
321 380
321 426
321 500
321 457
321 442
322 417
322 574
322 396
322 462
322 533
322 593
322 344
322 347
322 355
322 484
322 553
322 583
322 436
322 419
322 434
322 584
322 510
322 573
323 384
323 451
323 339
323 435
323 333
323 595
323 543
323 352
323 553
323 585
323 515
323 369
324 461
324 453
324 390
324 515
324 558
324 554
324 441
324 571
324 422
324 465
324 426
324 430
324 495
324 573
324 443
324 510
325 588
325 516
325 417
325 396
325 354
325 400
325 401
325 407
325 344
325 484
325 410
325 477
325 497
325 392
325 563
325 458
326 562
326 576
326 459
326 467
326 598
326 543
326 346
326 481
326 420
326 529
326 425
326 436
326 428
326 507
326 561
326 403
326 411
327 385
327 518
327 527
327 451
327 407
327 547
327 477
327 433
327 350
327 393
327 568
327 575
327 587
327 581
327 589
327 594
327 597
327 475
327 349
327 523
327 353
327 357
327 486
327 359
327 496
328 448
328 457
328 394
328 550
328 592
328 530
328 591
328 483
328 357
328 486
328 562
328 372
328 521
328 541
328 522
329 469
329 452
329 463
329 528
329 402
329 343
329 541
329 350
329 547
329 487
329 567
329 379
330 579
330 417
330 592
330 468
330 572
330 575
330 480
330 355
330 421
330 556
330 559
330 368
330 533
330 425
330 569
330 526
330 455
331 515
331 597
331 589
331 590
331 366
331 393
331 481
331 358
331 361
331 496
331 372
331 501
332 384
332 486
332 581
332 456
332 439
332 476
332 531
332 441
332 548
332 346
332 484
332 448
332 422
332 361
332 466
332 371
332 540
332 393
332 396
332 379
332 508
332 510
333 514
333 371
333 499
333 435
333 467
333 342
333 345
333 410
333 583
333 419
333 529
333 391
333 483
333 365
333 547
333 374
333 439
333 505
333 510
334 449
334 580
334 539
334 584
334 460
334 593
334 595
334 576
334 355
334 553
334 566
334 368
334 438
334 411
334 574
335 384
335 464
335 535
335 523
335 531
335 343
335 344
335 548
335 357
335 583
335 563
335 353
335 385
335 498
335 436
335 438
335 560
335 572
336 452
336 481
336 587
336 460
336 499
336 448
336 346
336 475
336 356
336 486
336 360
336 426
336 493
336 464
336 545
336 564
337 569
337 522
337 593
337 403
337 407
337 510
337 350
337 351
337 358
337 426
337 363
337 366
337 431
337 373
337 508
337 586
338 398
338 465
338 466
338 339
338 407
338 410
338 506
338 488
338 362
338 555
338 557
338 560
338 565
338 376
338 426
339 391
339 595
339 528
339 534
339 410
339 561
339 440
339 584
339 474
339 481
339 486
339 360
339 362
339 366
339 369
339 371
339 375
339 511
340 587
340 453
340 394
340 523
340 591
340 514
340 532
340 434
340 564
340 508
340 382
341 579
341 454
341 586
341 526
341 531
341 405
341 352
341 539
341 349
341 545
341 354
341 571
341 487
341 551
341 427
341 558
341 495
341 553
341 376
341 383
342 385
342 522
342 527
342 530
342 576
342 536
342 431
342 543
342 481
342 357
342 550
342 496
342 435
342 569
342 411
342 574
343 388
343 520
343 395
343 525
343 516
343 407
343 540
343 546
343 462
343 445
343 578
343 454
343 584
343 346
343 481
343 354
343 495
343 368
343 503
343 377
343 396
343 508
344 407
344 346
344 412
344 482
344 532
344 364
344 429
344 369
344 382
344 502
344 425
344 468
344 533
345 577
345 455
345 586
345 599
345 401
345 529
345 462
345 409
345 442
345 547
345 582
345 444
345 590
345 437
345 568
345 378
345 381
346 385
346 451
346 534
346 392
346 567
346 547
346 357
346 484
346 474
346 538
346 546
346 420
346 421
346 566
346 492
346 507
346 577
346 511
347 490
347 515
347 454
347 523
347 493
347 355
347 575
347 351
347 400
347 561
347 431
347 583
347 419
347 494
347 547
347 481
347 564
347 479
347 505
347 570
348 526
348 528
348 539
348 414
348 546
348 551
348 427
348 432
348 547
348 441
348 584
348 466
348 467
348 598
348 363
348 493
348 595
348 372
349 384
349 453
349 518
349 588
349 529
349 448
349 407
349 538
349 476
349 411
349 573
349 368
349 488
349 377
349 509
349 382
349 556
350 450
350 514
350 504
350 551
350 487
350 364
350 495
350 542
350 569
350 460
351 385
351 514
351 516
351 460
351 461
351 525
351 454
351 550
351 362
351 353
351 511
351 437
351 583
351 381
352 449
352 453
352 582
352 597
352 459
352 460
352 589
352 398
352 536
352 591
352 416
352 545
352 553
352 496
352 373
352 376
352 569
353 584
353 449
353 585
353 551
353 403
353 594
353 529
353 533
353 473
353 395
353 424
353 583
353 423
353 445
353 503
353 439
353 381
353 543
354 513
354 451
354 520
354 397
354 414
354 483
354 355
354 364
354 561
354 498
354 499
354 373
354 457
354 575
354 492
355 448
355 579
355 455
355 521
355 450
355 531
355 542
355 547
355 536
355 561
355 555
355 494
355 501
355 444
355 469
356 384
356 386
356 421
356 396
356 398
356 530
356 388
356 415
356 546
356 359
356 507
356 374
356 543
356 423
356 443
356 383
357 566
357 459
357 397
357 411
357 412
357 423
357 533
357 362
357 447
357 398
357 543
358 384
358 456
358 521
358 458
358 525
358 403
358 408
358 491
358 560
358 390
358 535
358 402
358 504
358 499
358 442
358 443
358 590
358 445
358 575
359 577
359 514
359 451
359 420
359 589
359 591
359 402
359 442
359 542
359 594
359 497
359 391
359 436
359 445
359 382
360 554
360 586
360 458
360 526
360 536
360 407
360 541
360 527
360 400
360 362
360 497
360 437
360 375
360 377
360 447
361 537
361 389
361 596
361 534
361 484
361 591
361 545
361 490
361 477
361 437
362 386
362 542
362 417
362 550
362 439
362 574
362 580
362 583
362 561
362 477
362 373
362 505
363 455
363 397
363 401
363 599
363 412
363 496
363 375
364 386
364 394
364 375
364 402
364 465
364 420
364 550
364 486
364 365
364 596
364 441
365 512
365 389
365 521
365 464
365 376
365 494
365 406
365 474
365 414
365 380
365 560
365 436
365 502
365 509
365 556
366 396
366 386
366 590
366 463
366 469
366 408
366 410
366 413
366 554
366 496
366 370
366 479
366 443
367 452
367 449
367 399
367 404
367 537
367 462
367 412
367 413
367 421
367 476
367 427
367 369
367 439
367 440
367 569
367 571
368 386
368 373
368 405
368 408
368 518
368 554
368 498
368 432
368 444
369 514
369 389
369 513
369 584
369 400
369 517
369 422
369 541
369 507
369 445
370 390
370 513
370 393
370 523
370 397
370 485
370 427
370 542
370 441
370 508
370 492
370 541
370 431
370 589
370 511
371 448
371 582
371 584
371 511
371 441
371 461
371 598
371 419
371 548
371 552
371 507
371 444
371 524
371 406
372 385
372 458
372 397
372 403
372 406
372 431
372 436
372 437
372 374
372 379
372 380
372 383
373 587
373 582
373 397
373 528
373 531
373 544
373 472
373 536
373 493
373 482
373 562
374 587
374 456
374 395
374 529
374 467
374 557
374 476
374 410
374 507
374 454
374 433
374 460
374 439
374 543
375 449
375 389
375 545
375 597
375 407
375 418
375 453
375 559
375 574
375 489
375 511
375 381
376 599
376 517
376 521
376 503
376 533
376 462
376 381
376 575
376 507
376 492
376 560
376 433
376 579
376 500
376 506
377 384
377 455
377 454
377 588
377 535
377 464
377 406
377 410
377 477
377 390
377 496
377 570
377 508
377 446
378 449
378 473
378 453
378 584
378 460
378 527
378 512
378 486
378 465
378 425
378 557
378 434
378 529
378 380
379 449
379 514
379 452
379 569
379 465
379 409
379 474
379 411
379 475
379 548
379 550
379 593
379 491
379 460
379 547
379 499
379 437
379 489
379 571
379 573
380 515
380 441
380 535
380 395
380 462
380 418
380 526
380 571
380 544
380 547
380 518
380 550
380 551
380 427
380 449
380 577
380 554
380 447
381 580
381 389
381 402
381 595
381 597
381 591
381 488
381 555
381 428
381 494
381 497
381 505
381 511
382 521
382 586
382 568
382 407
382 414
382 553
382 428
382 478
382 567
382 504
382 510
383 512
383 470
383 388
383 589
383 594
383 515
383 540
383 550
384 391
384 476
384 595
384 599
384 408
384 388
384 393
384 457
384 558
384 541
384 433
384 523
385 392
385 524
385 397
385 404
385 540
385 410
385 416
385 419
385 505
385 442
385 558
386 576
386 459
386 388
386 535
386 458
386 464
386 402
386 586
386 482
386 487
386 584
386 433
386 500
386 597
387 449
387 590
387 473
387 434
387 425
388 529
388 532
388 541
388 589
388 549
388 551
388 462
388 442
388 458
388 575
388 459
388 461
388 591
388 399
388 478
388 479
388 481
388 493
388 495
388 496
389 456
389 588
389 589
389 594
389 532
389 536
389 414
389 481
390 397
390 427
390 404
390 535
390 461
390 399
390 589
390 400
390 419
390 484
390 454
390 561
390 528
390 444
391 515
391 567
391 433
391 525
391 545
391 422
391 487
391 498
391 542
391 444
392 490
392 584
392 586
392 396
392 468
392 471
392 580
392 545
392 539
392 479
392 439
392 426
393 448
393 581
393 490
393 418
393 593
393 530
393 591
393 476
393 545
393 551
393 426
393 455
393 557
393 562
393 577
393 511
393 505
393 447
393 446
394 513
394 395
394 545
394 460
394 579
394 533
394 595
394 412
394 540
394 416
394 432
394 454
394 568
394 530
394 550
394 509
395 458
395 459
395 471
395 420
395 548
395 531
395 510
395 534
395 412
395 551
395 488
395 490
395 566
395 598
395 498
395 568
396 581
396 463
396 529
396 536
396 568
396 493
396 481
396 440
396 500
396 490
397 512
397 534
397 538
397 416
397 546
397 424
397 428
397 455
397 535
397 460
397 463
397 557
397 483
397 593
397 496
398 514
398 522
398 400
398 450
398 530
398 406
398 541
398 550
398 562
398 437
398 577
398 567
398 571
398 451
398 581
398 463
398 478
398 481
398 482
398 489
398 503
399 508
399 492
399 503
399 536
399 466
399 595
399 495
399 475
399 520
399 423
399 552
399 555
399 430
399 434
399 413
400 535
400 563
400 411
400 570
400 482
400 486
400 424
400 504
400 576
401 513
401 586
401 463
401 505
401 427
401 571
401 561
401 441
401 443
401 444
401 510
401 511
402 515
402 464
402 455
402 456
402 587
402 418
402 533
402 406
402 542
402 432
402 557
402 497
402 577
402 596
403 486
403 404
403 547
403 462
403 443
403 572
403 459
403 460
403 591
403 419
403 477
403 485
403 484
403 487
403 491
403 493
404 512
404 514
404 460
404 418
404 548
404 466
404 532
404 549
404 412
404 541
404 483
404 421
404 594
404 439
405 438
405 410
405 428
405 553
405 508
405 458
405 510
406 594
406 582
406 458
406 408
406 537
406 473
406 461
406 550
406 407
406 431
406 565
406 568
406 411
406 554
407 513
407 461
407 438
407 425
407 581
407 521
408 456
408 465
408 531
408 599
408 580
408 560
408 418
408 423
408 573
408 509
409 433
409 563
409 412
409 545
409 423
409 426
409 493
409 532
409 593
409 562
409 554
409 475
410 587
410 591
410 540
410 586
410 414
411 448
411 533
411 504
411 595
411 599
411 478
411 573
411 436
411 442
412 491
412 515
412 533
412 470
412 593
413 471
413 455
413 535
413 427
413 420
413 506
413 519
413 583
413 570
413 552
413 438
413 477
413 575
414 542
414 418
414 420
414 585
414 425
414 431
414 567
414 442
414 574
414 546
414 462
414 467
414 485
414 505
414 509
415 460
415 596
415 487
415 499
416 578
416 456
416 462
416 429
416 464
416 590
416 563
416 548
416 554
416 434
416 508
417 513
417 493
417 534
417 473
417 579
417 489
417 429
417 562
417 553
417 500
417 571
418 595
418 457
418 547
418 486
418 565
419 540
419 589
419 465
419 590
419 546
419 547
419 423
419 424
419 426
419 490
420 448
420 516
420 462
420 499
420 574
420 518
420 557
420 497
420 436
420 570
420 444
421 456
421 589
421 584
421 597
421 484
421 475
421 538
421 486
421 451
421 534
421 555
421 483
421 430
421 497
421 563
421 564
421 440
422 454
422 466
422 596
422 542
422 486
422 495
422 564
422 442
422 575
423 520
423 585
423 558
423 489
423 541
423 567
423 484
423 532
423 529
423 596
424 579
424 453
424 571
424 586
424 471
424 488
424 430
424 449
425 475
425 464
425 527
425 497
425 448
425 569
425 488
425 571
425 477
425 520
425 545
425 487
425 500
426 453
426 531
426 485
426 466
426 498
426 435
426 436
426 500
426 508
426 475
427 597
427 533
427 534
427 546
427 568
427 543
427 446
427 481
427 586
427 588
427 590
428 501
428 524
428 461
428 468
428 591
428 570
428 555
428 444
428 491
428 557
428 494
428 585
428 506
428 507
429 580
429 456
429 599
429 467
429 470
429 589
429 534
429 488
429 487
429 595
429 500
429 443
430 512
430 450
430 586
430 589
430 592
430 598
430 436
430 496
430 508
430 492
431 451
431 544
431 529
431 502
431 564
431 444
432 505
432 526
432 587
432 548
432 434
432 564
432 502
432 573
433 584
433 595
433 532
433 469
433 474
433 545
433 497
433 477
434 523
434 549
434 562
434 564
434 565
434 443
434 576
434 580
434 588
434 478
434 485
434 486
434 488
435 514
435 454
435 524
435 528
435 518
435 582
435 490
435 574
436 580
436 472
436 549
436 570
436 545
436 446
437 450
437 505
437 580
437 439
437 569
437 468
437 586
437 472
437 517
437 506
437 587
437 536
437 490
437 476
437 554
438 585
438 568
438 477
438 510
438 509
438 506
439 490
439 591
439 475
439 494
439 499
439 564
440 480
440 578
440 502
440 577
440 482
440 463
440 484
440 540
440 511
441 512
441 515
441 521
441 554
441 568
441 572
441 492
441 446
441 451
441 583
441 460
441 590
441 468
441 472
441 493
441 501
442 583
442 534
442 578
442 565
442 490
442 491
442 497
442 501
442 554
443 584
443 530
443 480
443 500
443 583
444 578
444 580
444 464
444 521
444 526
444 532
444 563
444 536
444 540
444 529
444 584
444 497
444 508
445 576
445 471
445 589
445 597
445 489
445 557
445 568
445 511
446 522
446 563
446 472
446 559
446 498
446 509
446 524
446 447
447 577
447 452
447 456
447 547
447 472
447 566
447 559
447 496
447 499
447 501
448 513
448 518
448 519
448 463
448 537
448 474
448 545
448 554
448 533
449 576
449 459
449 586
449 548
449 551
449 579
450 482
450 468
450 471
450 576
450 540
450 453
450 536
450 530
450 569
451 571
451 584
451 463
451 595
451 475
451 539
451 487
451 511
452 514
452 527
452 472
452 540
452 477
452 484
452 486
452 487
452 488
452 567
452 501
452 570
453 586
453 466
453 467
453 478
453 532
453 552
453 472
453 468
453 524
454 517
454 524
454 471
454 480
454 549
454 566
454 500
454 475
454 526
454 585
455 512
455 514
455 523
455 524
455 539
455 579
455 585
455 596
455 470
455 473
455 485
455 488
455 490
455 502
455 505
456 588
456 480
456 583
456 496
456 464
456 533
456 477
456 546
456 466
456 560
456 568
456 564
456 541
457 482
457 469
457 594
457 500
457 507
457 572
458 559
458 539
458 546
458 547
458 590
458 560
458 561
458 462
458 507
459 590
459 463
459 598
459 593
459 563
459 561
459 481
459 502
460 516
460 588
460 473
460 551
460 489
460 510
460 575
461 576
461 473
461 523
461 535
461 547
461 541
461 487
461 560
461 568
462 471
462 590
462 475
462 582
462 486
462 467
462 500
463 516
463 599
463 586
463 466
463 526
463 476
463 483
463 551
463 477
463 499
463 572
464 522
464 563
464 535
464 527
464 540
464 482
465 539
465 522
465 517
465 525
465 516
465 527
465 469
465 543
465 549
465 572
466 582
466 477
466 571
466 497
467 519
467 533
467 472
467 538
467 468
467 529
467 552
467 583
467 541
467 571
468 515
468 530
468 553
468 555
468 562
468 479
468 586
468 591
468 490
468 506
468 597
469 576
469 579
469 590
469 479
469 484
470 576
470 586
470 589
470 530
470 547
470 598
470 475
470 549
470 494
470 573
470 511
470 596
470 504
470 532
470 507
471 491
471 519
471 521
471 598
471 599
471 475
471 548
471 583
471 517
472 526
472 589
472 514
472 483
472 593
472 502
472 508
473 588
473 581
473 568
473 532
473 491
473 550
473 598
474 597
474 565
474 522
474 588
474 526
474 531
474 561
474 569
474 537
474 483
474 556
474 477
474 478
474 511
475 519
475 599
475 526
475 533
475 534
475 583
475 572
475 527
475 501
475 506
476 547
476 532
477 512
477 584
477 536
477 546
477 557
477 565
477 501
477 508
478 529
478 519
478 496
478 508
479 538
479 486
479 508
479 560
479 510
480 579
480 585
480 590
480 538
480 503
480 569
480 508
480 586
480 510
481 512
481 567
481 591
481 557
482 526
482 543
483 578
483 593
483 554
483 492
483 493
483 500
483 505
483 571
483 572
484 490
484 516
484 595
484 546
484 573
485 582
485 531
485 500
485 573
485 574
486 523
486 568
486 551
486 582
486 596
487 525
487 550
487 551
487 492
488 514
488 546
488 552
488 583
488 570
488 591
488 496
488 510
489 516
489 534
489 538
489 575
489 494
489 560
489 497
489 508
489 507
490 491
490 530
490 509
490 492
491 513
491 559
491 539
491 518
491 525
491 594
491 591
491 529
491 530
491 500
492 598
492 494
492 540
492 538
492 497
492 502
492 526
492 501
493 545
493 522
493 542
493 555
493 511
494 526
494 533
494 544
494 568
494 585
494 586
494 498
494 504
494 507
495 517
495 599
495 526
495 553
495 558
495 561
495 563
495 570
495 589
495 552
495 509
495 533
496 512
496 575
496 543
496 539
496 500
496 498
496 509
497 557
497 585
497 567
497 541
497 545
497 511
498 520
498 529
498 523
498 515
498 562
498 521
498 569
498 506
499 516
499 595
499 546
499 548
500 548
500 558
500 561
501 539
501 549
501 536
501 579
501 522
502 580
502 518
502 525
502 595
502 534
502 559
502 548
503 522
503 545
503 599
503 588
503 515
503 527
503 542
503 509
504 528
504 551
504 554
505 520
505 544
505 567
505 568
506 522
506 550
506 538
506 561
506 553
506 573
507 512
507 534
507 542
507 551
507 564
507 574
507 511
508 539
508 516
508 519
508 535
508 590
508 554
509 544
509 524
509 546
509 598
509 541
509 522
510 586
510 557
510 540
510 582
510 581
511 531
511 521
511 582
511 590
511 568
512 535
512 542
512 550
513 514
513 518
513 583
513 578
513 549
513 551
514 526
514 598
514 558
515 598
515 521
515 522
515 537
515 550
515 590
515 564
516 523
516 521
516 565
517 567
517 525
517 551
517 546
518 588
518 590
518 533
518 591
518 553
519 583
519 535
519 557
519 551
519 520
520 587
520 579
520 566
521 546
521 547
521 559
521 564
521 569
521 570
521 571
521 590
522 576
522 569
522 567
522 536
522 560
522 566
522 568
522 564
523 584
523 533
524 587
524 591
524 540
524 542
524 544
524 529
524 577
524 567
524 596
525 560
525 548
525 570
526 562
526 567
526 587
526 597
527 589
527 583
527 598
527 530
527 541
527 590
528 532
528 533
528 540
528 544
528 566
528 570
529 578
529 530
529 590
530 582
530 566
530 541
530 555
530 553
530 585
530 552
531 565
531 568
532 546
532 567
533 535
533 539
533 551
533 552
533 595
534 584
535 550
535 570
536 598
536 547
536 537
536 564
536 566
536 543
537 596
537 545
537 553
537 561
537 562
538 590
538 557
539 576
539 545
539 556
539 590
540 543
540 559
541 580
541 556
541 564
542 559
542 577
542 594
543 567
543 582
544 580
544 589
544 548
544 551
544 598
544 560
544 567
545 580
545 583
545 599
545 568
546 597
546 595
546 553
546 551
546 571
547 554
547 582
548 593
548 560
549 589
549 594
549 575
550 588
550 593
551 596
551 561
551 560
552 557
552 596
553 599
553 565
553 574
553 564
554 599
554 580
554 560
554 575
555 568
555 570
556 597
556 564
558 597
558 591
558 598
559 577
559 598
559 572
560 578
560 583
560 562
561 585
562 572
563 597
563 583
563 573
564 569
564 579
565 588
565 586
565 572
566 589
566 584
568 577
568 589
570 590
572 590
572 593
573 598
573 576
573 574
574 580
574 581
575 576
575 579
575 585
576 599
577 583
578 579
579 598
579 583
580 585
580 588
581 583
584 591
584 597
585 599
585 586
588 592
589 597
591 593
