600 10665
0 321
0 130
0 267
0 392
0 458
0 139
0 140
0 395
0 463
0 514
0 211
0 277
0 408
0 25
0 26
0 92
0 350
0 96
0 432
0 551
0 298
0 107
0 493
0 303
0 368
0 584
0 530
0 373
0 374
0 426
0 189
0 510
0 181
1 452
1 198
1 391
1 574
1 55
1 204
1 589
1 399
1 336
1 148
1 342
1 215
1 280
1 25
1 218
1 527
1 412
1 542
1 546
1 294
1 583
1 126
1 311
1 568
1 217
1 252
1 510
2 193
2 133
2 6
2 393
2 599
2 183
2 142
2 365
2 23
2 271
2 476
2 29
2 544
2 161
2 227
2 229
2 422
2 295
2 109
2 430
2 434
2 178
2 201
2 504
2 506
2 443
2 124
2 125
2 318
2 575
3 128
3 257
3 586
3 22
3 70
3 264
3 472
3 269
3 499
3 24
3 338
3 595
3 341
3 86
3 152
3 510
3 154
3 155
3 520
3 538
3 94
3 517
3 416
3 547
3 292
3 103
3 234
3 428
3 494
3 317
3 177
3 562
3 51
3 116
3 190
3 182
3 503
3 250
3 298
3 62
3 53
4 65
4 323
4 70
4 7
4 456
4 501
4 524
4 397
4 462
4 589
4 592
4 387
4 278
4 216
4 281
4 95
4 288
4 356
4 485
4 551
4 44
4 173
4 432
4 498
4 370
4 372
4 181
4 54
4 567
4 504
4 189
4 190
4 191
5 516
5 243
5 522
5 523
5 476
5 463
5 400
5 531
5 279
5 175
5 284
5 528
5 34
5 36
5 485
5 294
5 424
5 348
5 234
5 428
5 367
5 48
5 497
5 435
5 245
5 425
5 56
5 123
5 252
6 577
6 516
6 182
6 289
6 9
6 337
6 18
6 403
6 84
6 366
6 86
6 411
6 348
6 314
6 357
6 225
6 290
6 419
6 101
6 422
6 41
6 554
6 363
6 364
6 493
6 238
6 111
6 179
6 54
6 311
6 185
6 122
6 190
6 575
7 64
7 322
7 502
7 134
7 10
7 450
7 143
7 17
7 595
7 88
7 196
7 283
7 92
7 541
7 95
7 379
7 356
7 102
7 103
7 553
7 566
7 573
7 49
7 243
7 181
7 54
7 375
7 575
7 123
7 381
7 475
7 53
8 514
8 580
8 198
8 492
8 333
8 142
8 45
8 401
8 338
8 14
8 87
8 24
8 281
8 218
8 542
8 159
8 96
8 507
8 379
8 420
8 421
8 568
8 296
8 425
8 107
8 172
8 365
8 430
8 116
8 447
8 311
8 440
8 186
8 123
8 444
8 573
8 341
9 387
9 524
9 397
9 526
9 143
9 145
9 275
9 89
9 536
9 539
9 158
9 347
9 38
9 295
9 348
9 177
9 434
9 436
9 181
9 54
9 58
9 318
9 322
9 581
9 455
9 328
9 73
9 333
9 334
9 461
9 594
9 213
9 473
9 218
9 463
9 92
9 224
9 99
9 100
9 234
9 356
9 147
9 381
10 449
10 75
10 54
10 335
10 393
10 139
10 77
10 79
10 336
10 205
10 20
10 558
10 346
10 271
10 29
10 223
10 355
10 325
10 40
10 557
10 362
10 199
10 108
10 306
10 430
10 304
10 168
10 242
10 51
10 594
10 574
10 246
10 475
10 56
10 468
10 314
10 61
10 190
11 409
11 65
11 389
11 72
11 329
11 439
11 333
11 526
11 144
11 467
11 150
11 151
11 408
11 292
11 154
11 28
11 541
11 581
11 164
11 37
11 360
11 297
11 234
11 43
11 364
11 237
11 175
11 305
11 306
11 563
11 436
11 501
11 361
11 443
11 124
12 450
12 389
12 73
12 331
12 204
12 77
12 499
12 592
12 82
12 227
12 578
12 589
12 35
12 164
12 294
12 166
12 39
12 360
12 167
12 366
12 303
12 76
12 370
12 403
12 180
12 185
12 315
12 255
13 160
13 450
13 478
13 324
13 261
13 262
13 584
13 290
13 14
13 536
13 276
13 277
13 154
13 436
13 152
13 26
13 390
13 157
13 94
13 37
13 32
13 226
13 228
13 229
13 358
13 40
13 297
13 197
13 172
13 174
13 176
13 372
13 158
13 121
13 573
13 309
14 51
14 67
14 453
14 470
14 332
14 464
14 595
14 150
14 281
14 474
14 122
14 222
14 288
14 420
14 168
14 105
14 42
14 363
14 365
14 430
14 560
14 241
14 243
14 247
14 312
14 250
14 61
15 192
15 195
15 69
15 518
15 545
15 264
15 469
15 139
15 76
15 546
15 16
15 568
15 338
15 149
15 472
15 219
15 413
15 481
15 418
15 582
15 486
15 173
15 46
15 370
15 307
15 373
15 118
15 56
15 441
15 447
16 352
16 259
16 552
16 456
16 492
16 586
16 523
16 76
16 526
16 274
16 340
16 533
16 598
16 217
16 527
16 484
16 410
16 143
16 506
16 543
16 224
16 545
16 36
16 561
16 40
16 489
16 583
16 236
16 305
16 562
16 372
16 297
16 500
16 58
16 187
17 490
17 130
17 67
17 261
17 70
17 138
17 267
17 269
17 499
17 82
17 84
17 21
17 151
17 24
17 410
17 514
17 527
17 389
17 160
17 33
17 546
17 291
17 101
17 487
17 362
17 171
17 49
17 562
17 115
17 180
17 522
17 276
17 445
18 194
18 68
18 228
18 454
18 305
18 204
18 290
18 270
18 205
18 433
18 83
18 462
18 598
18 471
18 89
18 223
18 32
18 546
18 162
18 504
18 292
18 165
18 568
18 113
18 389
18 490
18 363
18 109
18 304
18 177
18 370
18 372
18 565
18 560
18 354
18 57
18 442
18 575
19 513
19 67
19 72
19 265
19 202
19 439
19 268
19 369
19 208
19 312
19 466
19 211
19 121
19 152
19 155
19 28
19 176
19 356
19 38
19 39
19 488
19 323
19 43
19 365
19 451
19 240
19 113
19 501
19 393
19 120
19 57
19 444
19 266
19 383
20 129
20 259
20 136
20 599
20 536
20 22
20 24
20 153
20 411
20 288
20 547
20 420
20 295
20 552
20 48
20 264
20 178
20 307
20 564
20 54
20 457
20 56
20 441
20 479
20 61
20 36
20 322
20 581
20 583
20 329
20 336
20 342
20 57
20 344
20 89
20 233
20 95
20 102
20 489
20 362
20 367
20 242
20 105
20 506
20 124
21 196
21 389
21 582
21 140
21 535
21 268
21 143
21 274
21 276
21 85
21 470
21 505
21 153
21 346
21 349
21 158
21 415
21 160
21 225
21 102
21 551
21 361
21 562
21 532
21 434
21 307
21 308
21 182
21 393
21 376
21 57
21 61
21 510
21 533
22 384
22 388
22 135
22 392
22 522
22 271
22 146
22 26
22 283
22 540
22 287
22 36
22 293
22 38
22 302
22 177
22 50
22 577
22 572
22 445
22 65
22 324
22 197
22 457
22 205
22 465
22 85
22 214
22 216
22 218
22 94
22 358
22 359
22 104
22 106
22 236
22 189
22 242
22 372
22 245
22 502
22 120
22 122
22 509
23 131
23 260
23 569
23 203
23 524
23 397
23 551
23 80
23 466
23 515
23 212
23 149
23 535
23 88
23 356
23 219
23 541
23 491
23 289
23 99
23 36
23 37
23 433
23 489
23 277
23 127
23 493
23 240
23 177
23 178
23 594
23 183
23 267
23 250
23 119
23 573
23 190
23 85
24 51
24 589
24 257
24 137
24 77
24 143
24 401
24 145
24 147
24 148
24 277
24 534
24 343
24 25
24 539
24 158
24 31
24 545
24 547
24 195
24 209
24 340
24 361
24 558
24 555
24 172
24 306
24 451
24 175
24 108
24 242
24 179
24 365
24 479
24 509
24 429
24 191
25 323
25 69
25 417
25 331
25 588
25 461
25 78
25 144
25 222
25 210
25 275
25 535
25 164
25 542
25 284
25 29
25 30
25 421
25 160
25 400
25 100
25 165
25 166
25 487
25 40
25 50
25 451
25 240
25 305
25 178
25 467
25 52
25 53
25 511
25 501
25 447
25 509
25 126
25 181
26 371
26 526
26 146
26 451
26 533
26 534
26 281
26 539
26 413
26 414
26 546
26 550
26 423
26 554
26 558
26 306
26 563
26 52
26 585
26 568
26 180
26 574
26 63
26 320
26 42
26 195
26 196
26 329
26 588
26 590
26 269
26 208
26 90
26 476
26 349
26 351
26 480
26 80
26 100
26 103
26 106
26 363
26 499
26 122
26 509
27 65
27 514
27 321
27 200
27 172
27 141
27 205
27 275
27 276
27 174
27 214
27 591
27 411
27 412
27 30
27 32
27 293
27 486
27 103
27 232
27 193
27 108
27 365
27 302
27 372
27 309
27 440
27 500
27 570
27 558
27 380
27 190
28 235
28 390
28 205
28 78
28 531
28 209
28 596
28 88
28 219
28 157
28 478
28 35
28 561
28 491
28 541
28 367
28 369
28 371
28 248
28 249
28 511
28 380
28 381
28 383
29 131
29 516
29 581
29 456
29 332
29 526
29 208
29 554
29 467
29 148
29 472
29 349
29 144
29 291
29 490
29 173
29 559
29 571
29 106
29 383
30 385
30 69
30 422
30 393
30 75
30 204
30 463
30 80
30 534
30 559
30 341
30 470
30 410
30 219
30 197
30 227
30 421
30 358
30 105
30 298
30 107
30 108
30 549
30 303
30 563
30 374
30 524
30 440
30 186
30 415
30 443
30 126
31 577
31 66
31 582
31 77
31 267
31 418
31 322
31 142
31 463
31 592
31 81
31 595
31 78
31 537
31 542
31 479
31 295
31 226
31 359
31 168
31 425
31 427
31 368
31 424
31 123
31 61
31 597
32 128
32 195
32 150
32 326
32 391
32 330
32 75
32 207
32 80
32 401
32 275
32 494
32 278
32 279
32 477
32 478
32 351
32 100
32 169
32 583
32 299
32 451
32 434
32 531
32 375
32 570
32 151
33 258
33 140
33 525
33 146
33 535
33 539
33 412
33 581
33 551
33 553
33 47
33 48
33 561
33 178
33 564
33 309
33 567
33 569
33 188
33 317
33 53
33 448
33 175
33 49
33 197
33 456
33 177
33 586
33 332
33 464
33 465
33 594
33 596
33 185
33 218
33 347
33 96
33 99
33 231
33 361
33 242
33 247
33 508
33 127
34 578
34 199
34 201
34 522
34 331
34 141
34 398
34 146
34 211
34 276
34 597
34 536
34 153
34 220
34 349
34 543
34 224
34 417
34 35
34 232
34 362
34 491
34 300
34 466
34 413
34 112
34 113
34 498
34 244
34 245
34 310
34 393
34 532
34 506
35 513
35 354
35 324
35 326
35 73
35 76
35 162
35 79
35 433
35 514
35 529
35 174
35 96
35 164
35 293
35 40
35 348
35 530
35 302
35 175
35 432
35 113
35 369
35 115
35 437
35 265
35 57
35 507
35 124
35 317
35 511
36 449
36 452
36 520
36 108
36 599
36 247
36 143
36 144
36 282
36 347
36 219
36 357
36 486
36 104
36 508
36 364
36 174
36 445
36 304
36 498
36 243
36 502
36 55
36 377
36 411
36 253
36 446
37 66
37 196
37 262
37 588
37 268
37 274
37 84
37 277
37 598
37 89
37 284
37 157
37 350
37 287
37 417
37 358
37 424
37 210
37 253
37 500
37 501
37 374
37 564
37 378
37 571
37 125
37 127
38 320
38 132
38 517
38 520
38 72
38 137
38 523
38 526
38 207
38 145
38 274
38 445
38 409
38 475
38 413
38 94
38 485
38 101
38 230
38 209
38 104
38 231
38 338
38 47
38 432
38 392
38 595
38 495
38 565
38 248
38 249
38 317
38 318
38 319
39 539
39 385
39 130
39 459
39 453
39 134
39 71
39 265
39 545
39 203
39 143
39 81
39 399
39 46
39 249
39 283
39 483
39 222
39 97
39 98
39 355
39 422
39 561
39 168
39 519
39 428
39 110
39 353
39 238
39 83
39 94
39 585
39 313
39 558
39 574
40 577
40 514
40 582
40 73
40 203
40 398
40 124
40 99
40 214
40 413
40 94
40 543
40 481
40 418
40 549
40 529
40 488
40 41
40 299
40 239
40 305
40 51
40 244
40 504
40 116
40 379
40 188
40 382
40 319
41 449
41 131
41 388
41 389
41 328
41 270
41 528
41 145
41 398
41 473
41 92
41 477
41 549
41 96
41 570
41 165
41 454
41 171
41 238
41 47
41 114
41 57
41 442
41 190
41 575
42 512
42 450
42 323
42 132
42 198
42 201
42 141
42 464
42 274
42 147
42 598
42 495
42 297
42 442
42 157
42 329
42 223
42 545
42 227
42 484
42 134
42 102
42 168
42 233
42 490
42 236
42 351
42 111
42 432
42 369
42 178
42 373
42 119
42 121
42 378
42 315
42 60
43 576
43 65
43 66
43 451
43 262
43 199
43 328
43 141
43 337
43 532
43 597
43 215
43 587
43 474
43 539
43 221
43 480
43 98
43 570
43 550
43 273
43 252
43 490
43 171
43 494
43 112
43 385
43 503
43 568
43 314
43 380
43 574
43 127
44 129
44 325
44 134
44 263
44 330
44 268
44 591
44 401
44 340
44 534
44 408
44 260
44 295
44 354
44 165
44 81
44 104
44 199
44 564
44 367
44 560
44 434
44 180
44 545
44 376
44 84
44 394
44 510
45 131
45 598
45 215
45 399
45 403
45 404
45 430
45 408
45 537
45 286
45 418
45 293
45 170
45 555
45 558
45 49
45 436
45 565
45 442
45 59
45 590
45 447
45 321
45 452
45 457
45 206
45 338
45 58
45 462
45 470
45 87
45 345
45 474
45 219
45 314
45 101
45 486
45 489
45 108
45 498
45 532
45 124
45 554
45 382
46 192
46 150
46 199
46 493
46 202
46 205
46 206
46 80
46 211
46 340
46 334
46 214
46 355
46 281
46 111
46 525
46 414
46 197
46 98
46 155
46 101
46 169
46 170
46 231
46 428
46 411
46 47
46 112
46 434
46 373
46 478
46 570
46 543
46 380
46 330
47 322
47 67
47 580
47 199
47 200
47 138
47 75
47 399
47 336
47 378
47 387
47 90
47 302
47 279
47 282
47 221
47 159
47 480
47 558
47 122
47 583
47 492
47 109
47 561
47 178
47 309
47 374
47 503
47 494
47 250
47 400
47 574
47 575
48 68
48 225
48 324
48 460
48 202
48 76
48 398
48 399
48 209
48 339
48 405
48 463
48 260
48 538
48 347
48 413
48 581
48 516
48 422
48 294
48 327
48 365
48 240
48 435
48 185
48 511
48 124
48 573
48 191
49 194
49 259
49 68
49 453
49 262
49 267
49 290
49 450
49 146
49 148
49 214
49 260
49 410
49 476
49 199
49 161
49 289
49 305
49 232
49 551
49 274
49 598
49 302
49 317
49 112
49 241
49 434
49 307
49 62
49 553
49 371
49 125
49 190
50 258
50 451
50 390
50 263
50 597
50 322
50 386
50 206
50 269
50 532
50 78
50 153
50 216
50 154
50 207
50 412
50 410
50 542
50 482
50 553
50 484
50 229
50 169
50 172
50 303
50 570
50 561
50 244
50 565
50 502
50 425
50 568
50 122
50 60
50 469
51 192
51 65
51 514
51 581
51 198
51 129
51 456
51 396
51 397
51 142
51 400
51 227
51 578
51 278
51 544
51 71
51 412
51 415
51 96
51 291
51 552
51 298
51 171
51 512
51 429
51 366
51 431
51 296
51 531
51 248
51 185
51 526
51 379
51 443
51 255
52 128
52 193
52 522
52 195
52 68
52 594
52 521
52 138
52 331
52 140
52 590
52 272
52 384
52 403
52 536
52 349
52 222
52 227
52 360
52 362
52 493
52 515
52 433
52 308
52 440
52 569
52 122
52 315
52 458
53 481
53 321
53 539
53 133
53 454
53 521
53 203
53 499
53 435
53 334
53 463
53 419
53 430
53 347
53 92
53 517
53 219
53 421
53 169
53 362
53 363
53 365
53 302
53 243
53 513
53 297
53 588
53 250
53 187
53 475
53 383
54 481
54 386
54 75
54 331
54 396
54 334
54 271
54 592
54 593
54 339
54 586
54 534
54 218
54 591
54 415
54 288
54 417
54 546
54 454
54 177
54 579
54 179
54 437
54 246
54 504
54 378
54 444
54 522
54 524
55 576
55 389
55 390
55 321
55 526
55 336
55 465
55 366
55 150
55 506
55 480
55 592
55 360
55 124
55 193
55 556
55 302
55 562
55 437
55 439
55 250
55 444
55 190
56 450
56 201
56 547
56 334
56 272
56 401
56 210
56 237
56 591
56 69
56 355
56 394
56 294
56 109
56 486
56 303
56 189
56 437
56 118
56 183
56 60
56 253
56 126
56 255
57 448
57 480
57 328
57 585
57 460
57 271
57 80
57 593
57 339
57 534
57 409
57 282
57 414
57 160
57 550
57 486
57 561
57 491
57 302
57 495
57 392
57 244
57 566
57 184
57 572
57 61
57 382
58 321
58 565
58 68
58 325
58 353
58 136
58 183
58 141
58 462
58 397
58 272
58 401
58 381
58 437
58 593
58 260
58 201
58 367
58 286
58 572
58 289
58 475
58 551
58 166
58 433
58 232
58 493
58 558
58 127
58 430
58 239
58 560
58 369
58 400
58 373
58 374
58 329
58 319
58 455
58 189
59 256
59 448
59 476
59 107
59 388
59 86
59 417
59 136
59 585
59 141
59 335
59 451
59 84
59 341
59 278
59 471
59 429
59 90
59 219
59 412
59 285
59 161
59 538
59 227
59 420
59 550
59 294
59 124
59 583
59 171
59 333
59 434
59 155
59 117
59 596
59 60
60 449
60 130
60 115
60 133
60 455
60 456
60 393
60 586
60 420
60 479
60 461
60 365
60 280
60 402
60 211
60 344
60 120
60 465
60 158
60 357
60 416
60 419
60 355
60 292
60 165
60 423
60 488
60 361
60 170
60 587
60 428
60 173
60 573
60 275
60 180
60 310
60 311
60 508
61 65
61 130
61 385
61 307
61 420
61 143
61 272
61 342
61 87
61 281
61 399
61 442
61 163
61 228
61 167
61 104
61 233
61 170
61 491
61 429
61 340
61 175
61 489
61 561
61 370
61 115
61 316
61 597
61 381
61 378
61 511
61 252
61 362
61 380
61 447
62 172
62 202
62 524
62 461
62 398
62 143
62 464
62 209
62 195
62 531
62 343
62 472
62 346
62 219
62 421
62 352
62 289
62 355
62 420
62 101
62 296
62 170
62 171
62 236
62 174
62 175
62 562
62 467
62 312
62 507
62 317
63 576
63 385
63 66
63 454
63 199
63 334
63 271
63 400
63 184
63 210
63 275
63 462
63 593
63 151
63 152
63 537
63 367
63 92
63 351
63 353
63 291
63 101
63 166
63 231
63 509
63 156
63 299
63 493
63 303
63 112
63 481
63 436
63 437
63 312
63 423
63 255
63 455
63 445
63 319
64 384
64 194
64 323
64 69
64 521
64 458
64 206
64 404
64 238
64 599
64 410
64 413
64 288
64 353
64 491
64 429
64 366
64 498
64 372
64 246
64 500
64 317
64 191
65 386
65 235
65 309
65 136
65 201
65 74
65 591
65 402
65 340
65 430
65 281
65 68
65 540
65 285
65 453
65 91
65 420
65 104
65 572
65 172
65 109
65 366
65 552
65 178
65 236
65 313
65 573
65 444
65 125
65 559
65 245
66 424
66 580
66 358
66 518
66 327
66 574
66 486
66 587
66 76
66 141
66 398
66 479
66 400
66 402
66 277
66 406
66 536
66 347
66 413
66 222
66 288
66 464
66 191
66 227
66 356
66 102
66 295
66 296
66 554
66 109
66 530
66 319
66 434
66 187
66 246
66 376
66 549
66 315
66 190
67 385
67 386
67 260
67 199
67 136
67 77
67 207
67 276
67 533
67 470
67 407
67 152
67 580
67 542
67 415
67 292
67 529
67 536
67 497
67 360
67 107
67 556
67 114
67 532
67 112
67 200
67 242
67 436
67 552
67 566
67 184
67 306
67 442
67 317
68 256
68 392
68 69
68 326
68 200
68 459
68 514
68 143
68 272
68 529
68 546
68 494
68 512
68 576
68 380
68 347
68 314
68 94
68 351
68 288
68 482
68 70
68 169
68 364
68 366
68 113
68 379
68 316
68 254
68 127
69 129
69 133
69 257
69 522
69 523
69 140
69 526
69 272
69 401
69 274
69 403
69 277
69 159
69 416
69 475
69 548
69 422
69 551
69 242
69 431
69 385
69 564
69 542
69 310
69 452
69 191
69 566
69 329
69 204
69 81
69 467
69 217
69 399
69 92
69 349
69 223
69 481
69 226
69 166
69 530
69 111
69 400
70 386
70 197
70 545
70 521
70 77
70 115
70 406
70 410
70 347
70 349
70 353
70 546
70 419
70 292
70 358
70 298
70 109
70 110
70 367
70 157
70 561
70 243
70 311
70 248
70 571
70 362
71 384
71 387
71 453
71 326
71 520
71 267
71 269
71 465
71 599
71 536
71 153
71 475
71 476
71 414
71 288
71 162
71 420
71 295
71 178
71 573
71 434
71 94
71 182
71 567
71 252
71 381
71 191
72 256
72 320
72 324
72 598
72 583
72 586
72 395
72 269
72 397
72 209
72 276
72 150
72 536
72 537
72 155
72 540
72 378
72 459
72 506
72 292
72 487
72 298
72 498
72 339
72 158
72 186
72 444
73 586
73 133
73 519
73 522
73 77
73 206
73 591
73 81
73 338
73 152
73 155
73 478
73 159
73 457
73 229
73 422
73 561
73 360
73 105
73 466
73 238
73 432
73 434
73 244
73 574
73 374
73 361
73 250
73 379
73 232
73 254
73 447
74 384
74 129
74 491
74 452
74 200
74 556
74 337
74 340
74 409
74 411
74 92
74 484
74 113
74 167
74 257
74 430
74 241
74 318
74 182
74 183
74 441
74 443
74 573
74 446
74 437
75 256
75 514
75 516
75 133
75 137
75 215
75 205
75 591
75 531
75 275
75 470
75 343
75 478
75 410
75 351
75 289
75 98
75 227
75 374
75 551
75 361
75 426
75 485
75 493
75 175
75 176
75 370
75 83
75 372
75 309
75 439
75 436
75 570
75 479
76 512
76 387
76 452
76 261
76 454
76 330
76 484
76 269
76 451
76 399
76 536
76 153
76 283
76 221
76 589
76 223
76 368
76 292
76 485
76 103
76 296
76 299
76 364
76 238
76 559
76 561
76 114
76 564
76 566
76 377
76 125
77 577
77 325
77 552
77 140
77 463
77 536
77 466
77 558
77 473
77 89
77 421
77 480
77 293
77 296
77 572
77 559
77 241
77 434
77 499
77 565
77 182
77 585
77 121
77 506
77 252
77 382
78 320
78 193
78 261
78 582
78 449
78 394
78 332
78 209
78 82
78 403
78 532
78 150
78 348
78 346
78 219
78 347
78 553
78 294
78 81
78 156
78 365
78 111
78 498
78 564
78 310
78 119
78 543
78 415
78 188
78 169
79 194
79 323
79 325
79 391
79 585
79 523
79 386
79 207
79 336
79 404
79 343
79 559
79 525
79 222
79 225
79 484
79 297
79 170
79 175
79 241
79 307
79 311
79 381
80 324
80 197
80 138
80 333
80 205
80 208
80 402
80 470
80 215
80 452
80 278
80 483
80 484
80 488
80 500
80 301
80 307
80 116
80 312
80 570
80 508
81 458
81 576
81 195
81 357
81 328
81 202
81 587
81 204
81 337
81 83
81 398
81 214
81 472
81 90
81 283
81 92
81 474
81 158
81 571
81 229
81 170
81 549
81 581
81 368
81 306
81 374
81 315
81 316
81 381
82 449
82 578
82 195
82 516
82 261
82 135
82 584
82 266
82 532
82 590
82 216
82 411
82 349
82 286
82 358
82 593
82 169
82 108
82 302
82 541
82 432
82 369
82 242
82 503
82 120
82 505
82 188
82 522
83 321
83 568
83 228
83 454
83 263
83 272
83 470
83 408
83 164
83 347
83 95
83 544
83 289
83 100
83 165
83 421
83 135
83 175
83 496
83 113
83 370
83 246
83 248
83 441
83 383
84 257
84 258
84 133
84 455
84 456
84 137
84 202
84 459
84 333
84 206
84 589
84 508
84 403
84 340
84 441
84 93
84 415
84 376
84 355
84 420
84 422
84 297
84 107
84 532
84 413
84 304
84 570
84 584
84 393
84 248
84 313
84 504
84 316
84 574
84 507
85 451
85 580
85 150
85 333
85 270
85 365
85 147
85 151
85 473
85 282
85 574
85 86
85 285
85 158
85 223
85 425
85 291
85 293
85 230
85 233
85 234
85 237
85 302
85 541
85 304
85 313
85 435
85 510
85 310
85 311
85 249
85 526
85 251
85 125
85 382
86 128
86 192
86 514
86 325
86 264
86 458
86 499
86 429
86 147
86 468
86 470
86 535
86 153
86 474
86 91
86 351
86 417
86 105
86 298
86 301
86 532
86 431
86 368
86 113
86 371
86 425
86 120
86 313
86 362
87 513
87 522
87 195
87 324
87 517
87 199
87 108
87 266
87 525
87 206
87 527
87 464
87 531
87 211
87 277
87 214
87 535
87 88
87 388
87 539
87 427
87 421
87 96
87 354
87 229
87 107
87 300
87 136
87 579
87 147
87 500
87 577
87 442
87 330
87 190
87 255
88 544
88 514
88 131
88 328
88 457
88 203
88 140
88 435
88 144
88 145
88 148
88 214
88 410
88 96
88 289
88 358
88 103
88 200
88 115
88 501
88 528
88 371
88 120
88 273
88 241
89 576
89 577
89 386
89 516
89 143
89 336
89 141
89 210
89 483
89 278
89 471
89 473
89 591
89 580
89 291
89 228
89 489
89 172
89 173
89 494
89 495
89 561
89 435
89 245
89 457
89 440
89 148
89 442
89 315
90 128
90 259
90 534
90 407
90 479
90 525
90 399
90 542
90 275
90 212
90 149
90 150
90 215
90 472
90 153
90 157
90 158
90 351
90 538
90 99
90 294
90 451
90 552
90 233
90 490
90 428
90 366
90 175
90 180
90 94
90 246
90 404
90 187
90 446
91 194
91 586
91 501
91 333
91 205
91 144
91 216
91 338
91 276
91 441
91 280
91 475
91 221
91 357
91 96
91 112
91 546
91 547
91 101
91 421
91 175
91 240
91 370
91 285
91 496
91 376
91 404
91 447
91 188
91 189
91 319
92 129
92 518
92 265
92 397
92 142
92 400
92 530
92 448
92 153
92 155
92 541
92 286
92 290
92 293
92 296
92 567
92 182
92 444
92 320
92 449
92 580
92 331
92 461
92 462
92 464
92 342
92 480
92 105
92 492
92 367
92 497
92 371
92 500
92 297
92 120
92 505
92 124
92 254
92 383
93 128
93 385
93 505
93 406
93 454
93 393
93 523
93 333
93 591
93 528
93 145
93 146
93 403
93 110
93 342
93 151
93 413
93 575
93 479
93 480
93 161
93 482
93 164
93 551
93 424
93 517
93 366
93 241
93 370
93 245
93 592
93 377
93 187
93 316
93 317
93 556
94 129
94 486
94 333
94 461
94 465
94 487
94 406
94 347
94 412
94 538
94 352
94 353
94 355
94 422
94 225
94 558
94 385
94 219
94 592
94 126
94 511
95 544
95 326
95 590
95 563
95 210
95 467
95 533
95 474
95 540
95 413
95 288
95 454
95 422
95 425
95 365
95 242
95 372
95 318
95 250
95 317
95 254
95 437
96 128
96 395
96 265
96 267
96 399
96 275
96 276
96 512
96 153
96 282
96 287
96 290
96 430
96 433
96 309
96 189
96 447
96 577
96 331
96 196
96 197
96 327
96 586
96 203
96 162
96 334
96 468
96 470
96 343
96 348
96 442
96 482
96 228
96 358
96 359
96 104
96 573
96 241
96 114
96 499
96 244
96 245
96 532
96 126
97 578
97 323
97 150
97 134
97 300
97 330
97 331
97 144
97 504
97 338
97 211
97 148
97 561
97 278
97 153
97 410
97 563
97 412
97 413
97 286
97 160
97 336
97 482
97 355
97 342
97 553
97 360
97 233
97 298
97 423
97 172
97 419
97 541
97 368
97 497
97 179
97 116
97 245
97 361
97 312
97 569
98 193
98 390
98 583
98 456
98 524
98 204
98 589
98 288
98 592
98 511
98 494
98 285
98 350
98 223
98 160
98 421
98 230
98 424
98 426
98 364
98 559
98 310
98 439
98 184
98 314
98 315
98 508
98 445
98 127
99 322
99 459
99 516
99 417
99 332
99 450
99 527
99 408
99 151
99 280
99 155
99 472
99 485
99 487
99 297
99 300
99 429
99 367
99 432
99 296
99 375
99 381
100 449
100 516
100 581
100 262
100 199
100 458
100 587
100 354
100 568
100 150
100 537
100 162
100 198
100 422
100 107
100 109
100 559
100 560
100 305
100 247
100 248
100 250
100 444
100 585
101 193
101 452
101 261
101 264
101 460
101 557
101 592
101 148
101 174
101 342
101 215
101 280
101 155
101 494
101 293
101 548
101 165
101 489
101 554
101 110
101 434
101 112
101 178
101 437
101 438
101 430
101 185
101 543
102 448
102 513
102 505
102 532
102 325
102 390
102 567
102 202
102 213
102 140
102 450
102 464
102 209
102 210
102 467
102 340
102 277
102 185
102 541
102 544
102 355
102 292
102 550
102 402
102 488
102 108
102 365
102 110
102 434
102 438
102 183
102 184
102 187
102 253
103 473
103 324
103 197
103 471
103 457
103 518
103 267
103 525
103 594
103 259
103 149
103 407
103 217
103 540
103 541
103 453
103 160
103 523
103 418
103 291
103 357
103 231
103 519
103 237
103 367
103 496
103 570
103 573
103 436
103 246
103 505
103 442
103 572
103 445
104 192
104 299
104 198
104 327
104 371
104 268
104 333
104 398
104 399
104 433
104 275
104 148
104 526
104 544
104 155
104 540
104 390
104 163
104 357
104 231
104 129
104 561
104 107
104 498
104 596
104 369
104 306
104 339
104 422
104 532
104 442
104 507
104 508
105 515
105 137
105 139
105 397
105 150
105 535
105 156
105 286
105 415
105 393
105 293
105 426
105 555
105 558
105 562
105 308
105 439
105 364
105 186
105 576
105 578
105 324
105 200
105 567
105 333
105 208
105 209
105 338
105 468
105 469
105 346
105 353
105 108
105 495
105 336
105 241
105 501
105 503
105 252
106 385
106 130
106 363
106 586
106 502
106 571
106 456
106 394
106 525
106 276
106 213
106 478
106 163
106 485
106 299
106 301
106 309
106 182
106 468
106 383
106 445
106 254
106 447
107 192
107 324
107 552
107 472
107 589
107 596
107 209
107 342
107 344
107 282
107 475
107 570
107 354
107 549
107 337
107 169
107 234
107 558
107 559
107 240
107 296
107 434
107 179
107 575
107 414
107 438
107 404
107 378
107 508
107 381
107 191
108 256
108 523
108 524
108 532
108 149
108 282
108 538
108 312
108 160
108 550
108 556
108 430
108 431
108 561
108 565
108 440
108 138
108 577
108 578
108 196
108 268
108 202
108 205
108 465
108 476
108 166
108 490
108 236
108 466
108 240
108 245
108 362
108 126
108 533
109 331
109 205
109 248
109 598
109 505
109 152
109 282
109 219
109 351
109 544
109 166
109 561
109 489
109 170
109 369
109 181
109 502
109 313
109 190
109 191
110 448
110 130
110 579
110 137
110 447
110 471
110 258
110 205
110 279
110 367
110 186
110 329
110 357
110 480
110 176
110 379
110 360
110 567
110 240
110 433
110 178
110 309
110 183
110 550
110 250
110 187
110 508
110 446
110 373
111 129
111 258
111 545
111 392
111 524
111 396
111 322
111 465
111 531
111 277
111 152
111 559
111 539
111 284
111 285
111 416
111 353
111 506
111 168
111 491
111 172
111 477
111 306
111 180
111 250
111 170
111 383
112 392
112 584
112 264
112 588
112 203
112 322
112 290
112 482
112 336
112 273
112 466
112 387
112 469
112 342
112 450
112 491
112 544
112 529
112 558
112 425
112 300
112 365
112 239
112 526
112 507
112 590
112 509
113 473
113 523
113 484
113 268
113 142
113 589
113 468
113 537
113 214
113 407
113 153
113 378
113 415
113 224
113 290
113 420
113 486
113 551
113 490
113 173
113 125
113 242
113 309
113 567
113 504
113 266
113 316
113 202
113 394
114 514
114 388
114 343
114 206
114 207
114 579
114 398
114 214
114 407
114 217
114 220
114 540
114 560
114 294
114 551
114 232
114 170
114 365
114 367
114 368
114 177
114 542
114 447
114 510
114 191
115 583
115 200
115 525
115 208
115 466
115 531
115 404
115 277
115 534
115 412
115 285
115 478
115 543
115 289
115 484
115 582
115 274
115 367
115 304
115 456
115 117
115 381
115 213
116 394
116 599
116 396
116 144
116 211
116 404
116 313
116 221
116 226
116 355
116 165
116 554
116 172
116 368
116 373
116 585
116 148
116 251
116 511
117 539
117 386
117 324
117 133
117 518
117 137
117 354
117 526
117 141
117 336
117 504
117 338
117 147
117 405
117 538
117 283
117 284
117 541
117 261
117 546
117 226
117 315
117 488
117 298
117 491
117 428
117 560
117 372
117 312
117 380
117 253
117 510
117 597
118 320
118 193
118 194
118 131
118 568
118 453
118 327
118 268
118 332
118 258
118 526
118 207
118 208
118 402
118 339
118 534
118 407
118 472
118 346
118 557
118 286
118 581
118 539
118 295
118 583
118 363
118 301
118 366
118 495
118 515
118 370
118 371
118 565
118 457
118 312
118 527
118 190
119 539
119 134
119 172
119 503
119 141
119 461
119 528
119 277
119 152
119 346
119 411
119 416
119 225
119 347
119 236
119 367
119 189
119 375
119 377
119 298
119 188
119 381
119 190
120 320
120 193
120 578
120 580
120 133
120 577
120 393
120 266
120 247
120 207
120 400
120 148
120 150
120 485
120 224
120 421
120 550
120 495
120 177
120 436
120 311
120 250
120 125
120 446
120 127
121 192
121 193
121 454
121 300
121 202
121 268
121 256
121 141
121 536
121 378
121 532
121 270
121 343
121 397
121 349
121 222
121 287
121 225
121 162
121 485
121 550
121 359
121 488
121 316
121 298
121 236
121 460
121 494
121 176
121 436
121 577
121 489
121 122
121 252
121 277
122 321
122 261
122 391
122 521
122 332
122 269
122 206
122 593
122 339
122 404
122 278
122 377
122 472
122 347
122 543
122 544
122 225
122 227
122 230
122 166
122 233
122 436
122 302
122 368
122 526
122 374
122 361
122 250
122 507
122 444
123 385
123 521
123 138
123 550
123 143
123 592
123 214
123 215
123 527
123 346
123 463
123 413
123 199
123 474
123 418
123 485
123 166
123 361
123 362
123 235
123 598
123 558
123 221
123 368
123 178
123 244
123 478
123 566
123 565
124 427
124 138
124 269
124 526
124 557
124 144
124 149
124 154
124 288
124 164
124 550
124 554
124 171
124 432
124 305
124 310
124 311
124 191
124 578
124 580
124 566
124 583
124 330
124 590
124 466
124 345
124 346
124 224
124 481
124 227
124 489
124 235
124 493
124 367
124 498
124 500
124 503
124 376
124 505
124 125
125 582
125 268
125 433
125 274
125 593
125 281
125 453
125 353
125 226
125 291
125 177
125 489
125 423
125 236
125 365
125 302
125 492
125 498
125 329
125 317
125 533
126 322
126 260
126 261
126 199
126 328
126 556
126 522
126 333
126 386
126 337
126 149
126 152
126 349
126 453
126 359
126 231
126 361
126 426
126 235
126 303
126 304
126 385
126 306
126 371
126 585
126 569
126 188
126 190
127 257
127 387
127 260
127 262
127 525
127 146
127 515
127 282
127 287
127 160
127 164
127 166
127 553
127 437
127 184
127 187
127 446
127 309
127 192
127 416
127 194
127 336
127 594
127 595
127 599
127 473
127 347
127 223
127 481
127 355
127 363
127 236
127 365
127 443
127 464
127 373
127 374
127 503
127 378
127 509
128 325
128 134
128 193
128 200
128 224
128 142
128 288
128 400
128 504
128 402
128 275
128 212
128 270
128 281
128 472
128 217
128 222
128 419
128 421
128 358
128 231
128 553
128 173
128 541
128 520
128 449
128 414
128 462
128 340
128 345
128 447
129 352
129 195
129 471
129 135
129 535
129 460
129 331
129 140
129 269
129 399
129 530
129 531
129 470
129 407
129 472
129 473
129 463
129 221
129 160
129 246
129 420
129 523
129 423
129 487
129 173
129 245
129 310
129 248
129 541
129 202
130 203
130 199
130 456
130 137
130 139
130 557
130 464
130 341
130 342
130 280
130 474
130 162
130 291
130 356
130 297
130 167
130 365
130 432
130 565
130 201
130 442
130 443
131 384
131 577
131 322
131 569
131 517
131 134
131 583
131 265
131 522
131 407
131 499
131 402
131 277
131 280
131 345
131 282
131 557
131 154
131 410
131 479
131 485
131 168
131 427
131 303
131 240
131 435
131 575
131 473
131 505
131 507
131 382
131 383
132 192
132 449
132 203
132 268
132 463
132 144
132 594
132 340
132 408
132 348
132 479
132 224
132 545
132 291
132 548
132 549
132 493
132 240
132 241
132 308
132 311
132 568
132 569
132 287
133 384
133 193
133 516
133 353
133 202
133 203
133 588
133 334
133 272
133 312
133 274
133 416
133 480
133 534
133 407
133 280
133 157
133 288
133 161
133 228
133 504
133 358
133 558
133 360
133 444
133 172
133 429
133 430
133 515
133 179
133 528
133 315
133 317
134 196
134 393
134 268
134 398
134 207
134 209
134 530
134 259
134 569
134 154
134 286
134 421
134 365
134 561
134 370
134 243
134 222
134 566
134 312
134 249
134 380
134 445
135 384
135 258
135 197
135 136
135 265
135 203
135 399
135 559
135 279
135 510
135 410
135 539
135 543
135 560
135 292
135 423
135 295
135 232
135 362
135 171
135 598
135 530
135 303
135 240
135 488
135 370
135 383
135 501
135 438
135 393
135 313
135 250
135 379
135 426
135 318
135 255
136 384
136 518
136 329
136 394
136 336
136 210
136 515
136 171
136 345
136 474
136 478
136 555
136 163
136 521
136 357
136 550
136 497
136 232
136 235
136 530
136 304
136 488
136 306
136 500
136 510
136 566
136 311
136 281
136 190
136 511
137 195
137 517
137 455
137 585
137 330
137 588
137 399
137 338
137 451
137 149
137 214
137 218
137 539
137 221
137 542
137 572
137 352
137 161
137 162
137 484
137 486
137 583
137 171
137 429
137 157
137 177
137 436
137 169
137 569
137 250
137 443
137 380
137 523
138 514
138 323
138 261
138 481
138 502
138 399
138 144
138 215
138 216
138 464
138 574
138 569
138 546
138 163
138 485
138 230
138 379
138 233
138 436
138 493
138 174
138 336
138 369
138 245
138 489
138 247
138 377
138 252
138 510
139 576
139 323
139 199
139 405
139 265
139 577
139 258
139 142
139 554
139 145
139 146
139 404
139 270
139 279
139 472
139 153
139 220
139 479
139 485
139 585
139 234
139 391
139 492
139 302
139 369
139 370
139 179
139 372
139 502
139 361
139 447
139 572
139 458
139 254
139 383
140 258
140 579
140 257
140 422
140 267
140 206
140 207
140 209
140 275
140 596
140 500
140 155
140 414
140 325
140 288
140 166
140 291
140 164
140 229
140 583
140 263
140 428
140 173
140 302
140 499
140 256
140 290
140 289
140 188
140 445
140 181
141 392
141 528
141 402
141 531
141 406
141 281
141 153
141 288
141 417
141 163
141 292
141 549
141 433
141 561
141 306
141 572
141 580
141 453
141 329
141 461
141 207
141 464
141 593
141 341
141 346
141 546
141 486
141 235
141 368
141 499
141 503
141 255
141 345
141 511
142 193
142 586
142 499
142 384
142 403
142 341
142 342
142 599
142 216
142 409
142 474
142 541
142 353
142 571
142 166
142 294
142 561
142 552
142 490
142 338
142 559
142 466
142 311
142 543
142 249
142 159
143 384
143 588
143 450
143 326
143 264
143 204
143 207
143 145
143 402
143 596
143 493
143 157
143 572
143 161
143 226
143 233
143 561
143 423
143 300
143 429
143 272
143 456
143 503
143 504
143 186
143 316
143 511
144 259
144 204
144 333
144 461
144 591
144 274
144 195
144 469
144 282
144 155
144 442
144 230
144 167
144 360
144 361
144 323
144 555
144 364
144 238
144 304
144 504
144 378
144 543
144 330
144 506
145 320
145 448
145 258
145 387
145 260
145 581
145 456
145 586
145 268
145 574
145 335
145 547
145 150
145 219
145 289
145 411
145 155
145 551
145 360
145 301
145 174
145 177
145 181
145 329
145 569
145 506
145 188
145 253
145 382
146 193
146 259
146 198
146 161
146 264
146 269
146 584
146 333
146 536
146 338
146 147
146 212
146 597
146 397
146 217
146 495
146 419
146 422
146 167
146 425
146 426
146 387
146 493
146 239
146 211
146 436
146 181
146 506
146 187
146 507
146 189
147 256
147 320
147 450
147 459
147 324
147 454
147 331
147 525
147 597
147 273
147 275
147 287
147 419
147 486
147 361
147 235
147 309
147 314
147 254
148 578
148 415
148 353
148 328
148 585
148 458
148 203
148 224
148 398
148 205
148 339
148 405
148 470
148 347
148 158
148 223
148 160
148 408
148 227
148 230
148 295
148 554
148 517
148 430
148 367
148 351
148 545
148 501
148 168
148 586
148 559
149 449
149 326
149 199
149 333
149 398
149 337
149 526
149 410
149 591
149 525
149 222
149 351
149 352
149 597
149 296
149 233
149 487
149 495
149 433
149 434
149 374
149 250
149 511
150 387
150 391
150 395
150 269
150 531
150 302
150 282
150 284
150 422
150 552
150 427
150 431
150 306
150 186
150 181
150 442
150 190
150 447
150 581
150 454
150 458
150 591
150 477
150 229
150 226
150 485
150 233
150 239
150 370
150 502
150 375
151 395
151 580
151 204
151 463
151 592
151 274
151 531
151 475
151 549
151 548
151 294
151 422
151 235
151 301
151 434
151 178
151 499
151 440
151 575
151 571
151 573
152 385
152 517
152 390
152 597
152 386
152 400
152 344
152 341
152 367
152 284
152 289
152 290
152 475
152 521
152 422
152 166
152 235
152 494
152 370
152 531
152 436
152 245
152 182
152 457
152 314
152 251
152 380
152 190
153 235
153 518
153 557
153 273
153 535
153 284
153 288
153 419
153 552
153 297
153 429
153 174
153 565
153 443
153 318
153 193
153 412
153 407
153 458
153 247
153 337
153 597
153 354
153 486
153 488
153 363
153 366
153 496
153 375
153 504
153 249
153 558
153 255
154 182
154 329
154 205
154 208
154 338
154 468
154 558
154 346
154 219
154 459
154 160
154 289
154 475
154 292
154 486
154 195
154 551
154 361
154 170
154 451
154 303
154 176
154 369
154 595
154 310
154 425
154 362
154 254
154 447
155 520
155 587
155 430
155 294
155 471
155 538
155 157
155 545
155 546
155 419
155 195
155 487
155 360
155 593
155 431
155 562
155 502
155 494
155 186
155 191
156 577
156 390
156 585
156 399
156 401
156 483
156 277
156 282
156 283
156 220
156 285
156 158
156 287
156 161
156 291
156 420
156 454
156 509
156 434
156 223
156 477
156 306
156 309
156 425
156 568
156 251
156 541
156 189
157 576
157 461
157 584
157 464
157 594
157 275
157 558
157 357
157 288
157 528
157 290
157 487
157 485
157 172
157 223
157 351
157 211
157 457
157 504
157 251
157 381
158 448
158 391
158 278
158 407
158 473
158 347
158 481
158 539
158 292
158 529
158 359
158 296
158 553
158 426
158 423
158 563
158 176
158 434
158 243
158 250
159 448
159 522
159 268
159 271
159 409
159 218
159 411
159 284
159 222
159 160
159 546
159 420
159 426
159 493
159 565
159 374
159 329
159 186
159 559
160 323
160 341
160 264
160 329
160 332
160 207
160 461
160 205
160 451
160 212
160 335
160 349
160 364
160 347
160 229
160 170
160 402
160 560
160 241
160 435
160 375
160 314
160 287
160 189
160 574
161 192
161 256
161 567
161 450
161 206
161 336
161 593
161 340
161 561
161 218
161 348
161 478
161 416
161 528
161 448
161 433
161 169
161 491
161 556
161 494
161 244
161 309
161 553
161 442
161 380
162 577
162 323
162 394
162 572
162 268
162 258
162 205
162 271
162 209
162 259
162 549
162 283
162 491
162 415
162 528
162 546
162 163
162 273
162 233
162 362
162 487
162 387
162 237
162 466
162 530
162 396
162 507
162 411
162 458
163 257
163 565
163 388
163 201
163 588
163 271
163 563
163 347
163 265
163 544
163 571
163 553
163 230
163 489
163 298
163 236
163 301
163 432
163 498
163 243
163 500
163 311
163 184
163 315
163 394
163 255
164 256
164 385
164 322
164 523
164 487
164 330
164 269
164 590
164 589
164 409
164 280
164 222
164 289
164 546
164 549
164 465
164 233
164 235
164 172
164 413
164 371
164 244
164 309
164 310
164 311
164 249
164 186
164 251
164 252
165 578
165 424
165 197
165 583
165 201
165 396
165 526
165 208
165 563
165 468
165 463
165 344
165 219
165 349
165 223
165 353
165 228
165 232
165 233
165 298
165 369
165 499
165 313
165 415
165 252
165 426
166 262
166 391
166 523
166 399
166 530
166 532
166 534
166 538
166 290
166 293
166 297
166 556
166 302
166 182
166 183
166 313
166 245
166 578
166 197
166 456
166 589
166 465
166 466
166 596
166 343
166 346
166 220
166 549
166 229
166 491
166 255
166 383
166 373
166 382
167 385
167 259
167 198
167 481
167 521
167 420
167 505
167 281
167 352
167 464
167 291
167 292
167 518
167 294
167 168
167 381
167 360
167 245
167 246
167 375
167 441
167 507
167 316
167 330
168 512
168 325
168 396
168 205
168 271
168 471
168 239
168 349
168 475
168 486
168 358
168 552
168 364
168 494
168 562
168 436
168 245
168 311
168 184
168 313
169 409
169 321
169 386
169 171
169 449
169 324
169 458
169 420
169 205
169 525
169 593
169 210
169 448
169 279
169 281
169 538
169 411
169 415
169 539
169 228
169 357
169 362
169 300
169 466
169 457
169 522
169 249
169 252
169 445
169 574
170 588
170 257
170 450
170 427
170 453
170 263
170 492
170 267
170 268
170 589
170 270
170 400
170 465
170 403
170 596
170 238
170 352
170 344
170 501
170 285
170 538
170 321
170 232
170 363
170 401
170 432
170 360
170 462
170 318
170 373
171 435
171 458
171 268
171 269
171 589
171 592
171 338
171 531
171 470
171 280
171 281
171 570
171 479
171 416
171 293
171 561
171 360
171 583
171 557
171 177
171 370
171 309
171 485
171 506
171 296
172 257
172 394
172 398
172 409
172 538
172 539
172 414
172 435
172 180
172 442
172 411
172 522
172 578
172 580
172 228
172 456
172 204
172 461
172 205
172 595
172 340
172 469
172 214
172 472
172 220
172 354
172 484
172 362
172 237
172 366
173 473
173 488
173 198
173 577
173 393
173 266
173 395
173 592
173 557
173 497
173 406
173 407
173 346
173 220
173 221
173 490
173 480
173 291
173 228
173 423
173 360
173 234
173 429
173 567
173 247
173 312
173 381
173 413
173 575
174 588
174 520
174 585
174 219
174 207
174 532
174 221
174 350
174 352
174 294
174 296
174 426
174 364
174 429
174 434
174 510
174 246
174 505
175 256
175 326
175 353
175 584
175 268
175 400
175 212
175 342
175 427
175 350
175 287
175 546
175 399
175 455
175 231
175 424
175 355
175 598
175 238
175 563
175 542
175 310
175 347
176 192
176 450
176 454
176 263
176 585
176 331
176 460
176 590
176 399
176 404
176 534
176 409
176 347
176 508
176 288
176 496
176 231
176 425
176 487
176 500
176 367
176 240
176 372
176 250
176 251
176 316
176 253
176 190
177 448
177 487
177 261
177 502
177 328
177 330
177 343
177 332
177 493
177 463
177 323
177 439
177 283
177 478
177 287
177 440
177 551
177 374
177 295
177 233
177 558
177 573
177 432
177 369
177 178
177 584
177 507
177 447
178 256
178 245
178 198
178 393
178 339
178 341
178 410
178 480
178 585
178 235
178 301
178 515
178 181
178 560
178 248
178 378
178 316
178 362
178 510
178 255
179 259
179 492
179 268
179 578
179 405
179 407
179 542
179 287
179 416
179 582
179 241
179 297
179 302
179 309
179 438
179 443
179 317
179 447
179 194
179 267
179 454
179 455
179 330
179 459
179 460
179 593
179 468
179 341
179 474
179 222
179 351
179 228
179 581
179 364
179 495
179 368
179 369
179 254
179 505
179 510
180 448
180 588
180 587
180 454
180 200
180 395
180 209
180 465
180 403
180 341
180 535
180 280
180 285
180 401
180 297
180 556
180 306
180 435
180 438
180 506
180 445
180 191
181 513
181 323
181 325
181 458
181 399
181 402
181 265
181 389
181 357
181 241
181 360
181 284
181 302
181 305
181 307
181 183
181 443
181 445
181 191
182 192
182 320
182 476
182 584
182 457
182 523
182 205
182 464
182 337
182 274
182 285
182 289
182 228
182 231
182 296
182 348
182 364
182 558
182 552
182 306
182 503
182 441
182 314
182 381
183 441
183 324
183 389
183 584
183 529
183 210
183 409
183 581
183 288
183 417
183 226
183 292
183 425
183 362
183 492
183 431
183 544
183 375
183 185
183 379
183 458
183 255
184 391
184 394
184 331
184 418
184 334
184 208
184 529
184 227
184 278
184 408
184 477
184 478
184 543
184 289
184 444
184 507
184 301
184 558
184 367
184 296
184 573
184 243
184 545
184 502
184 503
184 380
184 381
185 230
185 516
185 326
185 225
185 524
185 311
185 206
185 273
185 467
185 596
185 334
185 472
185 474
185 476
185 350
185 226
185 227
185 497
185 232
185 551
185 299
185 433
185 436
185 496
185 383
185 255
186 576
186 197
186 390
186 268
186 334
186 592
186 209
186 275
186 526
186 292
186 412
186 506
186 376
186 230
186 555
186 368
186 242
186 361
186 248
186 442
186 548
186 509
186 574
187 451
187 452
187 199
187 519
187 394
187 395
187 525
187 399
187 465
187 475
187 222
187 485
187 225
187 420
187 421
187 551
187 296
187 362
187 363
187 429
187 432
187 417
187 504
187 314
187 189
188 258
188 261
188 450
188 525
188 400
188 532
188 533
188 534
188 217
188 477
188 350
188 581
188 418
188 293
188 425
188 361
188 507
189 323
189 518
189 577
189 584
189 458
189 270
189 416
189 212
189 206
189 420
189 539
189 546
189 347
189 228
189 448
189 294
189 299
189 594
189 366
189 560
189 245
189 509
189 191
190 392
190 265
190 399
190 273
190 515
190 567
190 278
190 545
190 292
190 294
190 561
190 556
190 429
190 430
190 572
190 191
190 452
190 332
190 206
190 208
190 338
190 472
190 226
190 359
190 370
190 502
190 503
191 448
191 263
191 520
191 521
191 458
191 565
191 204
191 418
191 398
191 589
191 514
191 279
191 281
191 575
191 368
191 290
191 555
191 233
191 583
191 564
191 498
191 435
191 311
191 312
191 313
191 452
191 511
192 384
192 262
192 264
192 396
192 458
192 368
192 482
192 400
192 405
192 313
192 216
192 260
192 286
192 290
192 422
192 230
192 305
192 300
192 232
192 508
192 317
193 448
193 260
193 454
193 522
193 205
193 450
193 280
193 532
193 214
193 407
193 216
193 413
193 453
193 342
193 233
193 302
193 596
193 243
193 444
193 253
193 469
194 449
194 343
194 591
194 452
194 197
194 503
194 584
194 201
194 395
194 333
194 206
194 205
194 475
194 407
194 218
194 221
194 422
194 552
194 566
194 495
194 513
194 373
194 265
194 573
194 446
195 578
195 326
195 523
195 559
195 346
195 284
195 548
195 357
195 536
195 296
195 365
195 495
195 242
195 563
195 309
195 569
195 250
196 513
196 453
196 201
196 459
196 332
196 546
196 338
196 344
196 283
196 285
196 325
196 538
196 227
196 551
196 553
196 234
196 583
196 243
196 501
196 376
196 251
196 426
197 259
197 326
197 203
197 386
197 461
197 387
197 405
197 215
197 220
197 557
197 289
197 547
197 519
197 301
197 305
197 306
197 478
197 354
197 249
198 451
198 516
198 569
198 262
198 455
198 329
198 205
198 206
198 208
198 536
198 595
198 597
198 441
198 408
198 228
198 347
198 285
198 475
198 549
198 427
198 304
198 424
198 308
198 373
198 502
198 376
198 372
198 510
199 261
199 263
199 277
199 278
199 408
199 540
199 421
199 433
199 441
199 479
199 578
199 324
199 325
199 456
199 585
199 587
199 209
199 598
199 471
199 395
199 351
199 481
199 497
199 242
199 302
199 391
199 506
200 384
200 435
200 518
200 327
200 290
200 551
200 536
200 419
200 276
200 469
200 214
200 314
200 539
200 481
200 226
200 283
200 359
200 427
200 238
200 247
200 596
200 250
200 509
200 317
201 325
201 449
201 388
201 203
201 206
201 557
201 580
201 274
201 483
201 290
201 591
201 314
201 286
201 417
201 420
201 424
201 555
201 237
201 495
201 305
201 306
201 594
201 382
201 498
201 571
201 250
202 456
202 392
202 492
202 535
202 460
202 206
202 463
202 526
202 278
202 505
202 280
202 345
202 410
202 349
202 261
202 354
202 549
202 359
202 453
202 585
202 415
202 437
202 375
202 506
202 315
202 572
202 556
203 352
203 491
203 262
203 392
203 599
203 397
203 270
203 463
203 513
203 467
203 334
203 260
203 474
203 570
203 546
203 354
203 560
203 228
203 293
203 363
203 428
203 431
203 306
203 308
203 265
203 314
203 590
203 253
203 437
204 329
204 334
204 277
204 216
204 353
204 251
204 536
204 487
204 507
204 460
204 564
204 502
204 568
204 250
204 315
204 380
204 528
205 396
205 398
205 494
205 534
205 543
205 549
205 550
205 423
205 304
205 565
205 314
205 572
205 394
205 584
205 215
205 220
205 478
205 226
205 495
205 375
205 379
206 588
206 515
206 586
206 455
206 456
206 386
206 524
206 466
206 483
206 342
206 536
206 293
206 486
206 583
206 427
206 368
206 433
206 438
206 568
206 317
206 383
207 512
207 260
207 438
207 262
207 292
207 520
207 393
207 599
207 471
207 365
207 527
207 283
207 282
207 227
207 228
207 361
207 564
207 239
207 499
207 244
207 553
207 313
207 347
207 315
207 548
207 574
207 507
208 257
208 513
208 265
208 524
208 398
208 274
208 596
208 351
208 528
208 483
208 466
208 304
208 242
208 477
208 253
209 579
209 388
209 268
209 266
209 525
209 271
209 532
209 218
209 283
209 589
209 227
209 551
209 486
209 552
209 234
209 428
209 430
209 574
209 245
209 374
209 439
209 377
209 315
209 444
209 254
210 577
210 386
210 259
210 353
210 527
210 464
210 469
210 598
210 282
210 540
210 218
210 225
210 227
210 234
210 365
210 558
210 431
210 553
210 373
210 505
210 217
210 443
210 509
210 510
211 384
211 514
211 579
211 580
211 594
211 449
211 331
211 396
211 269
211 577
211 338
211 578
211 405
211 279
211 473
211 347
211 287
211 489
211 300
211 570
211 561
211 243
211 565
211 310
211 378
211 251
212 448
212 581
212 327
212 332
212 398
212 399
212 595
212 526
212 598
212 284
212 481
212 290
212 299
212 385
212 306
212 253
212 569
213 386
213 502
213 262
213 458
213 523
213 402
213 252
213 534
213 284
213 338
213 416
213 251
213 420
213 550
213 233
213 363
213 236
213 237
213 559
213 496
213 497
213 438
213 503
213 315
213 444
213 445
213 318
213 597
214 588
214 386
214 516
214 454
214 583
214 266
214 522
214 460
214 593
214 335
214 530
214 468
214 410
214 284
214 378
214 479
214 544
214 484
214 553
214 554
214 551
214 541
214 565
214 438
214 314
214 572
214 381
214 255
215 458
215 514
215 459
215 324
215 460
215 527
215 433
215 531
215 529
215 277
215 535
215 352
215 225
215 359
215 296
215 369
215 243
215 528
215 567
215 592
215 596
215 394
215 574
216 555
216 262
216 513
216 460
216 331
216 339
216 462
216 407
216 412
216 284
216 475
216 390
216 294
216 359
216 233
216 274
216 491
216 338
216 567
216 368
216 306
216 599
216 297
216 312
216 313
216 526
217 548
217 361
217 353
217 301
217 368
217 372
217 501
217 312
217 529
217 541
217 540
217 549
218 384
218 387
218 598
218 450
218 576
218 283
218 284
218 223
218 486
218 465
218 297
218 426
218 491
218 244
218 314
218 315
218 380
218 511
219 256
219 258
219 387
219 279
219 397
219 541
219 549
219 308
219 311
219 444
219 447
219 451
219 328
219 329
219 587
219 592
219 594
219 339
219 343
219 345
219 479
219 224
219 483
219 490
219 495
219 496
219 501
219 503
219 250
219 509
220 384
220 516
220 263
220 457
220 335
220 592
220 274
220 327
220 347
220 548
220 362
220 235
220 499
220 308
220 566
221 388
221 453
221 577
221 586
221 514
221 273
221 532
221 346
221 564
221 352
221 481
221 571
221 294
221 255
221 304
221 369
221 566
221 504
221 308
221 442
221 253
221 319
222 331
222 322
222 401
222 514
222 531
222 563
222 473
222 344
222 271
222 350
222 480
222 482
222 296
222 426
222 365
222 432
222 433
222 398
222 503
222 572
222 509
223 522
223 554
223 518
223 473
223 348
223 287
223 481
223 241
223 426
223 430
223 541
223 369
223 469
223 574
223 249
223 254
224 449
224 398
224 464
224 529
224 278
224 537
224 295
224 572
224 487
224 364
224 237
224 573
224 244
224 567
224 314
224 492
224 556
225 331
225 519
225 267
225 462
225 276
225 341
225 501
225 587
225 518
225 466
225 596
225 434
225 440
225 316
226 438
226 310
226 518
226 391
226 556
226 588
226 528
226 405
226 349
226 295
226 360
226 583
226 236
226 500
226 430
226 495
226 328
226 371
226 246
226 570
227 261
227 471
227 444
227 328
227 586
227 334
227 531
227 398
227 407
227 281
227 474
227 411
227 250
227 479
227 481
227 593
227 372
227 363
227 556
227 557
227 532
227 368
227 520
227 554
227 462
228 576
228 258
228 326
228 584
228 457
228 586
228 274
228 535
228 412
228 549
228 368
228 294
228 238
228 240
228 561
228 594
228 425
228 550
228 505
229 588
229 449
229 259
229 580
229 454
229 263
229 520
229 343
229 333
229 450
229 387
229 558
229 472
229 493
229 525
229 484
229 486
229 359
229 492
229 365
229 238
229 496
229 305
229 310
229 571
229 252
229 582
229 254
229 575
230 513
230 322
230 323
230 581
230 588
230 546
230 337
230 594
230 535
230 344
230 479
230 481
230 548
230 401
230 553
230 362
230 423
230 556
230 366
230 368
230 241
230 242
230 435
230 503
230 251
230 572
230 330
230 318
231 257
231 578
231 452
231 327
231 265
231 460
231 536
231 466
231 497
231 472
231 538
231 286
231 433
231 370
231 510
231 375
231 376
232 324
232 358
232 390
232 333
232 461
232 336
232 533
232 569
232 592
232 282
232 506
232 357
232 416
232 432
232 294
232 360
232 495
232 304
232 504
232 251
232 317
232 510
233 259
233 261
233 518
233 263
233 521
233 403
233 538
233 411
233 517
233 416
233 418
233 425
233 585
233 313
233 314
233 315
233 446
233 447
233 323
233 457
233 590
233 589
233 481
233 507
233 236
233 499
233 381
234 326
234 264
234 460
234 270
234 335
234 278
234 351
234 352
234 482
234 547
234 420
234 357
234 406
234 359
234 552
234 489
234 434
234 550
234 415
234 444
234 277
235 484
235 587
235 516
235 583
235 394
235 522
235 333
235 273
235 560
235 533
235 534
235 292
235 376
235 354
235 291
235 337
235 298
235 493
235 483
235 368
235 310
235 248
235 445
235 254
235 447
236 387
236 449
236 393
236 546
236 271
236 472
236 344
236 351
236 425
236 553
236 585
236 491
236 237
236 565
236 250
236 380
237 320
237 555
237 263
237 456
237 527
237 529
237 342
237 407
237 345
237 539
237 476
237 413
237 417
237 420
237 486
237 455
237 496
237 437
237 566
237 560
237 245
238 256
238 515
238 326
238 513
238 277
238 476
238 285
238 416
238 418
238 486
238 552
238 366
238 498
239 384
239 449
239 523
239 309
239 501
239 526
239 336
239 579
239 405
239 544
239 408
239 591
239 476
239 287
239 480
239 355
239 358
239 361
239 555
239 466
239 367
239 498
239 373
239 543
239 380
239 383
240 534
240 452
240 270
240 335
240 273
240 529
240 463
240 408
240 352
240 546
240 295
240 519
240 302
240 559
240 438
240 503
240 569
240 558
240 548
241 320
241 259
241 453
241 449
241 587
241 460
241 467
241 404
241 366
241 411
241 285
241 286
241 545
241 482
241 419
241 485
241 581
241 426
241 302
241 494
241 570
241 254
241 405
242 568
242 331
242 397
242 525
242 337
242 469
242 413
242 290
242 292
242 423
242 295
242 561
242 391
242 430
242 495
242 515
242 596
242 550
242 569
243 512
243 585
243 589
243 272
243 480
243 352
243 417
243 294
243 423
243 491
243 499
243 440
243 316
243 573
244 320
244 578
244 537
244 584
244 394
244 267
244 270
244 580
244 273
244 430
244 278
244 313
244 281
244 358
244 299
244 365
244 366
244 296
244 308
244 250
244 445
245 512
245 259
245 486
245 437
245 459
245 527
245 580
245 593
245 585
245 356
245 422
245 408
245 430
245 303
245 560
245 424
245 309
245 503
245 376
245 576
245 509
245 523
245 510
245 373
246 487
246 321
246 520
246 393
246 567
246 588
246 397
246 270
246 482
246 338
246 340
246 512
246 347
246 414
246 351
246 455
246 583
246 557
246 304
246 435
246 439
246 248
246 313
246 506
246 443
246 380
246 509
246 318
247 323
247 393
247 524
247 274
247 405
247 476
247 575
247 479
247 294
247 284
247 364
247 495
247 500
247 585
247 313
247 383
247 253
247 447
248 324
248 455
248 265
248 565
248 398
248 335
248 401
248 452
248 482
248 295
248 360
248 540
248 298
248 556
248 559
248 516
248 575
248 507
248 253
248 255
249 387
249 456
249 457
249 395
249 401
249 530
249 596
249 472
249 283
249 523
249 262
249 426
249 365
249 581
249 303
249 496
249 520
249 420
249 569
250 384
250 269
250 530
250 323
250 415
250 289
250 291
250 555
250 300
250 351
250 372
250 428
250 573
250 467
250 526
250 473
250 346
250 477
250 491
250 533
251 449
251 534
251 520
251 527
251 563
251 278
251 388
251 474
251 348
251 478
251 287
251 290
251 419
251 427
251 557
251 413
251 306
251 371
251 425
251 440
251 377
251 317
252 384
252 299
252 516
252 437
252 267
252 499
252 465
252 497
252 471
252 478
252 351
252 288
252 483
252 455
252 423
252 567
252 431
252 417
252 579
252 435
252 261
252 501
252 255
253 326
253 385
253 525
253 466
253 494
253 592
253 571
253 425
253 482
253 355
253 361
253 366
253 431
253 433
253 374
253 441
253 558
253 309
254 320
254 369
254 339
254 278
254 407
254 538
254 357
254 289
254 379
254 358
254 305
254 489
254 568
254 304
254 447
254 566
254 371
254 380
254 319
255 384
255 385
255 258
255 505
255 406
255 588
255 584
255 460
255 439
255 466
255 276
255 277
255 436
255 507
255 416
255 353
255 418
255 519
255 372
255 391
255 468
255 497
255 306
255 308
255 315
256 323
256 598
256 326
256 328
256 584
256 271
256 593
256 402
256 342
256 580
256 591
256 477
256 544
256 305
256 572
256 438
256 567
256 504
256 314
256 380
256 574
257 262
257 583
257 329
257 587
257 526
257 272
257 531
257 406
257 535
257 409
257 539
257 358
257 493
257 304
257 310
257 374
257 506
257 447
257 490
257 382
258 385
258 502
258 471
258 524
258 589
258 279
258 414
258 355
258 549
258 435
258 500
258 478
258 377
258 443
259 395
259 324
259 397
259 334
259 467
259 341
259 342
259 516
259 351
259 292
259 470
259 426
259 506
259 554
260 580
260 457
260 269
260 590
260 387
260 341
260 574
260 348
260 442
260 432
260 418
260 291
260 549
260 550
260 401
260 296
260 561
260 585
260 559
260 382
260 375
260 316
260 277
261 321
261 579
261 580
261 454
261 263
261 269
261 526
261 463
261 347
261 572
261 415
261 484
261 423
262 455
262 270
262 277
262 476
262 287
262 480
262 490
262 302
262 502
262 443
262 573
263 451
263 396
263 545
263 526
263 301
263 273
263 410
263 538
263 453
263 352
263 583
263 296
263 363
263 430
263 303
263 304
263 432
263 500
263 373
263 374
263 585
263 316
263 317
263 382
263 319
264 385
264 578
264 490
264 503
264 331
264 460
264 384
264 408
264 474
264 411
264 395
264 296
264 492
264 494
264 435
264 566
264 439
264 441
264 379
264 445
264 447
265 392
265 317
265 268
265 398
265 271
265 281
265 495
265 417
265 298
265 304
265 564
265 565
265 314
265 571
265 573
265 320
265 577
265 459
265 584
265 465
265 468
265 331
265 350
265 356
265 485
265 363
265 365
265 367
265 426
266 449
266 579
266 388
266 330
266 452
266 334
266 277
266 408
266 479
266 358
266 273
266 360
266 363
266 434
266 307
266 446
266 503
266 376
266 505
266 314
266 318
267 384
267 387
267 481
267 457
267 586
267 587
267 435
267 530
267 275
267 469
267 490
267 549
267 364
267 317
267 362
267 310
267 585
267 403
267 381
268 384
268 360
268 569
268 339
268 588
268 467
268 512
268 495
268 388
268 431
268 487
268 498
268 370
268 440
268 571
268 559
268 533
269 326
269 458
269 503
269 429
269 488
269 274
269 472
269 420
269 357
269 497
269 360
269 553
269 598
269 368
269 456
269 467
269 311
269 452
269 382
270 387
270 391
270 521
270 536
270 407
270 280
270 409
270 545
270 291
270 292
270 294
270 563
270 565
270 443
270 445
270 309
270 577
270 578
270 330
270 460
270 596
270 315
270 344
270 350
270 481
270 354
270 355
270 363
270 502
270 375
270 508
270 381
271 447
271 515
271 325
271 326
271 449
271 322
271 462
271 418
271 464
271 483
271 419
271 596
271 278
271 279
271 420
271 349
271 545
271 356
271 500
271 367
271 435
271 436
271 414
271 377
271 319
272 454
272 524
272 400
272 468
272 535
272 580
272 414
272 389
272 592
272 549
272 486
272 487
272 488
272 489
272 429
272 367
272 306
272 444
273 322
273 516
273 453
273 588
273 290
273 580
273 404
273 561
273 593
273 344
273 289
273 536
273 359
273 598
273 477
273 497
273 309
273 596
273 311
273 447
274 512
274 386
274 580
274 584
274 394
274 335
274 340
274 457
274 547
274 561
274 389
274 540
274 429
274 430
274 431
274 370
274 573
275 514
275 327
275 397
275 331
275 529
275 338
275 532
275 512
275 345
275 282
275 350
275 442
275 289
275 418
275 570
275 363
275 353
275 579
275 376
275 443
275 492
275 318
276 288
276 388
276 353
276 399
276 480
276 345
276 422
276 483
276 433
276 573
276 447
276 506
276 554
276 383
277 584
277 590
277 280
277 546
277 340
277 345
277 477
277 417
277 290
277 420
277 295
277 493
277 433
277 446
277 437
277 438
277 452
278 387
278 391
278 402
278 403
278 388
278 412
278 420
278 424
278 553
278 455
278 429
278 558
278 433
278 564
278 479
278 442
278 319
278 577
278 591
278 334
278 463
278 468
278 473
278 474
278 347
278 351
278 364
278 366
278 552
278 370
278 318
278 509
278 383
279 387
279 520
279 364
279 578
279 590
279 468
279 345
279 483
279 453
279 545
279 359
279 428
279 367
279 308
279 438
279 570
279 541
280 334
280 392
280 503
280 589
280 527
280 472
280 538
280 491
280 294
280 423
280 431
280 305
280 370
280 311
280 455
281 547
281 430
281 345
281 541
281 420
281 485
281 424
281 504
281 494
281 570
281 317
281 318
282 448
282 386
282 341
282 332
282 337
282 468
282 537
282 338
282 421
282 300
282 494
282 530
282 467
282 504
282 443
282 316
283 576
283 325
283 523
283 529
283 477
283 417
283 484
283 519
283 492
283 430
283 502
283 376
283 511
283 572
283 510
283 447
284 544
284 537
284 390
284 583
284 567
284 599
284 501
284 335
284 400
284 554
284 451
284 493
284 287
284 523
284 293
284 486
284 297
284 426
284 491
284 492
284 365
284 581
284 497
284 573
284 490
285 395
285 438
285 455
285 331
285 354
285 463
285 336
285 554
285 403
285 534
285 535
285 344
285 345
285 513
285 349
285 350
285 479
285 352
285 353
285 485
285 451
285 489
285 487
285 542
285 505
285 426
286 448
286 325
286 533
286 461
286 526
286 528
286 401
286 531
286 341
286 512
286 535
286 536
286 410
286 414
286 352
286 482
286 554
286 566
286 558
286 431
286 368
286 540
286 505
286 571
286 572
286 319
287 515
287 325
287 519
287 403
287 546
287 531
287 465
287 293
287 417
287 500
287 355
287 436
287 411
287 579
287 372
287 374
287 313
287 380
287 510
288 491
288 390
288 324
288 585
288 493
288 320
288 384
288 453
288 342
288 566
288 408
288 475
288 350
288 496
288 516
288 293
288 404
288 485
288 301
288 431
288 559
288 379
289 512
289 518
289 409
289 410
289 310
289 421
289 360
289 366
289 500
289 315
289 508
289 445
290 512
290 461
290 336
290 329
290 419
290 426
290 300
290 563
290 311
290 440
290 364
290 524
291 409
291 513
291 299
291 562
291 456
291 393
291 535
291 386
291 365
291 401
291 399
291 463
291 461
291 367
291 348
291 544
291 362
291 532
291 369
291 434
291 500
291 457
291 462
291 468
291 447
292 544
292 354
292 588
292 599
292 533
292 535
292 299
292 395
292 427
292 352
292 391
292 554
292 364
292 498
292 494
292 573
293 512
293 490
293 438
293 327
293 521
293 522
293 528
293 399
293 464
293 355
293 414
293 481
293 418
293 581
293 519
293 362
293 366
293 434
293 308
293 398
293 568
293 569
293 575
293 426
293 546
294 458
294 567
294 499
294 465
294 547
294 559
294 312
294 457
294 477
294 538
294 434
294 301
294 381
294 502
294 442
295 448
295 502
295 330
295 395
295 400
295 312
295 538
295 376
295 355
295 361
295 430
295 373
295 511
295 469
296 427
296 394
296 526
296 387
296 555
296 546
296 348
296 299
296 557
296 561
296 500
296 325
296 585
296 586
296 587
296 594
296 481
296 356
296 357
296 367
296 375
296 381
297 517
297 454
297 582
297 472
297 467
297 340
297 342
297 350
297 550
297 299
297 500
297 563
297 561
297 438
297 489
298 386
298 516
298 330
298 334
298 559
298 542
298 411
298 520
298 548
298 360
298 549
298 367
298 488
298 370
298 382
299 554
299 457
299 458
299 590
299 493
299 336
299 337
299 403
299 597
299 505
299 344
299 346
299 495
299 528
299 408
299 421
299 486
299 497
299 536
299 428
299 370
299 509
299 381
299 489
299 306
299 309
299 498
299 319
300 452
300 325
300 454
300 417
300 393
300 401
300 341
300 477
300 361
300 357
300 359
300 519
300 302
300 562
300 377
300 351
300 509
300 469
301 323
301 388
301 587
301 472
301 348
301 542
301 312
301 464
301 498
301 367
301 369
301 565
301 315
301 508
301 317
301 382
302 515
302 516
302 567
302 401
302 337
302 599
302 345
302 439
302 476
302 593
302 389
302 560
302 342
302 365
303 518
303 329
303 330
303 568
303 338
303 407
303 346
303 347
303 480
303 455
303 437
303 306
303 457
303 570
303 511
303 317
304 331
304 529
304 467
304 563
304 599
304 410
304 497
304 519
304 305
304 310
304 375
304 596
304 507
304 381
305 522
305 395
305 330
305 563
305 579
305 382
305 346
305 540
305 358
305 423
305 493
305 509
305 370
305 469
305 441
305 570
305 575
305 394
305 447
306 322
306 455
306 597
306 599
306 473
306 416
306 353
306 418
306 401
306 553
306 429
306 456
306 377
307 385
307 578
307 451
307 311
307 398
307 338
307 467
307 495
307 536
307 345
307 410
307 354
307 425
307 368
307 375
307 313
307 314
307 330
308 512
308 386
308 387
308 455
308 330
308 332
308 400
308 594
308 341
308 472
308 351
308 464
308 433
308 369
308 563
309 388
309 395
309 396
309 413
309 544
309 412
309 441
309 575
309 435
309 328
309 460
309 595
309 598
309 474
309 482
309 401
309 365
309 495
309 368
309 425
309 506
310 585
310 460
310 339
310 535
310 356
310 351
310 544
310 519
310 492
310 368
310 562
310 442
310 479
311 328
311 435
311 327
311 331
311 524
311 336
311 530
311 470
311 537
311 462
311 525
311 477
311 417
311 359
311 391
311 507
311 494
311 566
311 315
312 384
312 513
312 353
312 585
312 599
312 471
312 525
312 472
312 594
312 441
312 412
312 453
312 416
312 549
312 581
312 368
312 464
312 373
312 592
312 440
312 377
313 580
313 406
313 520
313 331
313 588
313 461
313 336
313 563
313 384
313 346
313 348
313 416
313 528
313 564
313 511
313 507
313 444
313 445
314 435
314 579
314 453
314 321
314 529
314 338
314 480
314 587
314 348
314 540
314 364
314 561
314 594
314 522
314 377
314 510
315 464
315 587
315 401
315 402
315 365
315 475
315 477
315 415
315 393
315 421
315 466
315 498
315 381
316 335
316 585
316 402
316 595
316 411
316 480
316 418
316 553
316 554
316 428
316 429
316 558
316 566
317 403
317 589
317 576
317 488
317 467
317 423
317 584
317 491
317 389
317 564
317 382
317 566
317 376
317 441
318 320
318 384
318 534
318 392
318 499
318 525
318 463
318 530
318 578
318 591
318 527
318 487
318 424
318 364
318 431
318 432
318 488
318 492
318 371
318 513
318 441
318 573
318 469
319 513
319 328
319 501
319 332
319 466
319 341
319 472
319 537
319 538
319 347
319 418
319 487
319 489
319 583
319 556
319 493
319 494
319 436
319 478
319 442
320 513
320 579
320 388
320 338
320 536
320 559
320 410
320 575
320 538
320 507
320 360
320 361
320 427
320 413
320 500
320 379
320 437
321 520
321 585
321 403
321 534
321 346
321 581
321 550
321 379
321 565
322 580
322 581
322 422
322 589
322 339
322 535
322 345
322 348
322 477
322 350
322 358
322 360
322 553
322 483
322 570
322 457
322 442
322 492
322 575
323 517
323 567
323 482
323 337
323 586
323 580
323 471
323 527
323 557
323 358
323 359
323 423
323 562
323 528
323 440
323 443
323 510
324 416
324 476
324 598
324 567
324 535
324 397
324 561
324 559
324 475
324 348
324 479
324 367
324 547
324 467
324 590
325 450
325 582
325 471
325 408
325 452
325 461
325 570
325 548
325 357
325 498
325 571
325 444
325 382
325 437
326 480
326 329
326 586
326 588
326 470
326 344
326 473
326 354
326 432
326 434
326 558
326 411
326 574
327 390
327 450
327 592
327 344
327 353
327 358
327 426
327 359
327 434
327 496
327 468
328 576
328 481
328 329
328 330
328 375
328 551
328 497
328 478
328 540
328 349
328 350
328 352
328 425
328 356
328 465
328 432
328 499
328 566
328 394
329 588
329 449
329 521
329 403
329 469
329 495
329 348
329 414
329 353
329 507
329 550
329 558
329 389
329 519
329 368
329 562
329 531
329 415
329 444
330 520
330 522
330 524
330 406
330 544
330 549
330 570
330 444
330 447
330 463
330 337
330 466
330 597
330 591
330 421
330 356
330 362
330 491
330 594
330 371
330 374
330 378
330 507
331 562
331 555
331 395
331 536
331 345
331 347
331 484
331 568
331 488
331 362
331 427
331 396
331 380
331 559
332 465
332 530
332 536
332 345
332 574
332 346
332 486
332 489
332 594
332 431
332 477
332 373
332 510
332 462
332 378
333 395
333 518
333 469
333 460
333 405
333 406
333 526
333 420
333 494
333 373
333 585
333 506
334 454
334 545
334 463
334 451
334 537
334 410
334 413
334 523
334 534
334 555
334 556
334 365
334 498
334 434
334 374
334 508
335 459
335 470
335 392
335 585
335 395
335 483
335 404
335 537
335 539
335 508
335 353
335 418
335 443
335 488
335 363
335 493
335 434
335 436
335 439
335 564
335 447
336 450
336 579
336 452
336 453
336 588
336 551
336 464
336 401
336 402
336 405
336 538
336 361
336 480
336 560
336 358
336 359
337 592
337 363
337 417
337 518
337 368
337 370
337 500
337 446
337 380
337 341
338 514
338 438
338 417
338 458
338 476
338 542
338 465
338 342
338 510
338 346
338 540
338 361
338 427
338 358
338 507
338 511
339 391
339 589
339 593
339 533
339 537
339 346
339 442
339 453
339 560
339 507
339 485
339 519
339 558
339 495
339 377
339 415
339 541
340 454
340 595
340 354
340 430
340 424
340 445
340 368
340 552
340 425
340 556
341 545
341 556
341 522
341 459
341 524
341 342
341 452
341 477
341 538
341 355
341 553
341 506
341 443
342 518
342 469
342 525
342 386
342 399
342 403
342 461
342 555
342 364
342 466
342 481
342 376
342 448
342 379
343 579
343 566
343 584
343 394
343 465
343 530
343 463
343 537
343 510
343 412
343 593
343 478
343 481
343 484
343 359
343 491
343 428
343 365
343 495
343 374
343 507
343 382
343 565
344 513
344 595
344 471
344 516
344 481
344 552
344 372
344 567
344 596
344 554
344 510
345 599
345 412
345 414
345 544
345 411
345 422
345 489
345 365
345 495
345 369
345 381
345 429
346 384
346 438
346 583
346 558
346 529
346 380
346 478
346 361
346 506
346 585
346 360
346 494
346 530
346 575
347 396
347 526
347 399
347 537
347 425
347 433
347 442
347 444
347 448
347 587
347 455
347 466
347 596
347 368
347 504
347 532
347 509
347 510
348 464
348 532
348 599
348 361
348 371
349 384
349 416
349 476
349 526
349 390
349 389
349 454
349 363
349 456
349 438
349 375
349 477
350 352
350 567
350 453
350 503
350 469
350 535
350 409
350 542
350 539
350 355
350 497
350 590
350 456
350 373
350 375
350 559
350 597
351 520
351 396
351 526
351 529
351 451
351 542
351 400
351 356
351 358
351 487
351 367
351 497
351 504
351 443
352 580
352 581
352 394
352 463
352 402
352 403
352 409
352 479
352 544
352 421
352 360
352 489
352 564
352 393
352 508
353 384
353 505
353 501
353 565
353 471
353 390
353 418
353 420
353 549
353 460
353 437
353 502
353 444
354 516
354 525
354 589
354 472
354 595
354 590
354 470
354 408
354 569
354 549
354 546
354 454
354 486
354 426
354 497
354 502
354 441
354 444
354 575
355 427
355 373
355 405
355 522
355 460
355 463
355 504
355 402
355 446
355 527
355 538
355 488
355 444
355 428
355 434
355 378
355 533
356 587
356 395
356 462
356 528
356 408
356 532
356 430
356 397
356 480
356 554
356 364
356 366
356 559
356 368
356 552
356 370
356 499
356 436
356 504
356 379
356 447
357 450
357 585
357 586
357 588
357 591
357 402
357 596
357 382
357 530
357 434
357 503
357 378
358 599
358 465
358 387
358 405
358 527
358 461
358 384
358 481
358 547
358 420
358 359
358 361
358 562
358 504
358 436
359 390
359 476
359 467
359 597
359 538
359 412
359 483
359 361
359 363
359 434
359 430
359 495
359 370
359 500
359 443
359 586
360 576
360 388
360 536
360 539
360 585
360 425
360 555
360 568
360 573
360 488
360 479
360 487
360 497
360 372
360 378
360 379
360 382
361 512
361 386
361 517
361 540
361 415
361 416
361 430
361 432
361 568
361 543
361 501
361 455
361 598
361 476
361 477
361 479
361 480
361 587
361 488
361 491
361 369
361 500
361 373
362 470
362 392
362 464
362 535
362 538
362 478
362 572
362 529
362 383
363 577
363 522
363 502
363 533
363 435
363 400
363 414
363 548
363 379
363 491
363 431
363 552
363 445
363 380
363 382
364 584
364 401
364 466
364 413
364 492
365 417
365 550
365 551
365 552
365 412
365 431
365 521
365 443
365 567
365 595
365 596
365 366
366 578
366 581
366 371
366 463
366 512
366 405
366 527
366 540
366 479
366 418
366 488
366 440
366 445
366 442
366 443
366 382
367 384
367 512
367 396
367 534
367 580
367 412
367 368
368 515
368 526
368 531
368 536
368 552
368 444
368 452
368 457
368 503
368 464
368 492
368 497
368 371
368 502
368 375
369 490
369 522
369 515
369 471
369 582
369 599
369 593
369 469
369 540
369 506
369 587
369 555
369 562
369 510
369 489
369 371
369 379
369 394
370 384
370 484
370 596
370 412
370 497
370 523
370 406
370 402
370 463
370 505
371 580
371 598
371 454
371 455
371 526
371 529
371 402
371 467
371 415
371 481
371 549
371 552
371 439
371 575
371 511
372 449
372 525
372 401
372 404
372 395
372 489
372 488
373 555
373 517
373 393
373 529
373 532
373 406
373 542
373 509
373 487
373 493
373 443
373 375
373 383
374 387
374 390
374 592
374 515
374 462
374 483
374 478
374 566
374 501
374 413
374 446
375 386
375 491
375 499
375 529
375 402
375 419
375 526
375 527
375 482
375 552
375 421
375 417
375 502
375 522
375 508
375 458
375 510
375 437
376 396
376 461
376 527
376 535
376 410
376 544
376 481
376 551
376 434
376 595
376 532
376 443
377 459
377 389
377 545
377 492
377 461
377 462
377 464
377 559
377 506
377 570
377 423
377 424
377 433
377 439
378 512
378 520
378 486
378 423
378 446
378 379
378 382
379 522
379 491
379 517
379 594
379 468
379 472
379 473
379 542
379 496
379 432
379 438
379 440
379 445
380 398
380 414
380 523
380 483
380 536
380 564
380 393
380 444
381 544
381 578
381 566
381 402
381 407
381 536
381 491
381 416
381 545
381 482
381 503
381 563
381 519
381 413
382 454
382 424
382 451
382 470
382 488
382 591
382 554
382 414
382 456
382 480
382 489
382 505
382 445
382 478
382 503
382 592
382 501
383 384
383 385
383 390
383 393
383 565
383 462
383 480
383 521
383 448
383 555
383 436
383 568
383 506
383 447
384 386
384 532
384 533
384 421
384 553
384 475
384 478
384 490
384 503
384 505
385 518
385 557
385 469
385 471
385 475
385 429
385 505
386 524
386 461
386 592
386 401
386 471
386 463
386 479
386 555
386 517
386 558
386 543
386 527
386 443
386 426
386 507
387 427
387 518
387 522
387 526
387 491
387 538
387 389
387 555
387 554
387 573
387 447
387 455
387 492
388 518
388 455
388 396
388 466
388 547
388 476
388 389
388 421
388 487
388 494
388 495
388 447
388 568
388 441
388 507
388 437
389 462
389 399
389 531
389 593
389 580
389 476
389 542
389 543
389 550
389 551
389 567
389 477
389 595
389 504
390 424
390 394
390 587
390 515
390 497
390 529
390 415
390 555
390 432
390 569
390 543
391 459
391 392
391 529
391 596
391 544
391 399
391 523
391 421
391 423
391 437
392 448
392 522
392 396
392 516
392 536
392 406
392 446
392 510
392 474
392 527
392 540
392 557
392 576
392 546
392 512
392 493
392 430
392 564
392 443
392 509
392 565
393 584
393 402
393 474
393 494
393 497
393 564
394 512
394 424
394 573
394 488
394 400
394 401
394 473
394 410
394 594
394 442
394 543
394 493
394 428
394 477
394 562
394 565
394 457
394 541
394 554
395 453
395 461
395 529
395 451
395 412
395 415
395 587
395 488
395 487
395 556
395 425
395 429
396 579
396 581
396 586
396 397
396 400
396 568
396 466
396 596
396 407
396 548
396 413
396 484
396 486
396 425
396 439
396 506
396 571
396 411
397 581
397 545
397 398
397 465
397 469
397 478
397 417
397 418
397 490
397 583
397 434
397 558
397 437
398 579
398 582
398 535
398 408
398 461
398 415
398 529
398 571
399 409
399 414
399 470
399 574
399 448
399 452
399 583
399 458
399 461
399 466
399 599
399 423
399 492
399 502
400 583
400 514
400 499
400 465
400 517
400 413
400 472
400 485
400 428
400 434
400 503
400 445
401 466
401 532
401 469
401 470
401 516
401 494
401 411
401 541
401 528
401 472
401 555
401 520
401 567
401 554
402 545
402 528
402 416
402 599
402 409
402 525
402 549
402 521
402 562
402 509
402 433
402 442
402 446
403 586
403 453
403 505
403 472
403 409
403 550
403 581
403 506
403 508
404 514
404 582
404 589
404 468
404 535
404 408
404 429
404 540
404 479
404 545
404 549
404 428
404 560
404 574
405 435
405 481
405 496
405 524
405 594
405 533
405 464
405 552
405 553
405 433
405 506
405 565
406 502
406 455
406 587
406 577
406 462
406 529
406 468
406 582
406 553
406 433
406 438
406 568
406 554
407 576
407 460
407 461
407 534
407 475
407 428
407 432
407 500
407 527
407 492
408 459
408 527
408 469
408 580
408 491
408 479
408 421
408 447
409 450
409 583
409 428
409 596
409 527
409 474
409 475
409 485
409 555
409 430
409 498
410 521
410 533
410 525
410 493
410 451
410 468
410 591
410 491
410 419
410 487
410 490
410 563
410 567
410 505
410 446
410 447
411 577
411 514
411 503
411 525
411 548
411 467
411 483
411 438
411 596
411 570
412 418
412 548
412 563
412 474
412 442
412 443
412 417
412 498
412 572
413 515
413 513
413 587
413 589
413 531
413 472
413 592
413 540
413 489
413 577
413 467
413 543
413 511
414 537
414 539
414 551
414 562
414 500
414 439
414 507
414 445
415 448
415 449
415 482
415 531
415 566
415 537
415 481
415 491
415 494
415 568
415 597
416 448
416 449
416 514
416 582
416 508
416 558
416 588
416 467
416 451
416 505
416 475
416 492
416 479
417 449
417 525
417 516
417 470
417 454
417 518
417 546
417 599
417 589
417 484
417 551
417 552
417 567
417 494
417 482
417 432
417 504
418 515
418 592
418 529
418 463
418 538
418 548
418 553
418 573
418 446
419 512
419 453
419 521
419 460
419 531
419 563
419 483
419 423
419 594
419 434
419 467
419 564
419 440
419 510
420 495
420 455
420 443
420 500
421 515
421 529
421 485
421 509
421 456
421 563
421 458
422 583
422 535
422 462
422 469
422 496
422 482
422 518
422 490
422 492
422 498
422 558
422 435
422 574
423 448
423 456
423 462
423 595
423 581
423 490
423 504
424 513
424 514
424 471
424 539
424 547
424 425
424 493
424 560
424 530
424 435
424 508
424 437
425 516
425 579
425 435
425 463
425 591
425 467
425 515
425 570
425 575
426 578
426 459
426 473
427 449
427 453
427 577
427 589
427 464
427 477
427 459
427 433
427 499
427 438
427 443
428 582
428 535
428 588
428 499
428 466
428 540
428 491
428 485
428 598
428 529
428 435
428 566
428 439
428 507
429 435
429 518
429 524
429 529
429 557
429 542
429 592
429 498
430 535
430 552
430 556
430 577
430 441
430 573
430 456
430 462
430 569
430 495
430 497
430 499
430 500
431 584
431 595
431 473
431 541
431 560
431 500
431 565
431 507
432 513
432 581
432 516
432 543
432 495
432 562
432 531
433 576
433 514
433 463
433 500
433 474
433 482
433 597
433 549
433 487
433 584
433 530
433 573
433 510
434 514
434 531
434 567
434 446
434 582
434 499
434 500
434 528
435 545
435 532
435 471
435 459
435 491
435 555
435 483
435 552
435 568
436 513
436 471
436 593
436 596
436 463
436 551
436 497
436 594
436 501
436 502
436 585
436 573
437 526
437 493
437 594
437 536
437 476
437 542
437 503
437 486
438 456
438 546
438 529
438 579
438 485
438 542
438 474
438 598
438 534
438 556
438 504
438 538
438 506
439 502
439 518
439 469
439 536
439 474
439 459
439 571
439 515
439 440
439 507
440 585
440 535
440 461
440 462
440 525
440 464
440 526
440 561
440 495
440 542
440 573
441 458
441 588
441 460
441 528
441 545
441 552
441 488
441 554
441 493
441 531
442 583
442 598
442 462
442 554
442 472
442 543
442 486
442 563
442 504
442 571
442 534
443 588
443 577
443 463
443 541
443 523
443 583
443 556
443 496
443 456
443 449
443 597
444 515
444 474
444 583
444 519
444 502
444 517
444 467
444 464
444 552
445 514
445 476
445 549
445 558
445 497
445 506
446 518
446 525
446 597
446 473
446 485
446 490
446 569
447 520
447 528
447 535
447 588
447 457
447 460
447 596
447 469
447 599
447 494
447 498
448 450
448 475
448 519
448 468
448 449
448 504
448 574
449 456
449 522
449 460
449 592
449 590
449 486
449 586
449 549
449 595
449 501
450 516
450 490
450 584
450 523
450 462
450 466
450 472
450 527
450 530
450 499
450 577
451 574
451 571
451 591
451 529
451 548
451 488
451 480
451 559
451 564
451 565
451 479
451 475
451 596
452 526
452 594
452 531
452 592
452 595
452 547
452 552
452 487
452 528
452 562
452 564
452 510
452 479
452 506
453 474
453 540
453 506
453 486
453 552
453 477
454 579
454 519
454 589
454 537
454 547
454 554
455 576
455 502
455 588
455 525
455 504
455 471
455 550
455 529
455 490
455 555
455 517
455 569
455 509
456 523
456 499
456 597
456 475
456 487
456 497
457 571
457 518
457 593
457 502
457 557
457 599
457 465
457 581
457 492
457 564
457 507
458 590
458 544
458 542
458 523
458 466
458 505
458 533
459 565
459 594
459 542
459 481
459 521
459 562
459 507
459 511
460 518
460 569
460 597
460 477
460 575
460 500
460 567
461 473
461 484
461 499
461 501
462 588
462 567
462 527
462 543
462 566
463 589
463 596
463 513
463 485
463 511
464 523
464 527
464 528
464 537
464 569
464 573
464 568
464 598
464 487
464 489
464 490
464 495
464 499
465 514
465 471
465 562
465 505
465 570
465 492
466 581
466 599
466 536
466 559
466 478
466 529
466 562
466 504
467 583
467 592
467 533
467 545
467 477
468 471
468 529
468 472
468 546
468 492
468 550
468 575
469 588
469 578
469 516
469 539
469 592
469 491
469 556
470 581
470 535
470 595
470 471
470 541
470 549
470 483
470 518
470 555
470 488
470 598
470 494
470 532
470 506
471 599
471 588
471 569
471 513
471 491
471 545
471 527
472 494
472 498
473 512
473 590
473 476
473 582
473 486
473 566
474 515
474 581
474 578
474 493
474 528
474 594
474 510
474 535
474 590
474 558
474 559
475 524
475 514
475 526
475 531
475 522
475 507
476 513
476 578
476 598
476 489
476 570
476 501
477 513
477 491
477 516
477 571
477 583
477 587
477 578
477 588
477 542
477 507
477 515
477 522
478 554
478 583
478 522
478 547
478 549
478 579
478 500
478 575
479 588
479 524
479 542
479 548
479 554
479 498
479 500
480 493
480 529
480 557
480 483
480 552
480 573
481 571
481 576
481 537
481 491
481 541
481 503
481 566
482 584
482 526
482 594
482 536
482 483
482 519
482 558
483 544
483 545
483 548
484 599
484 523
484 592
484 547
484 561
484 550
485 535
485 589
485 595
485 527
485 592
485 587
485 515
486 577
486 520
486 578
486 581
487 513
487 545
487 495
487 584
487 494
487 572
488 490
488 517
488 593
488 542
488 558
488 511
489 491
489 569
489 574
489 541
489 592
489 506
490 513
490 533
490 590
490 563
490 500
490 508
490 511
491 520
491 547
491 549
491 561
491 581
491 545
491 536
491 497
491 504
492 535
492 505
492 537
492 568
492 556
493 578
493 544
493 524
493 542
493 572
493 510
494 580
494 506
495 513
495 528
495 531
495 534
495 544
495 545
495 573
495 574
495 550
495 500
495 505
495 511
496 517
496 575
496 497
496 500
496 573
497 565
497 524
497 579
497 542
497 568
497 570
498 569
498 572
498 502
498 543
498 505
499 520
499 532
499 542
500 514
500 529
500 566
500 575
500 584
500 589
500 509
500 510
501 517
501 520
501 503
501 583
501 559
502 534
502 523
502 530
502 538
502 549
502 550
502 553
502 564
502 576
502 584
502 596
502 575
503 528
503 530
503 536
503 543
503 561
503 567
503 576
503 545
503 593
503 506
504 579
504 512
504 544
504 530
504 592
504 505
504 572
504 509
505 522
505 558
505 598
505 541
505 582
505 530
505 507
506 555
506 548
506 550
506 574
506 585
507 545
507 546
507 599
507 575
508 518
508 589
508 556
508 509
509 571
509 582
509 590
509 528
509 536
509 532
509 519
509 558
509 562
509 563
510 565
510 550
510 553
510 515
511 513
511 514
511 587
511 586
511 593
511 552
511 525
512 515
512 587
512 526
512 528
512 538
512 540
512 551
512 557
512 586
513 582
513 514
513 526
513 598
513 516
513 553
514 582
514 597
514 556
515 565
515 591
515 522
515 546
515 531
515 534
515 574
515 597
516 583
516 540
516 555
516 561
516 554
517 582
517 584
517 586
517 565
517 546
517 547
518 599
518 550
518 534
518 568
518 569
519 586
519 530
519 560
519 559
520 588
520 587
521 576
521 581
521 599
521 541
522 526
522 577
522 539
522 545
522 550
522 552
522 534
522 572
522 587
522 597
523 552
524 547
525 555
525 581
525 594
525 561
526 572
526 579
526 595
526 552
527 550
527 572
527 573
527 565
528 590
528 532
528 563
528 553
528 573
529 542
529 597
529 541
529 565
530 585
530 590
530 587
530 555
531 584
531 586
531 588
531 546
531 564
531 558
532 577
532 557
532 576
532 540
532 534
532 594
532 567
533 582
533 558
533 573
533 575
533 574
534 585
534 588
534 558
535 546
535 548
535 541
535 567
535 564
535 571
535 590
535 558
536 542
536 558
536 563
536 577
536 592
537 538
538 571
538 573
538 553
538 556
539 551
539 595
540 599
540 541
540 596
541 588
541 547
541 596
541 572
542 561
542 584
543 591
543 568
543 595
543 583
543 561
543 572
544 579
544 598
544 563
545 591
545 589
545 571
545 579
546 556
546 586
547 584
547 587
547 568
547 561
548 587
549 598
549 568
549 575
549 592
549 594
549 595
549 597
549 573
550 572
550 596
550 584
550 564
551 554
551 592
552 599
552 595
552 572
552 598
553 594
553 564
553 577
554 571
555 586
555 596
555 599
555 580
555 565
556 588
556 568
556 579
556 590
556 557
556 596
556 564
557 585
557 565
558 577
558 580
558 599
559 578
560 584
560 588
560 590
560 575
561 576
561 586
562 584
562 588
562 595
563 584
564 596
564 570
564 574
565 575
565 578
565 592
565 587
565 595
566 577
567 571
568 583
569 598
570 598
570 573
571 584
571 579
571 572
572 584
572 573
573 589
574 598
575 591
575 596
576 587
577 598
577 581
577 578
577 590
578 582
578 591
579 595
579 590
579 597
580 581
581 584
581 593
582 591
583 585
585 594
585 597
585 593
586 587
586 590
587 589
587 592
588 593
589 597
589 595
591 598
593 599
