1
0 3
0 335
1 46
1 71
2 4
2 29
3 343
4 184
5 109
5 284
6 138
6 187
7 107
7 312
8 52
8 298
9 30
9 399
10 50
10 184
11 235
11 324
12 93
12 356
13 175
13 387
14 32
14 122
15 269
15 348
16 286
16 318
17 63
17 311
18 136
18 361
19 277
19 351
20 119
20 299
21 326
21 389
22 235
22 357
23 125
23 171
24 57
24 354
25 167
25 326
26 107
26 210
27 247
27 264
28 188
28 314
29 89
30 166
31 193
31 197
32 87
33 261
33 369
34 39
34 167
35 168
35 284
36 142
36 281
37 241
37 352
38 183
38 384
39 65
40 121
40 168
41 155
41 178
42 173
42 367
43 152
43 352
44 69
44 281
45 213
45 346
46 151
47 136
47 341
48 253
48 302
49 153
49 195
50 189
51 230
51 340
52 126
53 98
53 285
54 75
54 169
55 233
55 279
56 350
56 363
57 143
58 365
58 393
59 62
59 207
60 93
60 317
61 321
61 333
62 296
63 223
64 82
64 365
65 134
66 347
66 388
67 254
67 269
68 221
68 372
69 124
70 76
70 200
71 391
72 95
72 379
73 106
73 396
74 88
74 201
75 220
76 120
77 211
77 226
78 183
78 330
79 316
79 372
80 160
80 320
81 114
81 141
82 322
83 116
83 128
84 118
84 268
85 127
85 268
86 248
86 294
87 199
88 205
89 169
90 138
90 395
91 147
91 363
92 240
92 349
94 173
94 238
95 263
96 108
96 195
97 152
97 208
98 346
99 279
99 399
100 248
100 324
101 229
101 351
102 190
102 374
103 219
103 387
104 242
104 397
105 241
105 292
106 289
108 321
109 130
110 356
110 384
111 212
111 339
112 154
112 331
113 214
113 341
114 121
115 132
115 259
116 137
117 172
117 311
118 218
119 345
120 287
122 221
123 283
123 397
124 158
125 345
126 336
127 285
128 276
129 142
129 359
130 252
131 149
131 196
132 220
133 198
133 275
134 146
135 289
135 322
137 185
139 143
139 200
140 146
140 180
141 260
144 307
144 380
145 283
145 286
147 159
148 191
148 275
149 204
150 216
150 360
151 378
153 357
154 340
155 217
156 325
156 383
157 246
157 304
158 181
159 376
160 237
161 258
161 360
162 203
162 260
163 273
163 377
164 193
164 375
165 288
165 355
166 318
170 252
170 255
171 189
172 329
174 291
174 308
175 297
176 267
176 274
177 243
177 317
178 180
179 231
179 327
181 293
182 201
182 223
185 253
186 203
186 256
187 258
188 218
190 233
191 210
192 308
192 386
194 257
194 314
196 280
197 250
198 217
199 348
202 245
202 359
204 251
205 211
206 330
206 347
207 378
208 332
209 292
209 390
212 394
213 246
214 271
215 242
215 382
219 303
222 234
222 389
224 267
224 396
225 272
225 353
226 306
227 266
227 280
228 293
228 338
229 366
230 334
231 377
232 290
232 342
234 278
236 254
236 328
237 337
238 370
239 385
239 393
240 294
243 334
244 319
244 349
245 376
247 315
249 362
249 371
250 368
251 392
255 296
256 305
257 380
259 362
261 398
262 323
262 337
263 278
264 368
265 301
265 369
266 338
270 367
270 374
271 306
272 323
274 282
276 366
277 313
282 300
287 394
288 350
290 298
291 320
295 301
295 344
297 364
299 342
300 355
302 386
303 354
304 361
305 373
307 344
309 332
309 364
310 358
310 381
312 343
313 383
315 395
316 385
319 392
325 331
327 336
328 375
329 358
333 373
335 381
339 370
353 391
371 382
379 390
388 398
400 273
401 216
-1 -1
1.77499
