1
0 562
0 591
1 354
1 495
2 92
2 285
3 520
3 378
4 498
4 462
5 278
5 47
6 33
6 387
7 110
7 400
8 432
8 317
9 205
9 20
10 395
10 30
11 240
11 111
12 558
12 413
13 358
13 49
14 556
14 19
15 162
15 17
16 466
16 245
17 513
18 307
18 89
19 172
20 194
21 458
21 118
22 464
22 43
23 385
23 355
24 487
24 301
25 115
25 434
26 277
26 298
27 334
27 52
28 65
28 289
29 434
29 204
30 459
31 376
31 554
32 370
32 57
33 85
34 131
34 198
35 96
35 66
36 557
36 437
37 559
37 77
38 196
38 206
39 544
39 476
40 425
40 446
41 584
41 505
42 421
42 302
43 270
44 397
44 93
45 116
45 313
46 88
46 245
47 584
48 409
48 156
49 199
50 336
50 180
51 401
51 403
52 552
53 555
53 104
54 438
54 55
55 464
56 419
56 567
57 311
58 291
58 506
59 515
59 72
60 177
60 443
61 131
61 582
62 327
62 427
63 144
63 329
64 234
64 375
65 172
66 70
67 208
67 447
68 272
68 91
69 494
69 415
70 580
71 99
71 414
72 598
73 548
73 122
74 418
74 435
75 402
75 380
76 391
76 423
77 599
78 353
78 478
79 467
79 293
80 295
80 397
81 419
81 441
82 506
82 426
83 409
83 574
84 130
84 174
85 501
86 470
86 522
87 154
87 471
88 159
89 383
90 535
90 249
91 319
92 276
93 280
94 509
94 167
95 109
96 151
97 496
97 330
98 229
98 479
99 185
100 165
100 123
101 576
101 408
102 353
102 449
103 486
103 588
104 206
105 579
105 308
106 290
106 127
107 169
107 381
108 328
108 168
109 324
110 207
111 443
112 288
112 231
113 299
113 286
114 192
114 147
115 318
116 121
117 547
117 529
118 450
119 594
119 438
120 454
120 463
121 349
122 383
123 243
124 386
124 484
125 215
125 218
126 555
126 533
127 232
128 545
128 491
129 416
129 218
130 182
132 460
132 173
133 209
133 389
134 559
134 338
135 251
135 229
136 354
136 314
137 324
137 350
138 230
138 294
139 404
139 507
140 268
140 151
141 208
141 221
142 368
142 281
143 435
143 275
144 196
145 270
145 597
146 573
146 189
147 469
148 335
148 216
149 513
149 365
150 203
150 527
152 362
152 287
153 199
153 365
154 407
155 523
155 501
156 396
157 546
157 481
158 571
158 254
159 304
160 321
160 428
161 222
161 330
162 440
163 310
163 265
164 452
164 503
165 596
166 449
166 553
167 561
168 423
169 352
170 535
170 399
171 519
171 215
173 287
174 222
175 277
175 214
176 599
176 539
177 345
178 430
178 367
179 566
179 565
180 525
181 480
181 360
182 274
183 572
183 589
184 342
184 377
185 433
186 322
186 377
187 226
187 374
188 371
188 564
189 525
190 305
190 309
191 583
191 445
192 256
193 263
193 533
194 597
195 341
195 528
197 593
197 250
198 386
200 252
200 381
201 209
201 492
202 257
202 343
203 425
204 422
205 362
207 267
210 439
210 236
211 292
211 325
212 461
212 347
213 585
213 253
214 593
216 493
217 303
217 570
219 457
219 485
220 310
220 485
221 499
223 416
223 396
224 390
224 364
225 269
225 275
226 429
227 322
227 356
228 484
228 338
230 526
231 309
232 477
233 290
233 390
234 524
235 527
235 531
236 532
237 260
237 319
238 407
238 534
239 470
239 510
240 453
241 242
241 473
242 375
243 436
244 454
244 517
246 345
246 540
247 392
247 522
248 468
248 250
249 394
251 289
252 379
253 346
254 550
255 563
255 504
256 394
257 588
258 560
258 346
259 553
259 389
260 468
261 586
261 473
262 557
262 415
263 333
264 356
264 446
265 331
266 452
266 500
267 447
268 481
269 341
271 366
271 411
272 516
273 372
273 474
274 332
276 574
278 451
279 483
279 558
280 349
281 295
282 490
282 316
283 526
283 444
284 358
284 393
285 342
286 405
288 483
291 312
292 536
293 536
294 296
296 455
297 440
297 395
298 543
299 457
300 357
300 385
301 445
302 361
303 497
304 312
305 351
306 424
306 471
307 512
308 523
311 461
313 530
314 316
315 583
315 411
317 361
318 337
320 500
320 570
321 413
323 487
323 552
325 476
326 450
326 494
327 422
328 428
329 398
331 348
332 406
333 587
334 388
335 591
336 509
337 417
339 420
339 572
340 537
340 344
343 439
344 420
347 497
350 565
351 398
352 499
355 592
357 496
359 568
359 490
360 378
363 549
363 569
364 508
366 538
367 380
368 592
369 539
369 460
370 573
371 463
372 556
373 504
373 541
374 376
379 426
382 561
382 478
384 393
384 401
387 520
388 474
391 590
392 492
399 482
400 462
402 594
403 595
404 453
405 554
406 451
408 537
410 578
410 465
412 580
412 531
414 578
417 444
418 465
421 585
424 436
427 560
429 517
430 508
431 511
431 540
432 569
433 519
437 467
441 532
442 546
442 479
448 563
448 571
455 486
456 545
456 590
458 598
459 530
466 582
469 575
472 551
472 589
475 514
475 542
477 495
480 548
482 577
488 547
488 518
489 529
489 505
491 564
493 538
498 521
502 518
502 507
503 550
510 577
511 524
512 568
514 534
515 596
516 551
521 576
528 579
541 562
542 581
543 586
544 567
549 595
566 581
575 587
600 95
601 348
-1 -1
7.99421
