1
0 41
0 58
1 139
1 171
2 11
2 439
3 286
3 377
4 7
4 323
5 172
5 328
6 228
6 340
7 257
8 31
8 50
9 125
9 145
10 430
10 492
11 143
12 31
12 62
13 349
13 401
14 154
14 451
15 54
15 77
16 351
16 407
17 277
17 390
18 315
18 405
19 239
19 377
20 271
20 478
21 53
21 110
22 235
22 313
23 353
23 362
24 154
24 490
25 354
25 496
26 380
26 402
27 352
27 436
28 141
28 299
29 196
29 329
30 290
30 450
32 218
32 256
33 369
33 433
34 234
34 489
35 203
35 329
36 106
36 384
37 286
37 348
38 131
38 152
39 111
39 134
40 188
40 298
41 453
42 280
42 302
43 486
43 487
44 370
44 411
45 92
45 212
46 216
46 298
47 131
47 210
48 219
48 326
49 391
49 410
50 483
51 100
51 149
52 343
52 488
53 89
54 195
55 230
55 316
56 303
56 345
57 332
57 418
58 132
59 468
59 482
60 191
60 360
61 300
61 317
62 270
63 184
63 309
64 142
64 466
65 253
65 290
66 244
66 311
67 156
67 190
68 356
68 452
69 381
69 479
70 404
70 476
71 111
71 225
72 276
72 315
73 133
73 247
74 446
74 450
75 336
75 494
76 189
76 322
77 92
78 230
79 241
79 289
80 277
80 372
81 84
81 217
82 238
82 335
83 193
83 397
84 282
85 147
85 316
86 175
86 255
87 155
87 469
88 191
88 347
89 153
90 251
90 295
91 231
91 368
93 136
93 203
94 285
94 415
95 180
95 449
96 359
96 364
97 231
97 302
98 238
98 445
99 398
99 420
100 177
101 243
101 355
102 122
102 166
103 117
103 463
104 226
104 361
105 142
105 441
106 260
107 194
107 222
108 417
108 457
109 288
109 310
110 387
112 204
112 261
113 210
113 397
114 440
114 444
115 262
115 420
116 165
116 387
117 431
118 158
118 428
119 299
119 465
120 301
120 473
121 228
121 422
122 341
123 167
123 357
124 394
124 412
125 265
126 233
126 412
127 220
127 358
128 291
128 403
129 197
129 258
130 398
130 486
132 158
133 169
134 211
135 215
135 419
136 469
137 268
137 461
138 181
138 466
139 320
140 160
140 463
141 319
143 443
144 445
144 489
145 182
146 197
146 235
147 179
148 245
148 467
149 484
150 221
150 283
151 202
151 266
152 446
153 441
155 332
156 385
157 167
157 183
159 451
159 497
160 213
161 170
161 422
162 227
162 435
163 223
163 461
164 436
164 471
165 464
166 479
168 314
168 460
169 454
170 347
171 493
172 470
173 185
173 417
174 273
174 459
175 442
176 261
176 448
177 374
178 214
178 219
179 452
180 253
181 209
182 201
183 306
184 425
185 266
186 355
186 371
187 309
187 456
188 371
189 485
190 274
192 218
192 334
193 481
194 492
195 248
196 481
198 353
198 370
199 273
199 429
200 331
200 456
201 339
202 423
204 458
205 275
205 391
206 308
206 389
207 240
207 447
208 281
208 330
209 233
211 474
212 320
213 427
214 324
215 236
216 424
217 356
220 263
221 351
222 337
223 399
224 304
224 312
225 244
226 307
227 294
229 252
229 401
232 251
232 264
234 480
236 455
237 301
237 363
239 408
240 382
241 365
242 282
242 392
243 444
245 490
246 449
246 482
247 373
248 342
249 344
249 499
250 313
250 319
252 284
254 257
254 414
255 265
256 267
258 280
259 448
259 496
260 283
262 375
263 348
264 331
267 470
268 294
269 453
269 424
270 393
271 317
272 374
272 478
274 361
275 472
276 414
278 364
278 426
279 472
279 499
281 418
284 379
285 293
287 325
287 352
288 325
289 312
291 323
292 333
292 366
293 343
295 385
296 465
296 480
297 333
297 342
300 328
303 327
304 335
305 308
305 381
306 498
307 360
310 400
311 392
314 415
318 410
318 464
321 346
321 443
322 432
324 350
326 402
327 438
330 404
334 491
336 438
337 458
338 349
338 376
339 368
340 435
341 344
345 379
346 394
350 367
354 483
357 477
358 380
359 373
362 393
363 485
365 416
366 429
367 372
369 498
375 462
376 487
378 460
378 493
382 484
383 421
383 455
384 388
386 477
386 494
388 395
389 407
390 416
395 406
396 408
396 457
399 447
400 495
403 475
405 467
406 440
409 411
409 425
413 433
413 442
419 437
421 459
423 468
426 475
427 428
430 488
431 476
432 434
434 474
437 495
454 471
462 491
473 497
500 78
501 439
-1 -1
2.50572
