800 12860
0 320
0 384
0 322
0 342
0 545
0 397
0 694
0 150
0 408
0 90
0 347
0 86
0 346
0 30
0 496
0 419
0 357
0 40
0 681
0 554
0 598
0 622
0 495
0 48
0 498
0 502
0 737
0 127
1 513
1 516
1 646
1 774
1 330
1 139
1 143
1 720
1 338
1 787
1 660
1 85
1 218
1 335
1 604
1 250
1 547
1 229
1 796
1 348
1 495
1 758
1 788
1 378
1 315
1 10
2 130
2 515
2 388
2 199
2 648
2 311
2 80
2 530
2 723
2 41
2 794
2 796
2 158
2 543
2 673
2 418
2 548
2 37
2 102
2 231
2 552
2 425
2 363
2 722
2 430
2 496
2 689
2 54
2 233
2 632
2 341
3 149
3 133
3 6
3 7
3 307
3 12
3 653
3 782
3 399
3 16
3 46
3 790
3 413
3 294
3 690
3 174
3 797
3 270
3 435
3 692
3 181
3 323
3 582
3 587
3 461
3 592
3 237
3 597
3 215
3 88
3 602
3 527
3 732
3 734
3 123
3 228
3 232
3 746
3 365
3 113
3 116
3 255
3 686
3 639
4 224
4 627
4 386
4 35
4 617
4 371
4 397
4 559
4 336
4 619
4 243
4 436
4 341
4 471
4 724
4 410
4 751
4 395
4 797
4 693
5 193
5 195
5 324
5 72
5 780
5 714
5 76
5 589
5 335
5 24
5 274
5 707
5 150
5 697
5 472
5 94
5 608
5 419
5 747
5 236
5 173
5 623
5 240
5 328
5 52
5 245
5 696
5 569
5 442
5 443
5 446
6 448
6 65
6 642
6 325
6 518
6 519
6 12
6 397
6 206
6 15
6 211
6 151
6 461
6 219
6 539
6 541
6 719
6 229
6 289
6 418
6 291
6 165
6 486
6 688
6 355
6 238
6 240
6 677
6 116
6 373
6 183
6 184
6 121
6 511
6 573
6 255
7 513
7 450
7 646
7 456
7 9
7 714
7 204
7 525
7 209
7 659
7 20
7 277
7 593
7 346
7 477
7 478
7 359
7 43
7 93
7 177
7 660
7 222
7 566
7 119
7 771
7 121
8 706
8 11
8 132
8 278
8 777
8 459
8 204
8 141
8 398
8 693
8 340
8 534
8 535
8 793
8 156
8 165
8 651
8 229
8 615
8 680
8 305
8 437
8 630
8 375
8 57
8 510
8 117
9 128
9 640
9 194
9 196
9 69
9 456
9 651
9 663
9 269
9 718
9 336
9 145
9 402
9 275
9 782
9 535
9 120
9 30
9 32
9 353
9 296
9 41
9 623
9 617
9 376
9 700
9 345
10 192
10 450
10 451
10 133
10 582
10 776
10 75
10 781
10 526
10 710
10 723
10 20
10 85
10 793
10 618
10 476
10 734
10 225
10 98
10 357
10 166
10 554
10 491
10 428
10 110
10 55
10 633
10 125
10 654
11 704
11 321
11 68
11 137
11 651
11 460
11 653
11 776
11 141
11 17
11 227
11 660
11 728
11 410
11 591
11 419
11 678
11 167
11 795
11 483
11 241
11 83
11 564
11 437
11 697
11 508
11 701
11 446
12 565
12 452
12 790
12 455
12 457
12 395
12 333
12 142
12 719
12 464
12 146
12 579
12 334
12 534
12 411
12 542
12 479
12 418
12 507
12 228
12 167
12 554
12 82
12 369
12 498
12 179
12 372
12 181
12 521
12 123
12 61
12 638
12 405
13 771
13 324
13 118
13 262
13 72
13 521
13 587
13 77
13 206
13 143
13 337
13 722
13 717
13 411
13 48
13 98
13 283
13 454
13 41
13 682
13 171
13 620
13 240
13 689
13 52
13 310
13 380
13 573
13 510
14 539
14 65
14 603
14 67
14 389
14 134
14 583
14 264
14 777
14 522
14 727
14 140
14 77
14 718
14 717
14 464
14 341
14 471
14 782
14 346
14 219
14 544
14 353
14 283
14 612
14 421
14 489
14 775
14 750
14 495
14 752
14 434
14 52
14 53
14 310
14 760
14 533
14 383
15 576
15 258
15 519
15 648
15 172
15 74
15 524
15 591
15 272
15 721
15 211
15 340
15 153
15 282
15 604
15 479
15 355
15 292
15 428
15 685
15 749
15 51
15 500
15 181
15 440
15 788
15 693
16 133
16 777
16 394
16 524
16 659
16 276
16 366
16 22
16 154
16 29
16 773
16 416
16 496
16 547
16 292
16 166
16 428
16 430
16 175
16 562
16 563
16 308
16 94
16 572
16 61
16 53
16 195
16 330
16 715
16 462
16 340
16 342
16 606
16 351
16 662
16 361
16 106
16 363
16 622
16 111
16 624
16 374
16 504
16 377
16 509
16 661
17 571
17 68
17 455
17 795
17 329
17 714
17 142
17 81
17 531
17 398
17 772
17 559
17 539
17 606
17 350
17 737
17 546
17 35
17 231
17 40
17 299
17 172
17 637
17 750
17 239
17 703
17 83
17 94
17 379
17 590
17 125
17 405
18 129
18 587
18 641
18 486
18 74
18 331
18 759
18 400
18 530
18 279
18 152
18 347
18 606
18 783
18 720
18 354
18 228
18 165
18 38
18 615
18 743
18 191
18 495
18 254
18 695
18 249
18 187
18 138
18 382
18 319
19 512
19 385
19 706
19 644
19 133
19 650
19 71
19 265
19 522
19 141
19 681
19 527
19 210
19 276
19 213
19 745
19 600
19 667
19 541
19 589
19 289
19 226
19 572
19 234
19 107
19 711
19 623
19 625
19 436
19 55
19 184
19 500
19 763
19 316
19 490
20 768
20 129
20 726
20 135
20 206
20 429
20 145
20 531
20 724
20 718
20 534
20 90
20 284
20 223
20 685
20 657
20 107
20 365
20 758
20 595
20 126
20 118
20 631
20 569
20 378
20 572
20 125
20 254
20 703
21 160
21 470
21 327
21 457
21 503
21 271
21 145
21 147
21 468
21 597
21 86
21 471
21 88
21 154
21 399
21 348
21 797
21 517
21 96
21 97
21 627
21 690
21 676
21 677
21 614
21 618
21 114
21 726
21 689
21 242
21 435
21 724
21 757
21 739
21 119
21 596
21 186
21 124
21 319
22 386
22 771
22 132
22 390
22 582
22 578
22 270
22 337
22 724
22 469
22 406
22 280
22 452
22 152
22 766
22 419
22 101
22 102
22 619
22 48
22 497
22 244
22 245
22 699
22 126
22 191
23 64
23 70
23 583
23 714
23 247
23 460
23 749
23 440
23 531
23 215
23 344
23 539
23 92
23 482
23 295
23 679
23 242
23 624
23 370
23 307
23 692
23 626
23 438
23 375
23 568
23 787
23 443
23 188
24 321
24 68
24 140
24 83
24 708
24 284
24 93
24 741
24 355
24 292
24 678
24 102
24 167
24 168
24 41
24 234
24 43
24 743
24 173
24 367
24 370
24 692
24 437
24 184
24 124
25 64
25 513
25 54
25 701
25 641
25 776
25 713
25 396
25 653
25 142
25 749
25 528
25 274
25 596
25 149
25 598
25 640
25 476
25 730
25 572
25 352
25 225
25 226
25 291
25 241
25 540
25 42
25 555
25 237
25 302
25 367
25 305
25 118
25 119
25 315
25 444
25 573
25 654
26 128
26 257
26 132
26 325
26 321
26 200
26 329
26 651
26 268
26 78
26 274
26 547
26 212
26 215
26 792
26 89
26 27
26 687
26 709
26 352
26 757
26 419
26 164
26 486
26 167
26 232
26 455
26 301
26 711
26 111
26 176
26 691
26 675
26 377
26 59
26 637
26 559
26 693
27 385
27 195
27 325
27 391
27 585
27 524
27 34
27 717
27 786
27 531
27 532
27 670
27 286
27 543
27 226
27 617
27 426
27 364
27 581
27 50
27 435
27 436
27 437
27 118
27 247
27 468
27 763
27 757
28 513
28 194
28 773
28 594
28 456
28 450
28 717
28 209
28 274
28 469
28 151
28 282
28 604
28 543
28 481
28 34
28 165
28 617
28 684
28 173
28 223
28 328
28 242
28 116
28 757
28 187
28 637
28 382
28 511
29 544
29 132
29 726
29 774
29 329
29 332
29 269
29 78
29 88
29 86
29 280
29 324
29 283
29 476
29 96
29 225
29 603
29 741
29 742
29 39
29 40
29 105
29 170
29 743
29 684
29 493
29 746
29 772
29 176
29 179
29 52
29 638
29 566
29 567
29 632
29 377
29 554
29 254
29 639
30 683
30 267
30 77
30 78
30 719
30 400
30 659
30 404
30 341
30 726
30 793
30 537
30 284
30 96
30 225
30 34
30 611
30 101
30 680
30 105
30 107
30 236
30 176
30 177
30 723
30 373
30 368
30 521
30 364
30 444
30 445
31 324
31 309
31 326
31 72
31 206
31 789
31 656
31 145
31 724
31 341
31 342
31 408
31 510
31 152
31 475
31 154
31 543
31 480
31 163
31 454
31 792
31 636
31 554
31 44
31 430
31 93
31 368
31 520
31 306
31 181
31 758
31 314
31 799
31 572
31 381
31 190
31 319
32 261
32 646
32 74
32 211
32 222
32 543
32 352
32 289
32 98
32 99
32 36
32 425
32 428
32 750
32 432
32 690
32 499
32 501
32 233
32 56
32 62
33 640
33 386
33 579
33 390
33 391
33 520
33 151
33 781
33 791
33 149
33 790
33 599
33 664
33 412
33 477
33 542
33 544
33 679
33 779
33 427
33 428
33 750
33 303
33 241
33 627
33 308
33 119
33 505
33 703
34 704
34 321
34 751
34 747
34 439
34 513
34 55
34 418
34 158
34 145
34 467
34 532
34 213
34 599
34 152
34 721
34 221
34 415
34 224
34 794
34 162
34 614
34 617
34 744
34 476
34 170
34 491
34 47
34 372
34 350
34 247
34 442
34 190
34 53
35 799
35 635
35 197
35 763
35 329
35 331
35 141
35 685
35 771
35 404
35 150
35 730
35 325
35 480
35 225
35 443
35 781
35 683
35 295
35 232
35 361
35 171
35 172
35 671
35 110
35 787
35 630
35 183
35 504
35 735
35 251
35 636
35 382
35 447
36 69
36 711
36 791
36 140
36 81
36 466
36 483
36 661
36 726
36 249
36 409
36 283
36 221
36 751
36 546
36 291
36 166
36 308
36 105
36 682
36 775
36 733
36 692
36 564
36 310
36 361
36 184
36 633
36 634
36 510
37 591
37 389
37 582
37 328
37 522
37 111
37 652
37 258
37 462
37 269
37 90
37 463
37 346
37 453
37 480
37 549
37 666
37 178
37 232
37 41
37 362
37 109
37 175
37 49
37 434
37 371
37 574
37 630
37 505
37 190
38 704
38 513
38 258
38 323
38 755
38 454
38 521
38 279
38 140
38 334
38 463
38 598
38 215
38 408
38 218
38 143
38 732
38 349
38 543
38 738
38 603
38 779
38 681
38 303
38 49
38 563
38 564
38 633
38 60
38 573
38 127
39 672
39 650
39 515
39 260
39 70
39 136
39 586
39 535
39 524
39 461
39 79
39 592
39 465
39 275
39 622
39 463
39 495
39 472
39 644
39 219
39 284
39 527
39 415
39 653
39 717
39 507
39 484
39 454
39 166
39 106
39 93
39 367
39 787
39 628
39 605
39 184
39 505
39 504
39 187
39 317
39 318
39 715
40 773
40 326
40 201
40 396
40 418
40 271
40 208
40 531
40 85
40 470
40 603
40 476
40 540
40 162
40 358
40 166
40 497
40 297
40 43
40 365
40 369
40 140
40 118
40 631
40 332
40 505
40 315
41 646
41 763
41 648
41 524
41 784
41 793
41 539
41 670
41 671
41 290
41 549
41 171
41 428
41 430
41 561
41 694
41 457
41 188
41 704
41 705
41 196
41 182
41 327
41 716
41 204
41 642
41 343
41 728
41 730
41 732
41 609
41 482
41 379
41 228
41 316
41 106
41 365
41 495
41 241
41 626
41 631
41 121
41 635
41 253
42 640
42 182
42 776
42 650
42 546
42 526
42 655
42 788
42 534
42 540
42 226
42 101
42 104
42 617
42 746
42 171
42 558
42 561
42 690
42 694
42 189
42 511
43 384
43 386
43 643
43 439
43 454
43 137
43 139
43 716
43 717
43 81
43 339
43 84
43 149
43 87
43 346
43 667
43 410
43 613
43 608
43 98
43 763
43 421
43 298
43 299
43 500
43 624
43 552
43 244
43 447
43 215
43 212
43 789
43 123
43 60
43 382
43 341
44 128
44 321
44 324
44 326
44 713
44 78
44 465
44 467
44 149
44 89
44 476
44 285
44 160
44 99
44 356
44 101
44 615
44 168
44 169
44 431
44 123
44 510
44 694
44 654
44 377
44 251
44 508
44 382
44 565
45 384
45 705
45 195
45 136
45 111
45 461
45 207
45 336
45 273
45 687
45 697
45 280
45 399
45 442
45 222
45 799
45 400
45 93
45 494
45 495
45 48
45 691
45 606
45 438
45 119
45 696
45 624
45 314
45 63
46 70
46 584
46 715
46 396
46 269
46 526
46 273
46 147
46 724
46 598
46 474
46 219
46 154
46 410
46 646
46 177
46 744
46 233
46 555
46 558
46 497
46 755
46 308
46 121
46 123
47 769
47 66
47 324
47 790
47 712
47 393
47 267
47 76
47 145
47 466
47 278
47 676
47 92
47 777
47 350
47 159
47 672
47 164
47 614
47 615
47 104
47 713
47 235
47 492
47 679
47 432
47 178
47 180
47 457
47 317
47 62
48 129
48 195
48 516
48 70
48 263
48 393
48 459
48 780
48 782
48 275
48 276
48 470
48 600
48 541
48 160
48 295
48 619
48 556
48 662
48 693
48 310
48 377
48 762
48 508
48 637
48 62
49 672
49 386
49 259
49 324
49 582
49 519
49 748
49 395
49 460
49 206
49 399
49 657
49 530
49 339
49 154
49 539
49 348
49 736
49 224
49 417
49 587
49 292
49 168
49 323
49 299
49 620
49 433
49 693
49 119
49 504
49 314
49 737
49 319
50 65
50 130
50 516
50 780
50 770
50 334
50 80
50 593
50 84
50 782
50 791
50 600
50 410
50 431
50 733
50 350
50 95
50 672
50 290
50 165
50 422
50 745
50 618
50 696
50 303
50 753
50 499
50 702
50 568
50 798
50 735
50 638
50 447
51 321
51 194
51 323
51 580
51 262
51 577
51 73
51 522
51 396
51 526
51 784
51 352
51 147
51 404
51 341
51 150
51 736
51 95
51 288
51 688
51 418
51 100
51 359
51 649
51 745
51 683
51 515
51 766
51 329
51 505
51 250
51 571
51 510
52 128
52 704
52 66
52 200
52 74
52 205
52 785
52 594
52 404
52 470
52 474
52 284
52 543
52 288
52 673
52 602
52 357
52 614
52 615
52 194
52 557
52 623
52 112
52 436
52 441
52 688
52 666
52 383
53 705
53 386
53 107
53 263
53 73
53 354
53 207
53 466
53 403
53 302
53 727
53 655
53 314
53 491
53 526
53 678
53 486
53 489
53 363
53 428
53 557
53 366
53 797
53 304
53 625
53 339
53 707
53 739
53 122
53 635
53 380
53 61
53 556
54 771
54 388
54 630
54 520
54 777
54 586
54 791
54 565
54 399
54 528
54 466
54 404
54 150
54 727
54 408
54 157
54 798
54 479
54 96
54 233
54 127
54 274
54 175
54 624
54 625
54 562
54 594
54 181
54 246
54 617
54 507
54 572
54 190
54 309
55 320
55 65
55 581
55 198
55 199
55 73
55 331
55 205
55 527
55 784
55 227
55 84
55 536
55 411
55 92
55 557
55 546
55 673
55 99
55 448
55 796
55 233
55 327
55 257
55 109
55 303
55 304
55 749
55 115
55 569
55 634
55 607
55 202
55 126
56 75
56 582
56 711
56 521
56 266
56 331
56 568
56 531
56 662
56 299
56 329
56 491
56 353
56 99
56 297
56 555
56 749
56 625
56 643
56 309
56 649
56 632
56 699
56 703
57 705
57 580
57 455
57 330
57 779
57 270
57 207
57 728
57 531
57 468
57 341
57 662
57 664
57 729
57 603
57 540
57 93
57 719
57 681
57 491
57 173
57 366
57 765
57 690
57 312
57 788
57 253
58 450
58 580
58 645
58 200
58 791
58 793
58 270
58 656
58 277
58 409
58 664
58 612
58 411
58 477
58 484
58 424
58 618
58 684
58 494
58 367
58 374
58 568
58 767
59 128
59 192
59 706
59 684
59 135
59 620
59 727
59 269
59 398
59 333
59 144
59 320
59 594
59 547
59 85
59 86
59 281
59 88
59 217
59 732
59 90
59 357
59 400
59 227
59 422
59 229
59 230
59 167
59 236
59 173
59 449
59 723
59 464
59 118
59 183
59 722
59 737
59 383
60 256
60 642
60 390
60 521
60 394
60 716
60 143
60 710
60 786
60 788
60 405
60 88
60 666
60 738
60 422
60 231
60 488
60 169
60 618
60 621
60 743
60 496
60 499
60 183
60 633
60 634
60 443
61 718
61 542
61 196
61 455
61 393
61 695
61 334
61 145
61 707
61 468
61 716
61 726
61 798
61 408
61 772
61 346
61 93
61 350
61 162
61 391
61 639
61 617
61 199
61 300
61 623
61 560
61 433
61 521
61 569
61 428
61 124
61 511
62 448
62 129
62 747
62 772
62 133
62 321
62 586
62 203
62 653
62 79
62 81
62 339
62 148
62 495
62 669
62 496
62 91
62 740
62 683
62 560
62 595
62 373
62 506
62 316
62 701
62 446
63 260
63 389
63 585
63 295
63 332
63 138
63 619
63 364
63 334
63 784
63 721
63 692
63 521
63 791
63 343
63 218
63 154
63 221
63 446
63 735
64 705
64 603
64 797
64 519
64 136
64 393
64 266
64 141
64 79
64 465
64 722
64 468
64 662
64 475
64 442
64 798
64 544
64 98
64 547
64 444
64 746
64 733
64 437
64 630
64 510
64 376
64 506
64 508
64 125
64 202
65 799
65 731
65 579
65 644
65 327
65 136
65 695
65 783
65 770
65 593
65 402
65 252
65 278
65 729
65 666
65 411
65 572
65 351
65 480
65 545
65 603
65 425
65 555
65 172
65 174
65 175
65 700
65 499
65 566
65 297
65 378
65 763
65 380
65 125
66 640
66 449
66 710
66 330
66 332
66 594
66 725
66 342
66 343
66 687
66 670
66 416
66 427
66 466
66 560
66 625
66 563
66 116
66 378
66 510
67 512
67 611
67 195
67 69
67 769
67 592
67 402
67 275
67 212
67 526
67 214
67 215
67 219
67 284
67 378
67 261
67 160
67 291
67 102
67 616
67 636
67 426
67 403
67 773
67 447
67 247
67 120
67 121
67 122
67 379
67 406
67 509
67 276
68 193
68 514
68 132
68 581
68 327
68 397
68 784
68 608
68 540
68 478
68 224
68 225
68 613
68 230
68 476
68 492
68 749
68 752
68 497
68 435
68 501
68 681
68 442
68 379
68 764
69 577
69 503
69 200
69 648
69 267
69 140
69 424
69 259
69 406
69 345
69 89
69 538
69 528
69 611
69 230
69 360
69 713
69 363
69 639
69 751
69 112
69 369
69 211
69 374
69 265
69 250
69 251
69 765
69 575
70 733
70 323
70 644
70 133
70 393
70 140
70 770
70 84
70 789
70 726
70 602
70 346
70 218
70 90
70 166
70 297
70 684
70 173
70 93
70 178
70 254
70 777
70 446
71 258
71 260
71 773
71 326
71 780
71 330
71 139
71 268
71 271
71 337
71 339
71 529
71 662
71 472
71 665
71 346
71 79
71 414
71 650
71 480
71 289
71 98
71 483
71 676
71 485
71 783
71 145
71 681
71 679
71 492
71 173
71 689
71 222
71 246
71 376
71 441
71 572
71 253
71 757
72 386
72 196
72 609
72 716
72 523
72 204
72 654
72 493
72 402
72 797
72 673
72 536
72 580
72 410
72 154
72 350
72 417
72 295
72 233
72 274
72 686
72 431
72 563
72 182
72 377
72 250
72 507
72 124
73 576
73 770
73 439
73 261
73 746
73 469
73 140
73 461
73 79
73 693
73 84
73 85
73 662
73 87
73 536
73 89
73 90
73 219
73 98
73 548
73 399
73 361
73 170
73 491
73 621
73 686
73 113
73 755
73 309
73 438
73 311
73 120
73 738
73 123
73 490
73 371
74 647
74 599
74 140
74 536
74 402
74 406
74 87
74 216
74 153
74 666
74 463
74 735
74 667
74 740
74 102
74 425
74 426
74 108
74 557
74 495
74 786
74 177
74 628
74 378
74 381
75 129
75 235
75 261
75 257
75 328
75 268
75 269
75 335
75 120
75 530
75 739
75 149
75 472
75 282
75 751
75 220
75 670
75 507
75 486
75 422
75 604
75 298
75 363
75 493
75 559
75 136
75 562
75 787
75 308
75 693
75 764
75 447
75 124
75 650
75 213
76 128
76 258
76 196
76 326
76 327
76 714
76 204
76 525
76 717
76 656
76 339
76 642
76 599
76 667
76 348
76 94
76 101
76 744
76 685
76 176
76 439
76 124
77 384
77 452
77 581
77 199
77 520
77 142
77 653
77 208
77 81
77 723
77 212
77 790
77 279
77 542
77 574
77 606
77 221
77 222
77 95
77 482
77 355
77 420
77 102
77 679
77 168
77 617
77 107
77 110
77 605
77 776
77 114
77 763
77 309
77 762
77 479
77 510
78 640
78 386
78 324
78 135
78 172
78 471
78 589
78 462
78 208
78 466
78 147
78 90
78 343
78 796
78 798
78 292
78 585
78 231
78 297
78 426
78 235
78 176
78 753
78 703
78 659
78 503
78 457
78 121
78 123
78 701
78 190
78 511
79 756
79 755
79 415
79 710
79 328
79 394
79 268
79 493
79 721
79 210
79 275
79 725
79 343
79 218
79 219
79 410
79 478
79 351
79 611
79 639
79 338
79 109
79 558
79 477
79 368
79 497
79 648
79 308
79 373
79 246
79 313
79 379
79 767
79 573
79 309
80 480
80 515
80 710
80 733
80 629
80 141
80 399
80 336
80 707
80 578
80 597
80 470
80 282
80 219
80 477
80 350
80 352
80 225
80 418
80 682
80 172
80 750
80 221
80 433
80 436
80 222
80 694
80 376
80 186
80 501
81 695
81 643
81 455
81 712
81 201
81 138
81 439
81 460
81 782
81 722
81 276
81 706
81 220
81 158
81 95
81 507
81 721
81 238
81 239
81 564
81 670
81 375
81 505
81 119
81 189
82 389
82 331
82 782
82 470
82 663
82 89
82 730
82 732
82 572
82 496
82 291
82 743
82 680
82 169
82 554
82 560
82 242
82 435
82 564
82 374
82 745
82 506
82 763
82 636
82 125
82 575
83 449
83 770
83 182
83 776
83 523
83 143
83 400
83 406
83 279
83 729
83 92
83 157
83 287
83 421
83 657
83 156
83 180
83 438
83 183
83 122
83 123
83 380
84 768
84 520
84 648
84 525
84 590
84 749
84 721
84 148
84 278
84 727
84 281
84 218
84 559
84 491
84 159
84 683
84 422
84 426
84 427
84 174
84 239
84 433
84 370
84 372
84 693
84 628
84 377
84 223
84 444
85 514
85 577
85 463
85 528
85 593
85 483
85 343
85 664
85 409
85 348
85 797
85 606
85 415
85 416
85 99
85 554
85 496
85 434
85 311
85 569
86 193
86 213
86 363
86 516
86 639
86 139
86 721
86 145
86 580
86 538
86 732
86 482
86 420
86 359
86 232
86 361
86 561
86 295
86 493
86 497
86 757
86 502
86 702
86 511
87 384
87 194
87 715
87 644
87 371
87 652
87 386
87 525
87 146
87 275
87 215
87 88
87 797
87 416
87 673
87 717
87 100
87 369
87 649
87 361
87 697
87 561
87 307
87 567
87 569
87 317
88 513
88 667
88 133
88 779
88 332
88 269
88 387
88 726
88 539
88 668
88 645
88 422
88 429
88 113
88 690
88 319
88 377
88 314
88 379
88 509
88 575
89 539
89 523
89 647
89 139
89 716
89 594
89 340
89 598
89 185
89 536
89 409
89 283
89 224
89 767
89 419
89 556
89 175
89 176
89 786
89 253
89 180
89 236
89 503
89 404
89 506
89 763
89 188
89 381
89 245
90 718
90 387
90 264
90 727
90 273
90 451
90 398
90 441
90 414
90 95
90 289
90 547
90 740
90 102
90 532
90 159
90 430
90 765
90 305
90 467
90 350
90 462
90 313
90 124
90 622
90 565
91 384
91 544
91 566
91 326
91 135
91 525
91 717
91 400
91 594
91 211
91 212
91 469
91 625
91 730
91 478
91 415
91 96
91 225
91 674
91 646
91 497
91 487
91 617
91 647
91 301
91 241
91 306
91 373
91 246
91 632
91 276
91 735
91 637
91 191
92 128
92 512
92 614
92 205
92 462
92 365
92 531
92 785
92 595
92 483
92 690
92 366
92 729
92 525
92 414
92 543
92 419
92 356
92 229
92 294
92 104
92 732
92 234
92 613
92 237
92 110
92 622
92 658
92 762
92 251
92 636
92 445
93 577
93 386
93 454
93 266
93 268
93 781
93 788
93 656
93 276
93 790
93 667
93 604
93 221
93 720
93 668
93 100
93 357
93 553
93 775
93 596
93 456
93 755
93 694
93 745
93 442
93 317
93 191
94 747
94 452
94 199
94 136
94 201
94 663
94 589
94 272
94 401
94 468
94 661
94 150
94 407
94 472
94 154
94 176
94 610
94 739
94 422
94 680
94 233
94 743
94 172
94 751
94 112
94 305
94 244
94 545
94 649
94 632
94 564
94 188
95 513
95 450
95 770
95 772
95 645
95 795
95 727
95 396
95 301
95 403
95 663
95 665
95 283
95 476
95 477
95 158
95 479
95 737
95 749
95 568
95 681
95 679
95 173
95 373
95 310
95 312
95 671
95 253
95 638
95 447
96 384
96 452
96 133
96 587
96 656
96 723
96 414
96 480
96 99
96 742
96 230
96 379
96 797
96 747
96 413
96 499
96 675
96 762
96 635
96 767
96 565
97 627
97 129
97 450
97 100
97 198
97 167
97 599
97 108
97 429
97 174
97 381
97 557
97 307
97 642
97 343
97 733
97 185
97 570
97 285
97 575
98 747
98 454
98 727
98 332
98 720
98 530
98 215
98 473
98 218
98 283
98 285
98 483
98 252
98 557
98 775
98 563
98 116
98 630
98 761
98 635
98 316
98 254
99 778
99 578
99 427
99 324
99 133
99 262
99 129
99 172
99 586
99 715
99 484
99 208
99 743
99 697
99 152
99 420
99 347
99 796
99 221
99 228
99 166
99 273
99 792
99 423
99 429
99 174
99 559
99 385
99 307
99 248
99 505
99 444
99 573
99 574
100 518
100 417
100 328
100 396
100 651
100 652
100 336
100 662
100 794
100 539
100 476
100 670
100 159
100 101
100 364
100 622
100 351
100 460
100 191
101 765
101 625
101 780
101 108
101 779
101 720
101 693
101 530
101 611
101 599
101 155
101 613
101 288
101 289
101 290
101 283
101 421
101 678
101 617
101 425
101 750
101 367
101 561
101 498
101 116
101 670
101 567
101 377
101 790
101 573
101 511
102 128
102 385
102 196
102 262
102 395
102 335
102 592
102 529
102 643
102 596
102 580
102 463
102 731
102 154
102 670
102 223
102 355
102 614
102 231
102 683
102 240
102 178
102 116
102 785
102 504
102 254
103 257
103 323
103 581
103 774
103 777
103 494
103 112
103 337
103 483
103 788
103 661
103 707
103 439
103 441
103 671
103 221
103 191
104 192
104 129
104 642
104 797
104 577
104 392
104 331
104 206
104 527
104 209
104 212
104 662
104 793
104 408
104 548
104 157
104 768
104 479
104 738
104 292
104 677
104 668
104 172
104 173
104 688
104 561
104 307
104 374
104 247
104 569
104 705
104 123
104 574
105 514
105 773
105 517
105 455
105 397
105 782
105 783
105 659
105 471
105 787
105 676
105 602
105 476
105 351
105 738
105 419
105 709
105 558
105 559
105 753
105 562
105 371
105 308
105 759
105 634
105 447
105 319
106 640
106 385
106 645
106 647
106 584
106 732
106 311
106 461
106 653
106 593
106 402
106 665
106 361
106 669
106 479
106 480
106 737
106 419
106 420
106 108
106 733
106 496
106 434
106 181
106 567
106 702
107 640
107 577
107 522
107 247
107 334
107 141
107 216
107 286
107 599
107 408
107 416
107 226
107 163
107 536
107 600
107 553
107 492
107 500
107 503
107 312
107 633
107 507
107 574
107 383
108 514
108 618
108 261
108 582
108 199
108 392
108 654
108 527
108 208
108 658
108 121
108 346
108 325
108 633
108 362
108 427
108 556
108 749
108 336
108 307
108 505
108 507
108 188
109 448
109 708
109 456
109 457
109 203
109 141
109 462
109 690
109 150
109 343
109 216
109 345
109 399
109 797
109 357
109 227
109 166
109 168
109 169
109 234
109 300
109 562
109 368
109 362
109 372
109 550
109 381
109 382
110 544
110 694
110 199
110 136
110 458
110 600
110 405
110 625
110 152
110 537
110 160
110 678
110 294
110 423
110 744
110 561
110 299
110 647
110 690
110 264
110 181
110 246
110 119
110 202
110 330
111 321
111 322
111 260
111 385
111 268
111 657
111 723
111 726
111 535
111 409
111 720
111 738
111 355
111 678
111 682
111 620
111 753
111 758
111 439
111 124
111 127
112 391
112 521
112 761
112 591
112 596
112 149
112 407
112 667
112 796
112 223
112 289
112 546
112 292
112 741
112 170
112 167
112 777
112 557
112 174
112 362
112 181
112 375
112 696
112 505
112 490
112 213
113 577
113 260
113 750
113 456
113 779
113 716
113 210
113 595
113 533
113 151
113 287
113 160
113 740
113 293
113 296
113 617
113 490
113 174
113 240
113 372
113 757
113 758
113 430
113 120
113 315
114 512
114 640
114 514
114 771
114 137
114 203
114 142
114 463
114 657
114 281
114 155
114 557
114 549
114 160
114 161
114 166
114 230
114 233
114 365
114 689
114 568
114 252
115 576
115 578
115 643
115 710
115 459
115 652
115 589
115 206
115 335
115 657
115 706
115 289
115 548
115 233
115 173
115 174
115 303
115 240
115 372
115 309
115 694
115 440
115 441
115 506
115 693
116 388
116 458
116 603
116 759
116 336
116 710
116 578
116 642
116 537
116 602
116 155
116 157
116 418
116 547
116 292
116 636
116 619
116 748
116 558
116 637
116 753
116 693
116 681
116 316
116 138
117 259
117 644
117 470
117 198
117 587
117 781
117 504
117 387
117 212
117 342
117 791
117 267
117 699
117 635
117 296
117 696
117 173
117 494
117 495
117 515
117 275
117 628
117 118
117 503
117 632
117 443
117 764
118 384
118 131
118 537
118 133
118 601
118 795
118 713
118 205
118 424
118 465
118 771
118 463
118 409
118 733
118 160
118 674
118 667
118 241
118 683
118 365
118 558
118 743
118 433
118 660
118 243
118 372
118 374
118 503
118 564
118 570
118 446
118 437
119 256
119 641
119 473
119 724
119 289
119 392
119 394
119 535
119 204
119 397
119 791
119 275
119 212
119 536
119 281
119 736
119 657
119 223
119 160
119 633
119 423
119 584
119 298
119 302
119 797
119 304
119 752
119 436
119 757
119 596
119 569
119 379
119 703
120 260
120 263
120 727
120 591
120 424
120 722
120 515
120 278
120 625
120 602
120 731
120 220
120 677
120 422
120 360
120 490
120 749
120 232
120 499
120 312
120 570
120 124
120 746
120 574
120 255
121 578
121 261
121 458
121 139
121 749
121 259
121 149
121 535
121 606
121 517
121 609
121 164
121 422
121 191
121 751
121 243
121 693
121 553
121 443
121 533
122 320
122 454
122 609
122 522
122 651
122 461
122 462
122 337
122 147
122 597
122 472
122 730
122 667
122 417
122 290
122 292
122 689
122 168
122 618
122 408
122 172
122 240
122 433
122 499
122 500
122 560
122 372
123 603
123 451
123 710
123 523
123 784
123 568
123 300
123 469
123 471
123 347
123 476
123 606
123 482
123 227
123 521
123 739
123 234
123 237
123 175
123 619
123 562
123 439
123 376
123 505
123 445
123 766
124 448
124 321
124 791
124 660
124 471
124 601
124 704
124 349
124 357
124 293
124 362
124 492
124 301
124 498
124 373
124 318
124 501
125 782
125 582
125 199
125 590
125 271
125 656
125 338
125 661
125 663
125 793
125 541
125 414
125 415
125 688
125 610
125 163
125 229
125 391
125 349
125 560
125 243
125 768
125 506
125 379
126 512
126 641
126 150
126 646
126 716
126 138
126 695
126 460
126 143
126 466
126 723
126 148
126 217
126 603
126 288
126 783
126 399
126 362
126 503
126 568
126 251
127 577
127 514
127 773
127 394
127 203
127 396
127 461
127 335
127 785
127 211
127 535
127 409
127 559
127 688
127 482
127 603
127 678
127 743
127 361
127 750
127 176
127 308
127 254
127 503
127 568
127 314
127 316
127 714
127 510
128 514
128 261
128 262
128 776
128 439
128 706
128 526
128 783
128 336
128 145
128 210
128 676
128 511
128 279
128 281
128 543
128 604
128 418
128 612
128 294
128 551
128 616
128 572
128 765
128 561
128 375
128 697
128 186
128 508
128 381
128 318
128 383
129 331
129 454
129 329
129 651
129 227
129 277
129 406
129 292
129 220
129 222
129 223
129 798
129 228
129 677
129 715
129 668
129 689
129 564
129 503
129 698
129 380
129 318
130 704
130 131
130 439
130 521
130 714
130 139
130 204
130 525
130 621
130 401
130 340
130 341
130 249
130 409
130 719
130 220
130 773
130 370
130 419
130 292
130 421
130 742
130 488
130 362
130 587
130 237
130 302
130 596
130 247
130 568
130 441
130 634
131 539
131 449
131 179
131 737
131 428
131 528
131 333
131 399
131 144
131 401
131 274
131 642
131 153
131 218
131 271
131 476
131 730
131 416
131 161
131 355
131 421
131 438
131 553
131 713
131 236
131 237
131 495
131 336
131 368
131 790
131 307
131 372
131 183
131 441
131 252
131 637
131 766
132 512
132 576
132 201
132 205
132 590
132 271
132 272
132 274
132 724
132 218
132 475
132 540
132 414
132 699
132 732
132 362
132 658
132 366
132 541
132 712
132 372
132 183
132 760
132 692
132 507
132 636
132 190
133 544
133 713
133 398
133 143
133 399
133 214
133 537
133 409
133 410
133 411
133 794
133 414
133 163
133 608
133 723
133 623
133 503
133 252
133 765
133 319
134 782
134 323
134 308
134 582
134 714
134 715
134 399
134 208
134 404
134 747
134 663
134 156
134 634
134 350
134 164
134 549
134 551
134 743
134 432
134 500
134 565
134 692
134 442
135 642
135 325
135 776
135 649
135 267
135 269
135 207
135 720
135 728
135 594
135 661
135 790
135 216
135 412
135 541
135 415
135 176
135 283
135 228
135 744
135 618
135 620
135 658
135 733
135 368
135 178
135 628
135 629
135 246
135 631
135 376
135 507
135 701
135 725
136 395
136 566
136 775
136 524
136 674
136 527
136 405
136 704
136 287
136 672
136 482
136 293
136 425
136 554
136 559
136 756
136 670
136 502
136 567
136 443
136 189
136 639
137 192
137 385
137 311
137 265
137 266
137 270
137 399
137 728
137 594
137 724
137 544
137 216
137 797
137 543
137 352
137 545
137 419
137 296
137 620
137 424
137 755
137 500
137 565
137 246
137 439
137 379
137 702
138 448
138 451
138 324
138 389
138 247
138 272
138 145
138 595
138 724
138 149
138 471
138 689
138 730
138 539
138 222
138 223
138 224
138 523
138 355
138 548
138 301
138 750
138 560
138 177
138 438
138 311
138 592
138 634
139 195
139 452
139 150
139 392
139 523
139 588
139 386
139 516
139 333
139 400
139 657
139 596
139 494
139 279
139 280
139 538
139 348
139 609
139 546
139 619
139 295
139 300
139 174
139 303
139 775
139 702
139 375
139 760
139 570
139 765
139 446
140 669
140 385
140 259
140 452
140 577
140 588
140 461
140 627
140 660
140 726
140 409
140 410
140 602
140 286
140 293
140 294
140 173
140 613
140 388
140 543
140 191
141 611
141 717
141 207
141 144
141 785
141 483
141 215
141 153
141 218
141 543
141 553
141 620
141 622
141 369
141 306
141 307
141 528
141 311
141 314
141 700
141 383
142 577
142 522
142 747
142 716
142 517
142 390
142 633
142 456
142 204
142 266
142 587
142 462
142 758
142 592
142 212
142 526
142 214
142 535
142 618
142 754
142 325
142 546
142 677
142 742
142 714
142 170
142 427
142 685
142 642
142 392
142 756
142 674
142 437
142 246
142 569
142 380
142 253
143 320
143 578
143 772
143 518
143 264
143 268
143 334
143 678
143 464
143 508
143 526
143 471
143 601
143 541
143 224
143 289
143 166
143 744
143 594
143 687
143 562
143 692
143 702
143 566
143 696
143 698
143 380
144 385
144 451
144 580
144 330
144 404
144 469
144 346
144 541
144 673
144 291
144 229
144 358
144 423
144 425
144 747
144 555
144 366
144 754
144 436
144 438
144 503
144 504
144 628
144 701
145 385
145 706
145 645
145 390
145 267
145 205
145 719
145 529
145 531
145 216
145 537
145 284
145 350
145 448
145 293
145 593
145 668
145 647
145 764
145 753
145 626
145 478
145 585
145 785
145 212
145 442
145 252
146 672
146 674
146 205
146 594
146 212
146 149
146 477
146 485
146 224
146 226
146 675
146 165
146 554
146 555
146 174
146 765
146 180
146 502
146 500
146 319
146 426
146 254
146 511
147 672
147 194
147 259
147 594
147 616
147 589
147 210
147 451
147 726
147 745
147 666
147 348
147 645
147 416
147 356
147 485
147 296
147 604
147 362
147 363
147 493
147 497
147 562
147 500
147 693
147 694
147 247
147 661
148 256
148 705
148 310
148 327
148 456
148 716
148 778
148 203
148 396
148 212
148 213
148 446
148 537
148 606
148 678
148 359
148 681
148 234
148 647
148 365
148 624
148 690
148 629
148 502
148 317
149 577
149 353
149 265
149 653
149 684
149 440
149 338
149 595
149 788
149 721
149 235
149 478
149 602
149 285
149 459
149 546
149 593
149 616
149 730
149 797
149 561
149 723
149 308
149 245
149 707
149 312
149 313
149 217
149 187
149 250
150 384
150 450
150 259
150 644
150 262
150 705
150 793
150 706
150 335
150 720
150 536
150 291
150 724
150 723
150 537
150 344
150 217
150 538
150 540
150 517
150 617
150 431
150 567
150 631
150 441
150 607
150 575
150 380
150 253
150 318
150 255
151 705
151 453
151 584
151 330
151 653
151 206
151 628
151 336
151 212
151 661
151 406
151 727
151 698
151 670
151 668
151 740
151 229
151 470
151 361
151 171
151 244
151 181
151 310
151 183
151 184
151 313
151 656
151 187
151 510
151 309
152 320
152 385
152 196
152 582
152 647
152 460
152 610
152 270
152 529
152 419
152 340
152 334
152 687
152 668
152 734
152 544
152 225
152 740
152 165
152 230
152 558
152 427
152 431
152 625
152 660
152 500
152 628
152 379
152 700
153 450
153 454
153 329
153 523
153 765
153 467
153 469
153 726
153 217
153 474
153 399
153 220
153 733
153 350
153 702
153 757
153 315
153 297
153 235
153 556
153 451
153 559
153 497
153 531
153 414
153 521
153 525
153 251
153 458
153 603
153 629
154 769
154 435
154 774
154 265
154 588
154 333
154 462
154 685
154 272
154 410
154 539
154 733
154 549
154 667
154 229
154 294
154 177
154 680
154 610
154 363
154 173
154 239
154 624
154 305
154 383
154 415
154 501
154 628
154 264
154 325
155 322
155 515
155 517
155 779
155 770
155 718
155 273
155 402
155 216
155 477
155 478
155 735
155 226
155 423
155 553
155 363
155 429
155 541
155 157
155 670
155 679
155 382
156 259
156 452
156 325
156 392
156 738
156 590
156 433
156 790
156 689
156 158
156 608
156 545
156 546
156 163
156 230
156 231
156 168
156 743
156 236
156 240
156 561
156 498
156 245
156 247
157 768
157 310
157 775
157 623
157 329
157 459
157 397
157 661
157 693
157 597
157 356
157 606
157 351
157 457
157 228
157 486
157 617
157 798
157 300
157 567
157 367
157 626
157 565
157 503
157 564
157 508
157 318
157 447
158 480
158 651
158 392
158 631
158 322
158 718
158 400
158 209
158 220
158 345
158 410
158 539
158 538
158 416
158 784
158 603
158 677
158 742
158 297
158 696
158 492
158 605
158 242
158 244
158 233
158 504
158 660
158 506
158 700
158 703
159 579
159 644
159 197
159 713
159 203
159 268
159 783
159 272
159 209
159 633
159 292
159 538
159 751
159 325
159 290
159 227
159 228
159 634
159 423
159 794
159 686
159 304
159 242
159 741
159 564
159 568
159 249
159 250
160 750
160 516
160 517
160 647
160 520
160 202
160 439
160 396
160 418
160 206
160 749
160 528
160 312
160 195
160 404
160 790
160 631
160 667
160 785
160 672
160 560
160 226
160 430
160 294
160 721
160 233
160 427
160 173
160 687
160 184
160 522
160 383
161 768
161 772
161 517
161 327
161 623
161 265
161 716
161 776
161 335
161 210
161 323
161 212
161 366
161 473
161 773
161 559
161 673
161 581
161 176
161 546
161 296
161 242
161 619
161 620
161 493
161 238
161 367
161 240
161 712
161 627
161 308
161 246
161 441
161 788
161 189
161 789
162 258
162 792
162 263
162 201
162 226
162 655
162 656
162 693
162 402
162 761
162 696
162 345
162 670
162 352
162 417
162 741
162 305
162 616
162 519
162 786
162 622
162 624
162 434
162 481
162 756
162 245
162 375
162 632
162 633
162 442
162 573
162 437
163 256
163 512
163 235
163 646
163 263
163 783
163 528
163 530
163 534
163 788
163 470
163 217
163 282
163 284
163 538
163 542
163 353
163 763
163 682
163 166
163 579
163 362
163 701
163 306
163 180
163 656
163 449
163 555
164 513
164 195
164 705
164 457
164 335
164 528
164 721
164 786
164 729
164 250
164 314
164 416
164 425
164 229
164 489
164 618
164 628
164 372
164 439
164 378
164 379
164 510
165 772
165 780
165 522
165 652
165 530
165 789
165 598
165 281
165 601
165 347
165 225
165 231
165 427
165 431
165 500
165 380
165 703
166 320
166 577
166 178
166 327
166 328
166 713
166 241
166 270
166 173
166 718
166 693
166 687
166 668
166 719
166 776
166 421
166 233
166 647
166 711
166 483
166 705
166 305
166 211
166 180
166 373
166 632
166 249
166 634
166 769
166 447
167 588
167 577
167 667
167 726
167 454
167 199
167 648
167 265
167 719
167 464
167 596
167 661
167 342
167 407
167 536
167 347
167 732
167 670
167 544
167 418
167 547
167 616
167 672
167 234
167 776
167 696
167 380
167 490
168 513
168 282
168 644
168 197
168 326
168 199
168 492
168 394
168 780
168 684
168 532
168 346
168 413
168 734
168 620
168 506
168 570
168 732
168 357
168 743
168 730
168 425
168 307
168 244
168 252
168 445
169 323
169 196
169 342
169 263
169 623
169 556
169 725
169 237
169 720
169 403
169 487
169 278
169 388
169 347
169 348
169 605
169 671
169 608
169 610
169 355
169 551
169 687
169 171
169 558
169 559
169 659
169 374
169 568
169 569
169 634
169 661
170 409
170 724
170 454
170 199
170 418
170 273
170 530
170 468
170 782
170 407
170 729
170 731
170 773
170 672
170 737
170 230
170 305
170 372
170 757
170 697
170 318
170 767
171 706
171 387
171 260
171 392
171 457
171 266
171 523
171 652
171 685
171 656
171 765
171 787
171 660
171 797
171 549
171 784
171 421
171 615
171 555
171 777
171 434
171 558
171 445
171 176
171 498
171 757
171 182
171 184
171 505
171 762
171 317
172 192
172 744
172 196
172 773
172 353
172 328
172 204
172 715
172 268
172 525
172 530
172 275
172 533
172 407
172 399
172 412
172 378
172 289
172 546
172 358
172 679
172 554
172 429
172 541
172 616
172 178
172 787
172 446
172 182
172 382
172 191
173 704
173 260
173 585
173 459
173 190
173 728
173 339
173 429
173 719
173 669
173 611
173 740
173 604
173 554
173 365
173 649
173 495
173 752
173 497
173 178
173 503
173 631
173 249
173 254
174 611
174 706
174 773
174 385
174 520
174 522
174 589
174 334
174 337
174 598
174 407
174 668
174 797
174 415
174 738
174 483
174 488
174 297
174 426
174 623
174 369
174 308
174 184
175 741
175 647
175 396
175 333
175 788
175 790
175 538
175 507
175 293
175 358
175 743
175 685
175 366
175 623
175 179
175 314
175 508
175 509
175 382
175 319
176 705
176 452
176 645
176 601
176 649
176 458
176 429
176 720
176 465
176 466
176 726
176 343
176 773
176 422
176 237
176 430
176 240
176 625
176 691
176 670
176 752
176 318
177 192
177 705
177 200
177 524
177 523
177 268
177 269
177 334
177 399
177 657
177 663
177 344
177 740
177 539
177 797
177 545
177 667
177 484
177 742
177 369
177 712
177 233
177 775
177 303
177 432
177 305
177 434
177 563
177 606
177 376
177 249
177 629
177 511
178 193
178 707
178 260
178 647
178 364
178 203
178 268
178 589
178 462
178 717
178 784
178 760
178 613
178 771
178 212
178 214
178 745
178 722
178 431
178 220
178 349
178 485
178 508
178 235
178 585
178 440
178 634
178 446
178 319
179 514
179 582
179 733
179 781
179 399
179 402
179 277
179 215
179 730
179 207
179 476
179 606
179 607
179 229
179 422
179 679
179 233
179 426
179 743
179 236
179 301
179 253
179 755
179 681
179 379
179 317
179 605
179 511
180 302
180 458
180 453
180 457
180 330
180 780
180 461
180 238
180 342
180 344
180 730
180 731
180 627
180 691
180 293
180 423
180 298
180 483
180 366
180 243
180 628
180 777
180 313
180 186
180 444
180 394
180 575
181 577
181 438
181 326
181 584
181 202
181 215
181 333
181 337
181 219
181 736
181 288
181 731
181 356
181 293
181 236
181 365
181 758
181 434
181 435
181 693
181 697
181 380
181 254
182 576
182 450
182 259
182 199
182 331
182 204
182 770
182 336
182 273
182 596
182 597
182 593
182 481
182 742
182 422
182 487
182 626
182 687
182 362
182 787
182 500
182 694
182 313
182 570
182 554
183 705
183 454
183 650
183 268
183 727
183 463
183 547
183 326
183 663
183 602
183 734
183 288
183 262
183 679
183 364
183 675
183 249
183 634
183 701
183 702
184 257
184 195
184 747
184 758
184 597
184 648
184 366
184 204
184 334
184 206
184 771
184 667
184 698
184 738
184 355
184 293
184 480
184 483
184 305
184 309
184 707
184 311
184 696
184 314
184 315
184 714
184 373
185 768
185 194
185 675
185 678
185 262
185 457
185 202
185 610
185 467
185 783
185 211
185 222
185 630
185 553
185 216
185 443
185 590
185 382
185 629
186 704
186 450
186 195
186 324
186 202
186 335
186 722
186 596
186 538
186 475
186 479
186 483
186 549
186 620
186 687
186 570
186 287
186 508
186 766
186 191
187 320
187 576
187 259
187 754
187 333
187 271
187 212
187 534
187 407
187 792
187 409
187 730
187 335
187 605
187 286
187 737
187 354
187 421
187 616
187 489
187 234
187 668
187 428
187 594
187 626
187 564
187 276
187 660
187 572
187 317
187 789
188 705
188 580
188 519
188 428
188 396
188 591
188 720
188 531
188 341
188 282
188 732
188 688
188 740
188 485
188 625
188 360
188 619
188 559
188 368
188 497
188 243
188 442
188 507
188 765
189 192
189 321
189 747
189 390
189 609
189 265
189 461
189 594
189 341
189 599
189 679
189 665
189 670
189 418
189 612
189 614
189 561
189 555
189 306
189 750
189 559
189 305
189 434
189 738
189 312
189 639
189 689
189 469
190 640
190 194
190 396
190 674
190 592
190 563
190 403
190 215
190 793
190 539
190 348
190 350
190 293
190 784
190 571
190 292
190 554
190 428
190 242
190 243
190 316
190 575
191 256
191 641
191 387
191 645
191 519
191 714
191 762
191 273
191 771
191 788
191 665
191 409
191 613
191 358
191 361
191 492
191 754
191 686
191 367
191 690
191 379
192 385
192 772
192 581
192 455
192 264
192 331
192 204
192 397
192 465
192 210
192 691
192 532
192 597
192 345
192 699
192 731
192 732
192 285
192 575
192 351
192 507
192 613
192 561
192 753
192 362
192 519
192 494
192 622
192 648
192 724
192 759
192 632
192 377
192 255
193 704
193 577
193 646
193 725
193 791
193 461
193 590
193 493
193 784
193 274
193 467
193 469
193 407
193 719
193 389
193 288
193 737
193 699
193 374
193 486
193 488
193 361
193 242
193 686
193 687
193 624
193 565
193 438
193 759
193 754
193 671
193 765
193 574
193 597
194 769
194 779
194 520
194 648
194 716
194 433
194 213
194 407
194 473
194 410
194 352
194 740
194 358
194 423
194 296
194 496
194 369
194 248
194 446
194 511
195 257
195 667
195 237
195 529
195 659
195 788
195 409
195 728
195 473
195 261
195 546
195 419
195 613
195 553
195 494
195 623
195 689
195 375
195 251
195 639
196 576
196 389
196 774
196 583
196 653
196 782
196 274
196 467
196 213
196 633
196 409
196 476
196 453
196 636
196 549
196 757
196 441
196 698
196 635
196 572
196 702
196 511
197 642
197 580
197 261
197 712
197 330
197 397
197 592
197 217
197 731
197 734
197 608
197 289
197 550
197 358
197 561
197 243
197 374
197 442
197 325
197 317
197 703
198 388
198 261
198 353
198 280
198 274
198 662
198 279
198 600
198 312
198 673
198 453
198 418
198 676
198 551
198 630
198 303
198 432
198 726
198 434
198 773
198 566
198 376
198 505
198 698
198 445
198 693
199 384
199 321
199 487
199 327
199 777
199 525
199 322
199 727
199 335
199 433
199 594
199 238
199 674
199 580
199 640
199 687
199 220
199 671
199 290
199 675
199 356
199 423
199 424
199 499
199 542
199 442
199 446
199 661
200 321
200 579
200 324
200 651
200 398
200 212
200 789
200 663
200 516
200 634
200 442
200 730
200 747
200 430
200 559
200 691
200 566
200 771
200 276
200 506
201 577
201 323
201 502
201 620
201 354
201 333
201 593
201 275
201 382
201 600
201 794
201 645
201 742
201 492
201 559
201 240
201 758
201 414
201 438
201 649
201 505
201 637
201 574
201 469
202 385
202 325
202 441
202 327
202 395
202 268
202 398
202 271
202 528
202 403
202 789
202 215
202 538
202 795
202 604
202 506
202 445
202 671
202 752
202 705
202 423
202 233
202 487
202 239
202 624
202 723
202 244
202 379
202 764
202 288
203 640
203 741
203 651
203 388
203 584
203 330
203 331
203 783
203 530
203 277
203 670
203 472
203 516
203 538
203 478
203 548
203 615
203 232
203 427
203 304
203 689
203 307
203 308
203 437
203 310
203 248
203 314
203 575
204 515
204 390
204 331
204 695
204 591
204 338
204 467
204 782
204 406
204 505
204 283
204 609
204 356
204 426
204 427
204 441
204 381
205 768
205 450
205 455
205 457
205 650
205 523
205 397
205 276
205 470
205 349
205 479
205 544
205 358
205 242
205 689
205 498
205 755
205 607
205 380
206 259
206 456
206 325
206 545
206 264
206 265
206 663
206 525
206 440
206 558
206 729
206 218
206 220
206 410
206 351
206 474
206 482
206 657
206 428
206 630
206 302
206 495
206 370
206 566
206 695
206 380
206 382
207 641
207 514
207 456
207 591
207 401
207 211
207 340
207 789
207 342
207 461
207 795
207 479
207 230
207 297
207 263
207 240
207 436
207 553
207 699
208 230
208 391
208 650
208 221
208 272
208 451
208 340
208 310
208 535
208 372
208 634
208 655
208 253
208 445
208 731
209 257
209 630
209 328
209 329
209 528
209 530
209 583
209 724
209 561
209 603
209 413
209 416
209 610
209 667
209 223
209 554
209 391
209 366
209 752
209 241
209 562
209 734
209 310
209 375
209 251
209 298
209 703
210 514
210 323
210 581
210 705
210 330
210 459
210 781
210 657
210 791
210 284
210 478
210 354
210 622
210 559
210 312
210 377
210 635
210 714
211 512
211 261
211 586
211 656
211 337
211 355
211 661
211 726
211 539
211 479
211 305
211 232
211 429
211 495
211 624
211 497
211 690
211 703
211 316
212 262
212 737
212 329
212 759
212 588
212 462
212 670
212 288
212 731
212 337
212 239
212 304
212 308
212 468
212 253
212 654
212 703
213 449
213 390
213 641
213 650
213 524
213 272
213 465
213 469
213 663
213 409
213 794
213 347
213 480
213 731
213 301
213 626
213 763
213 766
213 597
214 711
214 778
214 270
214 719
214 401
214 579
214 410
214 414
214 422
214 231
214 426
214 685
214 637
214 502
214 759
214 698
214 767
214 700
214 701
214 597
215 608
215 261
215 329
215 499
215 331
215 529
215 786
215 342
215 728
215 281
215 559
215 773
215 523
215 289
215 603
215 294
215 232
215 298
215 365
215 437
215 431
215 562
215 579
215 253
215 426
216 773
216 520
216 586
216 588
216 589
216 655
216 277
216 313
216 634
216 224
216 545
216 610
216 678
216 623
216 573
216 382
216 502
216 396
216 524
216 725
217 738
217 516
217 230
217 745
217 781
217 793
217 430
217 527
217 439
217 770
217 509
217 222
217 581
218 645
218 775
218 587
218 396
218 785
218 610
218 278
218 665
218 516
218 591
218 539
218 799
218 356
218 294
218 487
218 360
218 490
218 299
218 305
218 242
218 755
218 680
218 340
218 678
218 573
219 257
219 581
219 776
219 778
219 459
219 275
219 665
219 345
219 479
219 587
219 749
219 484
219 549
219 360
219 387
219 557
219 240
219 306
219 374
219 248
219 351
220 491
220 516
220 517
220 522
220 461
220 335
220 528
220 514
220 660
220 526
220 598
220 536
220 721
220 668
220 223
220 653
220 549
220 763
220 485
220 295
220 361
220 747
220 299
220 495
220 370
220 594
220 246
220 681
220 717
220 443
220 769
220 650
221 598
221 777
221 330
221 395
221 781
221 342
221 537
221 473
221 783
221 476
221 293
221 487
221 301
221 558
221 500
221 248
221 564
221 314
221 253
221 382
222 710
222 455
222 273
222 403
222 660
222 610
222 542
222 485
222 734
222 482
222 291
222 548
222 357
222 465
222 680
222 617
222 426
222 492
222 305
222 741
222 308
222 245
222 739
222 760
222 572
222 637
223 579
223 390
223 775
223 392
223 329
223 461
223 655
223 340
223 341
223 406
223 664
223 410
223 753
223 794
223 485
223 657
223 296
223 284
223 621
223 561
223 306
223 691
223 443
223 766
224 641
224 387
224 389
224 518
224 776
224 331
224 482
224 720
224 340
224 469
224 662
224 761
224 463
224 413
224 479
224 736
224 419
224 358
224 359
224 363
224 530
224 691
224 502
224 505
224 506
225 384
225 513
225 642
225 327
225 328
225 461
225 722
225 341
225 663
225 284
225 608
225 734
225 290
225 548
225 486
225 489
225 362
225 749
225 622
225 306
225 307
225 693
225 737
225 554
226 514
226 259
226 390
226 737
226 457
226 459
226 460
226 463
226 273
226 277
226 723
226 281
226 477
226 719
226 609
226 722
226 238
226 303
226 368
226 611
226 568
227 322
227 587
227 708
227 325
227 641
227 652
227 450
227 526
227 365
227 782
227 667
227 540
227 349
227 606
227 546
227 571
227 651
227 614
227 753
227 490
227 493
227 733
227 749
227 773
227 443
227 767
228 652
228 452
228 261
228 392
228 393
228 589
228 387
228 277
228 731
228 351
228 299
228 777
228 658
228 625
228 503
228 696
228 313
228 250
229 704
229 390
229 327
229 782
229 621
229 530
229 339
229 276
229 558
229 795
229 412
229 733
229 734
229 671
229 547
229 295
229 620
229 237
229 321
229 755
229 756
229 502
229 760
229 441
229 446
230 257
230 532
230 662
230 795
230 541
230 670
230 318
230 240
230 292
230 551
230 553
230 555
230 300
230 306
230 434
230 445
230 446
230 320
230 455
230 457
230 716
230 595
230 612
230 743
230 233
230 317
230 624
230 627
230 629
230 375
230 762
230 252
230 383
231 406
231 391
231 585
231 716
231 275
231 664
231 409
231 412
231 798
231 289
231 546
231 740
231 422
231 316
231 683
231 751
231 306
231 595
231 545
231 649
231 639
232 577
232 706
232 406
232 262
232 545
232 650
232 398
232 658
232 277
232 353
232 740
232 550
232 488
232 297
232 427
232 647
232 306
232 622
232 726
232 498
232 636
232 317
232 654
233 771
233 388
233 371
233 386
233 655
233 539
233 453
233 673
233 283
233 425
233 455
233 557
233 559
233 456
233 243
233 312
233 325
233 327
233 329
233 589
233 717
233 723
233 469
233 347
233 738
233 362
233 365
233 752
233 636
233 637
234 611
234 635
234 712
234 650
234 663
234 589
234 655
234 337
234 274
234 595
234 469
234 599
234 344
234 602
234 479
234 673
234 680
234 489
234 623
234 467
234 308
234 694
234 377
234 764
234 637
235 551
235 732
235 426
235 460
235 685
235 497
235 595
235 695
235 667
235 686
235 765
235 491
236 704
236 799
236 580
236 584
236 458
236 524
236 590
236 593
236 579
236 278
236 729
236 347
236 543
236 544
236 353
236 747
236 296
236 555
236 621
236 368
236 309
236 630
236 586
237 360
237 709
237 582
237 681
237 675
237 567
237 653
237 398
237 548
237 656
237 276
237 494
237 472
237 670
237 289
237 561
237 296
237 364
237 366
237 369
237 242
237 403
237 692
237 496
237 247
237 782
237 249
237 570
237 379
237 572
237 638
238 448
238 707
238 772
238 456
238 524
238 779
238 268
238 525
238 469
238 409
238 349
238 420
238 614
238 422
238 619
238 364
238 755
238 251
239 384
239 763
239 647
239 665
239 329
239 717
239 795
239 719
239 339
239 697
239 598
239 599
239 559
239 539
239 348
239 605
239 415
239 416
239 283
239 732
239 708
239 487
239 284
239 359
239 622
239 495
239 626
239 755
239 245
239 699
239 444
240 736
240 716
240 455
240 712
240 460
240 786
240 403
240 596
240 790
240 791
240 480
240 659
240 424
240 760
240 315
240 637
241 587
241 243
241 266
241 273
241 594
241 341
241 536
241 345
241 638
241 286
241 613
241 611
241 486
241 664
241 583
241 492
241 304
241 370
241 435
241 756
241 245
241 560
241 248
241 657
241 316
241 394
241 510
241 661
242 384
242 387
242 718
242 456
242 329
242 398
242 464
242 275
242 690
242 284
242 613
242 550
242 359
242 427
242 368
242 306
242 798
242 439
243 583
243 520
243 333
243 405
243 591
243 738
243 277
243 674
243 345
243 602
243 475
243 604
243 581
243 482
243 548
243 374
243 678
243 610
243 711
243 434
243 681
243 447
244 709
244 459
244 464
244 593
244 579
244 430
244 473
244 602
244 676
244 683
244 365
244 302
244 367
244 726
244 606
245 256
245 705
245 771
245 388
245 262
245 584
245 697
245 648
245 663
245 580
245 593
245 404
245 633
245 605
245 479
245 518
245 785
245 361
245 797
245 430
245 287
245 562
245 627
245 249
245 415
245 252
245 637
246 555
246 326
246 586
246 269
246 340
246 284
246 349
246 754
246 479
246 683
246 743
246 519
246 618
246 498
246 496
246 434
246 521
246 760
246 633
246 636
246 317
246 254
247 544
247 388
247 519
247 712
247 457
247 516
247 348
247 350
247 288
247 678
247 551
247 298
247 430
247 498
247 437
247 374
247 248
247 754
247 379
247 508
247 796
248 448
248 451
248 710
248 583
248 265
248 458
248 397
248 398
248 464
248 387
248 660
248 782
248 726
248 279
248 280
248 474
248 671
248 497
248 528
248 610
248 676
248 487
248 296
248 615
248 365
248 711
248 619
248 562
248 436
248 376
248 756
248 688
249 441
249 647
249 265
249 450
249 334
249 339
249 276
249 534
249 535
249 473
249 335
249 551
249 723
249 505
249 705
249 572
250 768
250 641
250 716
250 330
250 395
250 332
250 782
250 658
250 787
250 532
250 536
250 474
250 731
250 666
250 480
250 618
250 711
250 620
250 797
250 562
250 629
250 374
250 503
250 696
250 660
250 522
250 575
251 580
251 795
251 650
251 781
251 334
251 658
251 403
251 793
251 408
251 347
251 604
251 420
251 303
251 433
251 691
251 761
251 378
251 699
251 639
252 539
252 450
252 392
252 655
252 273
252 274
252 387
252 724
252 608
252 411
252 785
252 285
252 517
252 352
252 783
252 419
252 357
252 361
252 622
252 677
252 313
252 570
252 317
252 689
253 322
253 389
253 262
253 742
253 329
253 652
253 642
253 463
253 401
253 338
253 467
253 706
253 773
253 603
253 731
253 734
253 354
253 291
253 774
253 614
253 294
253 426
253 300
253 466
253 477
253 628
253 564
253 658
253 763
253 281
253 796
254 641
254 583
254 267
254 758
254 334
254 301
254 346
254 606
254 325
254 676
254 558
254 797
254 689
254 370
254 310
254 379
254 735
255 514
255 452
255 519
255 727
255 652
255 646
255 655
255 272
255 338
255 595
255 599
255 708
255 783
255 733
255 351
255 288
255 784
255 421
255 425
255 298
255 749
255 302
255 753
255 498
255 692
255 502
255 695
255 702
256 385
256 643
256 617
256 630
256 264
256 395
256 780
256 654
256 466
256 342
256 602
256 559
256 799
256 544
256 417
256 423
256 425
256 302
256 495
256 688
256 712
256 499
256 502
256 314
256 571
256 765
257 322
257 453
257 264
257 399
257 787
257 534
257 535
257 344
257 282
257 290
257 484
257 295
257 621
257 662
257 765
257 688
257 690
257 637
257 767
258 771
258 580
258 618
258 390
258 462
258 655
258 657
258 786
258 469
258 662
258 409
258 542
258 357
258 426
258 556
258 765
258 752
258 697
258 315
258 682
259 747
259 455
259 396
259 523
259 482
259 493
259 273
259 276
259 602
259 284
259 762
259 286
259 480
259 294
259 551
259 488
259 743
259 428
259 365
259 304
259 370
259 376
259 442
259 764
259 638
260 645
260 262
260 519
260 393
260 791
260 784
260 405
260 278
260 473
260 539
260 543
260 416
260 546
260 675
260 554
260 431
260 561
260 565
260 575
260 320
260 581
260 585
260 727
260 601
260 730
260 731
260 348
260 735
260 610
260 612
260 742
260 551
260 711
260 752
260 375
261 405
261 522
261 780
261 398
261 399
261 684
261 466
261 277
261 773
261 325
261 673
261 675
261 305
261 562
261 787
261 436
261 375
261 312
261 571
261 319
262 373
262 396
262 270
262 662
262 772
262 794
262 475
262 669
262 479
262 740
262 745
262 559
262 726
262 629
262 694
263 448
263 514
263 579
263 699
263 391
263 714
263 592
263 470
263 728
263 719
263 413
263 670
263 356
263 293
263 500
263 567
263 507
263 637
264 776
264 748
264 266
264 780
264 465
264 687
264 278
264 408
264 601
264 399
264 348
264 672
264 667
264 484
264 553
264 618
264 684
264 284
264 449
264 566
264 705
264 379
264 778
264 766
264 639
265 576
265 385
265 774
265 455
265 650
265 460
265 461
265 399
265 336
265 792
265 595
265 344
265 409
265 783
265 410
265 734
265 354
265 550
265 616
265 743
265 749
265 369
265 400
265 307
265 713
265 699
265 590
266 779
266 391
266 520
266 331
266 657
266 339
266 726
266 540
266 316
266 365
266 752
266 373
266 376
266 441
266 508
266 383
267 768
267 323
267 452
267 392
267 652
267 375
267 588
267 610
267 653
267 400
267 644
267 598
267 281
267 346
267 290
267 420
267 613
267 300
267 686
267 304
267 754
267 308
267 567
267 628
267 316
267 629
268 386
268 456
268 428
268 330
268 331
268 781
268 270
268 656
268 401
268 531
268 495
268 419
268 762
268 505
268 506
268 443
268 316
268 317
268 702
269 512
269 449
269 322
269 515
269 461
269 339
269 725
269 474
269 677
269 355
269 356
269 358
269 425
269 618
269 455
269 701
269 754
269 723
269 692
269 565
269 777
269 445
270 592
270 275
270 600
270 603
270 606
270 464
270 354
270 292
270 362
270 683
270 558
270 765
270 500
270 436
270 381
271 577
271 680
271 782
271 463
271 338
271 579
271 276
271 349
271 672
271 481
271 699
271 487
271 296
271 681
271 493
271 306
271 778
271 756
271 437
271 739
271 378
271 508
271 446
272 514
272 707
272 417
272 712
272 333
272 644
272 406
272 727
272 473
272 282
272 411
272 284
272 351
272 544
272 353
272 283
272 548
272 423
272 296
272 487
272 775
272 497
272 371
272 798
272 673
272 394
273 577
273 325
273 774
273 652
273 524
273 738
273 654
273 400
273 401
273 419
273 724
273 750
273 732
273 415
273 359
273 745
273 645
273 370
273 563
273 606
273 505
273 507
274 799
274 455
274 759
274 333
274 681
274 618
274 403
274 542
274 572
274 608
274 613
274 361
274 490
274 583
274 647
274 621
274 431
274 433
274 754
274 692
274 631
274 696
274 442
274 607
274 767
275 386
275 580
275 330
275 459
275 346
275 563
275 547
275 578
275 526
275 603
275 395
275 349
275 286
275 735
275 627
275 539
275 677
275 499
275 525
275 506
275 702
275 597
276 320
276 321
276 646
276 647
276 713
276 650
276 279
276 588
276 750
276 343
276 612
276 677
276 667
276 356
276 358
276 764
276 682
276 494
276 623
276 712
276 500
276 739
276 637
276 573
276 575
277 448
277 580
277 582
277 704
277 526
277 563
277 627
277 537
277 284
277 478
277 549
277 785
277 553
277 618
277 583
277 749
277 414
277 760
277 787
277 510
278 453
278 577
278 492
278 584
278 405
278 495
278 411
278 606
278 481
278 347
278 763
278 613
278 682
278 368
278 626
278 502
278 506
278 752
278 381
278 382
278 789
279 448
279 708
279 724
279 391
279 585
279 652
279 589
279 468
279 750
279 535
279 537
279 474
279 669
279 798
279 608
279 481
279 380
279 298
279 430
279 751
279 368
279 435
279 436
279 649
279 314
279 507
279 444
279 637
280 643
280 452
280 488
280 713
280 333
280 657
280 791
280 602
280 550
280 743
280 296
280 300
280 616
280 761
280 570
280 508
280 715
281 608
281 523
281 390
281 793
281 721
281 786
281 494
281 612
281 411
281 736
281 485
281 416
281 675
281 292
281 490
281 300
281 430
281 692
281 312
281 404
282 512
282 516
282 773
282 390
282 519
282 648
282 654
282 657
282 658
282 547
282 596
282 597
282 696
282 580
282 602
282 751
282 787
282 352
282 613
282 615
282 774
282 363
282 494
282 559
282 467
282 500
282 675
282 739
282 568
282 628
282 510
283 384
283 323
283 773
283 456
283 652
283 648
283 715
283 290
283 341
283 726
283 347
283 751
283 419
283 294
283 684
283 749
283 305
283 590
283 650
284 701
284 322
284 747
284 353
284 600
284 460
284 335
284 730
284 655
284 557
284 552
284 400
284 584
284 362
284 299
284 493
284 749
284 496
284 498
284 695
284 722
284 379
284 479
284 597
285 768
285 386
285 516
285 710
285 458
285 587
285 695
285 399
285 402
285 726
285 408
285 412
285 540
285 420
285 489
285 430
285 497
285 308
285 503
285 377
285 767
285 511
286 576
286 321
286 459
286 654
286 719
286 470
286 728
286 412
286 605
286 607
286 608
286 417
286 615
286 361
286 557
286 431
286 489
287 576
287 516
287 520
287 393
287 394
287 651
287 793
287 462
287 468
287 601
287 345
287 753
287 614
287 489
287 743
287 300
287 500
287 633
287 316
287 573
288 692
288 707
288 773
288 681
288 776
288 329
288 334
288 600
288 598
288 535
288 536
288 411
288 672
288 766
288 550
288 680
288 425
288 562
288 441
288 442
289 640
289 712
289 364
289 334
289 721
289 723
289 475
289 412
289 291
289 742
289 427
289 498
289 376
289 697
289 442
289 575
290 741
290 325
290 672
290 329
290 658
290 547
290 340
290 537
290 347
290 540
290 762
290 352
290 546
290 616
290 491
290 481
290 308
290 617
290 444
291 641
291 450
291 388
291 647
291 516
291 399
291 400
291 568
291 782
291 406
291 407
291 721
291 582
291 657
291 744
291 427
291 580
291 750
291 627
291 694
291 375
291 504
291 317
291 446
292 513
292 648
292 393
292 343
292 780
292 386
292 405
292 411
292 673
292 795
292 295
292 424
292 430
292 777
292 500
292 700
292 322
292 779
292 710
292 680
292 744
292 599
292 527
292 399
292 480
292 423
292 620
292 622
292 497
292 318
292 763
292 637
293 640
293 642
293 579
293 650
293 744
293 546
293 334
293 407
293 728
293 736
293 418
293 776
293 613
293 678
293 360
293 492
293 429
293 306
293 755
293 438
293 756
293 506
293 778
294 716
294 393
294 781
294 779
294 461
294 719
294 401
294 597
294 723
294 728
294 772
294 735
294 417
294 546
294 732
294 796
294 361
294 687
294 752
294 690
294 499
294 629
295 706
295 387
295 388
295 517
295 458
295 791
295 401
295 402
295 597
295 721
295 733
295 459
295 421
295 544
295 417
295 487
295 362
295 485
295 748
295 430
295 431
295 499
295 311
295 543
295 714
296 773
296 417
296 728
296 330
296 460
296 334
296 600
296 530
296 690
296 462
296 470
296 665
296 538
296 463
296 413
296 608
296 418
296 420
296 424
296 400
296 527
296 698
296 447
297 514
297 707
297 453
297 737
297 328
297 714
297 599
297 712
297 397
297 786
297 531
297 532
297 558
297 535
297 399
297 545
297 676
297 561
297 361
297 749
297 445
297 433
297 626
297 403
297 308
297 606
297 759
298 704
298 467
298 586
298 663
298 398
298 595
298 790
298 407
298 423
298 553
298 647
298 687
298 752
298 306
298 307
298 629
298 374
298 572
299 779
299 454
299 522
299 395
299 781
299 654
299 783
299 337
299 468
299 407
299 600
299 666
299 355
299 618
299 758
299 778
299 703
300 795
300 392
300 780
300 333
300 398
300 656
300 402
300 531
300 596
300 782
300 535
300 538
300 475
300 445
300 587
300 739
300 612
300 550
300 551
300 687
300 427
300 620
300 302
300 496
300 660
300 505
301 453
301 518
301 392
301 329
301 656
301 534
301 478
301 418
301 699
301 740
301 389
301 688
301 628
301 373
301 504
301 507
302 555
302 455
302 329
302 458
302 719
302 531
302 724
302 664
302 783
302 735
302 480
302 713
302 422
302 567
302 426
302 491
302 430
302 495
302 688
302 579
302 457
302 698
303 770
303 583
303 776
303 482
303 718
303 337
303 530
303 411
303 796
303 734
303 763
303 657
303 681
303 428
303 562
303 436
303 764
304 640
304 385
304 708
304 453
304 650
304 460
304 463
304 731
304 668
304 544
304 675
304 678
304 681
304 748
304 370
304 686
304 434
304 696
304 702
305 390
305 330
305 523
305 590
305 629
305 343
305 735
305 734
305 417
305 646
305 689
305 730
305 617
305 363
305 372
305 692
305 379
305 764
305 446
305 501
306 769
306 386
306 406
306 391
306 654
306 528
306 472
306 534
306 797
306 683
306 743
306 437
306 577
306 325
306 462
306 719
306 338
306 600
306 345
306 617
306 746
306 487
306 752
306 756
306 629
306 758
306 632
306 761
306 381
307 321
307 706
307 712
307 396
307 399
307 465
307 658
307 794
307 591
307 668
307 352
307 610
307 651
307 431
307 424
307 579
307 629
307 649
307 377
307 508
308 705
308 565
308 389
308 649
308 586
308 333
308 597
308 342
308 756
308 437
308 632
308 442
308 703
309 644
309 630
309 391
309 521
309 339
309 533
309 409
309 539
309 477
309 352
309 781
309 703
309 505
309 511
309 317
309 341
310 327
310 648
310 714
310 743
310 405
310 563
310 664
310 356
310 751
310 543
310 721
310 572
310 554
310 555
310 428
310 605
310 496
310 561
310 481
310 624
310 444
310 637
311 522
311 631
311 759
311 322
311 334
311 662
311 472
311 666
311 797
311 351
311 354
311 486
311 553
311 457
311 754
311 627
311 692
311 735
311 362
311 318
312 640
312 388
312 391
312 331
312 590
312 656
312 791
312 468
312 633
312 344
312 730
312 725
312 604
312 517
312 678
312 358
312 364
312 691
312 375
312 378
312 571
312 764
312 341
313 704
313 643
313 516
313 374
313 457
313 658
313 525
313 773
313 402
313 660
313 630
313 671
313 546
313 419
313 743
313 744
313 361
313 427
313 492
313 621
313 697
313 694
313 626
313 435
313 437
313 489
313 569
313 699
313 444
313 554
314 769
314 450
314 451
314 772
314 389
314 776
314 329
314 522
314 332
314 789
314 348
314 459
314 417
314 483
314 742
314 682
314 706
314 505
314 570
314 379
314 541
314 383
315 579
315 452
315 446
315 321
315 648
315 588
315 577
315 335
315 400
315 337
315 530
315 722
315 561
315 343
315 604
315 797
315 798
315 420
315 422
315 369
315 360
315 362
315 658
315 366
315 563
315 374
315 631
315 500
315 318
316 782
316 326
316 397
316 334
316 785
316 561
316 598
316 795
316 796
316 351
316 608
316 627
316 443
316 486
316 423
316 364
316 743
316 511
316 442
316 586
317 512
317 578
317 727
317 680
317 781
317 718
317 464
317 402
317 406
317 539
317 543
317 609
317 636
317 618
317 616
317 681
317 376
317 505
317 381
318 324
318 750
318 588
318 458
318 332
318 717
318 334
318 463
318 592
318 698
318 569
318 580
318 734
318 720
318 675
318 774
318 427
318 697
318 375
318 441
318 378
319 449
319 770
319 707
319 710
319 460
319 397
319 463
319 599
319 731
319 413
319 736
319 685
319 420
319 359
319 628
319 658
319 637
319 638
320 321
320 774
320 589
320 727
320 345
320 347
320 621
320 552
320 429
320 744
320 627
320 760
320 569
321 651
321 556
321 332
321 435
321 782
321 401
321 531
321 405
321 342
321 407
321 604
321 741
321 353
321 548
321 465
321 380
321 713
322 603
322 644
322 581
322 731
322 520
322 713
322 784
322 529
322 722
322 663
322 537
322 410
322 495
322 350
322 421
322 401
322 665
322 683
322 370
322 502
323 614
323 326
323 520
323 650
323 610
323 338
323 579
323 409
323 543
323 418
323 667
323 436
323 377
324 514
324 326
324 775
324 392
324 657
324 532
324 534
324 475
324 520
324 582
324 360
324 361
324 618
324 369
324 500
324 501
324 439
324 761
325 388
325 326
325 687
325 521
325 546
325 527
325 466
325 660
325 534
325 792
325 734
325 356
325 465
325 427
325 483
325 753
325 781
325 692
325 725
325 505
325 469
326 774
326 653
326 771
326 708
326 662
326 580
326 543
326 352
326 417
326 738
326 552
326 683
326 678
326 519
326 368
326 481
326 632
326 509
327 390
327 520
327 460
327 595
327 745
327 708
327 733
327 675
327 619
327 492
327 494
327 432
327 700
327 435
327 696
327 739
327 443
327 380
327 766
327 789
328 640
328 673
328 395
328 759
328 469
328 351
328 424
328 497
328 565
328 631
328 444
328 574
329 450
329 647
329 695
329 461
329 597
329 629
329 659
329 366
329 696
329 668
329 614
329 426
329 551
329 433
329 626
329 553
329 660
329 654
329 469
330 770
330 725
330 790
330 792
330 601
330 544
330 416
330 488
330 556
330 509
330 499
330 609
330 632
330 508
330 445
331 579
331 583
331 656
331 529
331 713
331 661
331 771
331 667
331 733
331 484
331 747
331 554
331 427
331 751
331 619
331 369
331 374
331 635
331 700
331 663
332 384
332 389
332 609
332 777
332 587
332 653
332 658
332 659
332 469
332 665
332 536
332 409
332 732
332 481
332 705
332 420
332 745
332 752
332 691
332 763
332 381
333 640
333 385
333 639
333 780
333 769
333 394
333 399
333 663
333 431
333 604
333 605
333 677
333 353
333 418
333 614
333 422
333 551
333 360
333 681
333 622
333 488
333 521
333 680
333 380
333 637
333 507
334 360
334 358
334 582
334 552
334 651
334 600
334 530
334 467
334 750
334 493
334 797
334 575
334 415
334 757
334 731
334 763
334 508
334 428
334 365
334 502
335 582
335 520
335 522
335 460
335 632
335 463
335 376
335 547
335 724
335 728
335 539
335 669
335 610
335 568
335 737
335 756
335 511
335 440
335 444
335 778
336 705
336 748
336 518
336 775
336 460
336 429
336 409
336 602
336 481
336 487
336 424
336 431
336 496
337 669
337 768
337 518
337 557
337 579
337 341
337 559
337 634
337 489
337 519
337 493
337 701
337 638
338 694
338 456
338 459
338 524
338 723
338 534
338 538
338 348
338 346
338 478
338 351
338 353
338 602
338 666
338 551
338 779
338 623
338 776
338 629
338 566
338 605
338 632
338 759
338 382
339 705
339 387
339 772
339 520
339 721
339 790
339 495
339 431
339 476
339 427
339 411
339 357
339 358
339 561
339 753
339 556
339 686
339 696
340 640
340 403
340 341
340 343
340 540
340 474
340 479
340 614
340 550
340 754
340 434
340 628
340 720
341 539
341 747
341 645
341 632
341 653
341 508
341 772
341 343
341 601
341 413
341 350
341 671
341 507
341 549
341 486
341 444
341 647
341 636
341 749
341 626
341 502
341 629
342 698
342 645
342 391
342 456
342 650
342 588
342 622
342 512
342 527
342 542
342 424
342 489
342 682
342 747
342 570
342 637
343 452
343 601
343 584
343 715
343 464
343 529
343 790
343 599
343 356
343 783
343 412
343 605
343 543
343 468
343 498
343 638
343 758
343 526
343 574
344 704
344 644
344 645
344 715
344 460
344 435
344 718
344 760
344 753
344 541
344 735
344 571
344 689
344 627
344 699
345 452
345 647
345 482
345 465
345 677
345 422
345 491
345 686
345 751
345 694
345 439
345 761
346 384
346 387
346 584
346 556
346 596
346 750
346 472
346 574
346 799
346 733
346 549
346 608
346 675
346 763
346 359
346 711
346 648
346 449
346 659
346 513
346 437
346 641
346 683
346 635
347 387
347 705
347 354
347 418
347 720
347 785
347 672
347 545
347 614
347 749
347 691
347 565
347 475
347 703
348 454
348 519
348 400
348 536
348 473
348 794
348 378
348 483
348 676
348 677
348 742
348 618
348 498
348 705
348 370
348 371
348 436
348 373
348 749
348 633
348 700
348 382
349 448
349 512
349 770
349 586
349 657
349 661
349 793
349 669
349 482
349 764
349 425
349 446
349 631
349 697
349 444
349 574
349 693
350 516
350 790
350 519
350 521
350 522
350 524
350 514
350 654
350 591
350 465
350 724
350 401
350 550
350 486
350 533
350 747
350 563
350 372
350 628
350 507
350 447
351 387
351 797
351 390
351 449
351 676
351 665
351 413
351 606
351 671
351 795
351 485
351 614
351 363
351 775
351 434
351 696
351 701
351 702
352 768
352 580
352 715
352 399
352 472
352 536
352 417
352 565
353 388
353 392
353 459
353 525
353 401
353 483
353 787
353 452
353 730
353 539
353 798
353 546
353 551
353 750
353 757
353 504
353 701
353 597
354 363
354 455
354 648
354 650
354 375
354 635
354 595
354 532
354 590
354 471
354 669
354 607
354 547
354 427
354 492
354 622
354 630
354 567
354 634
354 700
355 512
355 577
355 678
355 657
355 774
355 742
355 495
355 607
355 736
355 619
355 486
355 423
355 684
355 677
355 723
355 565
355 566
355 378
355 637
355 766
355 693
356 449
356 748
356 454
356 521
356 394
356 398
356 591
356 407
356 537
356 745
356 618
356 568
356 505
356 793
356 702
357 577
357 645
357 454
357 392
357 642
357 590
357 785
357 402
357 727
357 735
357 678
357 362
357 427
357 622
357 562
357 691
357 373
357 377
358 582
358 649
358 467
358 462
358 601
358 673
358 676
358 694
358 570
358 510
359 576
359 577
359 620
359 778
359 781
359 722
359 595
359 534
359 729
359 411
359 751
359 742
359 360
359 745
359 391
359 556
359 750
359 561
359 500
359 694
359 440
359 505
360 390
360 587
360 524
360 402
360 526
360 793
360 537
360 672
360 418
360 432
360 433
361 512
361 523
361 571
361 775
361 714
361 565
361 580
361 468
361 728
361 409
361 608
361 784
361 428
361 370
361 500
361 758
361 681
361 760
362 641
362 529
362 786
362 662
362 665
362 644
362 541
362 416
362 551
362 434
362 371
362 437
362 439
362 568
362 457
362 567
362 718
362 466
362 595
362 482
362 487
362 488
362 619
362 499
362 631
363 710
363 519
363 456
363 522
363 653
363 530
363 727
363 472
363 474
363 453
363 720
363 678
363 554
363 430
363 797
363 562
363 692
363 759
363 760
363 697
363 765
363 715
364 384
364 448
364 386
364 771
364 776
364 777
364 594
364 366
364 406
364 483
364 402
364 688
364 631
364 701
365 399
365 466
365 474
365 731
365 617
365 619
365 371
365 634
365 394
365 574
366 645
366 647
366 377
366 592
366 687
366 670
366 544
366 548
366 692
366 758
366 631
366 569
367 694
367 710
367 522
367 651
367 460
367 589
367 526
367 591
367 533
367 663
367 799
367 612
367 685
367 424
367 615
367 679
367 625
367 498
367 437
367 502
367 763
368 705
368 578
368 773
368 393
368 523
368 524
368 482
368 728
368 611
368 596
368 600
368 474
368 605
368 480
368 419
368 679
368 663
368 490
368 689
368 499
368 692
368 629
368 507
368 445
369 384
369 587
369 466
369 531
369 660
369 792
369 537
369 547
369 549
369 715
369 743
369 555
369 687
369 786
369 370
369 435
369 675
369 630
369 567
369 376
369 442
369 637
370 452
370 648
370 684
370 465
370 718
370 470
370 541
370 480
370 482
370 740
370 797
370 696
370 593
370 557
370 494
370 495
370 562
370 374
370 504
370 697
370 634
370 446
370 767
371 517
371 646
371 522
371 587
371 594
371 792
371 777
371 672
371 610
371 554
371 492
371 686
371 560
371 502
371 503
371 760
371 490
371 639
372 645
372 682
372 392
372 746
372 394
372 622
372 689
372 604
372 442
372 478
372 799
372 734
372 483
372 677
372 678
372 617
372 494
372 605
372 508
372 445
372 702
373 763
373 577
373 451
373 705
373 392
373 585
373 715
373 396
373 528
373 635
373 757
373 728
373 734
373 674
373 611
373 548
373 424
373 744
373 563
373 629
373 438
373 703
374 554
374 682
374 585
374 659
374 469
374 601
374 537
374 544
374 691
374 731
374 677
374 614
374 779
374 689
374 440
374 490
374 382
375 481
375 778
375 727
375 465
375 403
375 661
375 417
375 519
375 492
375 419
375 689
375 445
375 715
376 458
376 667
376 389
376 623
376 652
376 504
376 579
376 789
376 657
376 721
376 559
376 427
376 517
376 635
376 634
376 614
376 773
376 528
376 570
376 381
376 784
377 577
377 517
377 394
377 779
377 593
377 531
377 558
377 537
377 411
377 798
377 737
377 538
377 425
377 566
377 697
377 766
378 648
378 556
378 631
378 759
378 721
378 786
378 739
378 476
378 432
378 560
378 690
378 435
378 566
378 503
379 513
379 386
379 545
379 499
379 656
379 659
379 405
379 475
379 413
379 417
379 731
379 561
379 775
379 687
379 767
380 778
380 524
380 785
380 789
380 795
380 542
380 550
380 685
380 559
380 434
380 564
380 437
380 566
380 443
380 581
380 493
380 586
380 592
380 468
380 600
380 603
380 477
380 607
380 621
380 494
380 498
380 500
380 605
380 383
381 706
381 643
381 775
381 678
381 787
381 526
381 539
381 414
381 475
381 677
381 422
381 679
381 680
381 681
381 746
381 752
381 689
381 562
381 631
381 635
382 770
382 683
382 710
382 647
382 759
382 739
382 406
382 407
382 602
382 731
382 418
382 549
382 614
382 730
382 500
382 541
382 510
383 416
383 387
383 777
383 661
383 664
383 669
383 670
383 479
383 417
383 419
383 686
383 562
383 650
383 703
384 771
384 517
384 778
384 462
384 784
384 786
384 531
384 532
384 405
384 414
384 680
384 639
385 578
385 451
385 645
385 519
385 462
385 466
385 468
385 494
385 512
385 761
385 665
385 538
385 787
385 551
385 557
385 433
385 499
385 628
385 566
385 576
385 636
385 638
385 575
386 768
386 683
386 455
386 492
386 516
386 525
386 621
386 473
386 743
386 680
386 562
386 727
386 759
386 771
386 634
386 573
387 512
387 576
387 733
387 746
387 586
387 525
387 718
387 653
387 530
387 739
387 406
387 409
387 796
387 481
387 671
387 678
387 426
387 492
387 483
387 434
387 595
387 690
387 783
387 786
387 618
387 559
388 644
388 753
388 695
388 654
388 504
388 419
388 468
388 750
388 726
388 793
388 731
388 494
388 432
388 561
388 790
388 499
388 502
388 697
389 565
389 515
389 453
389 582
389 397
389 527
389 660
389 661
389 476
389 670
389 485
389 419
389 425
389 426
389 686
389 765
389 437
390 577
390 774
390 642
390 653
390 720
390 658
390 787
390 536
390 542
390 749
390 572
390 426
390 685
390 634
390 784
391 708
391 662
391 648
391 781
391 408
391 603
391 797
391 677
391 743
391 560
391 573
391 766
391 575
392 799
392 449
392 513
392 394
392 716
392 653
392 466
392 548
392 410
392 486
392 423
392 745
392 424
392 651
392 683
392 507
392 458
392 702
392 575
393 648
393 713
393 779
393 524
393 720
393 721
393 532
393 569
393 664
393 687
393 734
393 425
393 792
393 798
393 468
393 799
393 703
394 396
394 590
394 793
394 666
394 591
394 476
394 611
394 742
394 486
394 432
395 614
395 707
395 711
395 589
395 762
395 657
395 456
395 791
395 602
395 476
395 738
395 421
395 553
395 749
395 560
395 504
395 586
395 639
396 706
396 565
396 589
396 721
396 405
396 662
396 409
396 412
396 478
396 610
396 454
396 604
396 480
396 755
396 608
396 760
396 506
397 519
397 712
397 793
397 590
397 653
397 402
397 727
397 604
397 781
397 626
397 500
397 442
397 637
397 446
398 704
398 585
398 459
398 674
398 776
398 528
398 530
398 535
398 453
398 720
398 538
398 430
398 439
398 504
398 754
398 442
398 574
399 640
399 538
399 416
399 674
399 422
399 555
399 697
399 576
399 712
399 467
399 477
399 478
399 618
399 515
399 762
399 533
400 449
400 708
400 586
400 707
400 657
400 475
400 414
400 734
400 783
400 746
400 683
400 779
400 694
400 702
400 757
401 452
401 726
401 609
401 464
401 409
401 706
401 473
401 527
401 785
401 477
401 622
401 793
401 503
401 504
401 447
402 522
402 580
402 581
402 461
402 727
402 709
402 681
402 494
402 701
402 752
402 562
402 500
402 745
402 568
402 556
402 447
403 768
403 584
403 793
403 533
403 662
403 599
403 473
403 687
403 609
403 731
403 735
403 493
403 413
404 579
404 773
404 711
404 650
404 727
404 780
404 719
404 529
404 791
404 720
404 676
404 425
404 746
404 747
404 621
404 430
404 775
404 703
405 774
405 775
405 586
405 654
405 729
405 623
405 512
405 776
405 626
405 437
405 502
405 777
405 460
405 565
406 778
406 578
406 650
406 715
406 653
406 719
406 476
406 737
406 674
406 710
406 422
406 619
406 680
406 434
406 691
406 437
406 639
407 768
407 712
407 777
407 706
407 720
407 721
407 787
407 796
407 541
407 414
407 490
407 429
407 566
407 503
408 619
408 645
408 713
408 588
408 596
408 534
408 472
408 542
408 419
408 624
408 500
408 507
409 512
409 774
409 662
409 792
409 537
409 422
409 553
409 684
409 558
409 432
409 566
409 568
409 581
409 770
409 476
409 720
409 483
409 678
409 625
409 787
409 629
409 630
409 511
410 450
410 661
410 601
410 473
410 453
410 485
410 625
410 662
410 756
410 565
410 677
410 629
411 640
411 578
411 647
411 777
411 523
411 762
411 612
411 736
411 532
411 789
411 559
411 413
411 553
411 679
411 625
411 724
411 501
411 508
411 574
412 513
412 707
412 773
412 750
412 649
412 727
412 717
412 591
412 592
412 561
412 613
412 739
412 550
412 554
412 558
412 624
412 417
412 627
412 641
412 505
412 506
413 706
413 708
413 453
413 753
413 649
413 720
413 660
413 473
413 730
413 667
413 737
413 676
413 486
413 551
413 743
413 428
413 749
413 773
414 641
414 760
414 596
414 452
414 687
414 669
414 739
414 708
414 730
414 745
414 797
414 690
414 501
414 713
414 632
414 705
415 769
415 450
415 517
415 674
415 657
415 538
415 668
415 550
415 745
415 427
415 685
415 560
415 562
415 796
416 576
416 513
416 701
416 684
416 589
416 724
416 687
416 541
416 624
416 482
416 710
416 742
416 657
416 556
416 494
416 496
416 659
416 798
416 505
416 656
416 509
417 448
417 453
417 652
417 465
417 659
417 789
417 598
417 607
417 678
417 554
417 751
417 688
417 691
418 460
418 652
418 642
418 791
418 602
418 555
418 430
419 533
419 670
419 673
419 420
419 421
419 684
419 429
419 434
419 652
419 462
419 596
419 469
419 734
419 735
419 536
419 747
419 627
419 758
419 637
419 766
420 455
420 585
420 523
420 663
420 472
420 672
420 481
420 733
420 498
420 777
420 442
420 702
421 585
421 499
421 720
421 531
421 590
421 731
421 749
421 689
421 691
421 766
422 704
422 715
422 601
422 774
422 789
422 529
422 466
422 771
422 667
422 709
422 741
422 566
422 754
422 753
422 437
422 567
422 786
422 575
423 641
423 643
423 586
423 707
423 669
423 797
423 489
423 558
423 431
423 692
423 501
423 566
423 568
423 628
423 573
424 448
424 582
424 779
424 727
424 720
424 556
424 697
425 518
425 792
425 732
425 528
425 796
425 686
425 559
425 584
425 440
425 578
425 508
425 784
426 651
426 719
426 528
426 537
426 732
426 477
426 607
426 744
426 502
426 554
426 541
426 564
426 438
426 559
426 507
426 446
427 452
427 760
427 633
427 730
427 667
427 491
427 711
427 455
427 558
427 515
427 570
427 701
428 736
428 733
428 708
428 780
428 524
428 653
428 792
428 793
428 787
428 729
428 668
428 691
429 769
429 580
429 773
429 716
429 461
429 739
429 725
429 472
429 473
429 605
429 613
429 529
429 553
429 490
429 743
429 431
429 625
429 752
429 436
429 566
429 560
429 632
429 692
429 442
429 699
429 746
430 456
430 455
430 777
430 597
430 727
430 461
430 548
430 482
430 740
430 526
430 708
430 711
430 749
430 733
430 435
430 639
430 509
430 437
431 770
431 491
431 598
431 454
431 737
431 457
431 499
431 464
431 721
431 516
431 794
431 621
431 611
431 488
431 688
431 726
431 564
431 626
431 707
431 698
431 709
431 749
432 576
432 733
432 515
432 645
432 529
432 594
432 596
432 729
432 539
432 442
432 671
432 678
432 553
432 685
432 626
432 436
432 501
432 788
432 756
433 588
433 708
433 773
433 712
433 460
433 785
433 537
433 474
433 538
433 768
433 434
433 564
433 756
434 645
434 563
434 675
434 663
434 605
434 608
434 622
434 790
434 468
434 735
434 766
435 642
435 523
435 589
435 590
435 655
435 515
435 790
435 604
435 734
435 736
435 786
435 484
435 493
435 687
435 756
435 508
435 638
436 704
436 782
436 632
436 526
436 644
436 797
436 671
436 484
436 556
436 753
436 569
436 799
436 508
436 701
437 780
437 658
437 797
437 551
437 681
437 555
437 568
437 715
437 593
437 722
437 605
437 612
437 614
437 488
437 764
437 620
437 494
437 627
437 756
437 635
437 509
437 510
438 772
438 773
438 528
438 721
438 474
438 542
438 612
438 616
438 554
438 752
438 561
438 760
438 441
438 506
438 507
438 444
439 768
439 450
439 717
439 740
439 610
439 593
439 471
439 615
439 687
439 609
439 739
439 627
440 522
440 659
440 535
440 603
440 604
440 605
440 540
440 558
440 561
440 757
440 571
440 778
440 766
440 789
441 704
441 449
441 581
441 590
441 499
441 656
441 612
441 658
441 451
441 586
441 473
441 541
441 548
441 681
441 491
441 621
441 688
442 701
442 457
442 458
442 659
442 668
442 613
442 717
442 605
442 752
442 646
442 630
442 585
442 771
442 479
442 573
442 637
443 514
443 785
443 531
443 666
443 688
443 549
443 553
443 558
443 559
443 624
443 648
443 692
443 570
444 658
444 504
444 506
444 677
445 707
445 452
445 609
445 520
445 594
445 791
445 516
445 592
445 739
445 678
445 648
445 656
445 639
446 774
446 713
446 460
446 528
446 557
446 787
446 600
446 461
446 475
446 604
446 587
446 603
446 762
446 507
447 454
447 779
447 781
447 579
447 791
447 472
447 601
447 731
447 540
447 684
447 752
447 643
447 766
447 502
447 759
447 771
447 505
447 574
448 768
448 684
448 525
448 719
448 788
448 539
448 798
448 548
448 551
448 555
448 616
448 691
448 565
448 673
448 586
449 769
449 710
449 673
449 458
449 781
449 514
449 545
449 487
449 495
449 611
449 505
449 720
450 514
450 710
450 783
450 592
450 658
450 674
450 572
450 647
450 625
450 723
450 509
451 713
451 698
451 681
451 494
451 657
451 724
451 768
452 582
452 519
452 535
452 650
452 463
452 784
452 723
452 482
452 742
452 680
452 553
452 696
453 459
453 759
453 529
453 466
453 469
453 550
453 688
453 639
454 669
454 731
454 646
454 711
454 665
454 590
454 589
454 601
454 730
454 559
454 737
454 619
454 732
454 557
454 754
454 741
454 738
455 776
455 503
455 707
455 494
455 779
455 557
455 495
455 691
455 589
455 631
455 635
455 686
456 708
456 522
456 529
456 665
456 649
456 733
456 564
456 501
456 756
456 700
456 533
457 782
457 491
457 583
457 464
457 771
457 789
457 470
457 794
457 796
457 690
457 691
457 766
457 469
458 517
458 711
458 522
458 653
458 536
458 537
458 721
458 679
458 712
458 499
458 695
458 636
458 637
459 720
459 660
459 740
459 612
459 762
459 797
459 624
459 575
460 514
460 619
460 737
460 709
460 471
460 535
460 469
460 526
460 593
460 753
460 679
460 493
460 519
460 706
460 609
460 633
460 635
460 572
460 522
461 642
461 645
461 520
461 759
461 592
461 721
461 740
461 469
461 463
461 541
461 732
461 681
461 573
461 787
462 683
462 550
462 738
462 742
462 531
462 601
462 798
462 610
462 679
462 492
462 755
462 789
463 630
463 519
463 468
463 729
463 527
463 644
463 540
463 542
463 609
463 796
463 586
463 492
463 750
463 637
463 677
463 505
464 769
464 772
464 645
464 714
464 594
464 723
464 596
464 605
464 481
464 618
464 757
464 777
464 532
464 634
464 510
465 774
465 775
465 713
465 729
465 591
465 721
465 594
465 690
465 470
465 535
465 664
465 549
465 691
465 686
465 562
465 722
465 697
465 790
466 577
466 724
466 548
466 794
466 687
466 605
466 606
466 736
466 482
466 700
466 627
466 575
466 571
466 637
467 776
467 649
467 708
467 793
467 600
467 731
467 540
467 478
467 487
467 495
467 689
467 755
467 788
467 764
468 751
468 760
468 512
468 668
468 572
468 610
468 603
468 487
468 623
468 689
468 670
468 735
469 518
469 519
469 695
469 795
469 658
469 600
469 541
469 737
469 617
469 488
469 711
469 478
469 570
469 574
469 629
470 578
470 779
470 726
470 727
470 693
470 605
470 497
470 519
470 498
470 765
470 691
470 504
470 509
470 766
470 661
471 513
471 514
471 646
471 520
471 779
471 786
471 728
471 668
471 542
471 735
471 737
471 767
471 560
471 502
471 760
472 593
472 579
472 623
472 495
472 496
472 755
472 615
472 635
472 508
473 581
473 582
473 663
473 530
473 724
473 644
473 546
473 611
473 659
473 503
473 699
473 700
474 644
474 519
474 713
474 524
474 530
474 723
474 570
474 542
474 548
474 679
474 499
475 707
475 517
475 527
475 659
475 724
475 725
475 723
475 535
475 665
475 608
475 488
475 760
475 700
475 767
476 672
476 684
476 548
476 798
476 523
476 746
476 709
476 564
476 632
476 541
477 603
477 674
477 587
477 482
477 526
477 627
477 726
477 589
477 664
477 601
477 669
477 542
477 740
477 485
477 744
477 683
477 748
477 775
477 499
477 564
477 568
477 505
477 738
478 512
478 704
478 517
478 662
478 667
478 609
478 622
478 752
478 567
478 705
478 699
478 574
479 608
479 711
479 649
479 714
479 533
479 599
479 615
479 489
479 775
479 620
479 497
479 629
479 627
479 632
479 633
479 507
480 512
480 770
480 580
480 773
480 593
480 535
480 576
480 794
480 731
480 605
480 698
480 620
480 497
480 670
480 542
480 695
480 624
480 572
480 766
480 639
481 768
481 606
481 711
481 567
481 718
481 542
481 546
481 547
481 487
481 561
481 625
481 501
481 737
481 638
481 767
482 518
482 777
482 523
482 528
482 529
482 707
482 537
482 794
482 774
482 796
482 677
482 715
482 698
482 744
482 563
482 544
483 706
483 524
483 720
483 537
483 751
483 540
483 485
483 733
483 690
483 542
483 609
483 761
484 708
484 646
484 587
484 525
484 659
484 666
484 669
484 485
484 745
484 554
484 551
484 558
484 497
484 509
485 516
485 588
485 525
485 788
485 600
485 517
485 756
485 505
485 571
485 703
486 644
486 517
486 583
486 721
486 788
486 599
486 709
486 797
486 775
486 494
486 562
486 760
486 572
486 573
487 713
487 728
487 729
487 542
487 799
487 794
487 676
487 615
487 753
487 565
487 596
487 705
488 517
488 629
488 663
488 732
488 605
488 607
488 736
488 551
488 636
488 491
488 752
488 566
488 632
488 575
489 643
489 587
489 527
489 733
489 750
489 623
489 758
489 698
489 764
489 703
490 768
490 711
490 655
490 658
490 723
490 688
490 682
490 687
491 750
491 580
491 646
491 584
491 599
491 788
491 662
491 603
491 670
491 673
491 761
491 621
491 494
491 752
491 694
491 738
491 565
492 640
492 517
492 582
492 528
492 661
492 687
492 672
492 547
492 508
492 557
492 698
493 603
493 758
493 522
493 523
493 755
493 602
493 670
493 798
493 630
494 648
494 759
494 747
494 544
494 743
494 621
494 506
494 545
494 794
494 684
494 687
494 560
494 503
494 500
494 635
495 516
495 776
495 748
495 514
495 592
495 654
495 740
495 742
495 743
495 498
495 643
495 553
495 632
496 576
496 609
496 777
496 714
496 726
496 537
496 731
496 647
496 545
496 636
496 555
496 733
496 754
496 756
496 766
496 673
496 746
497 588
497 775
497 585
497 791
497 499
497 529
497 789
497 535
497 675
497 618
497 752
497 631
497 510
498 578
498 780
498 665
498 585
498 761
498 592
498 529
498 723
498 544
498 611
498 633
498 699
499 778
499 704
499 561
499 664
499 668
499 635
499 612
499 552
499 700
499 723
499 692
499 575
500 662
500 563
500 665
500 783
500 606
500 671
500 752
500 633
501 704
501 642
501 709
501 654
501 787
501 663
501 675
501 677
501 795
501 615
501 684
501 692
501 697
501 506
501 637
502 518
502 601
502 584
502 772
502 520
502 766
503 515
503 649
503 727
503 789
503 666
503 751
503 610
503 795
503 679
503 694
503 575
504 514
504 515
504 726
504 713
504 714
504 594
504 725
504 722
504 523
504 746
504 531
504 695
504 697
505 642
505 780
505 527
505 784
505 663
505 681
505 714
505 715
505 592
505 606
505 622
505 633
506 588
506 707
506 630
506 582
506 704
506 646
506 791
506 787
506 542
506 778
506 610
506 614
506 745
506 594
506 712
506 562
506 608
506 633
506 793
506 703
507 582
507 716
507 781
507 658
507 598
507 601
507 748
507 751
507 560
507 610
507 725
508 514
508 579
508 644
508 623
508 530
508 735
508 653
508 546
508 611
508 678
508 593
508 716
508 555
508 658
508 763
508 725
509 624
509 662
509 744
509 717
509 633
509 538
509 667
509 757
510 782
510 598
510 527
510 674
510 603
510 618
510 758
510 543
510 573
511 778
511 791
511 668
511 759
511 698
511 636
512 640
512 645
512 714
512 530
512 727
512 671
512 622
512 561
512 695
512 596
513 546
513 719
513 784
513 529
513 538
513 543
513 741
513 555
513 687
513 700
513 639
514 619
514 684
514 525
514 745
514 730
514 669
514 543
514 736
514 553
514 621
514 688
514 766
515 778
515 524
515 532
515 540
515 592
515 677
515 732
515 627
515 694
516 708
516 710
516 567
516 716
516 727
516 601
516 678
516 693
516 541
517 672
517 617
517 710
517 776
517 715
517 530
517 531
517 793
517 736
517 546
517 786
517 553
518 706
518 522
518 722
518 790
518 539
518 541
518 744
518 746
518 688
518 562
518 703
519 707
519 729
519 718
519 656
519 719
519 600
519 607
519 551
519 700
519 705
520 672
520 646
520 535
520 524
520 644
520 589
520 547
520 614
520 747
520 680
520 555
520 684
520 573
520 761
521 712
521 715
521 693
521 655
521 671
521 673
521 550
521 557
521 629
522 778
522 578
522 595
522 783
522 679
522 540
522 746
522 773
522 714
522 782
523 648
523 775
523 713
523 632
523 593
523 722
523 624
523 683
523 562
523 674
524 776
524 609
524 648
524 646
524 721
524 604
524 560
524 668
524 732
524 613
524 658
524 753
524 692
524 542
524 714
525 595
525 697
525 691
525 664
525 677
525 795
525 679
525 618
525 530
525 712
525 563
525 776
525 695
526 750
526 642
526 582
526 599
526 530
526 737
526 668
526 553
527 705
527 717
527 654
527 702
527 581
527 627
527 574
528 582
528 681
528 620
528 655
528 643
528 790
528 791
528 670
528 609
528 774
528 676
528 747
528 621
528 758
528 778
528 649
528 586
529 772
529 710
529 654
529 789
529 537
529 709
529 593
529 779
529 686
529 755
529 625
529 569
529 700
530 772
530 623
530 653
530 739
530 664
530 604
530 715
530 688
530 693
531 749
531 570
531 736
531 548
531 679
531 621
531 627
531 573
532 654
532 662
532 663
532 545
532 548
532 682
532 566
532 639
533 734
533 667
533 613
533 679
533 574
533 661
533 668
534 579
534 651
534 797
534 754
534 799
534 679
534 779
534 622
534 776
534 759
534 765
535 576
535 706
535 759
535 770
535 568
535 538
535 546
535 731
535 710
535 552
535 756
535 629
535 764
535 703
536 643
536 717
536 593
536 595
536 750
536 794
536 676
536 686
536 627
536 760
537 724
537 633
537 648
537 591
537 538
537 741
537 693
537 634
537 636
538 589
538 664
538 794
538 604
538 678
538 581
538 773
538 693
538 636
539 722
539 559
539 683
539 743
539 590
540 651
540 674
540 657
540 644
540 601
540 721
540 762
540 689
540 757
540 634
541 651
541 652
541 591
541 610
541 796
541 711
541 753
541 757
541 738
542 643
542 715
542 654
542 600
542 619
542 765
542 713
542 702
543 772
543 670
543 678
543 680
543 562
543 693
543 631
543 767
544 708
544 567
544 784
544 773
544 760
544 570
544 571
544 586
544 766
545 750
545 648
545 783
545 597
545 601
545 738
545 563
545 756
545 734
545 568
545 789
546 576
546 599
546 790
546 798
546 683
546 558
546 773
546 727
546 618
547 747
547 644
547 641
547 759
547 598
547 799
547 763
547 683
547 659
547 592
547 702
548 708
548 769
548 653
548 718
548 759
548 666
548 613
548 754
548 594
548 695
548 767
548 572
548 573
548 784
548 703
549 619
549 672
549 679
549 758
549 661
550 736
550 583
550 714
550 749
550 720
550 730
550 603
550 675
550 678
550 614
550 558
550 628
550 626
551 578
551 709
551 716
551 589
551 656
551 723
551 793
551 770
551 667
551 746
551 605
551 628
551 637
552 786
552 740
552 774
552 732
552 738
552 687
552 658
552 692
552 792
552 698
552 766
552 639
553 705
553 582
553 791
553 722
553 680
553 556
553 744
553 690
553 630
553 575
554 556
554 791
554 644
554 616
554 733
554 585
554 735
555 615
555 639
555 597
556 708
556 665
556 620
556 680
556 782
556 602
556 675
556 730
556 616
557 574
557 596
557 599
557 690
557 585
557 558
557 572
558 773
558 710
558 738
558 654
558 729
558 702
558 635
558 680
558 693
558 618
559 577
559 685
559 723
559 790
559 704
559 715
559 763
559 680
559 679
560 669
560 769
560 709
560 706
560 783
560 596
560 793
560 755
560 607
560 763
560 698
560 680
560 794
560 683
560 684
560 638
560 758
561 601
561 775
561 567
561 663
561 717
561 782
561 667
561 602
561 668
561 638
562 583
562 738
562 598
562 603
562 604
562 754
562 673
562 668
562 639
562 659
562 759
562 697
562 574
563 710
563 712
563 793
563 601
563 730
563 689
563 568
563 692
564 664
564 602
564 688
564 668
564 634
564 617
564 658
564 703
565 683
565 591
565 710
565 790
565 708
565 677
565 716
565 679
565 686
565 734
565 632
565 699
565 700
565 701
566 732
566 731
566 624
566 769
566 626
566 758
566 660
566 638
567 652
567 678
567 594
567 793
567 677
567 680
567 583
567 624
568 669
568 768
568 774
568 650
568 590
568 598
568 600
568 612
568 733
569 775
569 712
569 663
569 695
569 720
569 799
569 609
569 675
569 616
569 637
569 755
569 631
569 571
570 775
570 594
570 738
570 612
570 759
571 608
571 649
571 718
571 591
571 595
571 724
571 748
571 692
571 745
572 713
572 761
572 730
572 708
572 615
572 757
573 662
573 593
573 786
573 612
573 734
573 685
573 751
573 712
573 595
573 628
573 693
573 607
573 700
574 714
574 784
574 721
574 659
574 792
574 610
574 723
574 637
575 712
575 744
575 792
575 782
575 795
575 645
575 736
575 683
575 620
575 750
575 625
575 629
575 630
575 769
576 694
576 774
576 738
576 608
576 669
576 740
576 670
576 757
577 588
577 789
577 780
578 640
578 706
578 648
578 779
578 675
578 633
579 622
579 602
579 591
579 738
579 767
579 671
579 776
579 690
579 630
580 777
580 759
580 716
580 642
580 736
580 717
580 664
580 729
580 595
580 733
580 744
580 626
580 658
580 681
581 759
581 760
581 761
582 632
582 727
582 652
582 614
582 600
582 786
582 796
582 669
582 754
582 755
582 726
582 761
583 710
583 781
583 656
583 787
583 754
583 608
583 673
583 738
583 593
583 615
583 743
583 690
583 628
583 633
583 720
584 644
584 614
584 597
584 678
584 729
585 643
585 776
585 727
585 791
585 593
585 786
585 796
585 616
585 690
585 764
586 647
586 794
586 624
586 628
586 763
587 640
587 797
587 646
587 785
587 599
587 699
587 636
587 693
588 647
588 648
588 714
588 782
588 722
588 625
588 699
588 614
588 680
588 745
588 622
588 688
588 754
588 637
589 747
589 714
589 654
589 603
589 604
589 743
589 756
589 697
590 707
590 753
590 717
590 739
590 665
590 619
590 699
590 639
591 623
591 661
591 731
591 691
591 689
591 631
591 638
592 646
592 658
592 633
592 740
592 744
592 775
592 754
592 755
592 756
592 707
593 782
593 719
593 761
593 613
593 617
593 627
593 699
594 619
594 710
594 597
594 663
594 734
594 731
594 627
594 686
595 704
595 744
596 797
596 753
596 607
596 730
596 691
596 735
597 782
597 728
597 784
598 645
598 649
598 716
598 656
598 732
598 628
598 745
599 768
599 648
599 784
599 786
599 738
599 739
599 639
599 741
599 628
599 634
600 710
600 785
600 720
600 686
600 674
600 636
600 682
600 620
600 687
600 616
600 784
600 633
601 782
601 656
601 724
601 790
601 676
601 671
601 692
601 735
602 783
602 731
602 666
602 651
602 613
602 686
603 771
603 708
603 744
603 781
603 656
603 726
603 783
603 606
603 636
603 746
603 616
603 694
604 760
604 741
604 744
604 606
604 649
605 670
605 778
605 615
605 755
605 674
605 795
606 790
606 680
606 610
606 750
606 722
606 698
607 694
607 717
607 626
607 787
607 761
608 641
608 665
608 652
608 729
608 655
608 749
608 768
608 638
608 767
609 705
609 633
609 786
609 677
609 753
609 734
610 642
610 714
610 791
610 751
610 746
610 621
611 704
611 753
611 627
611 765
612 770
612 771
612 714
612 716
612 729
612 747
613 790
613 710
613 695
613 759
613 661
613 723
613 735
613 798
613 668
613 693
613 752
613 629
613 694
613 681
613 697
613 699
613 702
614 704
614 731
614 773
614 696
614 786
614 664
614 745
614 649
615 690
615 755
615 735
616 712
616 650
616 719
616 790
616 744
616 618
616 754
617 642
617 652
617 664
617 729
617 676
617 636
618 709
618 649
618 647
618 764
618 741
618 732
618 686
618 765
618 759
618 782
619 706
619 696
619 661
619 772
619 725
619 782
619 638
620 772
620 664
621 652
621 721
621 786
621 753
622 774
622 712
622 707
622 792
622 731
622 645
622 742
622 668
622 698
622 799
623 733
623 644
623 776
623 778
623 726
623 697
623 719
623 792
623 745
623 777
623 625
623 626
623 786
623 767
624 642
624 646
624 633
624 654
624 721
624 798
624 740
625 772
625 675
625 785
625 767
625 714
626 770
626 771
626 781
626 723
626 683
626 749
626 757
627 770
627 643
627 713
627 778
627 739
627 779
628 712
628 786
628 789
628 759
629 729
629 678
629 792
629 723
629 664
629 690
629 636
629 637
630 656
630 643
630 728
630 704
630 672
630 723
630 767
631 714
631 652
631 793
631 667
631 731
631 724
631 639
632 655
632 680
632 637
632 766
633 758
633 729
633 775
633 691
634 779
634 708
634 649
634 652
634 782
634 749
634 724
634 736
634 744
634 732
634 799
635 757
635 735
635 636
635 748
635 762
636 681
636 693
636 734
636 785
636 792
636 760
636 782
637 648
637 686
637 776
637 706
637 762
637 703
638 704
638 772
638 647
638 726
638 719
638 798
638 740
638 685
638 686
638 756
638 671
638 701
639 729
639 667
639 781
639 742
639 679
640 644
640 784
640 669
640 667
640 651
640 692
640 694
640 695
640 788
641 782
641 661
641 743
641 748
641 685
641 659
642 705
642 670
642 701
643 761
643 660
643 799
643 752
643 753
644 663
644 785
644 795
644 681
644 791
644 793
644 680
645 761
645 665
645 657
645 746
645 728
645 787
645 734
646 715
646 652
646 648
646 719
646 659
646 661
646 797
646 766
647 732
648 707
648 722
648 740
648 706
648 719
648 650
648 737
649 768
649 779
649 652
649 724
649 744
649 777
649 723
649 754
650 795
650 753
650 669
650 667
650 740
650 668
650 750
650 765
650 693
651 653
651 657
651 660
651 673
651 743
651 762
651 756
651 760
651 724
651 693
652 704
652 790
652 682
652 763
653 711
653 777
653 654
653 656
653 708
653 686
653 772
653 753
653 758
654 768
654 783
654 732
654 730
654 676
654 683
654 678
654 690
655 710
655 719
655 722
655 787
655 783
655 684
655 749
655 690
655 735
655 682
656 709
656 795
656 686
656 755
656 703
657 776
657 725
657 793
657 797
657 688
657 778
658 781
658 719
658 792
658 698
658 798
659 785
659 718
659 745
659 711
659 766
660 716
660 710
660 720
660 786
660 661
661 736
661 674
661 750
661 734
661 697
661 789
661 735
662 777
662 766
663 693
663 743
663 762
664 705
664 684
664 719
664 792
664 728
664 744
664 682
664 765
664 702
665 715
665 744
665 790
665 668
665 794
665 676
666 729
666 718
666 768
666 757
667 737
667 714
667 712
667 761
668 698
668 725
668 726
668 691
668 751
668 777
668 696
668 686
669 708
669 784
669 687
669 756
669 766
670 687
671 706
671 733
671 673
671 713
671 749
671 723
671 700
672 676
672 719
673 717
673 719
673 740
673 755
673 753
673 754
673 723
673 699
674 714
674 723
674 740
674 712
674 782
675 756
675 734
675 688
675 678
675 746
676 776
676 760
676 678
676 700
677 768
677 782
677 722
677 739
677 687
677 738
678 777
678 689
678 698
678 706
678 723
678 736
679 712
679 799
680 710
680 713
680 779
680 729
680 796
681 769
681 754
681 696
681 764
682 793
682 698
682 736
682 692
682 696
683 777
683 778
683 688
683 754
683 703
684 769
684 777
684 788
684 790
684 695
685 768
685 786
685 723
685 793
686 721
687 778
687 690
687 709
687 733
687 767
688 747
688 797
688 765
688 722
689 764
689 775
689 754
689 702
690 770
690 797
690 775
691 773
691 697
691 733
691 785
691 769
692 706
692 755
692 696
693 768
693 696
694 716
694 745
694 731
694 754
694 796
695 770
695 714
695 726
696 769
696 724
696 725
696 794
696 765
697 795
698 785
698 700
699 727
699 734
700 749
700 758
700 760
701 799
702 707
702 714
702 715
703 775
703 712
703 717
703 788
703 746
703 777
703 707
703 767
704 709
704 794
704 766
704 762
705 771
705 795
705 708
705 716
705 732
705 722
705 753
705 763
705 765
706 778
706 719
706 750
706 785
706 740
706 713
706 771
706 764
707 771
707 719
707 726
708 733
708 734
708 746
709 770
709 773
709 710
709 749
709 758
710 777
710 751
710 717
711 777
711 797
712 778
712 753
712 793
712 734
712 798
713 781
713 721
713 735
714 771
714 716
714 781
715 745
715 746
715 761
716 779
716 773
716 729
716 760
717 779
717 720
717 746
718 786
718 725
718 729
718 751
718 723
719 779
719 735
719 753
719 763
719 765
721 792
721 735
721 777
721 755
721 764
722 727
722 751
723 741
723 764
724 749
724 771
725 726
725 791
725 760
726 732
726 789
726 734
727 731
728 754
729 748
729 746
730 777
730 772
730 743
731 750
732 753
732 761
733 743
733 794
733 754
733 761
734 797
734 763
734 747
735 774
735 797
735 745
736 776
736 781
736 742
736 766
737 779
737 764
738 751
739 770
739 778
739 782
740 798
741 777
741 773
741 787
742 770
743 746
744 765
744 789
744 798
744 751
745 762
745 747
745 760
745 761
746 770
746 775
746 761
746 756
749 780
749 773
750 794
750 797
752 775
752 777
752 759
752 789
753 772
753 796
755 797
755 784
755 791
757 794
757 766
758 793
758 799
759 799
759 775
759 766
760 781
760 779
761 797
762 775
762 793
763 798
763 777
765 785
765 767
766 787
766 786
767 796
768 782
770 777
772 782
772 785
772 786
775 789
777 788
778 796
779 784
780 782
782 799
785 796
790 798
793 799
