800 12689
0 704
0 514
0 737
0 776
0 266
0 587
0 464
0 146
0 83
0 468
0 85
0 726
0 666
0 725
0 220
0 32
0 417
0 34
0 100
0 40
0 170
0 492
0 749
0 433
0 563
0 74
0 245
0 788
0 311
0 568
0 660
0 253
0 575
1 548
1 5
1 568
1 328
1 297
1 648
1 476
1 750
1 207
1 304
1 563
1 115
1 740
1 284
1 183
1 472
1 580
1 218
1 316
1 510
2 384
2 130
2 721
2 708
2 389
2 264
2 138
2 663
2 271
2 184
2 787
2 788
2 597
2 471
2 218
2 346
2 349
2 478
2 479
2 102
2 487
2 779
2 233
2 298
2 615
2 173
2 687
2 432
2 754
2 499
2 312
2 634
2 796
3 64
3 705
3 406
3 648
3 523
3 158
3 591
3 400
3 384
3 595
3 788
3 726
3 407
3 474
3 732
3 670
3 223
3 224
3 111
3 478
3 248
3 287
3 573
4 718
4 130
4 35
4 678
4 657
4 712
4 138
4 501
4 109
4 398
4 559
4 17
4 437
4 470
4 729
4 473
4 282
4 447
5 512
5 194
5 139
5 455
5 778
5 11
5 332
5 482
5 334
5 592
5 787
5 340
5 23
5 24
5 331
5 283
5 284
5 154
5 478
5 95
5 794
5 481
5 354
5 420
5 38
5 104
5 169
5 746
5 235
5 685
5 625
5 629
5 503
5 491
5 59
5 444
5 253
5 62
5 511
6 128
6 448
6 642
6 323
6 68
6 86
6 134
6 650
6 76
6 720
6 725
6 195
6 480
6 214
6 471
6 603
6 736
6 160
6 482
6 419
6 774
6 489
6 428
6 624
6 561
6 579
6 691
6 566
6 553
6 574
6 63
7 704
7 441
7 554
7 324
7 773
7 330
7 535
7 142
7 527
7 465
7 468
7 14
7 279
7 345
7 158
7 415
7 737
7 354
7 36
7 357
7 553
7 362
7 760
7 238
7 112
7 372
7 670
7 502
7 631
7 312
7 180
7 58
7 351
7 426
7 21
8 64
8 640
8 43
8 389
8 650
8 587
8 527
8 635
8 466
8 404
8 344
8 410
8 796
8 157
8 227
8 612
8 485
8 730
8 361
8 490
8 299
8 236
8 626
8 413
8 306
8 52
8 117
8 122
8 507
8 508
8 125
9 448
9 11
9 644
9 713
9 74
9 75
9 784
9 147
9 27
9 797
9 163
9 230
9 617
9 302
9 47
9 434
9 243
9 565
9 649
9 568
9 377
9 378
9 767
10 129
10 194
10 387
10 792
10 582
10 385
10 395
10 590
10 208
10 280
10 594
10 676
10 726
10 249
10 408
10 356
10 602
10 91
10 506
10 478
10 737
10 675
10 36
10 229
10 423
10 626
10 366
10 370
10 567
10 631
10 121
10 314
10 252
11 576
11 385
11 514
11 171
11 388
11 199
11 87
11 663
11 706
11 335
11 213
11 86
11 279
11 408
11 793
11 347
11 542
11 609
11 99
11 763
11 293
11 424
11 363
11 463
11 109
11 47
11 240
11 433
11 626
11 501
11 310
11 631
11 123
11 507
11 510
11 127
12 669
12 193
12 363
12 324
12 724
12 710
12 651
12 332
12 401
12 786
12 340
12 409
12 90
12 475
12 799
12 538
12 414
12 415
12 480
12 737
12 738
12 315
12 273
12 42
12 299
12 605
12 432
12 596
12 690
12 436
12 629
12 372
12 442
12 479
12 383
13 448
13 193
13 706
13 69
13 230
13 763
13 654
13 429
13 272
13 465
13 147
13 726
13 535
13 753
13 413
13 543
13 736
13 34
13 699
13 423
13 38
13 359
13 555
13 173
13 496
13 49
13 659
13 766
13 634
13 507
13 702
14 704
14 520
14 585
14 87
14 652
14 482
14 272
14 529
14 788
14 469
14 726
14 471
14 280
14 26
14 476
14 93
14 799
14 96
14 225
14 162
14 677
14 666
14 360
14 303
14 49
14 674
14 245
14 59
14 700
14 639
15 514
15 391
15 200
15 777
15 650
15 656
15 20
15 21
15 24
15 25
15 219
15 416
15 688
15 354
15 731
15 293
15 170
15 171
15 532
15 637
15 48
15 370
15 116
15 766
15 503
15 504
15 185
15 570
15 509
15 126
15 127
16 352
16 642
16 326
16 609
16 264
16 715
16 140
16 399
16 303
16 658
16 20
16 88
16 591
16 271
16 485
16 96
16 161
16 674
16 70
16 297
16 426
16 495
16 565
16 374
16 55
16 724
16 186
16 573
17 771
17 261
17 391
17 737
17 396
17 782
17 272
17 20
17 277
17 495
17 346
17 347
17 798
17 481
17 27
17 614
17 488
17 425
17 299
17 174
17 175
17 112
17 692
17 566
17 568
17 121
17 635
17 411
18 64
18 448
18 194
18 131
18 196
18 773
18 731
18 775
18 795
18 779
18 793
18 141
18 463
18 774
18 323
18 404
18 57
18 792
18 409
18 27
18 285
18 799
18 544
18 752
18 483
18 578
18 753
18 557
18 368
18 49
18 565
18 505
18 634
18 59
18 62
19 512
19 770
19 215
19 782
19 80
19 340
19 22
19 535
19 729
19 538
19 411
19 542
19 95
19 752
19 798
19 419
19 356
19 742
19 230
19 743
19 744
19 681
19 362
19 43
19 44
19 622
19 112
19 693
19 219
19 788
19 799
19 746
19 447
20 456
20 778
20 547
20 596
20 344
20 538
20 27
20 410
20 280
20 736
20 545
20 507
20 292
20 678
20 666
20 487
20 296
20 362
20 363
20 743
20 561
20 434
20 503
20 248
20 788
20 442
20 379
20 720
21 769
21 451
21 522
21 203
21 207
21 659
21 139
21 154
21 668
21 410
21 98
21 675
21 612
21 742
21 363
21 307
21 119
21 184
21 442
21 701
22 321
22 259
22 662
22 513
22 716
22 588
22 781
22 783
22 465
22 466
22 598
22 88
22 601
22 442
22 773
22 230
22 360
22 700
22 722
22 432
22 434
22 51
22 694
22 632
22 570
22 255
22 380
22 253
22 575
23 705
23 43
23 324
23 261
23 390
23 653
23 718
23 592
23 402
23 660
23 472
23 548
23 730
23 477
23 197
23 162
23 356
23 677
23 682
23 107
23 434
23 564
23 185
23 254
23 63
24 194
24 195
24 326
24 503
24 119
24 76
24 435
24 654
24 336
24 591
24 466
24 723
24 406
24 343
24 90
24 475
24 525
24 389
24 160
24 161
24 162
24 635
24 134
24 679
24 360
24 426
24 363
24 428
24 562
24 674
24 689
24 370
24 307
24 500
24 117
24 658
24 183
24 696
24 123
24 445
24 190
25 385
25 161
25 332
25 268
25 476
25 334
25 728
25 211
25 220
25 654
25 598
25 761
25 600
25 783
25 284
25 93
25 97
25 699
25 781
25 741
25 294
25 615
25 169
25 679
25 236
25 45
25 792
25 175
25 434
25 756
25 757
25 375
25 532
25 442
25 221
25 700
25 62
26 64
26 256
26 171
26 519
26 192
26 141
26 335
26 529
26 579
26 217
26 591
26 768
26 33
26 34
26 293
26 167
26 296
26 43
26 620
26 178
26 311
26 190
27 129
27 648
27 268
27 207
27 656
27 81
27 595
27 214
27 625
27 600
27 730
27 184
27 158
27 795
27 420
27 422
27 295
27 105
27 338
27 466
27 369
27 306
27 435
27 629
27 376
27 570
27 59
27 62
28 675
28 741
28 322
28 353
28 748
28 650
28 592
28 531
28 276
28 729
28 380
28 666
28 222
28 293
28 33
28 227
28 229
28 742
28 572
28 620
28 483
28 562
28 627
28 756
28 350
28 468
28 188
28 765
29 513
29 643
29 389
29 458
29 663
29 269
29 463
29 657
29 723
29 215
29 87
29 540
29 415
29 739
29 690
29 169
29 685
29 302
29 175
29 178
29 116
29 311
29 788
29 58
29 380
29 190
30 770
30 267
30 132
30 118
30 391
30 329
30 202
30 75
30 515
30 597
30 470
30 89
30 473
30 667
30 668
30 605
30 414
30 647
30 300
30 61
30 176
30 94
30 438
30 313
30 699
30 636
30 573
30 394
31 192
31 395
31 331
31 268
31 141
31 681
31 144
31 81
31 658
31 147
31 85
31 726
31 771
31 459
31 464
31 34
31 355
31 232
31 617
31 362
31 620
31 110
31 47
31 112
31 579
31 244
31 502
31 439
31 184
31 441
31 187
31 183
31 510
32 449
32 66
32 579
32 69
32 71
32 201
32 714
32 247
32 141
32 450
32 595
32 512
32 791
32 409
32 347
32 478
32 735
32 673
32 475
32 43
32 620
32 749
32 46
32 688
32 181
32 630
32 375
32 505
32 122
32 764
32 383
33 132
33 709
33 583
33 523
33 271
33 617
33 152
33 793
33 207
33 286
33 607
33 674
33 485
33 358
33 359
33 553
33 551
33 110
33 367
33 368
33 563
33 52
33 119
33 697
33 186
33 379
33 316
33 725
34 386
34 131
34 327
34 271
34 592
34 146
34 787
34 148
34 85
34 706
34 527
34 156
34 733
34 227
34 486
34 682
34 747
34 620
34 239
34 434
34 244
34 309
34 566
34 184
34 441
34 122
34 639
34 746
34 127
35 707
35 453
35 455
35 202
35 332
35 720
35 209
35 771
35 276
35 324
35 410
35 475
35 797
35 312
35 480
35 581
35 495
35 305
35 114
35 778
35 118
35 376
35 121
35 570
35 330
35 62
36 491
36 326
36 161
36 73
36 331
36 597
36 406
36 410
36 751
36 94
36 160
36 97
36 676
36 357
36 358
36 296
36 682
36 301
36 687
36 112
36 568
36 673
36 634
36 571
36 702
37 641
37 748
37 769
37 585
37 447
37 462
37 146
37 339
37 718
37 792
37 217
37 732
37 698
37 670
37 740
37 425
37 619
37 172
37 210
37 687
37 530
37 691
37 245
37 186
37 573
37 53
37 510
37 501
38 448
38 321
38 323
38 327
38 392
38 329
38 590
38 717
38 419
38 739
38 150
38 215
38 350
38 95
38 224
38 161
38 482
38 291
38 743
38 426
38 43
38 257
38 110
38 176
38 51
38 513
38 181
38 457
38 121
38 378
38 671
38 190
39 258
39 137
39 202
39 523
39 332
39 386
39 205
39 786
39 276
39 341
39 280
39 410
39 795
39 370
39 163
39 420
39 578
39 486
39 362
39 45
39 238
39 432
39 50
39 242
39 179
39 436
39 788
39 61
39 766
40 320
40 67
40 132
40 69
40 134
40 776
40 200
40 588
40 589
40 590
40 465
40 787
40 662
40 279
40 153
40 248
40 409
40 550
40 657
40 361
40 106
40 305
40 564
40 693
40 681
40 568
40 441
40 58
41 258
41 259
41 453
41 582
41 263
41 457
41 74
41 523
41 460
41 209
41 595
41 148
41 313
41 601
41 331
41 220
41 673
41 645
41 417
41 356
41 757
41 633
41 607
41 701
42 128
42 771
42 388
42 69
42 332
42 651
42 399
42 272
42 657
42 786
42 789
42 408
42 346
42 411
42 351
42 98
42 283
42 420
42 360
42 554
42 749
42 496
42 563
42 116
42 374
42 393
42 382
43 320
43 257
43 516
43 73
43 74
43 203
43 525
43 714
43 589
43 465
43 724
43 152
43 347
43 349
43 219
43 615
43 617
43 712
43 562
43 500
43 629
43 777
43 443
43 650
44 448
44 450
44 75
44 646
44 138
44 523
44 663
44 653
44 81
44 465
44 275
44 340
44 725
44 535
44 479
44 627
44 417
44 356
44 423
44 367
44 432
44 368
44 564
44 596
44 120
44 532
44 700
44 778
44 62
44 639
45 705
45 66
45 523
45 667
45 390
45 503
45 395
45 460
45 653
45 526
45 724
45 213
45 470
45 343
45 536
45 475
45 378
45 706
45 610
45 219
45 228
45 485
45 715
45 680
45 301
45 174
45 624
45 744
45 627
45 54
45 439
45 185
45 87
45 345
46 66
46 515
46 797
46 646
46 583
46 72
46 137
46 139
46 258
46 334
46 784
46 465
46 594
46 579
46 532
46 726
46 535
46 344
46 411
46 476
46 157
46 286
46 799
46 734
46 100
46 613
46 678
46 340
46 604
46 683
46 742
46 749
46 558
46 175
46 222
46 246
46 681
46 148
46 764
46 693
47 704
47 257
47 515
47 260
47 135
47 202
47 397
47 207
47 464
47 791
47 546
47 788
47 277
47 790
47 535
47 282
47 589
47 737
47 354
47 633
47 680
47 361
47 492
47 749
47 176
47 179
47 457
47 441
47 635
47 317
48 196
48 709
48 391
48 136
48 492
48 396
48 484
48 419
48 470
48 420
48 463
48 477
48 606
48 288
48 289
48 163
48 100
48 422
48 295
48 105
48 236
48 622
48 304
48 49
48 790
48 275
48 692
48 757
48 489
48 190
49 566
49 710
49 455
49 200
49 354
49 418
49 784
49 696
49 724
49 789
49 791
49 664
49 347
49 157
49 606
49 671
49 226
49 283
49 357
49 488
49 298
49 493
49 432
49 242
49 755
49 594
49 310
49 504
49 379
49 316
49 445
49 190
50 65
50 684
50 620
50 457
50 463
50 145
50 497
50 84
50 791
50 344
50 473
50 539
50 216
50 95
50 160
50 604
50 732
50 165
50 104
50 540
50 300
50 365
50 622
50 560
50 241
50 754
50 564
50 120
50 57
50 252
50 771
51 704
51 65
51 614
51 195
51 644
51 133
51 264
51 395
51 589
51 206
51 464
51 773
51 467
51 405
51 87
51 768
51 794
51 94
51 223
51 523
51 676
51 358
51 470
51 430
51 328
51 371
51 116
51 375
51 249
51 634
51 636
52 256
52 741
52 386
52 459
52 161
52 567
52 394
52 331
52 780
52 397
52 79
52 536
52 642
52 727
52 472
52 540
52 607
52 160
52 549
52 296
52 362
52 235
52 493
52 304
52 563
52 628
52 503
52 120
52 701
53 67
53 54
53 262
53 265
53 582
53 78
53 643
53 406
53 787
53 730
53 284
53 669
53 95
53 416
53 188
53 169
53 236
53 70
53 659
53 756
53 566
53 745
53 120
53 636
53 125
53 638
54 516
54 585
54 590
54 336
54 222
54 402
54 214
54 410
54 283
54 92
54 90
54 414
54 699
54 617
54 299
54 375
54 632
54 762
54 319
54 317
54 447
55 256
55 704
55 481
55 780
55 77
55 717
55 80
55 600
55 152
55 89
55 474
55 411
55 240
55 354
55 163
55 484
55 742
55 234
55 619
55 364
55 749
55 367
55 304
55 370
55 694
55 247
55 120
55 442
55 444
55 475
55 63
56 197
56 200
56 138
56 139
56 524
56 717
56 81
56 274
56 468
56 505
56 536
56 90
56 92
56 185
56 453
56 734
56 97
56 785
56 645
56 178
56 286
56 759
56 84
56 314
56 287
56 574
56 383
57 450
57 131
57 262
57 458
57 782
57 399
57 465
57 274
57 403
57 340
57 149
57 601
57 794
57 669
57 607
57 225
57 547
57 198
57 550
57 568
57 572
57 301
57 563
57 565
57 758
57 503
57 184
57 121
57 59
57 252
57 126
58 539
58 620
58 323
58 643
58 454
58 264
58 137
58 206
58 336
58 339
58 148
58 633
58 155
58 304
58 415
58 160
58 97
58 355
58 613
58 487
58 745
58 300
58 594
58 616
58 303
58 112
58 596
58 754
58 500
58 437
58 645
58 521
58 696
58 276
58 63
59 448
59 65
59 642
59 327
59 456
59 330
59 80
59 728
59 467
59 740
59 472
59 665
59 90
59 220
59 186
59 645
59 676
59 609
59 538
59 603
59 292
59 550
59 680
59 476
59 682
59 519
59 300
59 466
59 305
59 629
59 246
59 183
59 442
59 575
59 700
59 62
59 255
60 642
60 135
60 328
60 461
60 78
60 80
60 273
60 469
60 406
60 156
60 221
60 734
60 671
60 417
60 163
60 680
60 171
60 174
60 559
60 435
60 502
60 504
60 125
61 641
61 642
61 746
61 197
61 201
61 651
61 524
61 526
61 463
61 145
61 341
61 696
61 666
61 248
61 159
61 393
61 624
61 421
61 678
61 552
61 632
61 554
61 555
61 685
61 649
61 285
61 496
61 305
61 499
61 372
61 503
61 440
61 767
61 445
61 597
62 195
62 747
62 454
62 520
62 620
62 151
62 781
62 462
62 301
62 469
62 150
62 343
62 728
62 409
62 395
62 542
62 679
62 740
62 421
62 295
62 297
62 298
62 436
62 237
62 564
62 372
62 117
62 244
62 693
63 65
63 579
63 769
63 713
63 267
63 141
63 727
63 145
63 147
63 433
63 537
63 606
63 673
63 229
63 167
63 425
63 103
63 686
63 176
63 497
63 563
63 189
64 388
64 616
64 331
64 525
64 654
64 141
64 595
64 139
64 341
64 218
64 219
64 355
64 739
64 259
64 364
64 432
64 392
64 114
64 724
64 649
64 340
64 411
65 384
65 195
65 326
65 585
65 778
65 267
65 205
65 526
65 429
65 568
65 530
65 590
65 666
65 219
65 92
65 480
65 688
65 483
65 164
65 721
65 301
65 751
65 178
65 181
65 376
65 572
66 512
66 260
66 646
66 531
66 406
66 410
66 540
66 413
66 161
66 538
66 423
66 712
66 434
66 563
66 446
66 191
66 194
66 246
66 583
66 584
66 206
66 463
66 466
66 723
66 462
66 342
66 345
66 79
66 477
66 95
66 487
66 620
66 109
66 750
66 239
66 625
66 242
66 756
66 757
66 630
66 248
66 634
66 763
66 767
66 125
66 126
66 639
67 646
67 711
67 74
67 462
67 143
67 528
67 227
67 238
67 159
67 163
67 740
67 678
67 127
67 174
67 181
67 566
67 185
67 319
67 572
67 735
67 383
68 799
68 257
68 195
68 134
68 72
68 556
68 535
68 396
68 397
68 207
68 664
68 387
68 341
68 598
68 407
68 216
68 461
68 540
68 607
68 353
68 290
68 555
68 405
68 691
68 491
68 492
68 239
68 306
68 243
68 375
68 761
68 250
68 255
68 701
68 382
68 319
69 387
69 260
69 646
69 456
69 585
69 394
69 652
69 655
69 274
69 84
69 405
69 87
69 280
69 799
69 609
69 611
69 781
69 485
69 107
69 173
69 238
69 496
69 369
69 630
69 186
69 703
69 189
69 597
70 768
70 193
70 578
70 387
70 327
70 712
70 457
70 545
70 331
70 460
70 401
70 722
70 403
70 605
70 254
70 510
70 349
70 287
70 672
70 161
70 293
70 490
70 647
70 428
70 111
70 625
70 499
70 309
70 118
70 439
70 696
70 762
70 252
70 586
70 446
71 669
71 257
71 579
71 457
71 395
71 695
71 288
71 656
71 173
71 529
71 88
71 122
71 289
71 419
71 742
71 550
71 465
71 169
71 428
71 301
71 157
71 105
71 631
71 505
71 570
72 194
72 709
72 211
72 584
72 138
72 514
72 206
72 273
72 210
72 275
72 782
72 772
72 410
72 411
72 286
72 736
72 673
72 166
72 486
72 172
72 499
72 309
72 631
72 444
72 445
72 757
73 640
73 449
73 132
73 582
73 201
73 522
73 792
73 402
73 757
73 533
73 534
73 472
73 740
73 605
73 414
73 482
73 518
73 679
73 488
73 427
73 743
73 687
73 179
73 734
73 631
73 376
73 569
73 762
73 586
73 383
74 630
74 520
74 136
74 77
74 334
74 333
74 195
74 152
74 537
74 154
74 730
74 799
74 480
74 225
74 170
74 236
74 686
74 240
74 200
74 117
74 310
74 311
74 633
74 570
74 572
74 381
74 437
75 448
75 469
75 260
75 134
75 673
75 584
75 266
75 76
75 78
75 499
75 592
75 145
75 210
75 334
75 661
75 343
75 478
75 281
75 90
75 559
75 474
75 223
75 225
75 549
75 166
75 665
75 797
75 171
75 108
75 237
75 302
75 369
75 172
75 245
75 457
75 761
75 762
75 383
75 117
76 706
76 587
76 196
76 261
76 201
76 330
76 653
76 782
76 208
76 789
76 725
76 474
76 157
76 325
76 736
76 656
76 98
76 164
76 744
76 105
76 234
76 558
76 240
76 243
76 116
76 184
76 252
76 191
77 449
77 773
77 518
77 647
77 460
77 590
77 271
77 222
77 782
77 313
77 88
77 281
77 730
77 539
77 542
77 799
77 160
77 98
77 355
77 357
77 614
77 555
77 775
77 756
77 500
77 501
77 505
77 766
78 256
78 257
78 132
78 709
78 587
78 269
78 653
78 720
78 529
78 470
78 408
78 644
78 539
78 732
78 733
78 158
78 351
78 420
78 764
78 747
78 772
78 726
78 561
78 626
78 182
78 697
78 506
78 693
79 259
79 586
79 581
79 198
79 521
79 522
79 715
79 142
79 655
79 272
79 81
79 467
79 532
79 590
79 537
79 473
79 348
79 228
79 422
79 156
79 364
79 306
79 369
79 370
79 723
79 638
79 246
79 125
79 510
80 320
80 603
80 131
80 200
80 585
80 269
80 770
80 81
80 195
80 788
80 341
80 662
80 282
80 475
80 349
80 123
80 357
80 721
80 748
80 302
80 584
80 307
80 628
80 373
80 120
80 761
80 445
80 533
81 640
81 195
81 392
81 393
81 333
81 419
81 463
81 216
81 537
81 223
81 483
81 101
81 487
81 679
81 365
81 622
81 495
81 116
81 182
81 376
81 318
82 768
82 579
82 516
82 453
82 774
82 653
82 655
82 403
82 148
82 213
82 473
82 260
82 156
82 638
82 606
82 289
82 676
82 744
82 234
82 171
82 172
82 174
82 176
82 625
82 563
82 373
82 759
82 494
82 507
82 316
82 509
82 126
82 127
83 576
83 310
83 695
83 652
83 529
83 466
83 148
83 341
83 728
83 442
83 285
83 607
83 672
83 763
83 485
83 424
83 745
83 621
83 304
83 371
83 246
83 439
83 760
83 122
83 187
84 576
84 641
84 323
84 327
84 520
84 389
84 714
84 524
84 781
84 334
84 721
84 659
84 793
84 606
84 479
84 163
84 292
84 229
84 552
84 494
84 613
84 561
84 691
84 438
84 569
84 122
85 320
85 322
85 323
85 644
85 453
85 201
85 778
85 203
85 226
85 591
85 336
85 115
85 451
85 110
85 563
85 280
85 90
85 155
85 413
85 542
85 797
85 464
85 745
85 610
85 107
85 694
85 174
85 640
85 243
85 438
85 439
85 376
85 251
85 746
86 129
86 322
86 459
86 137
86 354
86 398
86 592
86 788
86 87
86 88
86 667
86 796
86 610
86 355
86 615
86 297
86 110
86 630
86 185
86 572
86 318
87 513
87 614
87 323
87 646
87 199
87 533
87 461
87 719
87 120
87 771
87 142
87 793
87 600
87 733
87 218
87 395
87 607
87 225
87 291
87 613
87 358
87 232
87 764
87 455
87 693
87 642
87 334
87 181
87 248
87 696
87 698
87 406
87 341
88 182
88 262
88 776
88 203
88 396
88 782
88 333
88 466
88 149
88 407
88 344
88 733
88 607
88 544
88 161
88 162
88 103
88 104
88 427
88 172
88 430
88 560
88 436
88 181
88 118
88 119
88 500
88 636
88 533
89 256
89 321
89 131
89 197
89 198
89 776
89 394
89 395
89 268
89 590
89 207
89 146
89 339
89 215
89 728
89 527
89 471
89 290
89 667
89 710
89 617
89 621
89 694
89 307
89 755
89 310
89 377
89 508
89 318
90 640
90 718
90 388
90 582
90 727
90 392
90 201
90 526
90 591
90 338
90 121
90 794
90 655
90 185
90 616
90 700
90 170
90 491
90 620
90 769
90 746
90 777
90 569
90 786
90 572
90 253
90 510
90 341
91 131
91 260
91 710
91 609
91 659
91 213
91 534
91 538
91 421
91 97
91 98
91 228
91 294
91 102
91 616
91 429
91 680
91 403
91 564
91 184
91 633
91 572
92 128
92 646
92 577
92 585
92 716
92 272
92 338
92 147
92 755
92 420
92 475
92 476
92 93
92 799
92 292
92 796
92 296
92 764
92 647
92 777
92 429
92 686
92 240
92 723
92 630
92 439
92 444
93 448
93 193
93 683
93 453
93 731
93 200
93 522
93 523
93 272
93 600
93 787
93 206
93 344
93 602
93 347
93 720
93 675
93 676
93 552
93 297
93 664
93 555
93 728
93 237
93 392
93 563
93 117
93 439
93 634
94 608
94 195
94 516
94 389
94 289
94 268
94 142
94 596
94 212
94 352
94 225
94 227
94 550
94 488
94 107
94 174
94 432
94 497
94 626
94 756
94 222
94 118
94 121
94 380
94 766
95 129
95 211
95 519
95 774
95 201
95 202
95 654
95 336
95 408
95 466
95 147
95 148
95 782
95 471
95 344
95 217
95 539
95 606
95 414
95 798
95 229
95 103
95 600
95 775
95 492
95 373
95 695
95 121
95 123
95 317
96 130
96 329
96 523
96 386
96 464
96 722
96 148
96 151
96 729
96 794
96 347
96 97
96 555
96 430
96 689
96 755
96 564
96 503
96 724
96 767
97 131
97 493
97 394
97 205
97 142
97 461
97 784
97 632
97 469
97 278
97 476
97 506
97 414
97 351
97 734
97 674
97 227
97 783
97 743
97 553
97 426
97 301
97 174
97 175
97 712
97 437
97 255
97 447
98 576
98 129
98 747
98 518
98 327
98 456
98 486
98 523
98 720
98 209
98 786
98 788
98 534
98 357
98 612
98 229
98 358
98 487
98 679
98 257
98 549
98 238
98 113
98 182
98 631
98 314
98 763
98 725
99 260
99 446
99 262
99 263
99 582
99 526
99 209
99 274
99 276
99 693
99 121
99 344
99 644
99 569
99 539
99 412
99 541
99 671
99 416
99 602
99 518
99 359
99 425
99 554
99 302
99 239
99 688
99 116
99 181
99 377
99 442
99 639
99 254
99 191
100 224
100 387
100 337
100 325
100 305
100 128
100 273
100 141
100 241
100 691
100 150
100 442
100 351
100 510
100 159
101 641
101 578
101 133
101 392
101 778
101 204
101 269
101 592
101 532
101 469
101 473
101 730
101 603
101 222
101 272
101 739
101 485
101 102
101 556
101 630
101 306
101 309
101 502
101 568
102 537
102 261
102 519
102 136
102 393
102 580
102 724
102 342
102 281
102 536
102 345
102 156
102 570
102 197
102 165
102 615
102 553
102 236
102 304
102 645
102 179
102 309
102 440
102 314
102 479
102 766
103 799
103 578
103 235
103 456
103 556
103 371
103 205
103 461
103 724
103 661
103 407
103 283
103 491
103 413
103 670
103 604
103 417
103 614
103 166
103 747
103 233
103 427
103 172
103 433
103 307
103 373
103 696
103 767
103 318
104 385
104 618
104 586
104 263
104 136
104 177
104 202
104 718
104 472
104 291
104 404
104 494
104 727
104 708
104 538
104 477
104 607
104 161
104 227
104 359
104 600
104 616
104 107
104 620
104 289
104 238
104 623
104 417
104 370
104 481
104 755
104 502
104 439
104 799
104 330
104 447
105 385
105 258
105 721
105 582
105 391
105 465
105 594
105 403
105 532
105 733
105 480
105 263
105 795
105 551
105 744
105 683
105 492
105 289
105 176
105 753
105 178
105 693
105 184
105 752
106 770
106 580
106 470
106 455
106 267
106 365
106 336
106 465
106 534
106 407
106 680
106 476
106 477
106 223
106 353
106 243
106 486
106 625
106 617
106 108
106 237
106 662
106 791
106 241
106 435
106 120
106 287
106 636
107 768
107 129
107 580
107 198
107 641
107 623
107 397
107 654
107 208
107 593
107 772
107 150
107 409
107 794
107 475
107 285
107 389
107 291
107 230
107 325
107 553
107 691
107 566
107 108
107 431
107 304
107 157
107 627
107 755
107 693
107 229
107 503
107 441
107 634
108 320
108 389
108 623
108 521
108 203
108 674
108 398
108 527
108 400
108 529
108 338
108 787
108 561
108 406
108 717
108 331
108 207
108 478
108 418
108 549
108 423
108 424
108 556
108 303
108 113
108 436
108 629
108 631
108 638
109 481
109 163
109 357
109 230
109 616
109 649
109 682
109 364
109 130
109 430
109 304
109 404
109 441
109 634
109 575
109 700
109 703
109 415
110 448
110 641
110 747
110 772
110 662
110 373
110 428
110 778
110 334
110 207
110 464
110 273
110 594
110 355
110 302
110 152
110 410
110 347
110 158
110 224
110 163
110 297
110 299
110 364
110 174
110 178
110 371
110 366
110 630
110 311
110 462
110 673
110 735
110 445
110 446
111 741
111 581
111 776
111 329
111 458
111 715
111 268
111 269
111 400
111 323
111 216
111 222
111 645
111 672
111 161
111 676
111 390
111 294
111 617
111 627
111 440
111 569
111 762
111 126
112 741
112 321
112 194
112 694
112 198
112 578
112 270
112 722
112 403
112 404
112 149
112 344
112 793
112 411
112 604
112 225
112 613
112 221
112 114
112 436
112 566
112 250
112 507
112 541
112 702
113 450
113 323
113 709
113 332
113 202
113 759
113 268
113 467
113 405
113 342
113 216
113 219
113 286
113 735
113 163
113 550
113 745
113 234
113 619
113 493
113 494
113 498
113 275
113 222
113 439
113 250
113 460
113 317
113 638
113 533
114 131
114 708
114 778
114 791
114 524
114 634
114 693
114 147
114 148
114 277
114 278
114 663
114 676
114 284
114 314
114 414
114 677
114 164
114 485
114 412
114 170
114 427
114 532
114 559
114 515
114 117
114 570
114 503
114 504
114 185
114 378
114 703
114 188
114 735
114 255
115 192
115 782
115 681
115 521
115 714
115 779
115 526
115 655
115 320
115 124
115 537
115 795
115 541
115 542
115 229
115 225
115 443
115 763
115 357
115 679
115 552
115 572
115 747
115 371
115 311
115 760
115 249
115 571
115 508
115 702
115 767
116 320
116 512
116 450
116 645
116 199
116 395
116 610
116 464
116 227
116 659
116 471
116 602
116 687
116 476
116 349
116 543
116 653
116 226
116 293
116 561
116 549
116 367
116 432
116 369
116 244
116 501
116 182
116 375
116 697
116 250
116 799
116 769
116 637
116 447
117 641
117 515
117 644
117 133
117 454
117 673
117 392
117 730
117 462
117 493
117 536
117 658
117 419
117 404
117 742
117 599
117 410
117 154
117 352
117 225
117 482
117 291
117 613
117 550
117 296
117 173
117 494
117 311
117 660
117 650
118 192
118 513
118 130
118 325
118 199
118 456
118 730
118 782
118 648
118 206
118 336
118 526
118 414
118 761
118 410
118 604
118 157
118 286
118 287
118 352
118 528
118 612
118 549
118 487
118 296
118 453
118 775
118 751
118 625
118 627
118 244
118 576
118 223
118 590
118 253
118 127
119 130
119 645
119 455
119 648
119 137
119 279
119 461
119 719
119 274
119 343
119 473
119 412
119 541
119 355
119 357
119 742
119 234
119 238
119 688
119 177
119 626
119 755
119 308
119 545
119 182
119 120
119 244
119 190
120 578
120 779
120 133
120 454
120 519
120 567
120 599
120 207
120 210
120 275
120 470
120 345
120 751
120 471
120 250
120 197
120 528
120 500
120 422
120 295
120 389
120 361
120 171
120 146
120 733
120 179
120 313
120 314
120 429
121 513
121 386
121 771
121 516
121 391
121 715
121 460
121 727
121 337
121 274
121 691
121 406
121 249
121 664
121 667
121 362
121 627
121 577
121 762
121 159
121 330
121 735
122 257
122 451
122 438
122 329
122 268
122 226
122 504
122 786
122 340
122 513
122 413
122 613
122 161
122 549
122 689
122 360
122 298
122 583
122 647
122 349
122 625
122 306
122 244
122 310
122 375
122 440
122 712
122 490
122 191
123 450
123 134
123 455
123 202
123 461
123 337
123 611
123 340
123 533
123 279
123 409
123 666
123 353
123 227
123 420
123 357
123 422
123 491
123 381
123 436
123 247
123 761
123 251
123 720
123 445
123 254
124 192
124 627
124 387
124 651
124 456
124 307
124 395
124 494
124 200
124 661
124 649
124 536
124 762
124 539
124 188
124 510
125 516
125 455
125 523
125 600
125 687
125 531
125 597
125 470
125 343
125 280
125 603
125 605
125 355
125 486
125 657
125 616
125 700
125 236
125 637
125 248
125 313
125 443
125 253
125 565
126 576
126 640
126 516
126 453
126 455
126 395
126 140
126 397
126 401
126 467
126 596
126 409
126 271
126 672
126 289
126 290
126 292
126 165
126 742
126 337
126 302
126 560
126 628
126 244
126 317
126 377
126 635
126 143
126 689
126 757
127 705
127 770
127 586
127 182
127 582
127 583
127 264
127 266
127 269
127 784
127 220
127 789
127 662
127 738
127 218
127 411
127 348
127 346
127 459
127 352
127 740
127 715
127 551
127 168
127 412
127 426
127 530
127 680
127 778
127 439
127 572
127 183
128 386
128 450
128 270
128 463
128 464
128 338
128 611
128 469
128 292
128 538
128 539
128 476
128 606
128 735
128 717
128 219
128 294
128 488
128 171
128 370
128 308
128 696
128 572
128 661
129 641
129 709
129 587
129 271
129 784
129 466
129 407
129 601
129 667
129 783
129 603
129 556
129 750
129 240
129 369
129 754
129 631
129 762
129 635
129 572
129 318
130 384
130 160
130 779
130 257
130 715
130 461
130 206
130 237
130 208
130 514
130 339
130 340
130 341
130 706
130 452
130 618
130 284
130 773
130 604
130 228
130 741
130 685
130 424
130 233
130 234
130 711
130 686
130 509
130 240
130 374
130 632
130 468
130 796
130 426
130 319
131 779
131 324
131 790
131 139
131 208
131 145
131 532
131 598
131 344
131 411
131 785
131 350
131 735
131 422
131 423
131 425
131 236
131 433
131 373
131 528
131 567
131 680
131 689
132 619
132 243
132 587
132 629
132 208
132 146
132 659
132 153
132 472
132 228
132 783
132 702
132 290
132 164
132 427
132 428
132 594
132 433
132 563
132 565
132 310
132 265
132 771
132 634
132 382
132 511
133 448
133 387
133 773
133 454
133 263
133 568
133 148
133 663
133 538
133 155
133 220
133 349
133 286
133 225
133 354
133 227
133 228
133 552
133 682
133 235
133 306
133 310
133 313
133 575
134 768
134 449
134 323
134 645
134 135
134 200
134 655
134 791
134 209
134 402
134 544
134 286
134 735
134 352
134 161
134 523
134 257
134 765
134 498
134 773
134 577
134 760
134 698
134 445
135 578
135 331
135 391
135 392
135 521
135 203
135 717
135 720
135 220
135 366
135 214
135 151
135 348
135 367
135 284
135 459
135 555
135 741
135 486
135 231
135 188
135 235
135 238
135 506
135 507
136 386
136 391
136 584
136 402
136 755
136 409
136 282
136 795
136 157
136 606
136 671
136 160
136 481
136 357
136 686
136 692
136 180
136 244
136 380
136 638
137 769
137 651
137 645
137 503
137 587
137 204
137 695
137 142
137 750
137 535
137 728
137 155
137 286
137 677
137 288
137 227
137 165
137 744
137 362
137 741
137 190
137 438
137 311
137 446
138 265
138 396
138 461
138 334
138 719
138 596
138 793
138 452
138 282
138 221
138 231
138 538
138 295
138 171
138 302
138 433
138 311
138 699
138 738
138 319
139 256
139 516
139 325
139 513
139 652
139 291
139 580
139 348
139 293
139 289
139 355
139 261
139 165
139 172
139 621
139 174
139 688
139 501
139 633
139 799
139 636
139 765
139 319
140 706
140 772
140 390
140 653
140 334
140 336
140 469
140 599
140 668
140 608
140 710
140 550
140 552
140 425
140 362
140 619
140 302
140 177
140 693
140 618
141 587
141 647
141 160
141 745
141 473
141 155
141 704
141 602
142 770
142 195
142 537
142 648
142 727
142 397
142 464
142 401
142 728
142 341
142 662
142 152
142 281
142 623
142 732
142 221
142 416
142 551
142 424
142 556
142 178
142 430
142 239
142 305
142 306
142 564
142 565
142 656
142 764
142 381
143 416
143 644
143 711
143 738
143 656
143 547
143 406
143 151
143 664
143 772
143 154
143 412
143 160
143 545
143 226
143 419
143 741
143 424
143 176
143 371
143 311
143 443
143 446
143 383
144 583
144 586
144 720
144 273
144 213
144 791
144 729
144 411
144 542
144 288
144 231
144 360
144 391
144 433
144 755
144 180
144 158
144 375
144 760
144 570
144 252
144 510
145 640
145 581
145 646
145 481
145 684
145 458
145 749
145 451
145 660
145 342
145 407
145 155
145 650
145 417
145 419
145 548
145 294
145 231
145 296
145 298
145 455
145 647
145 237
145 483
145 515
145 625
145 691
145 310
145 250
145 571
146 641
146 578
146 390
146 651
146 652
146 782
146 657
146 772
146 537
146 540
146 416
146 419
146 164
146 230
146 552
146 233
146 796
146 369
146 754
146 372
146 501
146 698
146 571
146 700
146 190
146 767
147 194
147 773
147 388
147 325
147 262
147 589
147 208
147 465
147 340
147 342
147 279
147 602
147 733
147 350
147 223
147 353
147 582
147 476
147 428
147 749
147 497
147 180
147 617
147 212
147 508
147 382
148 675
148 513
148 579
148 710
148 327
148 265
148 522
148 267
148 526
148 527
148 404
148 215
148 280
148 698
148 587
148 315
148 486
148 703
148 169
148 235
148 429
148 307
148 437
148 248
148 569
148 187
148 767
148 189
148 510
148 507
149 771
149 264
149 206
149 463
149 785
149 340
149 691
149 473
149 218
149 283
149 476
149 421
149 609
149 292
149 165
149 167
149 428
149 751
149 627
149 504
149 570
149 765
150 513
150 450
150 771
150 772
150 261
150 646
150 265
150 614
150 206
150 685
150 528
150 612
150 340
150 598
150 536
150 345
150 346
150 538
150 287
150 624
150 166
150 487
150 742
150 173
150 613
150 432
150 626
150 773
150 183
150 701
150 382
150 565
151 256
151 603
151 261
151 716
151 330
151 651
151 588
151 706
151 533
151 726
151 471
151 667
151 284
151 223
151 673
151 675
151 292
151 421
151 551
151 750
151 182
152 750
152 322
152 195
152 709
152 520
152 492
152 459
152 742
152 404
152 526
152 793
152 267
152 782
152 773
152 604
152 607
152 160
152 741
152 715
152 796
152 556
152 687
152 625
152 306
152 756
152 632
152 318
152 511
153 195
153 268
153 330
153 267
153 460
153 333
153 589
153 424
153 684
153 402
153 595
153 341
153 783
153 592
153 419
153 230
153 625
153 488
153 619
153 172
153 585
153 687
153 434
153 457
153 568
153 505
153 252
153 381
153 255
154 386
154 644
154 454
154 455
154 393
154 266
154 279
154 514
154 785
154 774
154 275
154 535
154 345
154 773
154 655
154 719
154 650
154 417
154 421
154 294
154 551
154 680
154 365
154 558
154 239
154 723
154 756
154 373
154 737
155 620
155 643
155 583
155 456
155 201
155 267
155 652
155 269
155 528
155 723
155 598
155 216
155 356
155 346
155 731
155 285
155 784
155 610
155 164
155 742
155 358
155 567
155 362
155 300
155 494
155 754
155 757
155 760
155 443
155 638
155 191
156 512
156 449
156 514
156 392
156 201
156 714
156 331
156 396
156 466
156 725
156 534
156 474
156 557
156 412
156 221
156 224
156 164
156 168
156 745
156 746
156 240
156 179
156 695
156 251
156 524
157 513
157 518
157 519
157 330
157 395
157 400
157 600
157 404
157 686
157 343
157 280
157 794
157 604
157 698
157 677
157 294
157 746
157 296
157 170
157 493
157 507
157 636
157 522
157 638
158 706
158 196
158 646
158 587
158 461
158 399
158 530
158 515
158 468
158 469
158 540
158 798
158 560
158 297
158 170
158 240
158 622
158 564
158 246
158 425
158 376
158 377
158 426
158 638
159 640
159 324
159 645
159 682
159 216
159 399
159 272
159 401
159 594
159 664
159 278
159 408
159 475
159 540
159 797
159 280
159 607
159 741
159 753
159 170
159 693
159 750
159 495
159 689
159 692
159 286
159 631
159 763
159 380
159 766
159 575
160 261
160 652
160 603
160 332
160 402
160 787
160 276
160 597
160 563
160 761
160 164
160 591
160 730
160 280
160 799
160 547
160 262
160 401
160 424
160 764
160 363
160 301
160 240
160 499
160 606
160 630
160 615
160 700
161 641
161 324
161 455
161 330
161 331
161 464
161 660
161 285
161 734
161 705
161 529
161 760
161 624
161 561
161 503
161 376
161 569
161 510
162 779
162 709
162 391
162 233
162 490
162 471
162 492
162 175
162 573
162 174
162 214
162 655
162 380
162 477
162 382
162 351
163 640
163 260
163 583
163 274
163 214
163 602
163 669
163 225
163 587
163 609
163 296
163 490
163 620
163 176
163 626
163 435
163 567
163 315
163 752
163 766
163 575
164 799
164 325
164 385
164 264
164 791
164 717
164 335
164 544
164 216
164 708
164 733
164 719
164 773
164 228
164 295
164 362
164 178
164 751
164 370
164 437
164 184
164 187
164 254
164 575
165 580
165 268
165 614
165 462
165 207
165 529
165 210
165 788
165 215
165 664
165 218
165 399
165 221
165 353
165 483
165 357
165 432
165 634
165 506
166 704
166 706
166 267
166 452
166 594
166 583
166 201
166 266
166 206
166 338
166 220
166 408
166 537
166 476
166 609
166 742
166 358
166 167
166 779
166 233
166 554
166 237
166 753
166 563
166 500
166 649
166 185
166 251
166 330
166 638
167 512
167 578
167 196
167 581
167 327
167 265
167 267
167 588
167 653
167 782
167 717
167 273
167 533
167 790
167 599
167 260
167 412
167 669
167 607
167 737
167 733
167 754
167 436
167 629
167 439
167 343
167 765
168 385
168 772
168 645
168 701
168 327
168 396
168 333
168 334
168 589
168 728
168 594
168 468
168 526
168 535
168 344
168 548
168 219
168 416
168 417
168 731
168 356
168 710
168 362
168 430
168 239
168 692
168 438
168 248
168 705
168 639
168 572
168 253
169 192
169 513
169 578
169 582
169 394
169 782
169 332
169 398
169 468
169 341
169 342
169 313
169 576
169 351
169 224
169 560
169 763
169 612
169 488
169 621
169 285
169 240
169 564
169 442
169 543
169 541
170 641
170 523
170 388
170 669
170 459
170 396
170 270
170 784
170 786
170 547
170 340
170 341
170 662
170 687
170 348
170 608
170 419
170 573
170 425
170 745
170 671
170 223
170 431
170 372
170 437
170 631
170 632
170 315
170 379
170 444
170 445
171 193
171 196
171 774
171 289
171 508
171 201
171 462
171 400
171 440
171 660
171 405
171 697
171 283
171 477
171 414
171 225
171 676
171 422
171 679
171 174
171 240
171 417
171 464
171 438
171 425
171 569
171 635
171 380
171 752
172 512
172 514
172 649
172 778
172 592
172 323
172 404
172 625
172 602
172 741
172 675
172 489
172 682
172 264
172 370
172 756
172 245
172 440
172 764
172 318
173 584
173 522
173 655
173 272
173 209
173 466
173 667
173 604
173 286
173 389
173 288
173 291
173 613
173 743
173 552
173 455
173 431
173 432
173 690
173 436
173 437
173 575
173 444
173 189
173 510
174 576
174 461
174 462
174 271
174 784
174 430
174 534
174 791
174 767
174 217
174 796
174 477
174 621
174 224
174 234
174 496
174 628
174 375
174 699
175 325
175 225
175 397
175 400
175 594
175 468
175 610
175 344
175 666
175 361
175 429
175 553
175 184
175 761
175 764
175 319
176 611
176 577
176 706
176 580
176 583
176 584
176 684
176 718
176 664
176 338
176 467
176 306
176 559
176 303
176 349
176 418
176 728
176 689
176 299
176 620
176 368
176 433
176 178
176 563
176 753
176 310
176 183
176 440
176 745
176 641
177 195
177 520
177 199
177 648
177 428
177 395
177 695
177 721
177 470
177 218
177 667
177 219
177 677
177 230
177 689
177 296
177 427
177 620
177 690
177 178
177 629
177 630
177 318
178 644
178 198
178 658
178 430
178 726
178 727
178 536
178 233
178 346
178 285
178 741
178 604
178 668
178 675
178 549
178 433
178 618
178 242
178 349
178 306
178 755
178 180
178 181
178 247
178 251
178 445
179 192
179 193
179 516
179 389
179 326
179 654
179 676
179 534
179 599
179 537
179 303
179 284
179 604
179 291
179 484
179 613
179 412
179 683
179 366
179 239
179 762
179 636
180 325
180 262
180 327
180 748
180 334
180 593
180 473
180 348
180 777
180 414
180 767
180 739
180 549
180 284
180 263
180 556
180 626
180 303
180 630
180 247
180 639
180 508
180 446
180 319
181 744
181 339
181 300
181 462
181 661
181 724
181 597
181 761
181 188
181 413
181 287
182 257
182 523
182 198
182 727
182 520
182 201
182 335
182 337
182 210
182 212
182 279
182 281
182 480
182 356
182 553
182 298
182 408
182 466
182 370
182 630
182 440
182 441
182 767
182 746
182 722
183 576
183 386
183 388
183 774
183 455
183 202
183 205
183 470
183 666
183 219
183 417
183 546
183 483
183 360
183 490
183 497
183 563
183 630
183 632
183 380
184 705
184 711
184 649
184 459
184 418
184 462
184 721
184 790
184 215
184 672
184 295
184 618
184 427
184 697
184 371
184 311
184 441
184 379
184 508
184 189
185 257
185 581
185 200
185 398
185 401
185 557
185 515
185 724
185 463
185 541
185 479
185 627
185 546
185 227
185 676
185 613
185 423
185 790
185 617
185 794
185 238
185 499
185 438
185 312
185 186
185 735
186 544
186 580
186 453
186 225
186 648
186 206
186 273
186 402
186 276
186 742
186 663
186 346
186 220
186 736
186 478
186 480
186 482
186 675
186 548
186 636
186 401
186 572
186 720
186 430
186 350
186 438
186 380
186 189
187 640
187 514
187 651
187 518
187 267
187 463
187 401
187 595
187 276
187 214
187 313
187 345
187 591
187 674
187 475
187 742
187 360
187 425
187 238
187 687
187 240
187 753
187 434
187 371
188 385
188 572
188 375
188 626
188 203
188 476
188 463
188 656
188 212
188 597
188 342
188 664
188 412
188 223
188 544
188 555
188 291
188 423
188 297
188 199
188 365
188 563
188 436
188 439
189 256
189 323
189 324
189 455
189 714
189 461
189 271
189 208
189 467
189 314
189 286
189 608
189 226
189 549
189 294
189 583
189 753
189 498
189 638
189 596
189 508
189 446
190 768
190 263
190 395
190 653
190 272
190 664
190 402
190 350
190 415
190 545
190 721
190 794
190 366
190 244
190 798
190 658
190 308
190 508
191 321
191 452
191 517
191 577
191 392
191 651
191 654
191 656
191 213
191 580
191 666
191 412
191 506
191 606
191 581
191 672
191 609
191 763
191 488
191 617
191 490
191 364
191 301
191 637
191 496
191 705
191 372
191 632
191 703
191 573
191 511
192 253
192 193
192 581
192 774
192 395
192 781
192 681
192 207
192 528
192 210
192 527
192 751
192 666
192 292
192 293
192 615
192 555
192 237
192 750
192 495
192 758
192 709
192 631
192 764
192 509
193 385
193 322
193 515
193 197
193 264
193 716
193 654
193 463
193 592
193 707
193 348
193 541
193 350
193 780
193 732
193 749
193 776
193 758
193 763
193 508
194 324
194 774
194 587
194 463
194 273
194 343
194 580
194 361
194 698
194 798
194 517
194 740
194 421
194 297
194 749
194 561
194 307
194 692
194 757
194 645
194 375
194 293
194 671
194 381
195 258
195 257
195 398
195 356
195 481
195 738
195 419
195 292
195 401
195 600
195 556
195 429
195 623
195 560
195 449
195 564
195 694
195 503
195 632
195 526
195 330
195 319
196 449
196 260
196 577
196 268
196 589
196 463
196 720
196 596
196 213
196 772
196 728
196 217
196 283
196 348
196 477
196 735
196 672
196 667
196 487
196 562
196 749
196 498
196 222
196 504
196 767
196 381
196 757
197 580
197 790
197 326
197 449
197 665
197 486
197 266
197 267
197 784
197 212
197 772
197 407
197 490
197 698
197 286
197 312
197 225
197 674
197 440
197 293
197 233
197 362
197 237
197 750
197 305
197 754
197 436
197 414
197 310
197 503
197 660
197 553
197 479
197 761
198 320
198 258
198 772
198 518
198 776
198 328
198 393
198 715
198 332
198 461
198 665
198 476
198 607
198 739
198 678
198 604
198 427
198 368
198 369
198 370
198 373
198 441
198 764
198 765
199 512
199 450
199 644
199 519
199 712
199 457
199 464
199 209
199 594
199 597
199 472
199 484
199 602
199 412
199 477
199 225
199 356
199 220
199 775
199 557
199 240
199 369
199 241
199 624
199 635
199 447
200 704
200 289
200 631
200 524
200 557
200 469
200 408
200 732
200 225
200 646
200 747
200 236
200 365
200 434
200 564
200 247
200 442
200 317
201 384
201 450
201 643
201 260
201 518
201 520
201 266
201 642
201 590
201 336
201 210
201 627
201 283
201 354
201 676
201 297
201 300
201 621
201 240
201 369
201 499
201 440
201 441
201 428
202 768
202 684
202 325
202 583
202 648
202 329
202 782
202 208
202 338
202 598
202 215
202 728
202 218
202 495
202 287
202 417
202 235
202 428
202 750
202 709
202 564
202 501
202 376
202 762
202 765
203 449
203 772
203 457
203 205
203 463
203 273
203 338
203 471
203 345
203 410
203 797
203 355
203 294
203 488
203 316
203 664
203 429
203 686
203 497
203 777
203 251
203 444
203 445
204 321
204 578
204 299
204 330
204 205
204 718
204 684
204 338
204 691
204 216
204 409
204 606
204 223
204 416
204 420
204 426
204 555
204 556
204 625
204 563
204 756
204 437
204 649
204 378
204 763
205 651
205 646
205 652
205 778
205 464
205 401
205 710
205 540
205 285
205 612
205 357
205 486
205 295
205 779
205 555
205 364
205 366
205 431
205 368
205 564
205 566
205 314
205 253
206 323
206 260
206 758
206 390
206 371
206 654
206 207
206 529
206 210
206 275
206 468
206 536
206 283
206 412
206 417
206 611
206 231
206 360
206 685
206 558
206 680
206 245
206 525
206 508
206 317
206 703
207 473
207 451
207 513
207 520
207 330
207 395
207 269
207 333
207 784
207 657
207 594
207 532
207 470
207 217
207 412
207 229
207 226
207 699
207 228
207 746
207 555
207 557
207 369
207 563
207 628
207 651
207 567
207 415
207 622
208 323
208 517
208 648
208 521
208 783
208 337
208 530
208 532
208 215
208 536
208 581
208 544
208 739
208 680
208 682
208 210
208 558
208 688
208 625
208 565
208 759
208 441
208 250
208 383
209 579
209 598
209 271
209 529
209 275
209 278
209 665
209 223
209 740
209 358
209 363
209 560
209 756
209 373
209 440
209 504
209 379
209 316
209 381
210 515
210 261
210 266
210 332
210 525
210 653
210 529
210 724
210 691
210 345
210 540
210 670
210 288
210 417
210 355
210 742
210 488
210 298
210 683
210 671
210 709
210 499
210 315
210 443
210 316
210 524
210 703
211 770
211 516
211 329
211 460
211 461
211 335
211 464
211 474
211 219
211 476
211 730
211 672
211 737
211 603
211 358
211 550
211 359
211 552
211 743
211 428
211 239
211 561
211 564
211 566
211 649
211 505
211 712
211 784
211 767
212 336
212 379
212 644
212 678
212 497
212 467
212 559
212 240
212 368
212 338
212 464
212 772
212 529
212 219
212 286
213 386
213 387
213 726
213 582
213 737
213 392
213 354
213 776
213 655
213 593
213 675
213 578
213 278
213 407
213 685
213 347
213 284
213 605
213 478
213 353
213 290
213 230
213 359
213 232
213 679
213 792
213 623
213 498
213 370
213 439
213 722
213 249
213 660
213 444
214 768
214 705
214 386
214 453
214 520
214 565
214 675
214 468
214 664
214 473
214 412
214 414
214 751
214 224
214 454
214 551
214 552
214 455
214 686
214 303
214 625
214 443
214 499
214 773
214 501
214 631
214 724
214 445
214 638
214 383
215 256
215 449
215 773
215 457
215 522
215 655
215 411
215 421
215 364
215 493
215 689
215 434
215 244
215 504
215 671
215 766
215 556
216 750
216 774
216 391
216 780
216 459
216 717
216 399
216 647
216 622
216 470
216 599
216 281
216 794
216 412
216 285
216 738
216 293
216 433
216 476
216 362
216 423
216 300
216 621
216 366
217 515
217 390
217 393
217 781
217 462
217 272
217 627
217 644
217 732
217 293
217 476
217 427
217 364
217 685
217 691
217 566
218 747
218 644
218 395
218 642
218 785
218 340
218 772
218 282
218 548
218 614
218 619
218 748
218 749
218 560
218 497
218 690
218 788
219 386
219 579
219 724
219 391
219 392
219 777
219 590
219 592
219 338
219 277
219 474
219 655
219 668
219 733
219 426
219 366
219 431
219 372
219 248
219 505
219 636
219 654
220 384
220 642
220 522
220 460
220 589
220 527
220 721
220 466
220 404
220 281
220 667
220 669
220 645
220 224
220 545
220 798
220 635
220 235
220 556
220 786
220 711
220 309
220 503
220 701
220 501
221 320
221 768
221 451
221 455
221 649
221 530
221 403
221 408
221 475
221 797
221 798
221 485
221 227
221 678
221 558
221 306
221 499
221 643
221 501
221 503
221 767
221 254
221 511
222 453
222 646
222 585
222 654
222 722
222 470
222 279
222 728
222 741
222 480
222 612
222 233
222 433
222 565
222 503
222 701
222 757
223 452
223 262
223 243
223 714
223 592
223 736
223 339
223 596
223 597
223 267
223 602
223 349
223 224
223 545
223 454
223 551
223 684
223 621
223 733
223 496
223 755
223 437
223 759
223 313
223 379
224 258
224 454
224 455
224 524
224 759
224 460
224 589
224 612
224 274
224 355
224 299
224 602
224 477
224 609
224 291
224 294
224 363
224 549
224 242
224 502
224 247
224 696
224 249
224 766
224 575
225 640
225 386
225 652
225 783
225 786
225 275
225 792
225 453
225 416
225 554
225 557
225 726
225 314
225 330
225 704
225 323
225 524
225 723
225 470
225 731
225 348
225 350
225 698
225 618
225 250
225 234
225 510
226 707
226 581
226 265
226 782
226 468
226 534
226 777
226 288
226 353
226 354
226 227
226 421
226 679
226 232
226 362
226 492
226 493
226 797
226 754
226 500
226 521
226 411
226 382
227 385
227 606
227 602
227 332
227 612
227 515
227 788
227 725
227 410
227 345
227 282
227 347
227 507
227 420
227 555
227 616
227 373
227 628
227 378
228 771
228 264
228 457
228 333
228 526
228 594
228 728
228 559
228 538
228 794
228 415
228 685
228 614
228 489
228 618
228 364
228 495
228 369
228 370
228 565
228 498
228 521
228 697
228 509
229 256
229 707
229 790
229 392
229 649
229 331
229 273
229 725
229 598
229 793
229 731
229 608
229 795
229 549
229 373
229 504
229 266
230 619
230 237
230 674
230 792
230 730
230 539
230 478
230 546
230 547
230 551
230 558
230 240
230 562
230 500
230 564
230 738
230 341
231 515
231 587
231 396
231 595
231 686
231 282
231 367
231 476
231 288
231 551
231 234
231 423
231 494
231 239
231 432
231 313
231 442
231 252
231 510
231 767
232 257
232 642
232 388
232 773
232 774
232 519
232 653
232 728
232 407
232 408
232 537
232 751
232 478
232 288
232 612
232 421
232 742
232 700
232 299
232 623
232 368
232 689
232 641
232 572
233 385
233 326
233 583
233 521
233 652
233 386
233 657
233 403
233 790
233 674
233 793
233 609
233 296
233 497
233 670
233 378
233 317
233 255
234 323
234 758
234 525
234 590
234 707
234 750
234 346
234 604
234 798
234 571
234 553
234 304
234 305
234 756
234 437
234 694
234 503
234 312
234 380
234 253
235 385
235 451
235 460
235 268
235 785
235 531
235 277
235 280
235 288
235 737
235 419
235 614
235 493
235 304
235 437
235 635
235 735
236 353
236 420
236 625
236 428
236 363
236 300
236 445
236 305
236 492
236 547
236 521
236 447
237 257
237 579
237 648
237 265
237 450
237 678
237 724
237 278
237 602
237 347
237 670
237 421
237 609
237 675
237 465
237 617
237 677
237 790
237 246
237 696
237 505
237 698
237 251
238 320
238 704
238 482
238 742
238 274
238 599
238 733
238 773
238 357
238 422
238 295
238 617
238 428
238 557
238 304
238 570
239 705
239 583
239 587
239 268
239 528
239 337
239 340
239 277
239 790
239 472
239 260
239 731
239 285
239 736
239 708
239 553
239 428
239 623
239 560
239 307
239 309
239 638
240 451
240 264
240 678
240 723
240 725
240 470
240 735
240 737
240 611
240 612
240 486
240 364
240 594
240 687
240 368
240 561
240 435
240 245
240 248
240 739
240 573
240 382
240 789
241 514
241 323
241 328
241 266
241 395
241 578
241 653
241 784
241 785
241 658
241 597
241 342
241 600
241 603
241 655
241 417
241 550
241 489
241 747
241 368
241 369
241 648
242 736
242 708
242 263
242 713
242 335
242 336
242 337
242 497
242 561
242 280
242 537
242 476
242 351
242 545
242 668
242 419
242 357
242 553
242 752
242 498
242 629
242 439
242 592
242 754
242 442
242 507
242 720
242 597
243 576
243 645
243 390
243 587
243 759
243 272
243 723
243 281
243 602
243 413
243 416
243 673
243 293
243 361
243 557
243 495
243 677
243 434
243 629
243 649
243 396
243 702
244 389
244 329
244 586
244 331
244 333
244 461
244 472
244 689
244 283
244 453
244 653
244 291
244 612
244 487
244 744
244 623
244 328
244 499
244 436
244 767
244 382
244 511
245 516
245 261
245 454
245 646
245 521
245 266
245 395
245 781
245 340
245 599
245 536
245 668
245 543
245 424
245 493
245 552
245 503
245 508
245 318
246 451
246 392
246 266
246 267
246 722
246 536
246 409
246 474
246 335
246 613
246 736
246 421
246 488
246 752
246 643
246 380
246 637
246 383
247 706
247 710
247 649
247 714
247 696
247 607
247 482
247 355
247 612
247 357
247 362
247 299
247 748
247 253
247 648
247 691
247 479
247 632
247 313
247 618
248 458
248 513
248 645
248 262
248 705
248 584
248 394
248 312
248 339
248 404
248 533
248 476
248 541
248 798
248 609
248 420
248 764
248 614
248 297
248 364
248 451
248 495
248 565
248 502
248 440
248 252
249 704
249 385
249 322
249 449
249 458
249 523
249 460
249 399
249 657
249 786
249 404
249 279
249 282
249 410
249 414
249 289
249 507
249 480
249 491
249 688
249 306
249 693
249 502
249 504
249 443
250 577
250 263
250 458
250 716
250 376
250 542
250 293
250 618
250 327
250 289
250 306
250 435
250 439
250 504
250 314
250 637
250 319
251 577
251 781
251 466
251 339
251 468
251 725
251 542
251 736
251 545
251 681
251 300
251 495
251 501
251 377
251 634
251 638
252 386
252 326
252 263
252 716
252 395
252 399
252 722
252 531
252 342
252 535
252 774
252 413
252 286
252 415
252 673
252 356
252 619
252 431
252 694
252 700
252 394
252 420
252 703
253 331
253 388
253 454
253 330
253 459
253 654
253 724
253 406
253 485
253 673
253 549
253 293
253 636
253 517
253 493
253 317
253 760
253 314
253 799
253 444
254 709
254 647
254 392
254 649
254 778
254 780
254 461
254 399
254 274
254 611
254 407
254 356
254 751
254 352
254 295
254 488
254 617
254 684
254 733
254 369
254 689
254 255
255 513
255 790
255 454
255 737
255 714
255 654
255 271
255 725
255 597
255 761
255 538
255 719
255 341
255 413
255 607
255 480
255 610
255 699
255 732
255 742
255 614
255 555
255 626
255 307
255 757
255 441
255 671
255 277
256 513
256 258
256 459
256 452
256 389
256 665
256 405
256 288
256 418
256 423
256 360
256 700
256 682
256 683
256 590
256 566
256 697
256 699
256 445
256 510
257 643
257 260
257 517
257 775
257 648
257 268
257 642
257 788
257 277
257 409
257 580
257 415
257 546
257 557
257 430
257 349
257 712
257 698
257 452
257 450
257 584
257 332
257 781
257 339
257 602
257 733
257 743
257 618
257 621
257 369
257 762
258 260
258 518
258 457
258 546
258 664
258 534
258 280
258 452
258 414
258 482
258 618
258 487
258 631
258 377
258 746
258 738
259 320
259 323
259 389
259 587
259 717
259 590
259 339
259 724
259 459
259 281
259 733
259 670
259 484
259 424
259 427
259 685
259 367
259 498
259 768
259 507
259 383
260 266
260 269
260 745
260 350
260 613
260 608
260 653
260 546
260 293
260 425
260 490
260 717
260 743
260 434
260 686
260 625
260 310
260 375
260 695
260 377
260 378
260 703
261 704
261 416
261 770
261 683
261 712
261 460
261 551
261 463
261 337
261 532
261 716
261 408
261 672
261 412
261 477
261 745
261 415
261 675
261 423
261 297
261 682
261 491
261 430
261 690
261 713
261 697
261 701
261 575
262 268
262 783
262 528
262 312
262 340
262 633
262 281
262 667
262 698
262 400
262 292
262 741
262 551
262 616
262 298
262 430
262 305
262 307
262 314
262 639
263 519
263 520
263 588
263 399
263 784
263 721
263 530
263 542
263 304
263 676
263 764
263 684
263 301
263 366
263 368
263 712
263 693
264 768
264 325
264 454
264 723
264 684
264 267
264 450
264 563
264 530
264 403
264 662
264 283
264 378
264 286
264 517
264 609
264 359
264 303
265 513
265 581
265 492
265 523
265 268
265 333
265 717
265 658
265 546
265 340
265 405
265 633
265 623
265 468
265 751
265 289
265 781
265 485
265 276
265 616
265 489
265 300
265 567
265 541
265 680
265 694
265 393
265 635
265 383
266 769
266 583
266 275
266 797
266 663
266 473
266 475
266 730
266 544
266 676
266 554
266 619
266 623
266 624
266 631
266 762
266 703
266 381
267 587
267 779
267 395
267 793
267 665
267 273
267 643
267 790
267 599
267 739
267 616
267 617
267 359
267 743
267 430
267 623
267 436
267 504
267 570
267 382
268 320
268 450
268 771
268 449
268 459
268 415
268 736
268 292
268 561
268 552
268 622
268 569
268 445
269 748
269 455
269 684
269 458
269 652
269 532
269 463
269 516
269 271
269 798
269 735
269 417
269 364
269 366
269 633
269 656
269 767
270 320
270 708
270 641
270 684
270 394
270 744
270 463
270 467
270 576
270 667
270 607
270 419
270 356
270 549
270 422
270 296
270 681
270 492
270 559
270 305
270 691
270 566
270 377
270 764
270 618
271 448
271 389
271 518
271 583
271 652
271 631
271 533
271 386
271 469
271 728
271 409
271 666
271 495
271 284
271 539
271 743
271 540
271 668
271 445
271 559
271 737
271 637
271 381
272 513
272 758
272 631
272 597
272 278
272 279
272 728
272 540
272 288
272 676
272 489
272 747
272 310
272 567
273 704
273 518
273 455
273 586
273 460
273 514
273 717
273 464
273 696
273 579
273 471
273 350
273 554
273 685
273 561
273 307
273 528
273 632
273 441
273 446
274 416
274 386
274 388
274 441
274 646
274 746
274 716
274 467
274 592
274 593
274 339
274 761
274 726
274 696
274 537
274 414
274 682
274 362
274 436
274 419
274 432
274 370
274 307
274 308
274 501
274 566
274 375
274 769
274 618
274 447
275 770
275 389
275 503
275 459
275 419
275 345
275 408
275 409
275 348
275 354
275 291
275 423
275 760
275 557
275 758
275 375
275 313
275 442
275 379
275 767
276 512
276 387
276 797
276 775
276 394
276 720
276 786
276 611
276 599
276 344
276 729
276 442
276 738
276 681
276 682
276 555
276 492
276 765
276 434
276 364
276 637
276 447
277 599
277 775
277 392
277 522
277 279
277 396
277 546
277 795
277 656
277 757
277 303
277 365
277 559
277 544
277 290
277 291
277 420
277 549
277 297
277 298
277 306
277 499
277 447
277 374
277 503
277 283
277 315
277 629
278 384
278 577
278 322
278 641
278 649
278 778
278 407
278 461
278 526
278 533
278 343
278 706
278 474
278 602
278 734
278 672
278 612
278 677
278 494
278 563
278 564
278 690
278 592
278 505
278 701
278 446
279 451
279 772
279 697
279 717
279 400
279 657
279 515
279 414
279 735
279 608
279 587
279 507
279 490
279 777
279 301
279 687
279 579
279 505
279 377
280 772
280 456
280 457
280 781
280 530
280 468
280 598
280 791
280 473
280 285
280 636
280 572
281 320
281 799
281 395
281 525
281 661
281 334
281 765
281 313
281 408
281 413
281 414
281 287
281 752
281 593
281 664
281 679
281 530
281 733
281 432
281 626
281 372
281 309
281 308
281 314
281 607
281 536
281 701
281 469
282 768
282 583
282 458
282 716
282 655
282 464
282 531
282 532
282 772
282 728
282 665
282 477
282 606
282 671
282 608
282 740
282 613
282 618
282 560
282 547
282 626
282 501
282 504
282 505
282 315
282 573
282 766
283 718
283 768
283 394
283 525
283 527
283 657
283 787
283 580
283 709
283 783
283 484
283 301
283 686
283 431
283 502
283 375
283 760
283 506
283 507
283 380
283 618
284 524
284 501
284 460
284 791
284 531
284 405
284 411
284 413
284 484
284 613
284 759
284 508
284 362
284 583
284 690
284 366
284 431
284 372
284 438
284 713
284 315
284 380
284 573
285 387
285 644
285 754
285 330
285 759
285 532
285 533
285 670
285 538
285 412
285 414
285 667
285 296
285 491
285 498
285 594
285 437
285 630
285 503
285 745
285 757
286 765
286 717
286 656
286 594
286 339
286 366
286 534
286 793
286 473
286 602
286 347
286 354
286 699
286 430
286 502
286 630
286 637
286 626
286 723
286 393
286 596
287 516
287 520
287 784
287 312
287 595
287 788
287 666
287 733
287 352
287 737
287 611
287 740
287 454
287 550
287 681
287 556
287 366
287 739
287 313
287 378
287 763
288 643
288 455
288 332
288 429
288 467
288 597
288 349
288 685
288 431
288 433
288 481
288 564
288 567
288 509
289 515
289 324
289 586
289 332
289 554
289 469
289 569
289 728
289 794
289 543
289 587
289 355
289 293
289 298
289 647
289 594
289 750
289 559
289 433
289 370
289 507
289 381
289 767
290 320
290 385
290 707
290 422
290 776
290 486
290 330
290 461
290 782
290 611
290 357
290 358
290 487
290 553
290 426
290 748
290 685
290 302
290 623
290 370
290 692
290 695
290 639
291 384
291 774
291 711
291 652
291 394
291 460
291 738
291 398
291 493
291 466
291 468
291 731
291 350
291 674
291 356
291 617
291 554
291 424
291 309
291 658
291 759
291 756
291 315
291 381
292 325
292 678
292 643
292 533
292 726
292 344
292 667
292 741
292 674
292 390
292 614
292 617
292 302
292 627
292 566
292 509
293 384
293 609
293 648
293 746
293 590
293 408
293 532
293 718
293 719
293 348
293 442
293 732
293 708
293 295
293 490
293 775
293 754
293 660
293 375
293 313
294 701
294 454
294 711
294 776
294 716
294 663
294 461
294 791
294 658
294 724
294 343
294 476
294 414
294 417
294 547
294 421
294 422
294 487
294 744
294 722
294 750
294 413
294 378
295 309
295 710
295 776
295 722
295 724
295 600
295 735
295 486
295 424
295 497
295 307
295 569
295 698
295 703
296 714
296 503
296 780
296 399
296 471
296 412
296 414
296 592
296 422
296 426
296 297
296 440
296 761
296 767
297 643
297 772
297 583
297 650
297 396
297 653
297 655
297 343
297 796
297 350
297 784
297 614
297 748
297 301
297 726
297 561
297 564
297 566
297 695
297 317
297 767
298 640
298 387
298 772
298 649
298 716
298 770
298 787
298 532
298 472
298 602
298 475
298 477
298 735
298 408
298 423
298 600
298 636
298 554
298 615
298 564
298 631
298 379
298 380
299 323
299 324
299 645
299 519
299 778
299 401
299 786
299 342
299 644
299 539
299 347
299 420
299 489
299 621
299 616
299 312
299 378
299 572
300 704
300 799
300 759
300 460
300 397
300 653
300 401
300 611
300 532
300 341
300 473
300 474
300 735
300 734
300 610
300 548
300 487
300 743
300 433
300 630
300 565
301 619
301 772
301 773
301 441
301 460
301 589
301 719
301 593
301 341
301 790
301 343
301 666
301 673
301 485
301 690
301 373
301 694
301 442
302 459
302 725
302 354
302 463
302 338
302 532
302 469
302 612
302 719
302 413
302 776
302 564
302 638
302 763
302 533
303 692
303 706
303 324
303 774
303 492
303 525
303 657
303 339
303 348
303 605
303 478
303 351
303 785
303 680
303 425
303 431
303 695
303 632
303 564
304 450
304 653
304 526
304 591
304 336
304 563
304 387
304 660
304 537
304 473
304 314
304 562
304 310
304 317
305 640
305 672
305 707
305 583
305 712
305 781
305 355
305 665
305 476
305 453
305 480
305 676
305 677
305 494
305 776
305 308
305 374
305 375
305 317
306 799
306 603
306 326
306 776
306 777
306 656
306 721
306 402
306 409
306 324
306 347
306 412
306 351
306 545
306 354
306 552
306 556
306 786
306 558
306 328
306 629
306 439
306 760
306 443
306 380
307 577
307 683
307 644
307 394
307 459
307 589
307 794
307 465
307 698
307 610
307 676
307 748
307 558
307 498
307 309
307 503
307 569
307 506
307 437
308 704
308 322
308 765
308 342
308 710
308 391
308 777
308 587
308 706
308 750
308 470
308 794
308 624
308 421
308 766
308 745
308 519
308 748
308 630
308 686
308 381
308 560
308 561
308 309
308 566
308 440
308 633
308 316
308 573
308 789
309 640
309 450
309 326
309 647
309 523
309 712
309 333
309 610
309 559
309 412
309 349
309 352
309 676
309 584
309 550
309 318
310 390
310 455
310 582
310 660
310 418
310 612
310 485
310 625
310 683
310 368
310 394
310 446
310 575
311 323
311 388
311 517
311 390
311 392
311 715
311 333
311 776
311 643
311 790
311 548
311 753
311 481
311 420
311 359
311 779
311 487
311 492
311 690
311 743
311 648
311 370
312 460
312 386
312 592
312 739
312 412
312 545
312 582
312 360
312 732
312 689
312 434
312 757
312 502
312 447
313 516
313 394
313 334
313 783
313 482
313 466
313 472
313 325
313 480
313 418
313 744
313 619
313 620
313 679
313 369
313 370
313 501
313 696
313 574
314 640
314 770
314 645
314 545
314 524
314 729
314 472
314 367
314 733
314 606
314 419
314 676
314 785
314 616
314 492
314 562
314 431
314 692
314 767
314 639
315 670
315 517
315 774
315 775
315 648
315 398
315 534
315 471
315 731
315 413
315 414
315 351
315 417
315 358
315 679
315 790
315 530
315 366
315 349
315 709
315 372
315 350
315 567
315 632
315 379
315 444
315 735
315 639
316 704
316 322
316 643
316 581
316 774
316 577
316 521
316 650
316 332
316 397
316 403
316 578
316 706
316 408
316 594
316 476
316 542
316 549
316 630
316 355
316 421
316 615
316 540
316 647
316 432
316 435
316 566
316 649
316 569
316 705
317 323
317 516
317 646
317 392
317 522
317 651
317 525
317 786
317 659
317 343
317 728
317 474
317 346
317 608
317 547
317 612
317 485
317 490
317 366
317 778
317 373
317 504
317 799
318 565
318 389
318 326
318 332
318 524
318 525
318 629
318 337
318 625
318 344
318 785
318 349
318 414
318 612
318 600
318 617
318 682
318 367
318 564
318 694
318 506
318 382
319 704
319 323
319 327
319 674
319 762
319 728
319 667
319 378
319 351
319 545
319 356
319 553
319 428
319 374
319 440
319 763
320 386
320 457
320 522
320 331
320 642
320 666
320 734
320 491
320 353
320 676
320 551
320 552
320 754
320 695
320 504
320 364
320 607
320 661
321 738
321 643
321 613
321 620
321 778
321 653
321 685
321 710
321 741
321 601
321 346
321 767
321 444
321 541
322 515
322 774
322 513
322 588
322 396
322 597
322 400
322 530
322 690
322 697
322 540
322 709
322 592
322 769
322 548
322 487
322 618
322 658
322 367
322 573
322 627
322 629
322 375
322 790
322 444
322 509
322 654
322 469
323 768
323 519
323 392
323 523
323 712
323 397
323 399
323 632
323 403
323 475
323 378
323 736
323 355
323 654
323 437
323 592
323 575
323 509
323 574
324 449
324 667
324 402
324 659
324 533
324 790
324 730
324 603
324 415
324 551
324 689
324 498
324 692
324 373
324 632
324 636
325 642
325 652
325 719
325 529
325 404
325 533
325 472
325 348
325 416
325 419
325 681
325 691
325 483
325 370
325 659
325 739
325 506
326 706
326 765
326 586
326 588
326 590
326 655
326 405
326 342
326 541
326 557
326 733
326 368
326 714
327 544
327 708
327 649
327 650
327 678
327 433
327 658
327 546
327 791
327 537
327 719
327 668
327 506
327 390
327 480
327 486
327 365
327 369
327 765
328 448
328 770
328 777
328 332
328 463
328 661
328 667
328 607
328 352
328 417
328 646
328 424
328 562
328 566
328 635
328 533
328 341
329 765
329 390
329 713
329 330
329 588
329 681
329 528
329 341
329 345
329 413
329 702
329 545
329 678
329 679
329 424
329 553
329 370
329 565
329 375
329 760
329 605
330 449
330 537
330 714
330 503
330 401
330 530
330 419
330 468
330 405
330 760
330 731
330 476
330 690
330 423
330 568
330 564
330 493
330 573
330 500
330 375
330 413
330 700
330 585
331 450
331 684
331 521
331 706
331 462
331 781
331 528
331 661
331 469
331 358
331 745
331 625
331 758
331 425
331 760
331 634
331 575
331 383
332 481
332 660
332 544
332 645
332 738
332 553
332 364
332 623
332 624
332 499
332 375
332 442
332 447
333 387
333 709
333 393
333 589
333 643
333 347
333 673
333 475
333 421
333 614
333 621
333 756
333 505
333 506
333 763
334 643
334 580
334 727
334 401
334 473
334 667
334 413
334 478
334 737
334 746
334 365
334 630
334 345
334 789
335 577
335 386
335 452
335 585
335 654
335 783
335 534
335 663
335 475
335 669
335 479
335 736
335 485
335 423
335 756
335 501
335 671
335 508
335 381
336 391
336 459
336 655
336 796
336 378
336 670
336 608
336 422
336 581
336 360
336 455
336 364
336 519
336 623
336 561
336 370
336 372
336 757
336 443
337 577
337 643
337 718
337 655
337 785
337 569
337 606
337 638
337 478
337 766
337 361
337 555
337 755
337 628
337 437
337 630
337 436
337 383
338 387
338 580
338 584
338 713
338 590
338 464
338 793
338 412
338 523
338 528
338 738
338 612
338 485
338 744
338 683
338 442
338 796
338 639
339 502
339 769
339 714
339 587
339 607
339 514
339 462
339 525
339 720
339 568
339 526
339 471
339 408
339 414
339 480
339 603
339 625
339 552
339 620
339 432
339 561
339 793
339 589
339 438
339 758
340 705
340 765
340 711
340 394
340 715
340 526
340 531
340 530
340 660
340 408
340 510
340 778
340 482
340 420
340 639
340 470
340 556
340 622
340 382
340 405
341 704
341 390
341 471
341 525
341 580
341 799
341 415
341 422
341 686
341 751
341 625
341 492
341 435
341 694
341 614
341 671
341 446
342 648
342 457
342 450
342 406
342 599
342 601
342 410
342 543
342 352
342 417
342 359
342 613
342 369
342 686
342 504
342 634
342 737
342 446
343 580
343 389
343 711
343 456
343 459
343 678
343 472
343 613
343 712
343 754
343 761
343 574
344 704
344 450
344 404
344 791
344 729
344 667
344 421
344 362
344 491
344 372
344 698
344 799
345 718
345 577
345 579
345 534
345 776
345 386
345 678
345 784
345 401
345 403
345 590
345 672
345 609
345 485
345 553
345 745
345 432
345 466
345 434
345 695
345 573
346 645
346 631
346 460
346 706
346 536
346 602
346 605
346 543
346 699
346 548
346 487
346 639
346 365
346 434
346 567
346 632
346 575
347 392
347 394
347 789
347 470
347 729
347 731
347 422
347 359
347 744
347 624
347 375
347 702
347 703
348 514
348 387
348 454
348 717
348 464
348 721
348 774
348 725
348 770
348 603
348 669
348 670
348 672
348 795
348 358
348 711
348 680
348 681
348 683
348 558
348 497
348 579
348 755
348 501
348 438
348 744
348 734
348 766
349 705
349 457
349 460
349 696
349 403
349 533
349 534
349 535
349 793
349 730
349 668
349 733
349 414
349 353
349 486
349 359
349 754
349 368
349 723
349 438
349 521
349 632
349 436
349 565
350 450
350 455
350 586
350 514
350 653
350 661
350 593
350 405
350 770
350 669
350 479
350 638
350 374
350 639
351 587
351 418
351 467
351 731
351 608
351 421
351 358
351 743
351 391
351 632
351 508
351 383
352 644
352 711
352 457
352 781
352 590
352 597
352 472
352 665
352 730
352 544
352 656
352 552
352 683
352 622
352 694
352 360
352 790
352 654
352 504
352 446
353 748
353 454
353 395
353 653
353 590
353 784
353 785
353 659
353 599
353 545
353 615
353 616
353 556
353 625
353 627
353 756
353 695
353 376
353 570
353 443
354 769
354 683
354 772
354 781
354 654
354 657
354 466
354 531
354 537
354 751
354 476
354 672
354 548
354 551
354 732
354 426
354 555
354 434
354 632
354 763
354 686
355 512
355 458
355 782
355 525
355 742
355 404
355 661
355 793
355 725
355 675
355 420
355 357
355 523
355 508
355 751
355 754
355 629
355 631
355 763
356 516
356 453
356 712
356 777
356 395
356 781
356 656
356 467
356 708
356 723
356 787
356 409
356 732
356 795
356 583
356 431
356 692
356 629
356 756
356 447
357 518
357 458
357 375
357 718
357 504
357 430
357 671
357 556
357 749
357 781
357 574
358 512
358 539
358 545
358 520
358 727
358 463
358 594
358 404
358 544
358 443
358 423
358 488
358 681
358 749
358 434
358 692
358 795
358 532
358 383
359 608
359 643
359 648
359 397
359 656
359 739
359 601
359 476
359 541
359 480
359 486
359 745
359 749
359 616
359 611
359 380
360 769
360 731
360 673
360 392
360 696
360 739
360 667
360 668
360 607
360 547
360 549
360 743
360 556
360 750
360 502
360 375
360 505
360 444
360 766
360 383
361 648
361 458
361 523
361 712
361 782
361 367
361 406
361 792
361 410
361 475
361 674
361 494
361 560
361 584
361 595
361 500
362 451
362 390
362 587
362 654
362 740
362 663
362 676
362 670
362 731
362 453
362 583
362 658
362 750
362 689
362 723
362 722
363 642
363 771
363 644
363 581
363 582
363 400
363 467
363 728
363 773
363 417
363 418
363 484
363 774
363 680
363 687
363 434
363 371
363 374
364 409
364 632
364 408
364 655
364 677
364 368
364 611
364 560
364 685
364 691
364 788
364 377
365 718
365 544
365 642
365 451
365 778
365 406
365 536
365 480
365 745
365 493
365 753
365 627
365 699
365 445
365 446
366 522
366 515
366 584
366 722
366 472
366 409
366 479
366 560
366 676
366 553
366 492
366 429
366 694
366 435
366 501
366 630
366 745
366 764
367 768
367 708
367 392
367 649
367 522
367 400
367 786
367 643
367 470
367 599
367 476
367 738
367 676
367 554
367 491
368 449
368 643
368 645
368 587
368 717
368 723
368 783
368 796
368 413
368 741
368 738
368 547
368 742
368 681
368 786
368 372
369 704
369 579
369 644
369 795
369 782
369 720
369 593
369 611
369 601
369 415
369 454
369 742
369 553
369 490
369 438
369 698
370 769
370 753
370 610
370 398
370 403
370 727
370 393
370 677
370 682
370 683
370 786
370 680
370 434
370 435
370 464
370 437
370 696
370 636
371 383
371 517
371 518
371 641
371 780
371 738
371 467
371 661
371 725
371 663
371 794
371 719
371 734
371 674
371 699
371 552
371 745
371 559
371 562
371 437
371 632
371 590
371 629
372 644
372 456
372 393
372 522
372 461
372 621
372 600
372 638
372 479
372 481
372 740
372 796
372 744
372 489
372 711
372 777
372 637
372 584
372 756
372 510
372 446
372 447
373 578
373 521
373 652
373 387
373 716
373 598
373 792
373 729
373 606
373 592
373 738
373 619
373 748
373 496
373 763
373 572
373 766
373 639
374 384
374 449
374 709
374 769
374 650
374 395
374 396
374 546
374 400
374 404
374 664
374 793
374 667
374 418
374 425
374 749
374 624
374 754
374 628
374 694
374 375
374 703
374 637
374 446
375 399
375 790
375 669
375 675
375 550
375 604
375 556
375 432
375 703
375 449
375 458
375 463
375 450
375 476
375 784
375 497
375 403
375 504
375 761
375 635
375 382
376 768
376 514
376 774
376 652
376 642
376 706
376 667
376 412
376 562
376 635
376 700
377 385
377 515
377 389
377 647
377 516
377 591
377 720
377 790
377 409
377 475
377 746
377 560
377 691
377 630
378 577
378 774
378 457
378 586
378 589
378 406
378 772
378 795
378 412
378 604
378 549
378 420
378 424
378 777
378 584
378 628
378 629
378 521
378 761
378 639
378 765
378 638
379 384
379 715
379 388
379 389
379 609
379 457
379 663
379 397
379 790
379 569
379 473
379 751
379 675
379 741
379 721
379 647
379 620
379 760
379 701
379 688
379 434
379 773
379 575
380 455
380 567
380 738
380 398
380 527
380 401
380 404
380 668
380 737
380 423
380 622
380 432
380 775
380 627
380 628
380 760
380 697
380 764
380 446
381 710
381 609
381 777
381 386
381 528
381 627
381 663
381 472
381 655
381 799
381 420
381 485
381 486
381 593
381 552
381 632
381 558
381 765
381 626
381 630
381 504
381 706
381 443
381 784
382 643
382 453
382 649
382 759
382 529
382 469
382 674
382 755
382 731
382 734
382 799
382 678
382 553
382 745
382 686
382 496
382 625
382 435
382 764
383 706
383 738
383 658
383 469
383 751
383 605
383 798
383 673
383 482
383 419
383 781
383 691
383 722
383 730
383 623
383 744
383 707
383 565
383 479
383 445
383 597
384 772
384 534
384 582
384 449
384 652
384 526
384 707
384 656
384 612
384 451
384 469
384 664
384 409
384 476
384 477
384 581
384 548
384 490
384 519
384 573
384 611
384 781
384 617
384 697
384 443
384 510
384 661
385 665
385 793
385 674
385 654
385 399
385 720
385 785
385 658
385 595
385 731
385 733
385 488
385 492
385 565
385 574
385 575
386 586
386 539
386 711
386 522
386 716
386 667
386 478
386 650
386 774
386 426
386 429
386 750
386 723
386 692
386 501
386 661
387 449
387 578
387 455
387 780
387 523
387 716
387 463
387 595
387 665
387 410
387 688
387 717
387 582
387 488
387 722
387 626
387 499
387 532
387 701
388 576
388 451
388 650
388 663
388 656
388 789
388 471
388 792
388 601
388 794
388 754
388 658
388 432
388 497
388 436
388 630
388 564
388 572
389 577
389 518
389 705
389 462
389 563
389 601
389 607
389 673
389 610
389 548
389 593
389 775
389 561
389 734
389 630
390 641
390 451
390 774
390 592
390 691
390 475
390 528
390 483
390 551
390 633
390 720
391 448
391 724
391 731
391 393
391 458
391 652
391 606
391 398
391 594
391 532
391 590
391 412
391 547
391 792
391 519
391 500
391 430
391 496
391 788
391 503
391 688
391 686
392 576
392 751
392 644
392 669
392 579
392 778
392 702
392 781
392 722
392 467
392 542
392 766
392 647
392 496
392 562
392 543
393 583
393 658
393 667
393 668
393 752
393 646
393 562
393 624
393 436
393 502
393 699
393 700
393 509
394 448
394 641
394 473
394 601
394 502
394 396
394 642
394 722
394 403
394 600
394 411
394 704
394 797
394 731
394 482
394 679
394 488
394 748
394 557
394 494
395 646
395 663
395 782
395 774
395 493
395 749
395 421
395 496
395 632
396 639
396 523
396 719
396 786
396 403
396 772
396 475
396 479
396 539
396 424
396 565
396 438
396 543
396 508
396 735
396 575
397 642
397 778
397 653
397 781
397 656
397 465
397 530
397 603
397 751
397 735
397 609
397 740
397 489
397 749
397 625
397 562
397 777
397 506
398 576
398 456
398 663
398 795
398 685
398 635
398 530
398 471
398 536
398 474
398 603
398 538
398 542
398 672
398 798
398 426
398 519
398 621
398 629
398 425
398 446
399 652
399 621
399 728
399 406
399 482
399 486
399 743
399 429
399 751
399 634
399 671
399 445
400 449
400 790
400 519
400 405
400 585
400 655
400 721
400 726
400 674
400 781
400 518
400 743
400 424
400 490
400 557
400 712
400 439
400 504
400 441
400 575
400 554
400 447
401 620
401 792
401 556
401 671
401 638
401 567
401 570
401 445
402 514
402 630
402 778
402 568
402 757
402 789
402 409
402 773
402 603
402 487
402 795
402 752
402 566
402 696
402 703
403 641
403 770
403 643
403 773
403 525
403 528
403 785
403 405
403 790
403 535
403 409
403 410
403 674
403 419
403 424
403 432
403 433
403 648
403 693
403 568
403 572
403 703
403 708
403 463
403 720
403 502
403 632
403 507
404 713
404 460
404 725
404 471
404 793
404 559
404 630
404 742
404 615
404 495
405 583
405 727
405 716
405 461
405 759
405 674
405 787
405 409
405 412
405 479
405 418
405 484
405 549
405 428
405 711
405 559
405 688
405 732
405 681
405 764
405 508
405 765
406 711
406 684
406 588
406 642
406 656
406 797
406 491
406 784
406 427
406 558
406 435
406 767
406 575
407 727
407 525
407 589
407 531
407 599
407 794
407 645
407 672
407 614
407 698
407 572
408 741
408 769
408 643
408 583
408 684
408 524
408 742
408 663
408 796
408 418
408 421
408 686
408 690
408 564
408 617
408 633
408 639
409 578
409 555
409 588
409 583
409 770
409 467
409 655
409 605
409 415
409 763
409 615
409 553
409 776
409 504
409 479
410 611
410 456
410 599
410 547
410 461
410 505
410 548
410 607
410 789
410 427
410 739
410 650
410 766
410 501
411 516
411 710
411 663
411 738
411 722
411 533
411 477
411 480
411 481
411 611
411 678
411 627
411 632
411 569
412 597
412 777
412 522
412 523
412 791
412 606
412 453
412 734
412 420
412 711
412 432
412 615
412 701
413 750
413 581
413 582
413 525
413 499
413 591
413 752
413 717
413 675
413 753
413 426
413 423
413 492
413 648
413 637
414 799
414 765
414 537
414 638
414 728
414 660
414 789
414 600
414 559
414 534
414 485
414 530
414 426
414 517
414 493
414 486
414 437
414 700
414 490
415 584
415 599
415 791
415 593
415 471
415 423
415 499
415 513
415 437
415 585
415 597
416 580
416 646
416 649
416 529
416 734
416 721
416 619
416 684
416 630
416 632
416 764
417 449
417 470
417 523
417 524
417 643
417 430
417 663
417 537
417 731
417 670
417 491
417 587
417 561
417 429
417 428
417 500
417 722
417 573
417 771
417 585
418 640
418 643
418 644
418 523
418 524
418 722
418 761
418 538
418 541
418 670
418 543
418 483
418 740
418 434
418 759
418 633
418 506
419 770
419 649
419 589
419 784
419 526
419 473
419 472
419 463
419 557
419 480
419 647
419 694
419 436
419 438
419 639
420 708
420 710
420 652
420 503
420 461
420 727
420 549
420 672
420 545
420 423
420 493
420 675
420 758
421 451
421 502
421 722
421 659
421 596
421 476
421 687
421 431
421 503
421 509
421 447
422 647
422 780
422 652
422 738
422 526
422 668
422 671
422 697
422 634
422 508
423 678
423 739
423 719
423 700
423 613
423 552
423 743
423 686
423 677
423 467
423 630
423 631
423 442
423 507
424 658
424 472
424 719
424 506
424 485
424 553
424 495
424 560
424 637
425 449
425 706
425 773
425 652
425 644
425 427
425 556
425 685
425 625
425 562
425 631
425 442
426 641
426 758
426 585
426 459
426 598
426 599
426 614
426 438
426 673
426 699
426 764
426 509
426 702
427 775
427 522
427 523
427 591
427 580
427 529
427 470
427 663
427 772
427 670
427 671
427 677
427 554
427 593
427 495
427 435
427 631
427 508
427 639
428 704
428 450
428 771
428 779
428 724
428 662
428 733
428 612
428 639
428 616
428 436
428 503
428 762
428 445
429 776
429 777
429 778
429 720
429 658
429 532
429 494
429 495
429 655
429 463
429 687
429 677
429 468
429 757
429 635
429 764
430 768
430 520
430 656
430 750
430 534
430 668
430 634
430 454
430 682
430 491
430 556
430 577
430 700
430 511
431 705
431 770
431 769
431 727
431 782
431 661
431 674
431 484
431 538
431 476
431 442
431 541
431 494
431 439
431 506
431 508
431 511
432 705
432 519
432 776
432 467
432 749
432 617
432 796
432 731
432 737
432 546
432 732
432 550
432 711
432 466
432 562
432 436
432 511
433 588
433 466
433 598
433 506
433 549
433 744
433 497
433 528
433 784
433 442
433 700
433 638
434 769
434 523
434 694
434 711
434 452
434 786
434 723
434 789
434 670
434 736
434 685
434 680
434 665
434 493
434 502
435 513
435 771
435 774
435 599
435 793
435 540
435 612
435 796
435 492
435 557
435 701
435 756
435 694
435 554
435 725
436 512
436 620
436 675
436 593
436 666
436 540
436 552
436 668
436 625
436 693
436 569
437 448
437 522
437 517
437 710
437 470
437 727
437 666
437 539
437 611
437 496
437 561
437 501
437 560
437 761
437 468
437 700
438 449
438 706
438 709
438 711
438 721
438 537
438 543
438 609
438 548
438 557
438 628
438 765
439 641
439 579
439 517
439 762
439 457
439 750
439 466
439 596
439 725
439 608
439 731
439 677
439 742
439 508
439 555
439 686
439 560
439 594
439 695
439 703
440 620
440 772
440 710
440 653
440 594
440 740
440 538
440 570
440 478
440 611
440 548
440 486
440 743
440 554
440 494
440 744
440 766
440 628
440 605
441 450
441 587
441 661
441 598
441 536
441 680
441 474
441 725
441 538
441 749
441 740
441 679
441 746
441 625
441 649
441 786
442 578
442 515
442 763
442 551
442 755
442 751
442 482
442 622
442 756
442 443
442 689
442 703
443 654
443 529
443 466
443 724
443 792
443 665
443 730
443 719
443 499
443 503
443 574
444 650
444 649
444 458
444 525
444 597
444 749
444 725
444 598
444 599
444 538
444 795
444 740
444 678
444 796
444 497
444 563
444 502
444 503
444 469
445 448
445 459
445 726
445 786
445 729
445 606
445 773
445 685
445 610
445 497
445 753
445 767
446 643
446 550
446 723
446 791
446 606
446 485
446 612
446 486
446 508
446 695
446 763
446 725
447 513
447 569
447 586
447 680
447 525
447 526
447 593
447 772
447 535
447 787
447 612
447 730
447 564
447 699
447 550
447 683
447 685
447 495
447 561
447 709
447 729
447 705
447 607
447 720
447 641
448 716
448 782
448 595
448 788
448 622
448 607
448 739
448 502
448 698
448 574
449 519
449 712
449 654
449 580
449 470
449 487
449 647
449 694
450 569
450 778
450 640
450 469
450 544
450 737
450 738
450 547
450 497
450 701
450 510
451 512
451 707
451 769
451 584
451 459
451 588
451 461
451 534
451 671
451 675
451 743
451 558
451 753
452 579
452 583
452 521
452 656
452 789
452 793
452 601
452 655
452 719
452 672
452 743
452 624
453 455
453 458
453 739
453 666
453 478
453 552
453 711
453 685
453 778
453 661
454 545
454 525
454 654
454 655
454 558
454 476
454 740
454 678
454 690
454 509
455 512
455 769
455 644
455 775
455 535
455 667
455 554
455 691
455 693
455 573
455 704
455 713
455 599
455 729
455 747
455 494
455 624
455 760
456 515
456 458
456 592
456 707
456 533
456 476
456 671
456 784
456 547
456 484
456 549
456 684
456 498
456 563
456 759
456 724
456 702
457 758
457 591
457 592
457 612
457 687
457 668
457 739
457 614
457 744
457 490
457 647
457 688
457 689
457 694
457 760
457 697
458 706
458 708
458 650
458 587
458 655
458 659
458 600
458 731
458 798
458 529
458 688
458 561
458 690
458 766
459 581
459 518
459 587
459 773
459 750
459 730
459 733
459 651
459 779
459 755
459 702
459 628
459 698
459 574
460 556
460 462
460 718
460 517
460 529
460 623
460 531
460 756
460 547
460 735
460 639
461 657
461 519
461 528
461 529
461 609
461 600
461 580
461 538
461 794
461 508
461 490
461 745
461 797
461 733
461 515
461 510
461 760
461 570
461 629
462 658
462 666
462 603
462 542
462 608
462 482
462 795
462 751
462 645
462 562
462 568
462 761
462 637
463 775
463 521
463 580
463 793
463 708
463 570
463 579
463 464
463 723
463 526
463 471
463 603
463 733
463 738
463 488
463 616
463 506
464 707
464 517
464 648
464 587
464 669
464 676
464 613
464 530
464 757
464 632
464 564
464 786
464 699
465 585
465 523
465 780
465 590
465 657
465 478
465 671
465 480
465 627
465 561
465 502
465 554
465 702
466 617
466 655
466 691
466 505
466 474
466 606
466 613
466 742
466 593
466 611
467 768
467 491
467 684
467 787
467 654
467 730
467 796
467 674
467 739
467 485
467 766
467 490
467 556
467 558
467 628
467 693
467 568
468 701
468 521
468 610
468 600
468 607
468 480
468 734
468 677
468 649
468 700
468 626
468 778
468 671
468 650
468 767
469 585
469 778
469 788
469 729
469 478
469 731
469 638
469 611
469 711
469 491
469 700
469 626
469 481
469 634
470 713
470 638
470 726
470 665
470 601
470 477
470 480
470 546
470 734
470 743
470 608
471 799
471 641
471 780
471 717
471 720
471 635
471 614
471 657
471 489
471 760
471 557
471 691
471 654
471 508
471 793
471 638
471 597
472 768
472 779
472 799
472 714
472 731
472 517
472 483
472 679
472 775
472 492
472 500
472 577
472 567
473 515
473 710
473 492
473 719
473 580
473 525
473 777
473 717
473 585
473 753
473 680
473 562
473 497
473 568
473 505
473 762
473 789
474 645
474 695
474 717
474 594
474 478
474 475
474 686
474 629
475 516
475 590
475 664
475 524
475 654
475 793
475 580
475 606
475 678
475 680
475 669
475 510
476 649
476 550
476 685
476 561
476 782
476 678
476 747
476 621
476 686
476 637
477 706
477 717
477 656
477 722
477 668
477 733
477 731
477 604
477 759
477 637
478 577
478 518
478 591
478 663
478 729
478 604
478 555
478 564
478 630
478 761
478 507
479 513
479 771
479 716
479 520
479 714
479 797
479 543
479 611
479 486
479 581
479 681
479 747
479 498
479 533
479 638
479 511
480 718
480 580
480 520
480 597
480 547
480 533
480 794
480 541
480 627
480 549
480 744
480 733
480 625
480 606
480 681
480 760
481 557
481 594
481 676
481 795
481 548
481 614
481 553
481 680
481 530
481 697
481 634
481 509
482 769
482 579
482 678
482 592
482 530
482 713
482 676
482 734
482 517
482 608
482 784
482 484
482 646
482 615
482 744
482 682
482 723
482 696
482 767
483 643
483 577
483 738
483 710
483 530
483 529
483 552
483 559
483 560
483 562
483 691
483 722
483 596
483 506
484 576
484 780
484 751
484 591
484 721
484 660
484 536
484 538
484 735
484 741
484 685
484 498
484 575
485 687
485 528
485 536
485 539
485 551
485 502
485 496
485 574
485 635
486 768
486 515
486 588
486 530
486 570
487 790
487 653
487 644
487 796
487 794
487 798
487 681
487 621
487 764
488 568
488 759
488 654
488 657
488 540
488 645
488 612
488 561
488 743
488 687
488 562
488 692
488 629
488 502
488 553
488 504
489 707
489 581
489 586
489 728
489 530
489 790
489 535
489 536
489 538
489 645
489 675
489 646
489 625
489 777
489 500
489 762
489 574
489 575
490 770
490 579
490 774
490 724
490 753
490 548
490 625
490 584
490 713
490 491
490 685
490 494
490 723
490 758
490 568
491 578
491 713
491 759
491 524
491 727
491 708
491 681
491 772
491 752
491 691
491 602
491 694
491 567
492 669
492 640
492 668
492 621
492 697
492 507
492 572
492 765
492 686
493 513
493 694
493 650
493 673
493 648
493 782
493 786
493 611
493 601
493 723
493 566
493 696
493 689
494 642
494 518
494 791
494 534
494 625
494 689
494 794
494 636
494 743
494 775
494 563
494 699
495 643
495 790
495 774
495 649
495 716
495 531
495 662
495 600
495 548
495 731
495 785
495 544
495 664
495 745
495 554
495 723
495 506
496 644
496 592
496 661
496 660
496 622
496 729
496 604
496 638
496 528
496 635
496 540
496 557
496 690
496 681
496 634
496 575
496 686
497 645
497 654
497 557
497 720
497 532
497 719
497 671
497 740
497 560
497 571
497 510
498 773
498 777
498 655
498 580
498 593
498 725
498 533
498 612
498 538
498 783
498 614
498 679
498 584
499 662
499 518
499 589
499 515
499 706
499 635
499 553
499 746
499 555
499 686
499 690
499 630
499 696
499 607
500 646
500 776
500 781
500 596
500 598
500 667
500 797
500 607
500 556
500 622
501 719
501 783
501 571
501 679
501 730
501 634
502 513
502 715
502 528
502 534
502 544
502 569
502 668
502 784
502 721
502 605
502 542
502 758
502 650
502 702
503 779
503 654
503 535
503 671
503 692
503 694
503 564
503 708
503 583
503 598
503 731
503 699
503 614
503 616
503 623
503 505
504 608
504 598
504 759
504 695
504 781
504 615
504 622
504 757
504 661
505 577
505 706
505 644
505 584
505 599
505 722
505 653
505 745
505 747
505 753
505 691
505 634
505 573
506 580
506 652
506 530
506 790
506 741
506 552
506 767
507 769
507 773
507 582
507 779
507 599
507 719
507 529
507 661
507 552
507 679
507 737
507 636
508 646
508 775
508 593
508 724
508 723
508 666
508 520
508 700
509 544
509 528
509 659
509 548
509 514
509 799
509 739
509 614
509 745
509 585
510 772
510 753
510 624
510 653
510 750
510 751
510 560
510 755
510 784
511 576
511 643
511 711
511 652
511 787
511 725
511 731
511 669
511 547
511 755
511 693
511 541
511 637
512 580
512 646
512 778
512 533
512 600
512 731
512 737
513 577
513 772
513 778
513 601
513 751
513 608
513 548
513 555
513 596
513 565
513 605
514 772
514 684
514 588
514 785
514 790
514 667
514 797
514 607
514 608
514 783
514 742
514 551
514 618
514 559
514 626
514 565
514 573
515 698
515 598
515 729
515 578
515 534
515 792
515 794
515 623
515 604
515 570
515 674
515 549
515 744
515 798
515 761
515 686
516 707
516 580
516 583
516 729
516 590
516 783
516 533
516 548
516 747
516 745
516 685
516 560
516 692
517 737
517 521
517 792
517 786
517 755
517 795
517 545
517 739
517 680
517 748
517 561
517 764
518 726
518 599
518 783
518 592
518 553
518 687
518 762
518 575
519 709
519 648
519 591
519 722
519 787
519 654
519 662
519 540
519 717
519 681
519 683
519 553
519 630
519 631
519 701
520 662
520 646
520 759
520 653
520 730
520 670
520 546
520 740
520 554
520 555
520 647
520 631
520 637
521 669
521 579
521 710
521 524
521 772
521 691
521 662
521 537
521 538
521 734
521 617
522 750
522 583
522 652
522 674
522 784
522 598
522 535
522 601
522 538
522 624
522 610
522 618
522 748
522 562
522 639
522 767
523 736
523 779
523 784
523 532
523 550
523 775
523 568
524 672
524 715
524 666
524 604
524 658
524 693
524 632
524 724
525 645
525 665
525 648
525 651
525 720
525 791
525 596
525 534
525 542
525 735
525 679
525 750
525 692
525 766
526 598
526 587
526 563
526 597
526 732
526 672
526 592
526 593
526 691
527 768
527 739
527 747
527 710
527 587
527 785
527 593
527 786
527 691
527 665
527 600
528 795
528 714
528 656
528 725
528 729
528 668
528 733
528 784
528 603
528 555
528 634
528 735
529 578
529 579
529 646
529 783
529 592
529 642
529 663
529 729
529 796
529 730
529 617
529 594
529 564
529 654
530 772
530 724
530 535
530 798
530 539
530 740
530 551
530 555
530 621
530 705
530 776
530 788
530 695
530 660
531 620
531 705
531 774
531 582
531 583
531 782
531 673
531 540
531 636
532 667
532 601
532 664
532 610
532 603
532 541
532 749
532 674
532 570
532 735
533 799
533 646
533 711
533 714
533 652
533 604
533 546
533 678
533 681
533 775
533 729
533 629
533 759
533 702
533 686
534 670
534 671
534 546
534 731
534 740
534 552
534 733
534 753
534 637
535 577
535 681
535 600
535 559
535 799
535 673
535 740
535 713
535 557
535 722
536 577
536 580
536 598
536 727
536 792
536 655
536 732
536 734
536 549
536 608
536 545
536 615
536 680
536 564
536 624
536 753
536 790
537 582
537 648
537 716
537 546
537 720
537 718
537 792
537 605
537 671
537 565
537 585
537 786
538 727
538 652
538 548
538 661
538 674
538 543
538 745
538 562
538 723
538 692
538 757
538 631
539 763
539 780
539 667
539 541
539 798
539 616
539 681
539 623
539 634
539 563
540 748
540 646
540 649
540 590
540 654
540 727
540 602
540 621
540 685
540 739
540 781
540 710
540 796
540 555
540 556
540 559
540 637
540 574
540 639
541 707
541 657
541 594
541 730
541 542
541 731
541 619
541 760
541 637
542 736
542 732
542 653
542 784
542 740
542 764
542 620
542 560
542 648
542 564
542 692
543 608
543 611
543 710
543 554
543 596
543 564
543 731
544 701
544 643
544 590
544 774
544 545
544 646
544 615
544 775
545 631
545 759
545 658
545 599
545 753
545 691
545 702
545 754
546 643
546 590
546 592
546 669
546 799
546 618
546 750
546 584
546 764
546 682
547 765
547 746
547 715
547 687
547 633
547 664
547 603
547 619
547 669
547 689
548 710
548 556
548 794
548 660
548 667
548 704
548 735
548 666
548 732
548 560
549 772
549 773
549 701
549 717
549 591
549 592
549 726
549 558
549 638
550 654
550 672
550 555
550 758
550 632
551 641
551 647
551 776
551 593
551 596
551 750
551 792
551 667
551 602
551 611
551 680
551 679
551 769
551 686
551 743
551 754
551 629
551 700
552 768
552 718
552 691
552 615
552 759
552 735
552 693
553 769
553 771
553 646
553 723
553 733
553 731
553 699
553 562
553 571
553 582
554 646
554 718
554 591
554 724
554 661
554 721
554 687
554 622
554 560
554 753
554 579
554 752
554 767
555 579
555 713
555 610
555 580
555 599
555 600
555 614
555 747
555 748
555 557
555 689
555 755
555 758
555 724
556 576
556 578
556 799
556 680
556 782
556 621
556 751
556 596
556 616
556 670
556 607
557 686
557 722
557 628
557 651
557 635
557 778
557 789
558 704
558 790
558 583
558 587
558 613
558 609
558 678
558 682
558 683
558 688
558 760
558 754
559 662
559 592
559 595
559 598
559 612
559 602
559 731
559 723
559 614
559 680
559 681
559 620
559 623
559 561
560 758
560 687
560 610
560 628
560 637
561 722
561 761
561 664
561 667
561 738
561 676
561 741
561 571
561 636
562 646
562 759
562 617
562 570
562 615
562 628
562 574
563 765
563 701
563 733
563 592
563 787
563 660
563 720
563 699
563 710
563 621
563 726
563 575
563 622
564 650
564 641
564 567
564 684
564 795
564 696
564 627
564 787
564 568
565 768
565 582
565 729
565 673
565 735
565 675
565 677
565 615
565 680
565 786
565 700
566 708
566 585
566 759
566 724
566 590
566 732
566 700
566 678
566 779
566 567
566 568
566 618
566 597
567 645
567 781
567 600
567 660
567 656
567 610
567 742
567 694
567 759
567 703
568 663
568 788
568 668
568 797
568 673
568 753
568 732
568 649
568 631
568 700
569 772
569 603
569 718
569 787
569 730
569 673
569 737
569 700
569 754
569 585
570 667
570 605
570 679
570 616
570 681
570 684
570 762
570 661
571 737
571 798
571 773
571 744
571 628
571 724
571 731
571 670
571 671
572 578
572 653
572 661
572 669
572 612
572 692
573 747
573 658
573 599
573 635
573 633
573 743
573 681
573 619
573 623
573 757
573 575
574 721
574 771
574 576
574 601
574 734
574 741
574 626
574 735
575 753
575 602
575 589
575 654
575 591
575 609
575 625
575 679
575 709
576 630
576 586
576 589
576 791
576 708
576 730
576 709
576 690
576 751
576 626
576 596
576 763
576 590
577 649
577 720
577 603
577 598
577 693
578 698
578 773
578 779
578 662
578 792
578 751
578 760
578 739
578 605
578 630
578 633
578 765
579 618
579 793
579 738
579 782
579 583
579 734
579 783
579 753
579 634
579 766
580 649
580 751
580 615
580 616
580 669
580 692
580 675
580 614
580 737
580 733
581 589
581 728
581 668
581 620
581 749
581 757
581 635
582 640
582 695
582 774
582 705
582 584
582 631
582 670
582 616
582 669
582 754
582 697
583 597
583 600
583 782
583 661
583 601
583 687
583 670
583 622
583 693
583 631
584 769
584 585
584 783
584 728
584 683
584 700
584 703
585 705
585 589
585 725
585 591
585 783
585 781
585 630
585 752
585 689
585 734
585 631
585 639
586 588
586 594
586 601
586 721
586 618
586 750
586 625
587 646
587 657
587 661
587 671
587 685
587 697
587 701
587 704
587 712
587 706
587 601
587 768
587 758
587 767
588 707
588 627
588 664
588 683
588 773
589 774
589 623
589 757
590 790
590 788
590 612
590 689
590 700
590 778
590 704
590 716
590 602
590 740
590 636
590 748
590 622
590 764
591 770
591 648
591 796
591 624
591 675
591 743
591 754
592 642
592 794
592 682
592 662
592 726
592 700
592 593
592 724
592 725
592 601
592 730
592 740
592 715
593 769
593 642
593 598
593 655
593 741
593 691
593 626
593 786
594 701
594 646
594 730
594 614
594 726
594 792
594 644
594 687
594 693
594 735
595 674
595 601
595 729
595 791
595 705
595 662
595 607
596 642
596 647
596 721
596 670
596 601
596 775
596 689
597 728
597 753
597 744
597 626
597 632
598 704
598 774
598 705
598 695
598 793
598 633
598 796
598 738
598 603
598 629
599 746
599 785
599 675
599 617
599 622
599 759
599 698
600 645
600 723
600 668
600 752
600 686
600 670
600 630
601 715
601 712
601 649
601 717
601 654
601 625
601 673
601 778
601 634
602 768
602 707
602 663
602 688
602 679
602 677
602 794
602 775
602 617
602 763
603 782
603 715
603 664
603 666
603 799
603 624
603 638
604 768
604 772
604 781
604 654
604 611
604 788
604 794
604 678
604 680
604 632
604 605
605 706
605 724
606 652
606 776
606 791
606 730
606 794
606 748
606 628
606 788
607 769
607 725
607 662
607 669
607 738
607 745
607 686
607 702
608 773
608 647
608 650
608 651
608 666
608 739
608 740
608 747
608 767
609 640
609 670
609 638
610 664
610 668
610 645
610 742
610 696
611 683
611 707
611 720
611 659
611 635
611 612
611 616
611 618
611 633
612 744
612 646
612 654
612 664
612 738
612 669
612 672
612 680
612 695
612 715
612 729
612 760
613 792
613 799
613 751
614 768
614 721
614 719
614 672
614 777
614 658
614 636
615 619
615 776
615 777
615 780
615 738
615 792
615 789
615 739
615 751
615 631
616 642
616 619
616 654
616 667
616 792
616 672
616 617
616 675
616 638
617 683
617 645
617 690
617 740
617 796
617 672
617 637
617 618
618 646
618 652
618 723
618 755
618 668
618 734
618 799
618 736
618 742
618 743
618 684
618 693
618 702
619 695
619 784
619 722
619 765
619 694
619 636
620 699
620 648
620 715
620 790
620 672
620 760
620 628
621 640
621 724
621 655
621 749
621 689
621 754
621 693
621 696
621 787
621 799
622 704
622 706
622 779
622 720
622 718
622 790
622 793
622 719
622 735
622 731
622 711
622 748
622 753
622 767
623 717
623 796
623 746
623 639
624 765
624 735
624 693
624 760
625 712
625 777
625 655
625 719
625 634
625 664
625 703
625 720
626 720
626 669
626 764
626 714
626 776
626 754
626 692
626 762
626 767
627 704
627 683
627 645
627 648
627 784
627 796
627 713
627 699
628 712
628 660
628 790
628 787
628 738
628 760
628 751
628 659
628 757
629 647
629 786
629 755
629 706
629 729
629 796
629 709
629 773
629 638
630 676
630 649
630 764
630 775
630 661
631 652
631 696
631 663
631 641
631 736
631 673
632 769
632 739
632 702
633 704
633 645
633 648
633 781
633 792
633 673
633 723
633 639
634 750
634 645
634 727
634 664
634 717
634 799
634 674
634 675
634 669
634 756
634 752
635 654
635 735
635 740
635 721
635 681
635 728
635 639
636 643
636 775
636 726
636 730
636 732
636 709
636 794
636 779
636 693
637 770
637 695
637 723
637 740
637 694
637 703
638 710
638 687
638 759
638 744
638 791
638 723
638 738
638 745
639 724
639 759
639 787
639 674
639 671
639 660
639 756
639 765
639 702
640 658
640 667
640 762
640 742
640 678
640 744
640 688
640 649
640 682
641 643
641 644
641 773
641 712
641 672
642 782
642 669
642 671
642 732
642 797
643 710
643 712
643 736
643 694
643 790
643 645
643 688
643 701
644 770
644 675
644 662
644 731
644 649
644 769
645 647
645 779
645 788
645 675
645 698
645 696
645 738
645 763
645 766
646 666
646 709
646 696
646 785
646 746
646 743
646 789
647 798
647 717
647 700
647 683
647 696
648 721
648 729
648 671
648 703
649 706
649 758
649 755
650 716
650 706
650 732
650 666
650 691
650 745
650 692
651 768
651 732
651 764
651 686
651 668
652 670
652 669
652 687
652 688
652 692
652 764
653 659
653 665
653 795
654 763
654 735
654 734
655 704
655 778
655 773
655 712
655 679
656 662
656 673
656 700
656 743
656 720
656 772
656 749
656 691
656 697
657 777
657 784
657 787
657 753
658 695
658 685
658 785
658 784
658 663
658 752
659 756
659 731
659 791
659 689
659 692
659 699
659 757
660 796
660 669
660 721
660 745
660 722
660 789
660 703
661 665
661 698
661 734
661 673
661 779
661 692
662 731
662 681
662 688
663 695
663 733
663 796
663 683
663 685
663 701
663 767
664 738
664 761
664 708
665 784
665 728
665 671
665 746
665 789
666 706
666 779
666 718
666 686
667 771
667 788
667 674
667 683
667 684
667 695
667 736
667 745
667 766
668 694
668 723
668 788
668 755
668 735
668 783
668 737
668 740
668 798
668 691
668 762
668 699
669 709
669 717
669 719
669 703
670 717
670 738
670 775
670 692
670 746
671 706
671 677
671 709
672 784
672 677
672 697
673 681
673 724
673 721
673 767
673 677
673 679
673 747
674 675
674 777
674 729
674 788
674 765
675 722
675 787
675 798
675 685
675 690
675 732
675 758
675 692
676 707
676 729
676 749
676 713
677 720
677 750
677 746
677 797
677 760
678 735
678 766
678 681
678 696
679 729
679 715
679 757
679 734
679 740
679 713
680 751
680 701
681 758
681 695
682 799
682 740
682 796
682 764
682 700
683 706
683 744
683 691
683 754
683 763
683 767
683 765
684 777
684 791
684 753
684 699
685 746
685 739
685 700
685 738
686 719
686 793
686 689
686 726
686 759
687 765
687 708
687 715
687 719
687 753
688 740
688 743
688 694
688 698
689 704
689 775
689 792
689 729
689 783
689 752
689 692
690 795
690 751
690 726
690 697
691 704
691 795
691 780
691 742
691 720
691 701
692 782
692 697
693 706
693 746
693 750
693 718
693 711
693 739
693 735
694 739
694 753
694 748
695 709
695 789
695 732
696 771
696 714
696 791
696 753
696 798
696 792
697 714
697 798
697 764
698 705
698 721
698 790
698 744
698 711
698 761
699 773
699 728
700 768
700 770
700 721
700 796
700 724
700 759
701 744
701 755
701 786
701 771
701 703
702 793
703 711
703 786
704 739
705 731
705 755
705 777
706 768
706 707
706 791
706 725
706 798
706 739
706 746
707 776
707 726
707 792
707 750
708 720
708 782
708 727
708 795
708 746
709 711
710 744
710 712
710 785
710 757
711 775
711 712
711 714
711 725
711 728
711 797
711 747
712 774
712 730
712 735
712 744
712 758
713 751
713 786
714 728
714 723
714 731
714 797
714 796
714 735
715 748
715 716
715 717
715 728
715 773
716 793
716 783
716 734
716 756
717 719
717 784
717 789
717 742
717 769
718 732
718 796
719 722
719 762
720 760
722 770
722 755
722 760
723 771
723 788
724 754
724 756
725 778
725 759
725 798
725 746
726 791
726 760
726 785
726 747
728 790
728 732
729 790
729 739
729 745
730 787
730 783
730 755
730 759
731 776
731 780
731 791
731 756
732 750
732 751
732 734
732 767
733 791
733 767
734 735
735 789
735 764
736 744
737 771
737 757
738 795
738 767
739 780
739 761
740 771
740 751
741 797
742 764
742 754
743 795
743 758
744 773
744 757
745 778
745 754
745 758
745 763
746 751
746 772
748 770
748 759
749 782
749 751
750 789
750 767
751 776
751 777
752 781
752 761
753 796
753 798
753 786
754 769
754 780
754 766
755 770
755 758
756 761
757 769
759 768
759 784
759 794
760 779
760 785
760 786
761 775
762 776
762 790
762 767
763 770
763 780
763 783
764 791
765 769
765 775
766 789
766 771
768 777
769 772
769 796
770 780
773 791
773 777
775 797
776 777
777 795
778 787
779 780
779 784
779 794
779 792
780 786
783 786
783 787
784 791
785 793
786 793
790 798
797 798
