900 12137
0 32
0 68
0 103
0 124
0 133
0 214
0 216
0 250
0 261
0 357
0 476
0 495
0 498
0 499
0 580
0 630
0 695
0 704
0 738
0 748
0 767
0 798
0 865
0 876
0 894
1 28
1 80
1 84
1 85
1 91
1 100
1 103
1 201
1 228
1 412
1 572
1 579
1 603
1 615
1 636
1 674
1 684
1 774
1 831
1 846
2 8
2 30
2 59
2 83
2 108
2 153
2 196
2 230
2 242
2 248
2 271
2 297
2 339
2 343
2 345
2 425
2 449
2 465
2 531
2 550
2 554
2 564
2 623
2 633
2 684
2 757
2 779
2 798
2 802
2 824
2 873
2 876
2 884
3 47
3 94
3 110
3 160
3 163
3 209
3 215
3 233
3 236
3 239
3 248
3 323
3 328
3 373
3 394
3 437
3 486
3 505
3 508
3 514
3 532
3 564
3 606
3 650
3 662
3 681
3 690
3 736
3 773
3 786
3 835
3 871
4 10
4 12
4 18
4 24
4 99
4 171
4 260
4 287
4 296
4 306
4 311
4 424
4 425
4 568
4 571
4 604
4 626
4 642
4 653
4 659
4 706
4 743
4 744
4 745
4 768
4 788
4 802
4 854
5 95
5 119
5 134
5 138
5 150
5 159
5 179
5 223
5 231
5 254
5 454
5 498
5 513
5 538
5 575
5 600
5 648
5 686
5 696
5 755
5 784
5 788
5 795
5 816
5 853
5 871
5 892
5 899
6 21
6 24
6 71
6 96
6 102
6 162
6 171
6 216
6 258
6 310
6 317
6 379
6 390
6 411
6 427
6 460
6 462
6 477
6 517
6 544
6 550
6 577
6 599
6 658
6 688
6 746
6 748
6 756
6 824
6 837
6 855
6 882
7 27
7 109
7 113
7 124
7 149
7 233
7 280
7 296
7 316
7 318
7 352
7 394
7 413
7 433
7 459
7 510
7 549
7 619
7 698
7 711
7 742
7 749
7 761
7 869
7 876
7 877
7 880
8 30
8 125
8 131
8 175
8 184
8 192
8 201
8 305
8 319
8 337
8 345
8 355
8 389
8 443
8 465
8 495
8 497
8 515
8 529
8 613
8 615
8 631
8 633
8 640
8 690
8 724
8 726
8 733
8 769
8 771
8 809
8 847
9 40
9 69
9 93
9 134
9 268
9 271
9 298
9 313
9 357
9 373
9 389
9 411
9 444
9 455
9 476
9 522
9 525
9 529
9 563
9 606
9 613
9 634
9 668
9 755
9 764
9 800
9 891
10 39
10 42
10 54
10 76
10 96
10 98
10 210
10 245
10 266
10 272
10 283
10 354
10 371
10 431
10 441
10 588
10 622
10 626
10 643
10 649
10 651
10 710
10 724
10 744
10 758
10 771
10 781
10 786
10 845
10 849
10 896
11 24
11 42
11 127
11 142
11 156
11 236
11 307
11 315
11 393
11 442
11 467
11 474
11 503
11 508
11 554
11 562
11 570
11 594
11 722
11 809
11 810
11 852
12 16
12 18
12 59
12 105
12 143
12 215
12 280
12 361
12 407
12 503
12 517
12 528
12 583
12 595
12 599
12 615
12 735
12 745
12 804
12 808
13 19
13 38
13 43
13 69
13 74
13 92
13 118
13 133
13 137
13 151
13 158
13 177
13 288
13 313
13 316
13 323
13 341
13 382
13 430
13 464
13 471
13 475
13 521
13 522
13 524
13 551
13 553
13 578
13 643
13 739
13 747
13 764
13 767
13 793
13 798
13 821
13 836
13 854
13 856
13 861
13 875
13 886
14 16
14 56
14 151
14 224
14 252
14 301
14 311
14 337
14 362
14 363
14 379
14 388
14 450
14 462
14 488
14 512
14 547
14 550
14 652
14 698
14 731
14 740
14 758
14 783
14 803
14 832
15 31
15 32
15 104
15 109
15 158
15 185
15 210
15 247
15 258
15 359
15 407
15 408
15 468
15 534
15 552
15 620
15 643
15 658
15 676
15 689
15 697
15 698
15 701
15 749
15 777
15 794
15 809
15 821
15 845
15 865
15 866
16 68
16 89
16 105
16 120
16 135
16 151
16 237
16 272
16 276
16 309
16 319
16 321
16 375
16 473
16 511
16 548
16 556
16 583
16 601
16 639
16 657
16 673
16 716
16 750
16 791
16 797
16 817
16 838
16 879
16 891
17 54
17 72
17 95
17 230
17 259
17 276
17 282
17 326
17 333
17 336
17 364
17 447
17 453
17 489
17 553
17 575
17 579
17 624
17 627
17 684
17 717
17 789
17 792
18 64
18 93
18 134
18 144
18 208
18 225
18 235
18 247
18 263
18 277
18 327
18 339
18 351
18 367
18 415
18 471
18 502
18 564
18 590
18 663
18 679
18 695
18 723
18 724
18 750
18 789
18 805
18 852
18 898
19 26
19 72
19 74
19 105
19 108
19 139
19 181
19 190
19 196
19 224
19 240
19 248
19 345
19 386
19 411
19 437
19 513
19 524
19 547
19 611
19 660
19 664
19 695
19 699
19 706
19 734
19 773
19 782
19 788
19 813
19 835
19 880
20 22
20 30
20 35
20 53
20 55
20 85
20 114
20 135
20 235
20 408
20 454
20 473
20 480
20 511
20 527
20 529
20 534
20 539
20 612
20 709
20 721
20 723
20 775
20 807
20 824
20 870
21 76
21 209
21 217
21 256
21 258
21 260
21 313
21 319
21 342
21 375
21 376
21 409
21 492
21 550
21 555
21 575
21 614
21 682
21 725
21 740
21 743
21 749
21 754
21 766
21 787
21 884
21 889
22 66
22 114
22 162
22 175
22 205
22 206
22 250
22 313
22 343
22 345
22 355
22 386
22 504
22 611
22 679
22 713
22 788
22 844
22 861
22 881
23 44
23 60
23 133
23 181
23 182
23 189
23 215
23 246
23 268
23 336
23 337
23 405
23 429
23 434
23 438
23 464
23 510
23 519
23 524
23 535
23 566
23 569
23 627
23 629
23 814
23 841
23 846
23 869
24 85
24 89
24 102
24 133
24 151
24 175
24 177
24 219
24 220
24 266
24 327
24 382
24 405
24 456
24 478
24 503
24 524
24 546
24 566
24 594
24 597
24 705
24 721
24 739
24 754
24 864
24 870
24 892
25 27
25 48
25 58
25 62
25 89
25 90
25 141
25 253
25 269
25 270
25 274
25 280
25 291
25 293
25 294
25 303
25 339
25 351
25 359
25 393
25 418
25 505
25 571
25 639
25 704
25 725
25 779
25 810
26 183
26 187
26 191
26 204
26 247
26 259
26 308
26 312
26 341
26 362
26 563
26 689
26 698
26 711
26 714
26 736
26 819
26 842
27 39
27 46
27 53
27 89
27 102
27 108
27 114
27 194
27 215
27 284
27 287
27 291
27 383
27 385
27 390
27 410
27 465
27 497
27 534
27 566
27 650
27 654
27 722
27 729
27 755
27 787
27 870
27 884
27 897
28 46
28 65
28 96
28 185
28 199
28 322
28 332
28 341
28 383
28 384
28 514
28 535
28 596
28 627
28 659
28 679
28 704
28 735
28 780
28 805
28 820
28 860
28 862
28 872
29 32
29 62
29 81
29 85
29 132
29 201
29 213
29 240
29 267
29 353
29 367
29 446
29 470
29 495
29 584
29 625
29 632
29 633
29 686
29 806
30 104
30 151
30 240
30 341
30 376
30 477
30 518
30 568
30 581
30 598
30 617
30 705
30 732
30 747
30 765
30 775
30 793
30 830
31 63
31 101
31 118
31 121
31 142
31 145
31 198
31 214
31 268
31 293
31 339
31 361
31 378
31 379
31 397
31 411
31 447
31 454
31 490
31 542
31 566
31 663
31 664
31 665
31 740
31 808
31 829
31 873
32 45
32 76
32 94
32 104
32 143
32 202
32 217
32 231
32 248
32 264
32 278
32 280
32 297
32 324
32 377
32 384
32 402
32 409
32 412
32 419
32 580
32 605
32 665
32 679
32 726
32 770
32 786
32 796
32 801
33 42
33 62
33 64
33 103
33 115
33 121
33 137
33 158
33 162
33 173
33 186
33 208
33 221
33 229
33 255
33 299
33 318
33 369
33 376
33 483
33 544
33 632
33 634
33 679
33 686
33 713
33 738
33 811
33 833
33 881
34 137
34 215
34 231
34 235
34 315
34 359
34 384
34 395
34 400
34 472
34 518
34 537
34 570
34 590
34 740
34 798
34 803
34 812
34 844
34 874
35 43
35 49
35 85
35 168
35 175
35 209
35 234
35 261
35 286
35 395
35 398
35 427
35 428
35 473
35 484
35 515
35 518
35 574
35 588
35 598
35 613
35 661
35 675
35 722
35 767
35 805
35 837
35 884
35 885
36 66
36 87
36 98
36 232
36 234
36 242
36 258
36 279
36 310
36 361
36 381
36 395
36 401
36 411
36 426
36 541
36 567
36 580
36 583
36 638
36 641
36 646
36 677
36 729
36 739
36 774
36 786
36 803
36 876
37 89
37 149
37 163
37 178
37 179
37 200
37 220
37 238
37 287
37 297
37 368
37 425
37 426
37 446
37 449
37 450
37 583
37 618
37 704
37 712
37 718
37 719
37 745
37 787
37 795
37 811
37 839
38 48
38 81
38 160
38 177
38 280
38 303
38 309
38 334
38 354
38 390
38 468
38 473
38 492
38 551
38 562
38 567
38 625
38 628
38 659
38 666
38 695
38 776
38 790
38 794
38 805
38 822
38 863
38 887
39 40
39 74
39 141
39 145
39 191
39 225
39 245
39 342
39 367
39 387
39 399
39 401
39 429
39 431
39 436
39 457
39 465
39 468
39 475
39 480
39 481
39 485
39 499
39 512
39 535
39 577
39 592
39 639
39 654
39 661
39 720
39 776
39 777
39 795
39 797
39 882
40 149
40 164
40 210
40 211
40 232
40 251
40 273
40 280
40 287
40 307
40 342
40 394
40 581
40 608
40 612
40 627
40 669
40 709
40 711
40 722
40 725
40 767
40 782
40 792
40 805
40 829
41 45
41 55
41 97
41 104
41 107
41 136
41 164
41 176
41 215
41 236
41 239
41 253
41 259
41 336
41 344
41 369
41 390
41 411
41 426
41 496
41 506
41 527
41 545
41 562
41 604
41 670
41 677
41 776
41 777
41 869
42 98
42 101
42 107
42 175
42 188
42 194
42 233
42 249
42 295
42 328
42 392
42 408
42 414
42 438
42 444
42 484
42 489
42 547
42 555
42 588
42 648
42 677
42 683
42 699
42 729
42 737
42 794
42 832
42 855
42 870
42 882
43 58
43 65
43 192
43 217
43 300
43 325
43 392
43 417
43 422
43 432
43 452
43 504
43 526
43 587
43 608
43 644
43 647
43 697
43 698
43 735
43 890
43 893
44 49
44 51
44 54
44 105
44 126
44 181
44 214
44 237
44 238
44 259
44 294
44 392
44 430
44 432
44 446
44 485
44 498
44 558
44 614
44 717
44 756
44 775
44 807
44 894
44 899
45 50
45 66
45 127
45 172
45 189
45 192
45 243
45 261
45 264
45 273
45 276
45 290
45 353
45 386
45 448
45 454
45 529
45 620
45 694
45 699
45 717
45 732
45 740
45 856
45 884
45 895
46 47
46 53
46 54
46 80
46 84
46 153
46 185
46 265
46 275
46 286
46 305
46 362
46 366
46 390
46 393
46 438
46 486
46 500
46 632
46 671
46 736
46 758
46 792
46 799
46 823
46 839
46 840
46 873
47 99
47 210
47 305
47 314
47 339
47 358
47 372
47 389
47 398
47 416
47 432
47 433
47 443
47 470
47 522
47 531
47 536
47 544
47 583
47 594
47 728
47 732
47 750
47 794
47 886
48 62
48 79
48 109
48 171
48 265
48 357
48 432
48 458
48 466
48 473
48 477
48 523
48 527
48 539
48 639
48 661
48 676
48 694
48 697
48 777
48 790
48 793
48 842
48 847
48 878
49 92
49 111
49 165
49 170
49 200
49 294
49 313
49 324
49 348
49 440
49 448
49 477
49 495
49 521
49 532
49 614
49 619
49 666
49 730
49 733
49 769
50 51
50 76
50 91
50 125
50 126
50 128
50 148
50 215
50 397
50 414
50 447
50 450
50 472
50 484
50 514
50 532
50 716
50 849
51 165
51 179
51 201
51 266
51 449
51 482
51 564
51 591
51 631
51 719
51 820
51 867
52 58
52 70
52 89
52 121
52 137
52 153
52 179
52 206
52 253
52 255
52 284
52 319
52 374
52 404
52 417
52 442
52 449
52 453
52 517
52 529
52 540
52 553
52 589
52 606
52 659
52 738
52 820
52 851
52 869
52 894
53 59
53 123
53 132
53 153
53 154
53 205
53 253
53 256
53 275
53 304
53 322
53 334
53 442
53 496
53 504
53 635
53 681
53 735
53 799
54 68
54 75
54 99
54 128
54 163
54 204
54 209
54 233
54 256
54 257
54 292
54 312
54 346
54 353
54 410
54 472
54 514
54 516
54 547
54 552
54 647
54 668
54 678
54 718
54 752
54 754
54 835
54 864
54 879
54 882
54 884
55 96
55 103
55 148
55 180
55 193
55 220
55 221
55 237
55 249
55 295
55 318
55 335
55 442
55 452
55 458
55 497
55 499
55 595
55 611
55 631
55 643
55 695
55 712
55 719
55 722
55 760
55 779
55 795
55 812
55 825
55 841
55 843
55 875
55 881
55 888
56 62
56 121
56 225
56 264
56 267
56 304
56 321
56 327
56 366
56 380
56 391
56 396
56 451
56 458
56 479
56 506
56 536
56 551
56 600
56 607
56 631
56 641
56 656
56 662
56 712
56 757
56 783
56 785
56 799
56 800
56 821
56 863
57 85
57 114
57 124
57 140
57 146
57 175
57 229
57 234
57 286
57 307
57 315
57 342
57 378
57 389
57 501
57 535
57 542
57 564
57 582
57 606
57 640
57 715
57 780
57 796
57 800
57 825
57 832
57 833
57 888
58 147
58 160
58 282
58 390
58 400
58 458
58 460
58 462
58 469
58 488
58 513
58 553
58 559
58 642
58 693
58 735
58 743
58 747
58 779
58 795
58 871
59 89
59 147
59 157
59 188
59 225
59 267
59 289
59 302
59 319
59 377
59 397
59 420
59 421
59 437
59 474
59 488
59 535
59 541
59 586
59 652
59 655
59 659
59 772
59 793
59 797
59 809
59 812
59 828
59 858
59 862
59 863
60 114
60 142
60 154
60 175
60 251
60 258
60 262
60 315
60 336
60 338
60 423
60 444
60 469
60 487
60 488
60 571
60 611
60 617
60 634
60 671
60 737
60 743
60 746
60 800
60 803
60 886
61 71
61 142
61 222
61 238
61 239
61 263
61 309
61 348
61 421
61 451
61 465
61 494
61 506
61 508
61 533
61 558
61 588
61 641
61 661
61 677
61 710
61 713
61 718
61 815
61 828
61 839
62 68
62 73
62 95
62 141
62 142
62 171
62 172
62 185
62 230
62 259
62 306
62 349
62 374
62 387
62 405
62 459
62 518
62 520
62 562
62 586
62 652
62 674
62 688
62 689
62 721
62 729
62 740
62 763
62 773
62 803
62 816
62 878
63 72
63 73
63 121
63 133
63 182
63 202
63 209
63 281
63 313
63 331
63 344
63 368
63 387
63 402
63 464
63 475
63 482
63 562
63 575
63 654
63 703
63 776
63 780
63 800
63 803
63 849
64 67
64 68
64 75
64 84
64 166
64 176
64 187
64 192
64 199
64 225
64 285
64 329
64 344
64 413
64 426
64 427
64 483
64 599
64 614
64 677
64 687
64 772
64 817
64 865
64 878
64 885
65 84
65 93
65 127
65 157
65 165
65 196
65 260
65 292
65 379
65 390
65 435
65 502
65 584
65 598
65 612
65 624
65 673
65 676
65 762
65 790
65 837
65 853
66 72
66 142
66 157
66 191
66 239
66 269
66 323
66 369
66 406
66 480
66 518
66 529
66 550
66 575
66 627
66 633
66 697
66 748
66 749
66 759
66 819
66 828
66 845
66 852
66 885
67 109
67 145
67 147
67 151
67 216
67 253
67 261
67 310
67 332
67 358
67 370
67 384
67 400
67 489
67 491
67 517
67 544
67 557
67 591
67 617
67 649
67 739
67 776
67 801
67 832
67 889
68 83
68 122
68 126
68 154
68 203
68 233
68 256
68 278
68 332
68 343
68 368
68 403
68 411
68 430
68 440
68 445
68 465
68 486
68 590
68 626
68 634
68 669
68 688
68 696
68 730
68 745
68 747
68 849
68 850
68 885
69 176
69 206
69 215
69 225
69 236
69 237
69 241
69 254
69 273
69 309
69 326
69 347
69 373
69 403
69 431
69 433
69 442
69 470
69 521
69 628
69 664
69 699
69 702
69 712
69 738
69 803
69 857
69 859
70 125
70 169
70 194
70 217
70 271
70 306
70 373
70 392
70 416
70 430
70 448
70 478
70 529
70 534
70 629
70 690
70 695
70 722
70 796
70 817
70 819
70 882
70 892
71 77
71 154
71 190
71 291
71 299
71 302
71 316
71 362
71 427
71 430
71 432
71 435
71 439
71 471
71 547
71 562
71 570
71 595
71 615
71 679
71 689
71 756
71 763
71 783
71 849
71 869
71 883
72 80
72 100
72 166
72 275
72 283
72 340
72 377
72 388
72 400
72 467
72 527
72 547
72 596
72 598
72 679
72 684
72 723
72 752
72 786
72 834
72 877
73 246
73 274
73 302
73 409
73 426
73 432
73 498
73 509
73 605
73 629
73 654
73 670
73 738
73 769
73 785
73 826
73 845
73 876
73 877
74 104
74 125
74 177
74 182
74 196
74 244
74 274
74 369
74 372
74 425
74 444
74 459
74 471
74 512
74 551
74 613
74 699
74 773
74 778
74 800
74 852
74 855
74 869
74 894
75 97
75 170
75 208
75 237
75 251
75 285
75 320
75 391
75 413
75 433
75 443
75 445
75 454
75 531
75 548
75 583
75 624
75 625
75 656
75 662
75 685
75 728
75 732
75 767
75 783
75 826
75 855
75 857
75 883
76 104
76 148
76 166
76 211
76 239
76 265
76 306
76 307
76 320
76 338
76 355
76 554
76 598
76 599
76 600
76 603
76 686
76 716
76 768
77 106
77 150
77 261
77 306
77 346
77 425
77 455
77 574
77 581
77 590
77 693
77 729
77 747
77 759
77 768
77 808
77 840
77 899
78 97
78 195
78 225
78 226
78 232
78 267
78 286
78 301
78 304
78 351
78 363
78 417
78 437
78 504
78 525
78 543
78 681
78 714
78 764
78 775
78 810
78 833
78 847
78 882
79 80
79 93
79 148
79 188
79 262
79 265
79 302
79 312
79 322
79 326
79 395
79 423
79 431
79 480
79 503
79 508
79 515
79 554
79 617
79 670
79 688
79 715
79 736
79 758
79 823
80 107
80 108
80 195
80 200
80 215
80 257
80 291
80 292
80 335
80 361
80 450
80 489
80 502
80 560
80 591
80 649
80 652
80 655
80 673
80 724
80 773
80 806
80 853
81 112
81 145
81 154
81 167
81 185
81 194
81 221
81 222
81 235
81 310
81 337
81 344
81 413
81 433
81 443
81 448
81 450
81 490
81 491
81 505
81 582
81 614
81 677
81 725
81 769
81 847
81 850
81 875
81 897
82 200
82 226
82 297
82 298
82 303
82 360
82 418
82 449
82 461
82 475
82 481
82 510
82 529
82 543
82 575
82 609
82 677
82 706
82 716
82 744
82 761
82 875
83 89
83 169
83 186
83 273
83 293
83 295
83 333
83 342
83 376
83 395
83 433
83 603
83 618
83 631
83 733
83 760
83 766
83 792
83 793
83 856
83 864
83 898
83 899
84 111
84 132
84 141
84 164
84 227
84 247
84 287
84 288
84 290
84 314
84 337
84 424
84 425
84 441
84 450
84 467
84 605
84 669
84 678
84 726
84 728
84 738
84 755
84 756
84 786
84 817
84 837
84 889
85 123
85 151
85 160
85 175
85 267
85 281
85 308
85 330
85 347
85 471
85 667
85 757
85 843
85 892
86 93
86 121
86 250
86 382
86 451
86 475
86 495
86 607
86 725
86 793
86 796
86 844
87 123
87 187
87 204
87 219
87 229
87 230
87 240
87 263
87 307
87 349
87 355
87 409
87 485
87 501
87 507
87 538
87 575
87 621
87 704
87 705
87 780
87 791
87 796
87 820
87 836
87 875
87 882
87 888
88 94
88 126
88 141
88 194
88 202
88 205
88 230
88 264
88 275
88 280
88 286
88 313
88 315
88 332
88 336
88 350
88 363
88 432
88 458
88 505
88 519
88 590
88 639
88 692
88 732
88 798
88 817
88 841
88 866
88 879
89 159
89 171
89 178
89 203
89 204
89 228
89 245
89 263
89 272
89 283
89 284
89 286
89 293
89 308
89 335
89 345
89 394
89 396
89 402
89 416
89 443
89 454
89 492
89 499
89 581
89 606
89 693
89 711
89 731
89 783
89 846
89 874
90 98
90 125
90 164
90 167
90 222
90 327
90 340
90 347
90 421
90 483
90 488
90 534
90 566
90 589
90 591
90 630
90 632
90 724
90 830
90 838
91 128
91 150
91 277
91 292
91 357
91 358
91 363
91 372
91 409
91 437
91 444
91 470
91 486
91 496
91 599
91 624
91 626
91 644
91 678
91 744
91 751
91 797
91 883
92 101
92 113
92 166
92 177
92 334
92 389
92 390
92 398
92 430
92 469
92 472
92 535
92 557
92 563
92 603
92 611
92 654
92 714
92 766
92 773
92 786
93 168
93 181
93 208
93 336
93 337
93 350
93 362
93 373
93 375
93 407
93 416
93 450
93 532
93 574
93 585
93 589
93 590
93 591
93 637
93 640
93 675
93 736
93 738
93 740
93 820
93 829
93 834
93 840
94 96
94 121
94 217
94 218
94 226
94 264
94 303
94 329
94 330
94 351
94 355
94 378
94 393
94 518
94 521
94 543
94 581
94 601
94 608
94 664
94 666
94 676
94 709
94 725
94 762
95 98
95 188
95 196
95 227
95 275
95 279
95 306
95 312
95 323
95 369
95 377
95 512
95 517
95 527
95 571
95 592
95 610
95 644
95 669
95 709
95 754
95 772
95 824
95 829
95 871
95 874
95 887
96 97
96 106
96 146
96 199
96 250
96 307
96 318
96 382
96 425
96 456
96 457
96 485
96 513
96 540
96 545
96 610
96 623
96 653
96 722
96 740
96 807
96 844
96 855
96 893
97 121
97 148
97 169
97 208
97 217
97 246
97 300
97 337
97 370
97 446
97 468
97 469
97 557
97 603
97 608
97 721
97 734
97 803
97 857
98 120
98 169
98 207
98 210
98 330
98 364
98 436
98 455
98 486
98 530
98 535
98 590
98 607
98 662
98 694
98 721
98 803
98 831
98 894
99 124
99 126
99 145
99 176
99 180
99 222
99 259
99 277
99 283
99 368
99 472
99 507
99 577
99 578
99 625
99 629
99 655
99 674
99 676
99 693
99 796
99 798
99 814
100 101
100 216
100 260
100 360
100 386
100 450
100 504
100 540
100 636
100 665
100 691
100 852
101 106
101 127
101 182
101 187
101 213
101 232
101 242
101 272
101 299
101 345
101 356
101 365
101 371
101 403
101 411
101 509
101 533
101 564
101 599
101 612
101 615
101 649
101 657
101 692
101 721
101 728
101 768
101 836
102 140
102 159
102 165
102 187
102 206
102 228
102 241
102 300
102 320
102 384
102 410
102 440
102 441
102 453
102 462
102 572
102 631
102 726
102 810
102 846
102 854
103 105
103 116
103 199
103 201
103 247
103 248
103 351
103 363
103 410
103 415
103 421
103 488
103 648
103 707
103 709
103 772
103 780
103 883
103 889
104 137
104 172
104 241
104 250
104 297
104 358
104 376
104 419
104 458
104 460
104 476
104 481
104 510
104 521
104 662
104 691
104 712
104 771
104 791
104 801
104 846
104 848
104 886
105 160
105 166
105 173
105 214
105 297
105 298
105 317
105 338
105 342
105 366
105 370
105 391
105 420
105 491
105 504
105 541
105 608
105 640
105 642
105 668
105 719
105 731
105 756
105 764
105 884
105 888
106 114
106 118
106 132
106 266
106 278
106 362
106 390
106 402
106 424
106 498
106 567
106 574
106 620
106 700
106 705
106 719
106 721
106 740
106 750
106 807
106 830
107 175
107 193
107 304
107 306
107 359
107 526
107 641
107 653
107 669
107 687
107 747
107 758
107 763
107 805
107 839
107 890
108 125
108 130
108 140
108 153
108 215
108 222
108 289
108 311
108 334
108 353
108 397
108 400
108 410
108 428
108 456
108 490
108 511
108 529
108 530
108 549
108 562
108 698
108 704
108 711
108 728
108 743
108 803
108 834
109 114
109 142
109 150
109 188
109 200
109 229
109 231
109 245
109 293
109 354
109 356
109 438
109 445
109 447
109 464
109 466
109 595
109 626
109 646
109 703
109 706
109 708
109 717
109 729
109 755
109 795
109 803
109 814
109 825
109 837
109 860
110 127
110 185
110 189
110 366
110 409
110 418
110 422
110 441
110 445
110 607
110 611
110 647
110 727
110 746
110 883
111 116
111 121
111 130
111 145
111 167
111 264
111 369
111 384
111 466
111 468
111 548
111 557
111 599
111 657
111 696
111 785
111 786
111 788
111 839
111 855
111 860
111 898
112 149
112 151
112 180
112 183
112 209
112 234
112 235
112 237
112 239
112 248
112 252
112 267
112 271
112 272
112 316
112 357
112 402
112 537
112 609
112 623
112 665
112 710
112 859
113 121
113 122
113 130
113 131
113 148
113 171
113 208
113 219
113 269
113 301
113 303
113 331
113 334
113 400
113 438
113 514
113 584
113 597
113 617
113 669
113 793
113 891
114 142
114 161
114 165
114 180
114 183
114 190
114 193
114 213
114 239
114 252
114 272
114 284
114 286
114 291
114 389
114 460
114 465
114 540
114 564
114 580
114 626
114 627
114 639
114 786
114 806
114 811
114 826
114 856
114 857
115 145
115 167
115 168
115 193
115 218
115 226
115 230
115 260
115 331
115 343
115 349
115 419
115 432
115 437
115 463
115 486
115 507
115 509
115 543
115 557
115 596
115 609
115 613
115 615
115 627
115 710
115 745
115 759
115 784
115 839
115 879
115 881
115 884
116 130
116 132
116 141
116 219
116 223
116 228
116 251
116 392
116 489
116 497
116 501
116 513
116 514
116 552
116 571
116 582
116 597
116 634
116 659
116 671
116 706
116 861
116 865
116 890
117 143
117 228
117 233
117 301
117 316
117 335
117 365
117 368
117 417
117 420
117 490
117 523
117 558
117 572
117 604
117 655
117 679
117 692
117 709
117 814
117 881
118 125
118 141
118 165
118 173
118 249
118 279
118 286
118 296
118 406
118 455
118 475
118 488
118 499
118 558
118 583
118 671
118 701
118 714
118 744
118 812
118 830
118 890
119 154
119 220
119 256
119 301
119 312
119 316
119 330
119 467
119 476
119 477
119 504
119 534
119 568
119 647
119 729
119 778
119 783
119 785
119 790
119 815
120 236
120 268
120 284
120 286
120 308
120 376
120 418
120 444
120 527
120 549
120 557
120 595
120 605
120 606
120 670
120 681
120 683
120 686
120 719
120 721
120 758
120 768
120 780
120 793
120 796
120 840
120 878
121 128
121 133
121 174
121 250
121 270
121 339
121 341
121 342
121 349
121 532
121 539
121 591
121 660
121 718
121 730
121 742
121 743
121 847
121 857
121 878
122 180
122 197
122 210
122 266
122 273
122 357
122 386
122 440
122 466
122 479
122 480
122 524
122 560
122 561
122 569
122 577
122 587
122 696
122 756
122 786
122 809
122 812
122 857
122 880
123 165
123 257
123 274
123 301
123 364
123 409
123 416
123 529
123 548
123 584
123 587
123 591
123 605
123 617
123 631
123 702
123 731
123 766
123 818
123 856
124 140
124 158
124 207
124 250
124 345
124 375
124 380
124 383
124 409
124 439
124 474
124 500
124 507
124 619
124 621
124 640
124 657
124 671
124 678
124 725
124 782
124 794
124 830
124 843
124 882
125 132
125 135
125 147
125 148
125 150
125 248
125 287
125 377
125 396
125 402
125 408
125 432
125 450
125 456
125 516
125 523
125 549
125 574
125 575
125 576
125 584
125 594
125 596
125 654
125 730
125 741
125 744
125 829
125 843
125 847
125 868
126 155
126 173
126 195
126 227
126 239
126 255
126 257
126 354
126 373
126 379
126 393
126 396
126 440
126 480
126 484
126 503
126 528
126 547
126 587
126 621
126 625
126 634
126 639
126 646
126 706
126 763
126 790
126 791
126 796
126 817
126 860
126 866
126 891
127 183
127 221
127 284
127 298
127 302
127 335
127 371
127 385
127 410
127 451
127 455
127 527
127 547
127 590
127 647
127 658
127 710
127 724
127 746
127 747
127 771
127 795
127 810
127 899
128 153
128 172
128 328
128 354
128 381
128 404
128 421
128 474
128 483
128 577
128 581
128 595
128 634
128 649
128 730
128 762
128 797
128 824
129 196
129 202
129 300
129 357
129 402
129 411
129 423
129 457
129 478
129 491
129 505
129 522
129 523
129 615
129 628
129 638
129 703
129 729
129 775
129 820
129 863
130 142
130 162
130 203
130 236
130 294
130 323
130 333
130 362
130 388
130 460
130 483
130 520
130 532
130 554
130 563
130 569
130 605
130 612
130 645
130 648
130 649
130 715
130 761
130 800
130 870
130 892
131 156
131 228
131 239
131 270
131 303
131 448
131 454
131 509
131 520
131 533
131 540
131 582
131 589
131 592
131 609
131 638
131 652
131 657
131 677
131 697
131 744
131 791
131 810
131 834
131 857
131 864
131 869
132 176
132 188
132 259
132 319
132 407
132 436
132 455
132 465
132 470
132 509
132 510
132 570
132 592
132 626
132 628
132 640
132 642
132 705
132 754
132 755
132 765
132 861
133 173
133 263
133 296
133 342
133 381
133 459
133 492
133 493
133 508
133 519
133 523
133 527
133 541
133 574
133 675
133 676
133 741
133 832
133 848
134 139
134 345
134 354
134 567
134 579
134 596
134 605
134 655
134 670
134 717
134 797
135 214
135 230
135 245
135 295
135 311
135 316
135 322
135 374
135 425
135 432
135 447
135 458
135 488
135 513
135 527
135 580
135 589
135 611
135 613
135 657
135 764
135 800
135 826
135 853
135 874
135 892
136 185
136 208
136 228
136 239
136 268
136 280
136 363
136 406
136 490
136 538
136 607
136 638
136 668
136 738
136 762
136 821
136 832
137 196
137 203
137 205
137 217
137 233
137 247
137 255
137 266
137 270
137 291
137 297
137 373
137 374
137 510
137 560
137 616
137 631
137 646
137 656
137 669
137 680
137 735
137 795
137 860
137 881
138 166
138 171
138 201
138 252
138 255
138 258
138 260
138 270
138 343
138 373
138 423
138 456
138 483
138 562
138 578
138 716
138 754
138 775
138 776
138 868
139 178
139 222
139 268
139 331
139 353
139 422
139 425
139 461
139 495
139 499
139 509
139 539
139 587
139 589
139 620
139 636
139 676
139 702
139 706
139 732
139 742
139 766
139 793
139 801
139 828
139 829
139 889
139 894
140 149
140 184
140 192
140 198
140 200
140 205
140 219
140 240
140 260
140 266
140 343
140 353
140 412
140 442
140 471
140 498
140 551
140 555
140 631
140 641
140 672
140 702
140 726
140 746
140 808
140 826
140 863
141 171
141 261
141 272
141 342
141 447
141 449
141 461
141 483
141 498
141 529
141 535
141 542
141 569
141 583
141 651
141 690
141 715
141 732
141 749
141 751
141 757
141 787
141 817
141 830
141 882
142 205
142 228
142 229
142 256
142 261
142 311
142 315
142 356
142 416
142 417
142 477
142 480
142 515
142 532
142 605
142 625
142 698
142 725
142 748
142 749
142 750
142 808
142 889
143 174
143 207
143 212
143 215
143 222
143 242
143 245
143 260
143 333
143 363
143 392
143 403
143 406
143 468
143 478
143 546
143 551
143 598
143 607
143 620
143 636
143 680
143 685
143 716
143 756
143 770
143 786
143 796
143 806
143 813
144 166
144 246
144 308
144 314
144 318
144 438
144 460
144 499
144 524
144 571
144 579
144 581
144 584
144 630
144 633
144 646
144 648
144 680
144 696
144 708
144 778
144 822
144 826
144 836
144 869
144 878
145 198
145 199
145 232
145 242
145 351
145 407
145 550
145 579
145 655
145 710
145 750
145 800
145 831
145 839
145 841
145 843
145 890
146 257
146 267
146 272
146 304
146 331
146 337
146 349
146 385
146 415
146 416
146 440
146 461
146 501
146 547
146 572
146 613
146 667
146 708
146 754
146 787
146 804
146 816
146 817
146 825
146 828
146 880
146 884
147 192
147 216
147 225
147 240
147 250
147 264
147 278
147 340
147 389
147 400
147 437
147 440
147 484
147 493
147 504
147 507
147 563
147 637
147 697
147 784
147 785
147 790
147 841
147 850
147 855
148 154
148 170
148 192
148 241
148 262
148 293
148 348
148 354
148 384
148 396
148 416
148 449
148 474
148 487
148 521
148 559
148 606
148 626
148 633
148 667
148 684
148 708
148 774
148 799
148 812
148 863
148 895
149 155
149 175
149 248
149 344
149 470
149 476
149 491
149 493
149 501
149 534
149 546
149 614
149 683
149 739
149 744
149 748
149 785
149 826
149 840
150 199
150 239
150 310
150 371
150 414
150 426
150 449
150 472
150 476
150 484
150 491
150 516
150 565
150 593
150 658
150 664
150 739
150 752
150 803
150 824
150 895
151 164
151 166
151 262
151 306
151 402
151 410
151 444
151 469
151 471
151 484
151 497
151 506
151 533
151 546
151 557
151 637
151 650
151 666
151 689
151 691
151 695
151 743
151 800
151 853
151 871
151 898
152 202
152 236
152 240
152 249
152 272
152 281
152 334
152 533
152 589
152 675
152 677
152 731
152 740
152 810
152 822
152 839
152 868
153 175
153 238
153 286
153 353
153 397
153 400
153 408
153 417
153 477
153 587
153 593
153 623
153 690
153 717
153 722
153 741
153 752
153 771
153 773
153 846
153 883
153 887
153 896
154 215
154 249
154 268
154 316
154 327
154 385
154 403
154 433
154 547
154 578
154 580
154 643
154 673
154 697
154 774
154 805
154 851
155 177
155 185
155 190
155 192
155 246
155 253
155 258
155 295
155 318
155 372
155 482
155 492
155 577
155 610
155 682
155 733
155 749
155 768
155 826
155 832
155 874
156 173
156 282
156 312
156 317
156 358
156 373
156 383
156 411
156 431
156 453
156 471
156 479
156 500
156 646
156 648
156 763
156 791
156 816
156 832
156 898
157 161
157 194
157 198
157 221
157 302
157 307
157 328
157 384
157 427
157 453
157 471
157 519
157 524
157 604
157 690
157 704
157 811
157 896
158 194
158 220
158 230
158 270
158 275
158 287
158 309
158 326
158 328
158 335
158 382
158 407
158 425
158 465
158 476
158 500
158 503
158 522
158 531
158 539
158 577
158 603
158 639
158 693
158 697
158 748
158 782
158 791
158 797
158 804
158 811
158 812
158 826
158 877
158 881
159 182
159 261
159 315
159 378
159 434
159 436
159 509
159 555
159 576
159 620
159 684
159 714
159 779
159 841
159 893
160 204
160 235
160 265
160 279
160 296
160 316
160 330
160 357
160 377
160 385
160 396
160 415
160 461
160 529
160 628
160 643
160 731
160 733
160 754
160 781
160 799
160 818
160 854
161 183
161 225
161 267
161 270
161 281
161 292
161 310
161 325
161 366
161 374
161 384
161 387
161 395
161 467
161 573
161 581
161 673
161 738
161 746
161 781
161 793
161 846
161 869
161 875
161 899
162 193
162 256
162 260
162 279
162 303
162 346
162 360
162 410
162 484
162 524
162 546
162 597
162 599
162 628
162 650
162 690
162 702
162 721
162 732
162 748
162 772
162 802
162 814
162 841
162 860
163 215
163 246
163 360
163 421
163 507
163 518
163 528
163 532
163 556
163 599
163 627
163 635
163 650
163 673
163 689
163 697
163 758
163 781
163 883
164 221
164 287
164 323
164 350
164 385
164 466
164 471
164 482
164 542
164 568
164 572
164 583
164 662
164 724
164 791
164 818
164 821
164 846
164 883
165 208
165 211
165 216
165 221
165 225
165 260
165 274
165 443
165 459
165 467
165 496
165 519
165 565
165 568
165 668
165 673
165 687
165 727
165 730
165 733
165 773
165 775
165 809
165 847
165 860
165 876
166 189
166 209
166 249
166 273
166 336
166 354
166 376
166 388
166 396
166 446
166 463
166 467
166 474
166 553
166 609
166 635
166 665
166 689
166 714
166 715
166 846
166 848
166 879
166 885
167 199
167 235
167 251
167 295
167 323
167 507
167 515
167 568
167 624
167 743
167 746
167 773
167 810
167 834
168 176
168 257
168 342
168 387
168 399
168 412
168 421
168 438
168 451
168 455
168 541
168 602
168 633
168 703
168 746
168 839
168 848
168 869
169 189
169 203
169 209
169 224
169 229
169 234
169 446
169 449
169 460
169 613
169 729
169 795
169 800
169 852
169 862
170 207
170 210
170 213
170 249
170 262
170 279
170 287
170 391
170 405
170 407
170 429
170 570
170 584
170 587
170 594
170 616
170 620
170 631
170 640
170 643
170 663
170 691
170 714
170 747
170 752
170 770
170 775
170 832
170 857
170 882
170 897
171 194
171 195
171 240
171 245
171 256
171 291
171 386
171 412
171 438
171 440
171 463
171 493
171 500
171 584
171 589
171 633
171 743
171 745
171 747
171 819
171 858
171 871
172 206
172 228
172 284
172 321
172 343
172 353
172 372
172 415
172 457
172 491
172 507
172 569
172 606
172 626
172 647
172 680
172 704
172 804
173 182
173 183
173 221
173 228
173 247
173 307
173 311
173 336
173 373
173 411
173 501
173 502
173 561
173 589
173 590
173 595
173 598
173 666
173 692
173 698
173 711
173 794
173 826
173 866
173 867
173 878
173 888
174 219
174 223
174 241
174 308
174 343
174 360
174 422
174 429
174 440
174 474
174 542
174 559
174 622
174 645
174 666
174 673
174 709
174 759
174 828
174 854
174 873
175 212
175 233
175 323
175 369
175 377
175 431
175 444
175 473
175 481
175 485
175 490
175 512
175 696
175 698
175 775
175 798
175 839
175 870
176 184
176 193
176 296
176 369
176 375
176 462
176 492
176 553
176 559
176 562
176 574
176 630
176 645
176 717
176 718
176 763
176 845
176 858
177 196
177 211
177 273
177 303
177 306
177 321
177 419
177 429
177 445
177 450
177 513
177 515
177 570
177 587
177 601
177 623
177 632
177 830
177 850
177 882
177 895
178 210
178 237
178 257
178 279
178 298
178 306
178 362
178 368
178 374
178 429
178 433
178 533
178 568
178 570
178 605
178 637
178 672
178 706
178 772
178 784
178 817
178 826
178 843
178 857
178 864
178 882
179 220
179 306
179 318
179 378
179 389
179 421
179 437
179 493
179 516
179 610
179 621
179 626
179 642
179 691
179 728
179 740
179 757
179 779
179 786
179 844
179 865
179 879
179 898
180 201
180 207
180 261
180 268
180 303
180 322
180 362
180 389
180 436
180 453
180 475
180 529
180 535
180 550
180 561
180 622
180 668
180 741
180 743
180 864
181 189
181 243
181 283
181 345
181 352
181 373
181 410
181 470
181 525
181 528
181 576
181 619
181 623
181 624
181 635
181 645
181 658
181 736
181 743
181 750
181 755
181 844
181 870
182 207
182 212
182 351
182 363
182 364
182 381
182 388
182 413
182 497
182 528
182 564
182 602
182 611
182 648
182 659
182 681
182 709
182 812
182 815
182 821
182 831
182 852
182 897
183 191
183 250
183 280
183 305
183 328
183 351
183 359
183 400
183 414
183 418
183 494
183 543
183 595
183 624
183 679
183 726
183 735
184 233
184 240
184 271
184 273
184 284
184 300
184 317
184 405
184 509
184 583
184 585
184 776
184 786
184 818
184 847
184 884
184 885
184 897
185 242
185 256
185 286
185 325
185 365
185 410
185 475
185 494
185 513
185 602
185 604
185 612
185 619
185 625
185 626
185 629
185 641
185 681
185 735
185 738
185 824
185 841
185 855
185 885
186 195
186 256
186 270
186 287
186 290
186 358
186 412
186 470
186 498
186 501
186 624
186 641
186 652
186 703
186 715
186 776
186 783
186 877
186 883
187 194
187 198
187 235
187 242
187 263
187 267
187 278
187 295
187 355
187 387
187 400
187 401
187 424
187 474
187 486
187 546
187 678
187 681
187 691
187 704
187 721
187 723
187 783
187 808
187 852
187 863
188 195
188 235
188 267
188 293
188 377
188 414
188 433
188 458
188 484
188 485
188 526
188 639
188 645
188 681
188 706
188 710
188 719
188 737
188 768
188 775
188 798
188 831
188 848
189 214
189 344
189 357
189 383
189 389
189 395
189 417
189 493
189 512
189 513
189 523
189 549
189 567
189 601
189 637
189 671
189 717
189 744
189 795
189 889
189 897
190 310
190 324
190 356
190 358
190 362
190 400
190 484
190 536
190 543
190 587
190 593
190 607
190 612
190 704
190 717
190 720
190 763
190 813
190 868
191 213
191 247
191 293
191 340
191 346
191 350
191 353
191 367
191 399
191 443
191 448
191 524
191 631
191 670
191 700
191 778
191 880
192 197
192 210
192 260
192 271
192 284
192 331
192 345
192 414
192 425
192 480
192 530
192 633
192 707
192 709
192 733
192 752
192 896
193 213
193 228
193 346
193 356
193 399
193 401
193 402
193 415
193 425
193 427
193 443
193 547
193 562
193 616
193 632
193 728
193 763
193 772
193 830
193 894
194 203
194 212
194 235
194 237
194 239
194 251
194 324
194 333
194 428
194 493
194 535
194 573
194 589
194 615
194 617
194 655
194 769
194 787
194 791
194 815
194 849
195 231
195 344
195 441
195 463
195 464
195 503
195 560
195 566
195 588
195 654
195 695
195 806
195 822
195 864
195 890
196 199
196 217
196 250
196 256
196 274
196 307
196 311
196 320
196 388
196 409
196 417
196 499
196 511
196 611
196 667
196 725
196 743
196 779
196 805
196 817
196 848
196 850
196 854
196 868
196 887
197 223
197 236
197 303
197 400
197 425
197 493
197 496
197 549
197 609
197 646
197 778
197 836
197 853
198 210
198 212
198 247
198 319
198 367
198 370
198 391
198 396
198 439
198 449
198 455
198 456
198 466
198 533
198 618
198 643
198 656
198 701
198 823
198 831
199 211
199 239
199 254
199 286
199 320
199 321
199 349
199 367
199 386
199 405
199 432
199 453
199 517
199 530
199 578
199 582
199 609
199 621
199 632
199 642
199 647
199 706
199 709
199 738
199 751
199 761
199 767
199 788
199 790
199 823
199 861
200 258
200 275
200 276
200 283
200 292
200 299
200 308
200 310
200 357
200 369
200 387
200 444
200 461
200 512
200 533
200 707
200 719
200 727
200 734
200 767
200 853
200 899
201 241
201 288
201 292
201 295
201 312
201 376
201 377
201 405
201 410
201 461
201 497
201 613
201 631
201 692
201 837
201 878
201 891
202 217
202 269
202 316
202 328
202 351
202 428
202 477
202 545
202 634
202 650
202 692
202 751
202 791
202 792
202 802
202 820
202 846
202 897
203 280
203 342
203 386
203 467
203 471
203 495
203 508
203 588
203 591
203 653
203 763
203 769
203 877
204 210
204 242
204 256
204 287
204 292
204 304
204 331
204 344
204 377
204 434
204 454
204 478
204 488
204 563
204 630
204 717
204 720
204 751
204 754
204 839
204 850
205 258
205 306
205 307
205 308
205 355
205 362
205 383
205 407
205 409
205 412
205 413
205 436
205 548
205 611
205 636
205 683
205 707
205 708
205 738
205 869
205 877
205 881
205 884
206 214
206 276
206 302
206 321
206 340
206 388
206 410
206 460
206 465
206 778
206 790
206 796
206 837
206 844
206 889
207 208
207 226
207 237
207 239
207 265
207 317
207 331
207 369
207 379
207 405
207 414
207 500
207 531
207 586
207 616
207 650
207 665
207 691
207 716
207 742
207 867
207 876
208 224
208 255
208 265
208 266
208 275
208 307
208 351
208 399
208 411
208 421
208 459
208 493
208 508
208 554
208 579
208 584
208 585
208 631
208 690
208 747
208 758
208 764
208 796
208 827
208 889
208 899
209 223
209 251
209 267
209 303
209 333
209 359
209 392
209 539
209 548
209 601
209 642
209 742
209 763
209 840
209 896
210 219
210 227
210 232
210 292
210 361
210 363
210 368
210 383
210 442
210 475
210 520
210 571
210 705
210 730
210 812
210 825
210 826
210 891
211 247
211 294
211 333
211 349
211 476
211 491
211 567
211 587
211 600
211 613
211 622
211 651
211 754
211 802
211 860
212 239
212 242
212 259
212 274
212 277
212 279
212 332
212 372
212 428
212 492
212 585
212 587
212 600
212 609
212 700
212 726
212 753
212 779
212 807
212 882
213 226
213 233
213 242
213 247
213 323
213 376
213 405
213 428
213 487
213 549
213 576
213 599
213 624
213 634
213 679
213 687
213 701
213 738
213 773
213 803
213 806
213 813
213 860
213 864
213 888
214 223
214 225
214 304
214 326
214 345
214 354
214 405
214 474
214 529
214 536
214 543
214 595
214 599
214 629
214 657
214 660
214 677
214 761
214 789
214 878
215 238
215 251
215 345
215 532
215 565
215 646
215 694
215 717
215 852
215 865
216 218
216 223
216 225
216 226
216 254
216 292
216 323
216 352
216 458
216 512
216 544
216 566
216 573
216 604
216 638
216 648
216 692
216 731
216 734
216 748
216 756
216 757
216 774
216 778
216 806
216 859
217 246
217 261
217 286
217 305
217 359
217 435
217 436
217 469
217 495
217 529
217 532
217 544
217 553
217 653
217 805
217 838
217 861
218 232
218 250
218 323
218 341
218 378
218 401
218 414
218 447
218 470
218 479
218 502
218 518
218 555
218 586
218 592
218 672
218 693
218 703
218 820
218 844
218 855
218 887
219 230
219 264
219 285
219 295
219 310
219 325
219 344
219 385
219 420
219 463
219 472
219 509
219 530
219 533
219 537
219 592
219 623
219 648
219 673
219 689
219 717
219 734
219 776
219 783
219 836
219 846
219 854
219 886
220 227
220 250
220 305
220 321
220 401
220 479
220 494
220 535
220 585
220 644
220 645
220 708
220 712
220 794
220 796
220 804
220 811
220 858
221 228
221 246
221 251
221 257
221 277
221 317
221 381
221 401
221 440
221 446
221 503
221 505
221 506
221 517
221 538
221 599
221 601
221 626
221 645
221 648
221 652
221 658
221 683
221 691
221 725
221 748
221 753
221 772
221 774
221 783
221 795
221 810
221 839
221 889
222 281
222 357
222 379
222 453
222 458
222 477
222 486
222 507
222 592
222 614
222 632
222 654
222 661
222 681
222 692
222 695
222 717
222 767
222 807
222 843
222 844
222 860
222 865
222 891
223 230
223 268
223 296
223 302
223 305
223 404
223 409
223 420
223 483
223 548
223 631
223 723
223 752
223 854
224 227
224 286
224 288
224 307
224 310
224 315
224 334
224 346
224 398
224 401
224 410
224 411
224 540
224 587
224 624
224 637
224 654
224 683
224 690
224 728
224 772
224 813
224 816
224 819
224 845
224 892
225 319
225 359
225 400
225 403
225 439
225 481
225 508
225 522
225 570
225 580
225 596
225 684
225 692
225 711
225 723
225 759
225 780
226 246
226 283
226 290
226 316
226 326
226 329
226 360
226 369
226 418
226 421
226 423
226 449
226 506
226 528
226 564
226 568
226 657
226 683
226 708
226 790
226 809
226 819
226 831
226 879
226 883
226 893
227 229
227 270
227 284
227 298
227 311
227 329
227 398
227 436
227 493
227 595
227 612
227 677
227 707
227 720
227 747
227 826
228 237
228 285
228 301
228 312
228 340
228 348
228 349
228 358
228 366
228 371
228 430
228 444
228 491
228 543
228 552
228 603
228 639
228 660
228 715
228 732
228 822
228 852
228 861
229 237
229 248
229 277
229 299
229 315
229 321
229 343
229 345
229 411
229 418
229 425
229 454
229 485
229 508
229 564
229 603
229 605
229 641
229 675
229 711
229 721
229 759
229 760
229 767
229 792
229 805
229 809
229 839
229 846
230 254
230 260
230 285
230 289
230 342
230 359
230 385
230 509
230 554
230 585
230 626
230 644
230 660
230 666
230 717
230 738
230 770
230 890
231 252
231 287
231 308
231 334
231 346
231 385
231 424
231 578
231 653
231 774
231 780
231 794
231 822
231 827
231 842
231 859
231 875
232 239
232 241
232 245
232 248
232 290
232 297
232 299
232 314
232 354
232 360
232 375
232 376
232 384
232 397
232 406
232 437
232 440
232 454
232 477
232 497
232 554
232 567
232 602
232 622
232 653
232 661
232 667
232 671
232 709
232 759
232 791
232 815
232 825
232 855
232 857
232 865
233 296
233 328
233 413
233 418
233 460
233 463
233 472
233 529
233 552
233 553
233 560
233 622
233 631
233 648
233 680
233 874
233 895
234 252
234 266
234 292
234 322
234 327
234 462
234 511
234 587
234 600
234 633
234 656
234 673
234 682
234 724
234 813
234 838
234 845
234 865
234 878
235 242
235 250
235 267
235 415
235 444
235 603
235 605
235 639
235 660
235 725
235 765
235 775
235 800
235 807
235 812
235 816
235 890
236 261
236 362
236 481
236 511
236 561
236 606
236 613
236 624
236 639
236 695
236 742
236 745
236 751
236 778
236 780
236 810
236 868
236 870
236 874
237 250
237 256
237 328
237 344
237 394
237 432
237 437
237 476
237 510
237 530
237 585
237 594
237 596
237 601
237 663
237 773
237 783
237 827
238 239
238 293
238 354
238 419
238 469
238 512
238 573
238 614
238 631
238 669
238 700
238 711
238 724
238 725
238 730
238 732
238 733
238 740
238 745
238 748
238 750
238 751
238 790
238 795
238 797
238 812
238 816
238 840
239 372
239 448
239 454
239 487
239 540
239 563
239 580
239 618
239 633
239 642
239 653
239 691
239 734
239 748
239 816
239 822
239 827
239 833
239 871
239 876
239 879
239 894
240 246
240 294
240 331
240 352
240 357
240 419
240 494
240 602
240 724
240 759
240 761
240 770
240 799
240 805
240 817
240 819
240 874
241 262
241 264
241 278
241 293
241 318
241 346
241 355
241 358
241 363
241 403
241 420
241 517
241 595
241 615
241 619
241 630
241 684
241 717
241 767
241 771
241 782
241 786
241 802
241 803
241 853
241 855
241 859
241 876
242 306
242 311
242 374
242 410
242 523
242 531
242 533
242 557
242 575
242 714
242 750
242 811
242 841
242 899
243 270
243 281
243 312
243 318
243 349
243 407
243 409
243 413
243 416
243 431
243 512
243 533
243 550
243 553
243 604
243 606
243 635
243 643
243 652
243 767
243 805
243 837
243 864
243 865
243 870
243 896
244 271
244 285
244 316
244 335
244 419
244 446
244 533
244 621
244 675
244 684
244 708
244 730
244 761
244 771
244 821
244 830
244 852
244 862
244 869
244 896
245 268
245 284
245 330
245 403
245 435
245 441
245 443
245 502
245 583
245 595
245 599
245 627
245 628
245 629
245 673
245 749
245 792
245 876
246 328
246 378
246 391
246 409
246 432
246 443
246 505
246 532
246 534
246 583
246 622
246 626
246 637
246 653
246 681
246 696
246 706
246 722
246 776
246 777
246 849
246 869
247 271
247 447
247 491
247 498
247 504
247 522
247 605
247 610
247 618
247 637
247 664
247 672
247 686
247 749
247 759
247 774
247 790
247 809
247 835
248 267
248 338
248 486
248 490
248 505
248 558
248 581
248 589
248 681
248 697
248 712
248 752
248 760
248 838
248 841
248 882
249 254
249 258
249 353
249 414
249 438
249 447
249 448
249 456
249 465
249 466
249 482
249 508
249 541
249 550
249 571
249 625
249 675
249 714
249 759
249 768
249 797
249 820
249 854
249 877
250 287
250 322
250 339
250 342
250 412
250 445
250 518
250 524
250 575
250 612
250 757
250 768
250 796
250 844
250 892
251 262
251 349
251 510
251 530
251 535
251 538
251 568
251 607
251 617
251 622
251 663
251 702
251 713
251 742
251 756
251 828
251 834
251 838
251 852
251 874
252 267
252 332
252 340
252 410
252 443
252 501
252 520
252 529
252 561
252 676
252 683
252 803
252 843
252 845
252 857
253 324
253 333
253 376
253 426
253 434
253 463
253 503
253 533
253 605
253 618
253 640
253 677
253 734
253 753
253 765
253 822
253 864
254 277
254 348
254 354
254 375
254 412
254 470
254 489
254 517
254 530
254 540
254 563
254 566
254 568
254 594
254 597
254 614
254 617
254 623
254 650
254 652
254 669
254 687
254 691
254 829
254 831
255 308
255 339
255 395
255 405
255 483
255 486
255 506
255 567
255 590
255 662
255 680
255 681
255 683
255 720
255 783
255 796
255 832
255 873
255 880
256 270
256 320
256 332
256 350
256 359
256 365
256 389
256 397
256 500
256 518
256 543
256 569
256 590
256 632
256 695
256 704
256 712
256 763
256 795
256 845
256 883
257 261
257 281
257 299
257 300
257 475
257 486
257 537
257 538
257 542
257 595
257 610
257 622
257 638
257 680
257 694
257 719
257 786
257 821
257 838
257 845
257 866
258 317
258 322
258 369
258 371
258 416
258 461
258 466
258 512
258 519
258 523
258 531
258 534
258 570
258 621
258 631
258 690
258 710
258 719
258 738
258 772
259 274
259 283
259 320
259 328
259 360
259 389
259 400
259 418
259 498
259 607
259 649
259 661
259 774
259 824
259 869
259 873
259 898
260 287
260 302
260 402
260 419
260 443
260 450
260 461
260 481
260 563
260 571
260 574
260 584
260 618
260 640
260 661
260 731
261 275
261 348
261 417
261 446
261 477
261 498
261 513
261 523
261 535
261 616
261 669
261 724
261 745
261 773
261 776
261 787
261 820
262 279
262 351
262 365
262 389
262 406
262 434
262 464
262 471
262 494
262 532
262 558
262 607
262 787
262 793
262 811
262 849
262 877
263 311
263 313
263 314
263 315
263 328
263 441
263 482
263 523
263 530
263 542
263 627
263 639
263 661
263 716
263 739
263 804
263 827
263 828
264 313
264 358
264 409
264 522
264 571
264 600
264 630
264 773
264 815
264 842
264 871
265 267
265 295
265 460
265 465
265 484
265 490
265 502
265 646
265 668
265 669
265 678
265 749
265 755
265 800
265 860
265 867
265 869
266 300
266 321
266 343
266 484
266 488
266 503
266 507
266 539
266 548
266 615
266 627
266 635
266 739
266 769
266 787
266 799
266 843
266 870
267 306
267 315
267 328
267 368
267 398
267 421
267 459
267 464
267 503
267 592
267 609
267 718
267 776
267 827
267 878
267 879
268 394
268 416
268 436
268 447
268 461
268 520
268 526
268 540
268 556
268 564
268 629
268 640
268 657
268 695
268 710
268 757
268 761
268 767
268 787
268 843
268 875
268 897
269 307
269 319
269 383
269 389
269 437
269 472
269 484
269 500
269 501
269 512
269 531
269 538
269 540
269 567
269 601
269 634
269 638
269 733
269 769
269 838
269 874
269 880
270 282
270 284
270 306
270 397
270 476
270 509
270 553
270 692
270 693
270 697
270 700
270 701
270 744
270 870
270 874
270 880
270 883
271 361
271 437
271 472
271 476
271 527
271 552
271 578
271 597
271 608
271 634
271 635
271 659
271 679
271 786
271 790
272 288
272 313
272 330
272 348
272 384
272 501
272 503
272 534
272 538
272 571
272 581
272 636
272 648
272 651
272 658
272 677
272 696
272 699
272 702
272 719
272 799
272 839
272 841
272 843
272 846
272 850
272 858
272 862
272 876
272 887
273 317
273 377
273 409
273 420
273 434
273 441
273 453
273 504
273 638
273 654
273 660
273 708
273 717
273 738
273 838
273 873
273 876
274 278
274 283
274 333
274 344
274 412
274 419
274 640
274 694
274 700
274 710
274 728
274 824
275 418
275 429
275 446
275 510
275 586
275 623
275 629
275 638
275 640
275 696
275 701
275 724
275 728
275 760
275 790
275 884
276 319
276 365
276 387
276 442
276 446
276 497
276 500
276 583
276 675
276 707
276 714
276 757
276 800
276 805
276 811
277 343
277 347
277 356
277 397
277 442
277 478
277 614
277 628
277 647
277 660
277 692
277 705
277 783
277 798
277 828
277 852
277 864
277 899
278 400
278 402
278 444
278 447
278 465
278 486
278 493
278 497
278 508
278 571
278 579
278 655
278 713
278 723
278 726
278 788
278 876
278 880
278 888
279 370
279 401
279 417
279 427
279 524
279 613
279 620
279 625
279 727
279 812
279 886
280 305
280 401
280 411
280 441
280 455
280 464
280 521
280 524
280 531
280 533
280 542
280 631
280 662
280 767
280 771
280 789
280 895
281 429
281 442
281 481
281 546
281 582
281 606
281 636
281 673
281 731
281 794
281 833
281 879
281 895
282 313
282 326
282 369
282 470
282 478
282 551
282 558
282 610
282 716
282 729
282 765
282 780
282 783
282 808
282 847
282 851
283 298
283 372
283 386
283 413
283 492
283 515
283 539
283 657
283 666
283 699
283 747
283 782
283 798
283 808
283 809
283 836
284 368
284 370
284 372
284 473
284 510
284 537
284 573
284 620
284 655
284 656
284 663
284 669
284 671
284 696
284 740
284 777
284 827
284 861
284 867
285 295
285 309
285 409
285 420
285 453
285 457
285 475
285 516
285 557
285 567
285 622
285 656
285 680
285 710
285 714
285 717
285 757
285 780
285 846
285 855
285 887
286 313
286 324
286 346
286 367
286 406
286 440
286 453
286 460
286 469
286 585
286 605
286 611
286 612
286 631
286 647
286 658
286 675
286 709
286 783
286 829
286 841
286 875
286 897
287 297
287 343
287 382
287 441
287 443
287 491
287 544
287 554
287 556
287 570
287 589
287 615
287 623
287 641
287 674
287 685
287 690
287 731
287 747
287 767
287 773
287 778
287 804
287 838
288 449
288 512
288 515
288 523
288 609
288 660
288 672
288 676
288 706
288 780
288 784
288 788
288 810
288 819
288 874
288 892
289 343
289 383
289 395
289 401
289 435
289 439
289 538
289 543
289 653
289 683
289 761
289 791
289 803
289 816
289 823
289 832
289 870
290 317
290 323
290 362
290 363
290 374
290 413
290 475
290 480
290 508
290 527
290 550
290 573
290 595
290 605
290 614
290 623
290 628
290 633
290 678
290 698
290 729
290 744
290 788
290 865
291 296
291 327
291 379
291 407
291 458
291 464
291 497
291 529
291 534
291 538
291 570
291 576
291 580
291 635
291 645
291 654
291 666
291 739
291 774
291 839
291 863
292 340
292 386
292 395
292 442
292 452
292 572
292 579
292 716
292 721
292 745
292 753
292 826
292 876
293 427
293 452
293 470
293 473
293 501
293 593
293 612
293 676
293 724
293 772
293 823
293 828
293 851
293 861
294 296
294 300
294 409
294 437
294 490
294 555
294 578
294 672
294 689
294 704
294 764
294 806
294 822
294 834
294 854
294 894
295 303
295 309
295 356
295 365
295 421
295 452
295 538
295 576
295 577
295 590
295 613
295 727
295 729
295 744
295 754
295 759
295 790
295 791
295 820
295 845
295 896
296 333
296 381
296 430
296 447
296 450
296 453
296 465
296 466
296 481
296 495
296 499
296 564
296 574
296 576
296 623
296 637
296 644
296 697
296 698
296 721
296 750
296 785
296 814
296 832
296 850
296 855
296 858
296 871
297 302
297 370
297 415
297 433
297 439
297 514
297 537
297 553
297 580
297 592
297 626
297 636
297 681
297 698
297 717
297 724
297 740
297 807
297 826
297 867
297 885
298 302
298 439
298 463
298 467
298 533
298 555
298 567
298 568
298 591
298 603
298 698
298 775
298 891
299 305
299 307
299 316
299 331
299 450
299 487
299 535
299 580
299 753
299 796
299 818
299 820
299 833
300 375
300 391
300 393
300 419
300 431
300 497
300 566
300 584
300 588
300 592
300 647
300 661
300 704
300 761
300 766
300 772
300 778
300 788
300 797
300 805
300 831
300 835
300 855
300 873
300 884
301 359
301 362
301 378
301 480
301 482
301 513
301 628
301 629
301 647
301 700
301 756
301 831
301 858
301 893
301 898
301 899
302 310
302 332
302 355
302 389
302 403
302 408
302 410
302 420
302 473
302 525
302 529
302 570
302 572
302 633
302 759
302 770
302 793
302 860
302 873
302 883
303 352
303 361
303 364
303 425
303 592
303 595
303 664
303 734
303 736
303 750
303 804
303 810
303 834
303 871
303 876
304 305
304 340
304 371
304 441
304 445
304 477
304 524
304 557
304 605
304 673
304 683
304 697
304 698
304 706
304 716
304 720
304 840
304 851
305 324
305 332
305 335
305 367
305 379
305 403
305 404
305 424
305 451
305 468
305 581
305 697
305 763
305 790
305 838
305 897
305 898
306 322
306 375
306 395
306 396
306 405
306 454
306 479
306 508
306 527
306 540
306 584
306 589
306 650
306 678
306 682
306 740
306 789
306 801
306 829
306 876
306 877
307 316
307 373
307 404
307 424
307 471
307 479
307 548
307 616
307 643
307 646
307 702
307 713
307 716
307 747
307 855
307 857
307 871
307 879
308 315
308 374
308 405
308 451
308 479
308 497
308 527
308 567
308 685
308 690
308 712
308 737
308 753
308 815
308 817
308 825
308 832
308 841
308 870
308 895
309 315
309 364
309 388
309 391
309 434
309 515
309 527
309 540
309 580
309 626
309 627
309 672
309 684
309 691
309 723
309 737
309 739
309 825
309 845
310 313
310 314
310 376
310 416
310 437
310 446
310 453
310 458
310 496
310 584
310 617
310 708
310 730
310 781
310 824
310 861
310 871
311 312
311 431
311 461
311 506
311 512
311 537
311 546
311 549
311 641
311 662
311 666
311 709
311 775
311 780
311 795
311 812
311 844
312 321
312 342
312 386
312 426
312 475
312 478
312 491
312 503
312 555
312 651
312 798
312 832
312 848
312 889
313 314
313 348
313 389
313 483
313 748
313 769
313 816
313 827
313 850
313 861
313 865
313 869
313 881
313 885
313 895
314 358
314 374
314 432
314 436
314 459
314 468
314 601
314 636
314 676
314 703
314 726
315 324
315 335
315 399
315 493
315 567
315 578
315 620
315 649
315 654
315 670
315 696
315 729
315 762
315 783
315 788
316 359
316 409
316 547
316 574
316 594
316 627
316 637
316 664
316 681
316 787
316 812
316 822
316 867
316 869
316 878
316 895
317 322
317 371
317 382
317 417
317 435
317 471
317 518
317 520
317 582
317 726
317 758
317 786
317 839
317 879
318 333
318 336
318 368
318 394
318 448
318 462
318 566
318 572
318 573
318 657
318 672
318 673
318 709
318 767
318 782
318 890
318 899
319 338
319 372
319 405
319 415
319 472
319 525
319 538
319 671
319 702
319 721
319 738
319 751
319 765
319 774
319 779
319 799
319 860
319 870
320 342
320 488
320 500
320 537
320 574
320 575
320 664
320 688
320 707
320 741
320 745
320 748
320 774
320 796
320 837
320 887
321 369
321 373
321 443
321 444
321 494
321 532
321 545
321 590
321 611
321 674
321 687
321 765
321 782
321 786
321 880
321 889
322 327
322 341
322 529
322 584
322 593
322 687
322 810
322 814
322 878
322 885
322 893
323 363
323 397
323 437
323 450
323 468
323 540
323 544
323 545
323 550
323 602
323 613
323 623
323 626
323 702
323 707
323 726
323 769
323 827
323 861
323 871
324 351
324 385
324 413
324 439
324 491
324 506
324 508
324 579
324 634
324 638
324 643
324 682
324 714
324 720
324 725
324 758
324 780
324 856
324 867
325 357
325 410
325 429
325 441
325 444
325 514
325 616
325 626
325 674
325 713
325 750
325 762
325 790
325 831
325 835
325 846
325 866
326 331
326 463
326 511
326 527
326 549
326 562
326 577
326 607
326 620
326 658
326 662
326 664
326 666
326 759
326 801
326 853
326 861
327 380
327 386
327 403
327 437
327 454
327 531
327 535
327 537
327 544
327 553
327 612
327 618
327 657
327 707
327 768
327 824
327 891
328 393
328 396
328 405
328 423
328 515
328 540
328 543
328 557
328 567
328 573
328 591
328 598
328 626
328 639
328 735
328 798
328 802
328 804
328 823
328 826
328 836
328 847
328 886
329 354
329 372
329 392
329 459
329 491
329 515
329 566
329 567
329 610
329 618
329 654
329 697
329 706
329 760
329 768
329 836
329 843
329 850
330 355
330 363
330 412
330 413
330 474
330 495
330 535
330 540
330 668
330 725
330 801
330 898
331 359
331 410
331 533
331 580
331 672
331 675
331 701
331 730
331 770
331 814
331 815
331 829
331 832
331 879
332 442
332 457
332 466
332 474
332 501
332 518
332 583
332 596
332 671
332 697
332 760
332 779
332 798
332 806
332 813
332 823
332 839
332 842
332 886
332 889
333 362
333 410
333 431
333 468
333 489
333 519
333 535
333 585
333 607
333 661
333 668
333 691
333 743
333 767
333 777
333 789
333 821
333 847
333 860
334 335
334 338
334 388
334 389
334 394
334 414
334 463
334 523
334 562
334 567
334 642
334 778
334 827
334 834
335 340
335 380
335 447
335 498
335 512
335 564
335 589
335 602
335 613
335 629
335 642
335 652
335 683
335 697
335 699
335 744
335 781
336 345
336 374
336 383
336 386
336 441
336 451
336 600
336 644
336 711
336 723
336 734
336 789
336 815
336 875
337 356
337 393
337 449
337 454
337 526
337 540
337 564
337 600
337 638
337 643
337 697
337 718
337 771
337 787
337 798
337 826
338 378
338 408
338 423
338 426
338 460
338 527
338 550
338 587
338 591
338 592
338 620
338 628
338 635
338 651
338 653
338 662
338 728
338 750
338 843
338 876
338 889
339 358
339 364
339 387
339 437
339 452
339 453
339 580
339 615
339 624
339 627
339 633
339 638
339 699
339 706
339 711
339 740
339 825
340 346
340 363
340 386
340 457
340 469
340 476
340 485
340 518
340 528
340 586
340 616
340 636
340 661
340 667
340 680
340 682
340 711
340 788
340 839
340 894
341 344
341 386
341 401
341 458
341 482
341 517
341 532
341 533
341 550
341 595
341 610
341 621
341 630
341 661
341 689
341 741
341 765
341 768
341 785
341 855
341 867
342 416
342 418
342 421
342 503
342 547
342 632
342 652
342 667
342 710
342 726
342 731
342 744
342 753
342 782
342 823
342 831
342 856
342 868
343 347
343 380
343 447
343 479
343 481
343 485
343 496
343 511
343 528
343 609
343 628
343 698
343 704
343 718
343 725
343 726
343 745
343 816
343 823
343 857
344 370
344 435
344 461
344 468
344 533
344 562
344 564
344 692
344 693
344 734
344 776
344 797
344 803
344 853
345 352
345 364
345 366
345 443
345 451
345 476
345 508
345 520
345 540
345 586
345 617
345 643
345 658
345 664
345 815
345 836
345 863
346 363
346 374
346 387
346 439
346 444
346 451
346 475
346 478
346 530
346 673
346 716
346 758
346 768
346 769
346 775
346 778
346 853
346 854
346 863
346 872
346 874
347 366
347 434
347 527
347 624
347 672
347 674
347 683
347 717
347 718
347 751
347 769
348 385
348 429
348 476
348 477
348 531
348 564
348 693
348 706
348 754
348 791
348 846
349 350
349 368
349 370
349 386
349 437
349 525
349 545
349 552
349 580
349 604
349 611
349 662
349 735
349 751
349 758
349 794
349 799
349 819
350 511
350 531
350 539
350 542
350 562
350 579
350 580
350 590
350 626
350 709
350 723
350 751
350 766
350 785
350 803
350 806
350 836
350 856
351 359
351 361
351 406
351 407
351 440
351 454
351 553
351 558
351 625
351 643
351 646
351 680
351 712
351 773
351 786
351 840
351 843
351 864
352 357
352 371
352 390
352 510
352 517
352 541
352 591
352 592
352 675
352 736
352 752
352 755
352 812
352 825
353 430
353 458
353 473
353 487
353 489
353 498
353 566
353 571
353 589
353 619
353 652
353 693
353 726
353 780
353 801
353 804
353 873
354 416
354 445
354 486
354 521
354 553
354 732
354 753
354 761
354 776
354 785
354 793
354 867
354 871
354 884
354 899
355 363
355 378
355 400
355 425
355 493
355 508
355 520
355 544
355 595
355 611
355 613
355 656
355 774
355 775
355 790
355 838
355 866
356 366
356 369
356 386
356 387
356 412
356 438
356 449
356 480
356 487
356 499
356 518
356 525
356 616
356 640
356 695
356 748
356 810
356 828
356 838
356 869
356 893
357 373
357 408
357 469
357 578
357 594
357 608
357 634
357 636
357 653
357 682
357 702
357 752
357 821
357 823
357 833
358 388
358 392
358 513
358 547
358 639
358 663
358 674
358 765
358 849
358 872
359 383
359 388
359 403
359 429
359 448
359 451
359 453
359 549
359 594
359 605
359 634
359 642
359 745
359 768
359 806
359 837
359 838
359 889
360 428
360 446
360 449
360 460
360 524
360 566
360 593
360 628
360 699
360 704
360 740
360 774
360 784
360 801
360 825
360 885
361 403
361 442
361 465
361 477
361 497
361 500
361 635
361 663
361 664
361 681
361 716
361 726
361 832
361 838
362 365
362 384
362 389
362 442
362 504
362 520
362 558
362 566
362 634
362 654
362 673
362 693
362 717
362 767
362 810
362 829
362 852
362 875
362 879
362 883
362 889
363 485
363 486
363 503
363 512
363 553
363 586
363 638
363 766
364 367
364 382
364 406
364 485
364 486
364 518
364 541
364 623
364 718
364 735
364 743
364 818
364 822
364 835
364 851
365 370
365 403
365 405
365 412
365 425
365 436
365 579
365 593
365 631
365 647
365 667
365 681
365 719
365 730
365 777
365 846
365 873
365 888
366 421
366 450
366 451
366 469
366 470
366 494
366 606
366 626
366 697
366 725
366 741
366 802
366 821
366 832
367 379
367 392
367 414
367 420
367 449
367 518
367 558
367 570
367 619
367 726
367 801
368 391
368 436
368 463
368 474
368 478
368 495
368 564
368 573
368 680
368 711
368 716
368 729
368 744
368 753
368 775
368 807
368 820
368 836
368 839
368 840
368 857
369 414
369 440
369 466
369 474
369 494
369 506
369 547
369 560
369 594
369 636
369 641
369 663
369 762
369 776
369 782
369 805
369 830
369 851
369 895
370 373
370 419
370 457
370 466
370 536
370 625
370 643
370 646
370 706
370 737
370 746
370 805
370 811
370 834
370 835
370 857
370 875
370 880
371 420
371 457
371 581
371 726
371 738
371 779
371 829
371 846
371 861
371 898
372 403
372 414
372 441
372 469
372 496
372 509
372 717
372 731
372 774
372 800
372 810
372 824
372 895
373 379
373 391
373 424
373 455
373 474
373 546
373 580
373 644
373 824
373 857
374 476
374 603
374 629
374 639
374 652
374 743
374 768
374 786
374 808
374 817
374 831
374 840
374 862
374 876
375 389
375 445
375 495
375 506
375 546
375 598
375 600
375 610
375 619
375 639
375 665
375 693
375 735
375 830
375 837
375 878
375 894
376 388
376 395
376 398
376 420
376 437
376 447
376 512
376 568
376 658
376 741
376 797
376 800
376 862
377 381
377 390
377 398
377 447
377 452
377 457
377 521
377 528
377 534
377 616
377 628
377 647
377 693
377 697
377 699
377 707
377 724
377 742
377 743
377 787
377 800
377 821
378 393
378 425
378 446
378 450
378 504
378 656
378 691
378 702
378 706
378 723
378 730
378 731
378 797
378 811
378 816
378 833
378 897
379 396
379 428
379 457
379 474
379 497
379 630
379 663
379 672
379 680
379 734
379 741
379 786
379 864
379 875
379 896
380 384
380 396
380 419
380 440
380 459
380 481
380 500
380 541
380 565
380 610
380 630
380 695
380 721
380 749
380 760
380 795
380 807
380 856
380 873
381 398
381 412
381 470
381 568
381 601
381 615
381 644
381 681
381 689
381 736
381 770
381 798
381 828
382 442
382 451
382 559
382 575
382 600
382 606
382 613
382 625
382 641
382 643
382 654
382 705
382 721
382 762
382 764
382 783
382 804
382 835
382 839
382 888
383 411
383 419
383 426
383 436
383 441
383 443
383 465
383 497
383 540
383 612
383 692
383 728
383 746
383 806
383 826
383 841
383 882
383 889
384 409
384 413
384 430
384 458
384 473
384 479
384 493
384 503
384 512
384 525
384 565
384 579
384 698
384 730
385 393
385 415
385 419
385 500
385 529
385 531
385 537
385 555
385 620
385 669
385 680
385 698
385 705
385 723
385 738
385 755
385 771
385 869
385 878
385 888
386 393
386 401
386 442
386 459
386 465
386 469
386 598
386 668
386 687
386 695
386 713
386 729
386 736
386 786
386 842
386 890
387 433
387 470
387 513
387 571
387 612
387 626
387 643
387 647
387 662
387 666
387 677
387 751
387 763
387 772
387 775
387 792
387 799
387 814
387 865
387 881
388 469
388 526
388 546
388 596
388 607
388 660
388 672
388 686
388 711
388 728
388 733
388 740
388 747
388 790
388 802
389 393
389 414
389 435
389 516
389 601
389 661
389 683
389 688
389 742
389 752
389 853
389 869
390 403
390 410
390 423
390 467
390 541
390 648
390 682
390 687
390 783
390 797
390 802
390 846
390 868
391 412
391 426
391 559
391 688
391 689
391 696
391 717
391 779
391 784
391 799
391 802
391 807
391 828
391 840
392 433
392 465
392 479
392 542
392 663
392 746
392 761
392 767
392 836
392 873
392 893
393 477
393 573
393 636
393 692
393 706
393 708
393 724
393 727
393 810
393 813
393 814
394 399
394 456
394 471
394 593
394 625
394 626
394 646
394 656
394 657
394 682
394 705
394 874
395 414
395 449
395 468
395 539
395 541
395 581
395 615
395 624
395 646
395 666
395 752
395 759
395 793
395 803
395 807
396 506
396 611
396 655
396 801
396 851
396 879
396 894
397 434
397 467
397 502
397 594
397 630
397 786
397 809
397 857
397 868
397 881
397 895
398 424
398 452
398 461
398 490
398 532
398 574
398 581
398 600
398 612
398 625
398 634
398 653
398 663
398 709
398 779
398 814
398 838
398 841
398 863
399 437
399 446
399 505
399 511
399 526
399 558
399 568
399 580
399 588
399 694
399 702
399 721
399 760
399 770
399 775
399 825
399 871
399 882
399 883
400 468
400 511
400 608
400 631
400 633
400 666
400 677
400 730
400 733
400 749
400 759
400 814
400 865
400 867
400 870
400 885
401 435
401 437
401 464
401 479
401 501
401 563
401 572
401 577
401 621
401 628
401 658
401 684
401 697
401 736
401 835
401 837
401 883
402 448
402 481
402 499
402 521
402 535
402 551
402 597
402 620
402 633
402 672
402 698
402 717
402 757
402 852
402 876
402 891
403 417
403 459
403 481
403 533
403 558
403 580
403 585
403 621
403 710
403 725
403 730
403 783
403 784
403 789
403 821
403 831
403 880
404 428
404 445
404 449
404 473
404 486
404 542
404 558
404 657
404 667
404 671
404 748
404 758
404 772
404 838
404 875
405 422
405 469
405 534
405 544
405 558
405 606
405 644
405 676
405 680
405 686
405 704
405 709
405 731
405 790
405 804
405 873
406 417
406 423
406 432
406 452
406 474
406 482
406 486
406 488
406 514
406 539
406 574
406 614
406 621
406 667
406 668
406 719
406 751
406 752
406 765
406 780
406 796
406 833
406 845
406 890
407 420
407 429
407 441
407 488
407 495
407 498
407 546
407 573
407 682
407 814
407 837
407 851
407 860
407 898
408 444
408 537
408 551
408 597
408 629
408 662
408 691
408 692
408 761
408 844
409 439
409 453
409 523
409 566
409 573
409 613
409 646
409 697
409 710
409 834
409 842
409 854
409 869
409 883
410 446
410 460
410 519
410 610
410 640
410 678
410 686
410 726
410 735
410 753
410 778
410 793
410 803
410 829
410 837
410 867
410 878
411 420
411 443
411 460
411 494
411 523
411 555
411 556
411 570
411 577
411 629
411 634
411 751
411 802
411 848
411 850
411 860
411 865
411 869
411 873
411 891
412 414
412 446
412 481
412 519
412 538
412 541
412 559
412 843
412 851
412 875
412 884
413 438
413 468
413 493
413 617
413 654
413 670
413 721
413 742
413 809
413 853
413 867
414 425
414 429
414 456
414 516
414 554
414 569
414 570
414 599
414 615
414 624
414 648
414 679
414 784
414 812
414 830
414 850
414 875
414 891
415 427
415 452
415 466
415 558
415 581
415 612
415 622
415 630
415 657
415 697
415 709
415 742
415 743
415 749
415 771
415 826
415 847
415 886
416 423
416 524
416 553
416 566
416 569
416 609
416 619
416 636
416 649
416 680
416 771
416 863
416 866
417 429
417 461
417 485
417 508
417 512
417 545
417 685
417 694
417 697
417 703
417 718
417 786
417 798
417 802
417 805
417 830
417 856
417 860
417 896
418 536
418 570
418 669
418 673
418 707
418 713
418 718
418 720
418 744
418 777
418 778
418 792
418 813
418 863
418 881
418 890
418 894
419 458
419 469
419 472
419 509
419 566
419 581
419 620
419 656
419 730
419 762
419 800
419 811
419 841
419 870
419 879
419 883
420 434
420 440
420 443
420 444
420 481
420 501
420 510
420 514
420 536
420 551
420 595
420 600
420 659
420 664
420 682
420 694
420 806
420 835
420 837
420 842
421 487
421 515
421 548
421 550
421 565
421 576
421 627
421 659
421 679
421 690
421 744
421 763
421 773
421 820
421 823
421 826
421 891
422 427
422 451
422 452
422 465
422 476
422 506
422 507
422 527
422 535
422 550
422 565
422 573
422 644
422 689
422 694
422 728
422 730
422 753
422 781
422 824
422 844
423 458
423 466
423 516
423 525
423 557
423 560
423 562
423 564
423 567
423 624
423 650
423 656
423 712
423 762
423 813
423 851
423 860
424 442
424 453
424 469
424 513
424 534
424 552
424 571
424 572
424 603
424 646
424 672
424 706
424 727
424 765
424 807
424 809
424 859
424 872
424 891
425 539
425 556
425 633
425 652
425 653
425 721
425 731
425 755
425 765
425 777
425 781
425 814
425 851
425 856
425 863
426 447
426 462
426 470
426 516
426 517
426 656
426 713
426 731
426 756
426 764
426 779
426 804
426 833
426 879
426 895
426 896
427 439
427 522
427 524
427 536
427 542
427 560
427 626
427 647
427 691
427 694
427 767
427 779
427 793
427 818
427 824
427 875
427 889
428 430
428 433
428 478
428 508
428 546
428 563
428 577
428 618
428 643
428 666
428 674
428 698
428 715
428 844
428 858
429 513
429 541
429 553
429 633
429 634
429 669
429 682
429 688
429 733
429 737
429 738
429 773
429 791
429 807
429 813
429 814
429 859
430 459
430 470
430 485
430 552
430 560
430 584
430 624
430 646
430 691
430 692
430 729
430 750
430 789
430 810
430 874
431 466
431 491
431 503
431 505
431 520
431 620
431 654
431 661
431 699
431 710
431 735
431 739
431 767
431 770
431 794
431 798
431 815
431 848
431 856
431 894
432 467
432 469
432 505
432 607
432 640
432 661
432 679
432 683
432 742
432 748
432 876
433 476
433 505
433 574
433 577
433 640
433 646
433 647
433 736
433 878
433 894
433 899
434 443
434 456
434 481
434 499
434 509
434 555
434 571
434 586
434 592
434 595
434 636
434 818
434 822
434 840
434 850
434 857
434 875
434 896
435 442
435 465
435 491
435 507
435 516
435 517
435 538
435 618
435 723
436 542
436 580
436 603
436 688
436 736
436 870
437 469
437 494
437 574
437 628
437 691
437 717
437 776
437 816
438 440
438 470
438 500
438 511
438 533
438 563
438 631
438 693
438 753
438 770
438 777
438 821
438 869
438 873
438 888
439 549
439 576
439 601
439 620
439 752
439 793
439 798
439 811
439 835
440 465
440 493
440 526
440 564
440 580
440 674
440 682
440 688
440 714
440 719
440 747
440 759
440 875
440 885
441 461
441 505
441 522
441 581
441 718
441 747
441 795
441 797
441 810
441 848
441 851
441 861
441 862
442 482
442 513
442 516
442 550
442 563
442 568
442 606
442 637
442 658
442 683
442 713
442 758
442 766
442 795
442 870
442 871
442 875
443 448
443 502
443 516
443 554
443 589
443 611
443 658
443 703
443 706
443 782
443 872
443 889
444 551
444 574
444 668
444 674
444 699
444 720
444 728
444 740
444 824
444 835
444 880
445 454
445 503
445 513
445 546
445 616
445 621
445 641
445 669
445 706
445 766
445 871
446 463
446 521
446 530
446 532
446 541
446 548
446 573
446 620
446 623
446 644
446 663
446 719
446 760
446 799
446 843
446 882
447 456
447 467
447 513
447 538
447 603
447 604
447 611
447 778
447 817
447 827
447 837
447 851
447 855
447 859
447 871
448 455
448 594
448 646
448 696
448 738
448 765
448 854
449 540
449 695
449 772
449 773
449 827
449 828
449 841
449 870
450 515
450 577
450 584
450 591
450 606
450 617
450 645
450 651
450 680
450 767
450 773
450 797
450 814
450 870
450 887
451 455
451 457
451 505
451 508
451 513
451 522
451 552
451 684
451 765
451 782
451 825
451 842
451 863
451 884
452 489
452 549
452 563
452 582
452 597
452 602
452 627
452 738
452 741
452 778
452 858
452 894
453 466
453 469
453 476
453 511
453 514
453 518
453 546
453 636
453 654
453 684
453 747
453 765
453 769
453 794
453 889
454 546
454 613
454 621
454 647
454 672
454 692
454 737
454 739
454 805
454 809
454 820
454 822
454 851
454 862
455 485
455 524
455 566
455 584
455 604
455 635
455 641
455 665
455 742
455 759
456 458
456 481
456 483
456 508
456 549
456 563
456 571
456 583
456 591
456 658
456 793
456 842
456 855
456 875
457 491
457 520
457 523
457 612
457 645
457 646
457 735
457 744
457 763
457 779
457 797
457 806
457 899
458 461
458 543
458 554
458 569
458 595
458 647
458 773
458 797
458 816
458 831
458 843
458 851
458 854
458 882
459 474
459 476
459 478
459 489
459 586
459 609
459 676
459 784
459 799
459 827
459 835
459 845
460 474
460 578
460 589
460 608
460 720
461 505
461 570
461 575
461 598
461 645
461 690
461 784
461 809
461 871
461 876
461 877
462 526
462 538
462 553
462 695
462 776
462 808
462 816
462 822
462 833
462 850
462 898
463 466
463 544
463 626
463 635
463 649
463 680
463 691
463 758
463 805
463 835
463 868
464 477
464 490
464 504
464 511
464 528
464 574
464 589
464 619
464 633
464 671
464 718
464 753
464 803
464 853
464 872
464 878
465 469
465 488
465 492
465 548
465 579
465 596
465 711
465 753
465 783
465 792
465 818
465 845
465 856
465 857
465 889
465 892
466 516
466 542
466 549
466 563
466 629
466 658
466 682
466 691
466 797
466 853
466 893
467 504
467 520
467 533
467 550
467 580
467 588
467 604
467 651
467 658
467 733
467 775
467 780
467 795
467 808
467 810
467 849
467 858
468 527
468 543
468 576
468 585
468 615
468 639
468 702
468 717
468 721
468 728
468 758
468 802
468 848
468 855
469 525
469 558
469 652
469 691
469 708
469 805
469 831
469 891
470 477
470 500
470 525
470 607
470 649
470 774
470 893
471 595
471 617
471 649
471 682
471 683
471 731
471 860
472 523
472 526
472 541
472 586
472 622
472 713
472 749
472 801
472 825
472 892
472 895
473 500
473 534
473 543
473 549
473 566
473 568
473 596
473 658
473 693
473 720
473 766
473 776
473 831
473 851
474 487
474 541
474 576
474 600
474 635
474 641
474 672
474 697
474 703
474 712
474 751
474 769
474 869
475 678
475 728
475 772
475 822
475 841
475 842
475 852
475 864
475 896
476 491
476 523
476 525
476 555
476 569
476 572
476 630
476 725
476 777
476 790
476 792
476 797
476 837
476 876
476 884
477 499
477 501
477 530
477 542
477 548
477 601
477 611
477 660
477 720
477 736
477 738
477 793
477 825
477 857
477 899
478 519
478 621
478 650
478 672
478 691
478 722
478 742
478 778
478 783
478 788
478 836
478 872
478 884
478 887
479 619
479 633
479 658
479 684
479 698
479 710
479 758
479 804
479 830
479 831
479 835
479 855
479 867
479 891
479 893
479 897
480 496
480 504
480 515
480 528
480 571
480 615
480 635
480 656
480 670
480 694
480 768
480 800
481 549
481 650
481 704
481 760
481 817
481 893
482 551
482 562
482 604
482 685
482 694
482 711
482 736
482 781
482 787
482 801
482 834
483 508
483 566
483 626
483 660
483 677
483 689
483 693
483 788
483 789
483 792
483 803
483 826
483 871
483 879
484 669
484 692
484 778
484 779
484 832
484 894
485 566
485 588
485 597
485 648
485 688
485 692
485 712
485 795
486 525
486 529
486 546
486 549
486 635
486 644
486 690
486 714
486 765
486 809
487 527
487 561
487 606
487 633
487 642
487 647
487 649
487 698
487 748
487 755
487 767
487 805
487 813
487 835
487 839
488 495
488 499
488 750
488 896
489 512
489 543
489 551
489 630
489 659
489 663
489 677
489 718
489 729
489 807
489 809
489 844
490 493
490 553
490 665
490 684
490 687
490 717
490 763
490 812
490 827
490 860
490 885
490 894
491 530
491 592
491 658
491 686
491 738
491 749
491 785
491 849
491 850
491 884
491 887
492 522
492 578
492 581
492 604
492 636
492 658
492 691
492 737
492 773
492 793
492 819
492 832
492 844
492 851
492 871
492 887
493 537
493 579
493 586
493 594
493 610
493 631
493 681
493 699
493 702
493 755
493 757
493 772
493 804
493 823
493 830
493 836
493 875
494 505
494 562
494 566
494 572
494 634
494 685
494 693
494 709
494 731
494 822
494 837
494 841
494 872
494 884
495 561
495 565
495 626
495 758
495 796
495 841
496 611
496 648
496 671
496 791
496 793
496 797
496 833
496 853
496 897
497 587
497 704
497 720
497 723
497 781
497 788
497 829
497 830
497 861
497 884
497 897
497 898
498 529
498 552
498 718
498 721
498 790
498 858
498 874
499 529
499 553
499 581
499 617
499 648
499 652
499 686
499 717
499 737
499 771
499 842
499 892
500 526
500 552
500 648
500 653
500 660
500 714
500 783
500 813
500 815
500 822
500 830
500 850
500 853
500 885
500 886
501 517
501 541
501 570
501 600
501 601
501 605
501 646
501 711
501 727
501 755
501 785
501 794
501 804
501 868
502 518
502 682
502 690
502 756
502 800
502 804
502 811
502 823
503 532
503 615
503 620
503 664
503 682
503 704
503 720
503 778
503 783
503 792
503 858
503 887
504 534
504 699
504 725
504 759
504 768
504 850
504 877
505 508
505 520
505 525
505 531
505 699
505 727
505 739
505 755
505 816
505 834
506 518
506 525
506 547
506 572
506 575
506 607
506 663
506 686
506 701
506 723
506 743
506 796
506 827
506 838
507 553
507 597
507 643
507 670
507 787
507 831
507 842
507 875
508 531
508 536
508 776
508 779
509 532
509 540
509 571
509 734
509 743
509 761
509 796
509 852
509 865
509 882
510 529
510 578
510 582
510 590
510 664
510 700
510 705
510 715
510 723
510 746
510 777
510 794
510 829
511 545
511 560
511 674
511 774
511 785
511 863
512 556
512 608
512 652
512 690
512 723
512 726
512 730
512 759
512 763
512 777
512 814
512 836
512 851
512 857
512 869
513 557
513 596
513 705
513 768
513 775
513 827
513 867
514 538
514 584
514 639
514 658
514 675
514 693
514 727
514 728
514 763
514 835
515 558
515 568
515 579
515 600
515 639
515 657
515 678
515 720
515 732
515 742
515 749
515 764
515 772
515 779
515 791
515 796
515 805
515 873
516 529
516 532
516 623
516 714
516 717
516 748
516 758
516 774
516 800
516 826
516 839
516 880
516 884
517 565
517 593
517 643
517 708
517 737
517 758
517 776
517 777
517 789
517 805
517 814
517 835
517 858
517 859
517 884
518 565
518 582
518 631
518 643
518 680
518 705
518 717
518 753
518 765
518 781
518 829
518 868
518 896
519 569
519 629
519 635
519 654
519 685
519 776
519 783
519 802
519 843
520 537
520 658
520 675
520 715
520 821
521 554
521 675
521 683
521 717
521 759
521 775
521 809
522 525
522 555
522 591
522 596
522 599
522 616
522 689
522 695
522 729
522 769
522 777
522 780
522 797
522 809
523 545
523 576
523 593
523 637
523 753
523 763
523 781
523 783
523 815
523 824
524 596
524 617
524 635
524 646
524 656
524 684
524 735
524 767
524 819
524 875
525 530
525 543
525 610
525 676
525 679
525 700
525 787
526 542
526 581
526 654
526 662
526 671
526 718
526 779
526 794
526 824
527 530
527 548
527 576
527 625
527 665
527 676
527 713
527 761
527 777
527 821
527 860
527 888
527 892
528 582
528 692
528 726
528 741
528 750
528 763
528 804
528 837
528 899
529 594
529 631
529 660
529 661
529 666
529 668
529 744
529 757
529 758
529 761
529 848
530 541
530 596
530 683
530 751
530 770
530 832
530 884
531 586
531 631
531 654
531 672
531 712
531 723
531 754
531 775
531 778
531 780
532 551
532 567
532 572
532 591
532 610
532 620
532 627
532 637
532 709
532 764
532 809
532 847
532 856
532 862
532 887
533 541
533 547
533 576
533 581
533 613
533 657
533 684
533 713
533 714
533 720
533 728
533 744
533 831
533 854
533 882
534 630
534 631
534 657
534 701
534 781
534 785
534 812
534 859
534 871
534 898
535 551
535 574
535 587
535 602
535 623
535 630
535 688
535 735
535 767
535 793
535 798
535 816
536 557
536 627
536 642
536 655
536 676
536 716
536 718
536 742
536 768
536 769
536 776
536 799
536 802
536 825
537 561
537 619
537 622
537 690
537 701
537 723
537 753
537 754
537 781
537 839
537 877
537 892
537 898
538 543
538 564
538 686
538 706
538 712
538 798
538 825
538 838
538 886
539 542
539 557
539 571
539 630
539 632
539 677
539 694
539 755
539 759
539 809
539 831
539 836
539 881
540 597
540 661
540 722
540 751
540 752
540 785
540 846
540 857
540 861
541 630
541 638
541 754
541 765
541 809
541 818
541 846
541 880
542 544
542 552
542 668
542 693
542 718
542 736
542 737
542 754
542 765
542 800
542 854
542 863
542 881
542 888
543 582
543 643
543 644
543 653
543 696
543 700
543 786
543 814
543 816
543 818
543 820
543 893
544 606
544 613
544 665
544 705
544 732
544 741
544 794
544 849
544 854
545 566
545 571
545 597
545 624
545 683
545 709
545 771
545 817
545 823
545 864
545 869
545 872
545 882
546 591
546 597
546 615
546 632
546 658
546 688
546 697
546 720
546 734
546 779
546 820
546 894
547 563
547 571
547 589
547 608
547 610
547 620
547 628
547 672
547 675
547 687
547 710
547 713
547 744
547 766
547 803
547 808
547 851
547 877
548 585
548 596
548 642
548 645
548 659
548 688
548 698
548 710
548 713
548 746
548 782
548 794
548 815
548 864
548 873
549 601
549 647
549 717
549 726
549 735
549 740
549 763
549 813
549 830
549 895
550 563
550 565
550 663
550 746
550 760
550 780
550 806
550 829
550 840
550 847
550 858
551 597
551 606
551 640
551 642
551 688
551 700
551 709
551 790
551 804
551 841
551 859
551 865
551 871
551 879
552 563
552 567
552 629
552 711
552 805
552 809
552 812
553 567
553 623
553 679
553 750
553 791
553 819
553 827
553 875
553 879
553 884
554 561
554 589
554 617
554 636
554 642
554 680
554 690
554 743
554 757
554 830
554 843
554 856
554 870
555 573
555 622
555 625
555 627
555 644
555 652
555 675
555 684
555 704
555 725
555 755
555 773
555 803
555 813
555 830
555 832
555 834
555 850
555 895
555 898
556 569
556 636
556 721
556 752
556 777
556 796
556 825
556 843
557 623
557 659
557 727
557 796
557 797
557 810
558 613
558 660
558 690
558 734
558 774
558 797
558 810
558 835
558 842
558 892
559 642
559 669
559 704
559 708
559 716
559 720
559 890
560 566
560 687
560 689
560 747
560 752
560 755
560 760
560 775
560 783
560 793
560 824
560 828
560 848
560 876
560 889
560 890
561 680
561 682
561 710
561 792
561 820
562 580
562 590
562 601
562 630
562 651
562 663
562 751
562 766
562 791
562 807
562 859
563 621
563 638
563 665
563 696
563 729
563 776
563 824
563 840
563 877
563 897
564 566
564 605
564 617
564 643
564 657
564 676
564 692
564 707
564 725
564 786
564 803
564 852
564 862
564 878
565 588
565 631
565 687
565 703
565 756
565 768
565 778
565 845
565 887
566 594
566 603
566 611
566 612
566 651
566 667
566 692
566 705
566 718
566 819
566 879
567 610
567 635
567 672
567 681
567 688
567 709
567 746
567 752
567 766
567 799
567 803
567 811
567 827
567 859
567 864
567 865
567 887
568 602
568 607
568 616
568 626
568 658
568 765
568 787
568 858
568 874
569 583
569 595
569 611
569 696
569 742
569 773
569 812
569 836
569 871
570 588
570 591
570 627
570 645
570 649
570 688
570 703
570 710
570 718
570 719
570 750
570 755
570 831
570 849
570 851
570 856
570 882
571 594
571 595
571 616
571 645
571 671
571 774
571 812
571 817
571 823
571 832
571 862
571 896
572 604
572 656
572 702
572 751
572 773
572 796
572 838
573 615
573 629
573 662
573 752
573 759
573 778
573 779
573 898
574 576
574 592
574 598
574 683
574 692
574 701
574 732
574 775
574 777
574 790
574 794
574 814
574 818
575 594
575 597
575 634
575 648
575 657
575 681
575 702
575 711
575 721
575 771
575 830
576 588
576 607
576 625
576 694
576 735
576 738
576 747
576 756
576 772
576 790
576 791
576 794
576 825
576 827
576 883
577 608
577 627
577 636
577 740
577 802
577 830
577 839
577 882
577 883
578 600
578 645
578 692
578 749
578 812
578 821
578 836
578 877
578 882
578 883
578 891
578 895
579 706
579 774
579 795
579 796
579 808
579 817
579 832
580 607
580 637
580 724
580 756
580 784
580 805
580 806
581 596
581 639
581 642
581 716
581 780
581 851
581 863
582 596
582 640
582 704
582 753
582 847
582 870
583 668
583 699
583 701
583 705
583 718
583 720
583 727
583 802
583 809
583 840
583 853
583 877
584 608
584 626
584 640
584 771
584 885
585 593
585 613
585 623
585 661
585 666
585 692
585 749
585 760
585 763
585 799
585 823
585 846
586 587
586 632
586 651
586 652
586 656
586 705
586 738
586 764
586 776
586 789
586 821
586 884
586 894
587 593
587 629
587 722
587 726
587 760
587 851
587 852
587 883
587 897
588 682
588 722
588 725
588 729
588 744
588 802
588 854
588 863
588 899
589 590
589 618
589 645
589 656
589 668
589 693
589 781
589 818
589 837
589 894
590 613
590 623
590 628
590 646
590 682
590 683
590 744
590 746
590 788
590 833
590 850
590 878
590 882
591 623
591 647
591 673
591 685
591 689
591 706
591 723
591 748
591 768
591 858
591 859
591 884
592 595
592 605
592 627
592 628
592 716
592 809
592 839
592 874
593 595
593 616
593 622
593 661
593 723
593 727
593 792
593 813
593 828
593 830
593 890
594 603
594 625
594 671
594 698
594 701
594 856
594 863
594 888
595 622
595 748
595 756
595 785
595 805
595 810
595 829
595 863
595 882
595 892
596 604
596 607
596 628
596 783
596 803
596 806
596 817
596 874
597 607
597 654
597 760
597 870
597 871
597 885
598 642
598 658
598 687
598 692
598 713
598 801
598 855
599 623
599 632
599 645
599 690
599 705
599 735
599 783
599 789
599 797
599 801
599 885
599 899
600 629
600 653
600 655
600 658
600 701
600 705
600 717
600 774
600 777
600 781
600 821
600 841
600 842
600 872
601 602
601 634
601 729
601 732
601 739
601 763
601 788
601 848
601 878
602 658
602 678
602 720
602 771
602 775
602 788
602 846
602 848
602 851
602 857
602 891
603 624
603 628
603 677
603 738
603 753
603 755
603 793
603 806
603 857
603 881
604 632
604 650
604 740
604 751
604 772
604 796
604 810
604 822
604 876
604 887
605 634
605 654
605 672
605 735
605 742
605 761
605 769
605 783
605 789
606 638
606 658
606 662
606 670
606 689
606 742
606 761
606 762
606 781
606 788
606 804
606 818
606 846
606 855
607 612
607 615
607 742
607 752
607 759
607 792
607 825
607 832
607 861
607 880
608 673
608 697
608 765
608 799
608 820
609 622
609 625
609 645
609 694
609 721
609 725
609 756
609 770
609 812
609 815
609 891
610 624
610 631
610 647
610 698
610 751
610 815
610 829
610 838
610 868
611 684
611 740
611 757
611 760
611 852
611 864
611 882
611 883
611 891
612 635
612 677
612 737
612 769
612 821
613 637
613 648
613 669
613 674
613 791
613 795
613 810
613 867
613 885
614 621
614 725
614 743
614 755
614 768
614 788
614 828
614 857
614 868
614 898
615 664
615 705
615 706
615 738
615 766
615 773
615 799
615 830
615 837
615 877
615 887
616 645
616 653
616 739
616 760
617 633
617 649
617 808
617 816
617 878
618 692
618 852
618 863
619 621
619 626
619 628
619 681
619 690
619 707
619 754
619 778
619 805
620 632
620 703
620 719
620 727
620 737
620 750
620 756
620 804
620 820
620 834
620 858
620 864
621 716
621 755
621 796
621 801
621 809
621 822
621 847
622 639
622 640
622 658
622 681
622 682
622 755
622 759
622 893
623 624
623 660
623 668
623 674
623 703
623 729
623 740
623 804
623 824
623 877
624 639
624 687
624 810
624 834
624 868
625 636
625 676
625 683
625 749
625 754
625 777
625 793
625 812
625 816
625 826
625 878
626 634
626 654
626 667
626 677
626 746
626 769
626 780
626 844
626 873
627 653
627 721
627 734
627 739
627 765
627 847
627 848
627 872
627 879
628 661
628 677
628 744
628 797
628 813
628 819
628 821
628 857
629 761
629 780
629 800
630 641
630 652
630 670
630 678
630 688
630 704
630 787
630 858
630 876
631 632
631 652
631 720
631 741
631 747
631 771
631 774
631 775
631 851
631 875
632 679
632 701
632 743
632 795
632 838
632 871
632 887
633 721
633 743
633 836
634 646
634 653
634 667
634 744
634 776
634 781
634 830
634 838
634 864
634 873
634 885
635 654
635 723
635 755
635 794
635 805
635 863
635 864
635 867
636 657
636 687
636 690
636 752
636 780
636 789
636 849
636 896
637 659
637 708
637 724
637 763
637 768
637 797
637 829
637 898
638 669
638 707
638 771
638 791
638 829
638 832
638 833
638 840
638 856
639 643
639 653
639 656
639 744
639 764
639 771
639 782
639 784
639 804
639 820
639 845
640 645
640 724
640 736
640 752
640 768
640 772
640 882
640 895
641 647
641 657
641 690
641 691
641 717
641 750
641 779
641 809
641 860
641 889
642 658
642 696
642 731
642 754
642 806
642 828
642 852
642 892
643 665
643 705
643 721
643 749
643 750
643 756
643 788
643 824
643 890
644 759
644 771
644 810
644 825
644 828
645 646
645 698
645 708
645 735
645 736
645 748
645 765
645 839
646 668
646 683
646 724
646 766
646 808
647 714
647 720
647 773
647 782
647 865
647 888
648 721
648 813
648 836
648 848
648 877
649 689
649 725
649 791
649 845
649 889
650 673
650 695
650 792
650 805
650 828
650 829
650 837
650 888
651 703
651 723
651 787
651 859
652 664
652 714
652 734
652 743
652 750
652 816
652 828
652 840
652 881
652 899
653 670
653 680
653 685
653 691
653 714
653 775
653 781
653 836
653 863
653 869
653 891
654 677
654 723
654 737
654 749
654 761
654 770
654 810
654 875
654 890
654 897
655 673
655 697
655 766
655 797
655 846
655 892
656 660
656 668
656 704
656 737
656 754
656 803
656 809
657 695
657 734
657 748
657 765
657 789
657 817
657 832
657 866
657 869
658 712
658 741
658 750
658 759
658 768
658 843
658 878
658 896
659 661
659 663
659 740
659 757
659 840
659 870
660 662
660 665
660 679
660 692
660 698
660 815
660 844
661 703
661 728
661 772
661 794
661 795
661 797
661 814
661 821
661 842
661 855
662 678
662 686
662 705
662 728
662 774
662 784
662 790
662 843
662 858
662 886
663 673
663 704
663 748
663 760
663 802
663 813
663 824
663 873
664 669
664 670
664 693
664 694
664 696
664 703
664 708
664 723
664 734
664 787
664 834
664 835
664 870
664 882
664 885
665 723
665 732
665 767
665 870
665 875
665 881
665 894
666 713
666 752
666 772
666 821
666 837
666 881
667 689
667 704
667 831
667 838
667 881
667 891
668 688
668 706
668 802
668 847
669 673
669 713
669 715
669 717
669 774
669 868
669 873
670 733
670 817
670 831
670 865
670 892
671 699
671 713
671 734
671 826
671 841
672 720
672 852
672 863
673 704
673 819
673 899
674 688
674 707
674 723
674 805
674 846
674 851
674 852
674 855
674 860
674 871
674 882
675 695
675 771
675 777
675 781
675 792
675 838
675 869
676 680
676 691
676 707
676 753
676 834
676 868
676 876
676 899
677 701
677 739
677 830
677 842
677 881
677 886
678 684
678 706
678 739
678 866
678 880
679 785
679 790
679 837
679 868
680 777
680 793
680 889
681 704
681 785
681 797
681 835
681 838
681 868
681 884
682 693
682 721
682 784
682 815
682 867
682 868
682 889
683 686
683 810
684 767
684 801
684 808
684 837
684 855
684 865
685 702
685 708
685 717
685 769
685 830
685 879
685 895
686 709
686 733
686 772
686 781
686 805
686 840
686 850
686 861
687 820
687 825
687 828
687 839
687 854
687 871
688 835
688 891
688 899
689 821
689 831
689 852
689 854
689 864
690 740
690 750
690 756
690 847
690 868
691 722
691 734
691 738
691 773
691 780
691 872
692 697
692 705
692 751
692 756
692 821
692 841
692 846
692 852
692 865
692 877
693 703
693 712
693 759
693 809
693 820
693 823
693 824
693 844
693 845
693 893
694 729
694 863
695 699
695 710
695 725
695 758
695 770
695 840
695 889
696 748
696 751
696 789
696 810
696 815
696 831
697 701
697 805
697 831
697 835
697 843
697 857
697 865
698 762
698 803
698 812
698 843
698 873
698 890
699 746
699 854
699 865
700 717
700 797
700 884
701 713
701 755
701 760
701 762
701 796
701 810
701 815
701 850
701 862
701 869
701 873
701 879
701 886
702 743
702 808
702 819
702 842
702 868
702 879
702 894
703 749
703 772
703 781
703 782
703 804
703 811
703 817
704 712
704 729
704 742
704 772
704 775
704 820
705 713
705 749
705 813
705 826
705 867
706 732
706 749
706 779
706 785
706 808
706 823
706 838
706 862
707 729
707 811
707 822
707 835
707 887
708 710
708 772
708 793
708 802
708 807
708 847
709 717
709 721
709 733
709 762
709 803
709 823
709 842
709 866
710 794
710 829
710 832
710 857
710 872
711 716
711 750
711 796
711 886
711 892
712 761
712 873
712 878
713 714
713 752
713 803
713 810
713 813
713 867
713 888
714 744
714 757
714 815
714 861
715 738
715 825
715 873
716 724
716 728
716 764
716 776
716 777
716 821
716 856
717 735
717 748
717 781
717 789
717 804
717 807
717 808
717 822
717 843
717 867
718 723
718 729
718 730
718 753
718 775
719 779
719 805
719 882
720 762
720 773
720 791
720 860
720 868
720 879
720 881
721 731
721 732
721 802
721 813
721 854
721 869
721 899
722 766
722 794
722 799
722 822
722 840
722 853
722 874
723 740
723 760
723 761
723 780
723 813
724 757
724 769
724 807
724 834
724 877
725 760
725 789
725 870
725 890
726 769
726 770
726 776
726 842
726 848
726 856
726 888
727 743
727 748
727 751
727 777
727 796
727 836
727 867
728 770
728 799
728 816
728 818
728 819
728 847
728 853
728 861
728 872
729 774
729 790
729 791
729 813
729 853
730 773
730 812
730 857
730 867
730 893
731 732
731 745
731 831
731 836
731 854
731 895
731 897
732 848
733 761
733 788
733 836
734 741
734 777
734 849
734 855
734 890
735 764
735 776
735 838
735 858
735 894
736 769
736 772
736 799
736 803
736 806
736 869
737 757
737 812
737 856
737 879
737 898
738 759
738 795
738 816
738 864
739 770
739 789
739 817
739 823
739 893
740 742
740 746
740 758
740 774
740 777
740 797
740 815
740 841
740 876
740 884
741 748
741 856
741 867
741 883
741 895
742 755
742 762
742 824
742 830
742 869
743 751
743 793
743 817
743 835
743 865
743 898
744 764
744 787
745 753
745 759
745 765
745 809
745 836
745 839
745 840
745 881
746 838
746 888
747 771
747 789
747 843
747 847
748 753
748 779
748 786
748 798
748 860
748 865
748 889
749 755
749 763
749 771
749 772
749 776
749 883
750 761
750 767
750 800
750 820
750 879
750 896
751 814
751 842
751 859
751 895
752 777
752 780
752 807
752 851
752 859
752 863
752 870
752 873
752 874
753 805
753 812
753 852
753 858
753 895
754 778
754 790
754 824
755 841
755 887
755 894
756 770
756 780
756 783
756 818
756 860
756 881
757 821
757 841
757 854
758 761
758 762
758 768
758 798
758 828
758 842
759 775
759 859
759 874
759 899
760 814
760 825
761 766
761 809
761 824
761 829
761 835
761 843
761 876
761 888
762 777
762 816
762 833
762 835
762 859
762 898
763 769
763 864
763 871
764 777
764 838
764 857
764 877
765 799
765 808
765 809
765 835
765 844
765 851
765 861
766 822
766 842
767 771
767 829
767 878
767 884
768 798
768 809
768 828
768 837
768 844
769 824
769 832
769 835
769 841
770 821
770 858
770 893
771 815
772 841
773 775
773 778
773 787
773 834
773 840
773 878
773 886
773 897
774 784
774 795
774 804
774 811
774 879
775 780
775 883
776 796
776 836
777 810
777 851
778 780
778 781
779 783
779 788
779 811
779 845
779 899
780 788
780 802
780 815
780 850
781 804
781 821
781 837
781 846
782 819
782 847
782 880
783 836
783 843
784 835
784 842
784 844
784 846
784 886
785 791
785 792
785 857
785 861
785 871
786 788
786 790
786 822
786 828
786 879
787 853
787 869
787 871
787 879
787 885
788 798
788 824
788 838
788 874
788 888
788 896
788 897
789 840
790 815
790 864
790 879
791 829
792 800
792 840
792 846
792 885
793 803
793 833
793 863
793 895
795 828
795 831
795 861
795 867
796 800
796 823
796 892
797 833
798 880
799 864
799 878
800 814
800 820
800 833
801 836
801 843
801 848
801 854
802 814
802 819
802 827
802 866
802 881
803 819
803 872
803 894
803 898
804 819
804 824
804 833
804 888
804 897
805 810
805 811
805 876
806 837
806 874
806 876
806 897
807 834
807 852
808 818
808 840
808 870
809 811
809 826
809 855
810 879
810 883
811 850
811 851
811 865
811 895
812 817
812 830
812 847
812 856
814 844
814 881
814 882
815 831
815 842
815 856
816 830
816 887
816 894
817 823
817 834
817 838
817 853
817 887
817 889
817 899
818 821
819 832
819 845
819 851
820 842
820 859
820 876
821 843
821 851
822 866
823 856
823 879
823 883
824 842
824 849
824 853
824 884
825 858
825 870
825 884
826 849
826 868
826 875
827 857
827 863
827 875
828 845
828 852
829 845
829 888
830 866
830 885
831 847
831 888
832 840
832 853
832 883
833 846
833 877
834 849
834 881
835 889
835 890
836 847
836 898
838 868
839 877
839 884
839 897
841 857
841 884
841 899
842 863
842 869
844 867
845 864
845 870
846 898
850 863
850 888
851 876
851 886
852 853
853 865
853 892
854 870
854 875
855 870
856 873
856 894
858 894
858 895
859 877
860 864
861 867
861 881
861 894
862 871
862 880
863 888
865 896
866 895
867 876
867 896
868 873
869 896
870 878
870 888
871 885
871 888
872 876
872 881
872 891
873 877
873 882
874 896
875 882
875 886
875 898
876 884
876 898
877 883
879 898
879 899
883 897
884 893
884 898
887 892
888 893
897 898
