1
0 86
0 22
1 68
1 46
2 33
2 6
3 38
3 12
4 28
4 74
5 69
5 17
6 42
7 98
7 9
8 65
8 21
9 92
10 71
10 82
11 55
11 84
12 98
13 86
13 56
14 70
14 80
15 67
15 62
16 97
16 91
17 75
18 40
18 22
19 99
19 90
20 68
20 59
21 29
23 51
23 62
24 78
24 57
25 74
25 80
26 89
26 94
27 83
27 59
28 96
29 45
30 48
30 88
31 81
31 56
32 39
32 93
33 37
34 84
34 54
35 77
36 53
36 61
37 81
38 71
39 73
40 72
41 88
41 95
42 89
43 79
43 93
44 67
44 57
45 92
46 55
47 69
48 58
49 91
49 63
50 97
50 87
51 64
52 76
52 82
53 60
54 73
58 60
61 85
63 83
64 95
65 75
66 77
66 72
70 85
76 99
78 90
79 96
87 94
100 35
101 47
-1 -1
0.119766
