1
0 93
0 140
1 362
1 616
2 19
2 640
3 100
3 375
4 17
4 64
5 436
5 538
6 277
6 390
7 253
7 275
8 37
8 597
9 64
9 562
10 654
10 680
11 26
11 411
12 66
12 634
13 626
13 225
14 164
14 457
15 237
15 462
16 395
16 422
17 570
18 256
18 576
19 146
20 394
20 593
21 265
21 612
22 563
22 203
23 619
23 625
24 305
24 618
25 159
25 500
26 71
27 544
27 562
28 481
28 677
29 109
29 273
30 56
30 65
31 63
31 504
32 322
32 528
33 278
33 361
34 49
34 621
35 121
35 551
36 120
36 245
37 523
38 42
38 647
39 140
39 571
40 41
40 532
41 80
42 584
43 118
43 297
44 630
44 543
45 241
45 380
46 53
46 84
47 87
47 181
48 112
48 342
49 654
50 331
50 470
51 398
51 507
52 166
52 392
53 658
54 311
54 561
55 130
55 682
56 89
57 206
57 357
58 131
58 276
59 97
59 452
60 658
60 694
61 187
61 406
62 413
62 551
63 169
65 669
66 493
67 72
67 207
68 267
68 478
69 386
69 506
70 111
70 468
71 147
72 346
73 674
73 172
74 231
74 293
75 472
75 603
76 119
76 216
77 414
77 559
78 410
78 678
79 280
79 501
80 611
81 440
81 626
82 364
82 404
83 587
83 613
84 139
85 212
85 267
86 89
86 594
87 496
88 683
90 301
90 433
91 344
91 414
92 553
92 413
93 311
94 359
94 525
95 284
95 488
96 145
96 605
97 591
98 570
98 661
99 218
99 251
100 348
101 378
101 451
102 104
102 182
103 339
103 480
104 366
105 117
105 165
106 457
106 608
107 533
107 480
108 280
108 639
109 245
110 372
110 629
111 308
112 560
113 180
113 286
114 202
114 415
115 599
115 645
116 349
116 501
117 399
118 228
119 404
120 189
121 503
122 318
122 412
123 197
123 371
124 699
124 696
125 167
125 471
126 147
126 690
127 498
127 540
128 272
128 537
129 175
129 435
130 271
131 365
132 324
132 688
133 255
133 363
134 355
134 402
135 633
135 693
136 497
136 699
137 141
137 302
138 525
138 567
139 698
141 467
142 221
142 247
143 262
143 632
144 197
144 420
145 156
146 612
148 485
148 649
149 527
149 529
150 213
150 634
151 637
151 263
152 319
152 675
153 223
153 388
154 276
154 341
155 425
155 464
156 636
157 249
157 510
158 459
158 518
159 487
160 184
160 607
161 348
161 396
162 400
162 568
163 401
163 509
164 193
165 532
166 620
167 304
168 528
168 500
169 676
170 242
170 399
171 204
171 360
172 641
173 589
173 389
174 229
174 411
175 441
176 181
176 220
177 462
177 491
178 200
178 494
179 446
179 597
180 690
182 219
183 574
183 663
184 449
185 268
185 403
186 222
186 421
187 212
188 258
188 419
189 257
190 463
190 476
191 519
191 554
192 697
192 224
193 373
194 290
194 441
195 274
195 504
196 248
196 426
198 227
198 684
199 314
199 572
200 438
201 338
201 555
202 508
203 391
204 408
205 237
205 359
206 355
207 546
208 380
208 458
209 258
209 333
210 329
210 498
211 315
211 595
213 410
214 239
214 575
215 343
215 581
216 273
217 235
217 427
218 416
219 306
220 497
221 225
222 383
223 538
224 259
226 391
226 660
227 547
228 239
229 292
230 486
230 628
231 456
232 573
232 430
233 306
233 356
234 492
234 666
235 323
236 263
236 364
238 301
238 549
240 294
240 330
241 545
242 416
243 381
243 558
244 429
244 630
246 514
246 565
247 578
248 299
249 680
250 474
250 646
251 368
252 316
252 345
253 609
254 376
254 521
255 407
256 517
257 428
259 483
260 520
260 651
261 367
261 526
262 316
264 577
264 596
265 268
266 350
266 430
269 463
269 539
270 683
270 432
271 352
272 437
274 655
275 613
277 456
278 622
279 623
279 334
281 672
281 689
282 564
282 689
283 423
283 664
284 594
285 325
285 624
286 512
287 351
287 520
288 522
288 695
289 308
289 672
290 427
291 491
291 643
292 573
293 484
294 548
295 592
295 697
296 466
296 616
297 469
298 670
298 372
299 357
300 343
300 687
302 445
303 606
303 633
304 454
305 696
307 356
307 412
309 539
309 670
310 431
310 681
312 586
312 499
313 387
313 621
314 556
315 449
317 657
317 417
318 490
319 445
320 550
320 556
321 378
321 515
322 474
323 446
324 377
325 429
326 347
326 431
327 448
327 450
328 486
328 693
329 385
330 669
331 649
332 472
332 516
333 433
334 620
335 543
335 692
336 665
336 434
337 522
337 615
338 443
339 509
340 518
340 409
341 482
342 508
344 405
345 599
346 553
347 363
349 695
350 605
351 396
352 505
353 397
353 552
354 569
354 529
358 374
358 393
360 644
361 421
362 401
365 384
366 566
367 655
368 415
369 405
369 490
370 426
370 610
371 609
373 479
374 668
375 394
376 409
377 648
379 591
379 652
381 643
382 600
382 629
383 576
384 657
385 659
386 495
387 476
388 656
389 402
390 502
392 592
393 471
395 563
397 423
398 638
400 604
403 526
406 461
407 442
408 524
417 694
418 583
418 600
419 661
420 671
422 681
424 516
424 555
425 648
428 678
432 614
434 656
435 688
436 566
437 631
438 650
439 664
439 687
440 607
442 677
443 466
444 455
444 641
447 460
447 510
448 565
450 582
451 552
452 531
453 527
453 642
454 585
455 545
458 536
459 506
460 467
461 587
464 515
465 475
465 575
468 557
469 569
470 488
473 647
473 691
475 568
477 578
477 502
478 580
479 531
481 635
482 682
483 679
484 603
485 598
487 602
489 614
489 644
492 646
493 660
494 640
495 583
496 593
499 524
503 590
505 631
507 662
511 564
511 628
512 617
513 588
513 624
514 596
517 590
519 674
521 642
523 667
530 542
530 662
533 574
534 581
534 618
535 638
535 676
536 579
537 637
540 684
541 588
541 659
542 686
544 595
546 561
547 617
548 685
549 666
550 667
554 608
557 610
558 611
559 627
560 675
567 663
571 698
572 580
577 619
579 635
582 632
584 671
585 586
589 636
598 673
601 622
602 650
604 685
606 665
615 653
623 691
625 692
627 686
639 673
645 668
651 652
653 679
700 601
701 88
-1 -1
51.1465
