1
0 58
0 175
1 51
1 295
2 215
2 561
3 24
3 546
4 16
4 146
5 48
5 152
6 656
6 337
7 261
7 433
8 108
8 391
9 582
9 598
10 246
10 635
11 295
11 338
12 579
12 444
13 20
13 375
14 185
14 356
15 572
15 620
16 46
17 121
17 475
18 371
18 648
19 147
19 392
20 68
21 178
21 222
22 183
22 382
23 37
23 386
24 675
25 400
25 452
26 79
26 427
27 76
27 497
28 523
28 282
29 526
29 190
30 245
30 388
31 458
31 687
32 368
32 372
33 205
33 570
34 87
34 476
35 347
35 621
36 345
36 645
37 284
38 303
38 492
39 62
39 182
40 140
40 249
41 501
41 668
42 240
42 466
43 94
43 689
44 321
44 697
45 276
45 647
46 156
47 161
47 608
48 633
49 616
49 190
50 67
50 553
51 350
52 615
52 439
53 512
53 592
54 152
54 516
55 108
55 697
56 248
56 455
57 273
57 333
58 554
59 583
60 611
60 683
61 96
61 254
62 488
63 497
63 511
64 249
64 373
65 407
65 668
66 426
66 474
67 440
68 514
69 294
69 688
70 688
70 187
71 573
71 585
72 165
72 670
73 353
73 609
74 258
74 470
75 546
75 453
76 310
77 414
77 470
78 128
78 444
79 694
80 251
80 436
81 213
81 280
82 561
82 587
83 84
83 518
84 532
85 275
85 404
86 173
86 290
87 686
88 404
88 478
89 99
89 157
90 332
90 536
91 148
91 487
92 188
92 349
93 278
93 572
94 111
95 490
95 641
96 449
97 200
97 342
98 691
98 457
99 623
100 259
100 349
101 346
101 461
102 560
102 610
103 232
103 695
104 111
104 551
105 417
105 624
106 498
106 599
107 301
107 606
109 253
109 661
110 541
110 593
112 134
112 271
113 630
113 682
114 396
114 524
115 246
115 320
116 504
116 665
117 223
117 427
118 408
118 523
119 367
119 552
120 158
120 474
121 141
122 238
122 462
123 631
123 652
124 332
124 360
125 158
125 393
126 193
126 402
127 218
127 624
128 266
129 340
129 451
130 510
130 531
131 214
131 521
132 402
132 431
133 243
133 392
134 281
135 136
135 247
136 307
137 368
137 433
138 168
138 177
139 167
139 541
140 557
141 191
142 441
142 514
143 387
143 508
144 272
144 644
145 269
145 445
146 673
147 391
148 466
149 540
149 288
150 187
150 367
151 315
151 583
153 305
153 407
154 473
154 531
155 303
155 411
156 240
157 371
159 622
159 166
160 370
160 489
161 236
162 636
162 313
163 341
163 473
164 290
164 309
165 197
166 410
167 459
168 675
169 384
169 399
170 176
170 543
171 400
171 667
172 442
172 457
173 426
174 222
174 499
175 390
176 693
177 331
178 671
179 196
179 605
180 265
180 415
181 579
181 685
182 358
183 653
184 300
184 322
185 637
186 306
186 695
188 672
189 270
189 509
191 380
192 287
192 524
193 242
194 596
194 655
195 535
195 467
196 659
197 463
198 274
198 423
199 412
199 507
200 607
201 477
201 481
202 315
202 328
203 228
203 662
204 324
204 495
205 691
206 548
206 225
207 396
207 512
208 587
208 358
209 275
209 289
210 468
210 538
211 479
211 585
212 299
212 645
213 617
214 233
215 294
216 328
216 627
217 549
217 608
218 634
219 573
219 690
220 670
220 412
221 364
221 522
223 320
224 317
224 501
225 355
226 403
226 419
227 365
227 604
228 247
229 405
229 423
230 239
230 325
231 591
231 673
232 551
233 657
234 316
234 490
235 354
235 503
236 464
237 480
237 542
238 699
239 369
241 481
241 693
242 352
243 270
244 534
244 637
245 629
248 498
250 374
250 379
251 486
252 278
252 537
253 647
254 519
255 515
255 662
256 269
256 300
257 615
257 281
258 492
259 443
260 325
260 650
261 312
262 323
262 487
263 307
263 313
264 401
264 643
265 342
266 505
267 472
267 591
268 436
268 594
271 346
272 439
273 616
274 633
276 446
277 475
277 593
279 340
279 389
280 503
282 681
283 613
283 578
284 495
285 417
285 684
286 288
286 420
287 556
289 680
291 565
291 580
292 564
292 575
293 378
293 394
296 366
296 589
297 449
297 464
298 626
298 494
299 562
301 460
302 373
302 506
304 601
304 669
305 489
306 513
308 557
308 649
309 655
310 640
311 533
311 379
312 563
314 565
314 588
316 390
317 482
318 456
318 566
319 430
319 442
321 432
322 406
323 359
324 674
326 621
326 681
327 334
327 480
329 401
329 476
330 344
330 510
331 456
333 422
334 366
335 413
335 421
336 654
336 376
337 454
338 545
339 348
339 527
341 505
343 437
343 556
344 506
345 369
347 666
348 385
350 569
351 359
351 397
352 405
353 562
354 610
355 578
356 483
357 536
357 659
360 413
361 425
361 658
362 566
362 403
363 521
363 540
364 454
365 658
370 545
372 529
374 486
375 493
376 387
377 409
377 567
378 576
380 516
381 435
381 499
382 420
383 571
383 581
384 642
385 661
386 626
388 639
389 468
393 619
394 648
395 622
395 635
397 542
398 606
398 698
399 612
406 530
408 692
409 690
410 543
411 698
414 534
415 460
416 418
416 559
418 467
419 507
421 609
422 667
424 574
424 584
425 652
428 441
428 555
429 451
429 663
430 604
431 435
432 496
434 525
434 666
437 699
438 614
438 483
440 684
443 469
445 600
446 459
447 533
447 683
448 471
450 461
450 485
452 600
453 494
455 638
458 686
462 491
463 553
465 676
465 528
469 696
471 544
472 671
477 623
478 650
479 555
482 682
484 511
484 674
485 651
488 641
491 559
493 504
496 638
500 581
500 625
502 567
502 605
508 530
509 632
513 620
515 520
517 589
517 687
518 564
519 611
520 642
522 664
525 601
526 627
527 575
528 597
529 594
532 653
535 640
537 563
538 660
539 596
539 603
544 588
547 631
547 685
548 550
549 580
550 663
552 679
554 577
558 644
558 678
560 646
568 599
568 612
569 660
570 664
571 618
574 694
576 634
577 651
582 632
584 590
586 602
586 630
590 595
592 603
595 598
597 677
602 679
607 617
613 680
614 677
618 643
619 669
625 656
628 689
628 672
629 678
636 654
639 649
646 657
665 696
676 692
700 448
701 59
-1 -1
243.104
