1
0 28
0 257
1 667
1 308
2 280
2 611
3 409
3 469
4 180
4 415
5 323
5 626
6 135
6 220
7 251
7 491
8 487
8 495
9 384
9 548
10 693
10 639
11 74
11 293
12 282
12 400
13 439
13 511
14 65
14 618
15 158
15 556
16 48
16 186
17 107
17 696
18 160
18 600
19 303
19 378
20 533
20 690
21 544
21 337
22 274
22 680
23 128
23 482
24 339
24 684
25 538
25 370
26 353
26 683
27 85
27 246
28 228
29 179
29 643
30 384
30 672
31 114
31 427
32 259
32 369
33 79
33 115
34 214
34 491
35 212
35 555
36 402
36 541
37 168
37 184
38 117
38 238
39 302
39 307
40 665
40 381
41 191
41 314
42 534
42 623
43 194
43 262
44 301
44 445
45 367
46 182
46 280
47 145
47 354
48 564
49 360
49 610
50 184
50 477
51 482
51 553
52 59
52 102
53 547
53 668
54 381
54 537
55 260
55 377
56 177
56 558
57 103
57 571
58 421
58 492
59 223
60 374
60 461
61 132
61 418
62 268
62 547
63 301
63 508
64 73
64 520
65 226
66 392
66 495
67 630
67 435
68 471
68 698
69 383
69 413
70 641
70 677
71 233
71 651
72 164
72 222
73 134
74 632
75 472
75 697
76 300
76 399
77 143
77 449
78 220
78 299
79 345
80 119
80 568
81 197
81 379
82 304
82 452
83 205
83 575
84 627
84 186
85 512
86 140
86 609
87 208
87 444
88 315
88 373
89 605
89 659
90 119
90 395
91 319
91 593
92 363
92 679
93 372
93 431
94 598
94 601
95 580
95 661
96 125
96 231
97 201
97 272
98 158
98 339
99 159
99 313
100 253
100 372
101 235
101 477
102 336
103 252
104 387
104 446
105 182
105 506
106 539
106 562
107 602
108 351
108 539
109 154
109 524
110 465
110 609
111 525
111 530
112 452
112 669
113 561
113 496
114 636
115 419
116 465
116 647
117 368
118 671
118 691
120 390
120 408
121 316
121 515
122 294
122 586
123 228
123 588
124 303
124 579
125 569
126 219
126 657
127 599
127 265
128 209
129 137
129 165
130 338
130 592
131 267
131 595
132 622
133 600
133 627
134 161
135 278
136 363
136 498
137 615
138 503
138 652
139 159
139 699
140 685
141 640
141 207
142 320
142 391
143 583
144 146
144 412
145 520
146 680
147 383
147 528
148 597
148 533
149 551
149 582
150 464
150 500
151 258
151 260
152 312
152 560
153 342
153 522
154 284
155 292
155 695
156 678
156 218
157 581
157 662
160 505
161 347
162 536
162 543
163 189
163 233
164 628
165 502
166 374
166 550
167 340
167 398
168 239
169 305
169 458
170 662
170 677
171 404
171 444
172 263
172 421
173 394
173 696
174 196
174 591
175 512
175 426
176 517
176 633
177 390
178 298
178 424
179 499
180 192
181 586
181 686
183 568
183 692
185 256
185 346
187 518
187 654
188 647
188 380
189 261
190 371
190 488
191 629
192 428
193 393
193 402
194 613
195 309
195 666
196 217
197 504
198 530
198 646
199 214
199 426
200 350
200 521
201 585
202 380
202 687
203 689
203 411
204 209
204 241
205 462
206 222
206 294
207 273
208 326
210 324
210 471
211 295
211 486
212 535
213 288
213 666
215 259
215 690
216 308
216 493
217 478
218 306
219 336
221 225
221 417
223 646
224 376
224 658
225 544
226 368
227 428
227 657
229 268
229 434
230 234
230 398
231 527
232 234
232 553
235 557
236 526
236 542
237 330
237 472
238 275
239 496
240 399
240 587
241 291
242 324
242 433
243 357
243 576
244 329
244 352
245 274
245 328
246 565
247 318
247 590
248 256
248 532
249 494
249 499
250 404
250 414
251 585
252 470
253 255
254 637
254 642
255 656
257 433
258 352
261 329
262 490
263 601
264 419
264 462
265 290
266 596
266 650
267 322
269 271
269 364
270 484
270 655
271 532
272 685
273 672
275 451
276 281
276 638
277 362
277 432
278 479
279 407
279 652
281 682
282 607
283 456
283 580
284 333
285 432
285 651
286 361
286 370
287 305
287 576
288 509
289 545
289 574
290 440
291 396
292 409
293 321
295 387
296 642
296 653
297 513
297 624
298 673
299 510
300 455
302 628
304 330
306 517
307 608
309 501
310 438
310 514
311 591
311 621
312 331
313 515
314 349
315 650
316 448
317 519
317 674
318 525
319 567
320 665
321 420
322 638
323 636
325 563
325 612
326 350
327 414
327 556
328 356
331 656
332 545
332 450
333 655
334 612
334 619
335 480
335 500
337 529
338 391
340 358
341 573
341 631
342 449
343 425
343 489
344 692
344 473
345 388
346 394
347 408
348 486
348 575
349 494
351 674
353 389
354 483
355 663
355 503
356 699
357 488
358 645
359 416
359 528
360 461
361 603
362 614
364 578
365 445
365 534
366 563
366 625
367 611
369 615
371 473
373 470
375 546
375 438
376 607
377 694
378 686
379 485
382 464
382 617
385 620
385 393
386 484
386 649
388 454
389 589
392 631
395 644
396 598
397 644
397 410
400 501
401 447
401 670
403 440
403 463
405 595
405 675
406 509
406 682
407 679
410 667
411 479
412 640
413 639
415 616
416 596
417 540
418 614
420 664
422 637
422 423
423 529
424 457
425 625
427 475
429 437
429 648
430 572
430 660
431 460
434 538
435 453
436 497
436 554
437 583
439 481
441 549
441 698
442 483
442 493
443 454
443 481
446 555
447 448
450 675
451 663
453 599
455 478
456 565
457 582
458 581
459 466
459 490
460 567
463 510
466 540
467 584
467 676
468 559
468 616
469 624
474 492
474 619
475 514
476 521
476 606
480 594
485 683
487 548
489 569
497 658
498 660
502 633
504 507
505 695
506 541
507 669
511 620
513 577
516 571
516 634
518 635
519 526
522 691
523 566
523 604
524 557
527 617
531 536
531 584
535 653
537 610
542 572
543 551
546 590
549 697
550 681
552 570
552 676
554 661
558 597
559 588
560 604
561 562
564 649
566 681
570 623
573 592
574 641
577 634
578 629
579 643
587 635
589 673
593 594
602 606
603 621
605 632
608 689
613 684
618 694
622 668
626 670
630 688
645 687
648 678
654 688
659 693
664 671
700 508
701 45
-1 -1
28.0713
