1
0 54
0 58
1 337
1 400
2 30
2 436
3 17
3 656
4 122
4 185
5 218
5 506
6 23
6 468
7 356
7 461
8 450
8 685
9 41
9 405
10 153
10 315
11 524
11 534
12 99
12 226
13 347
13 504
14 166
14 590
15 391
15 601
16 673
17 353
18 359
18 671
19 33
19 238
20 57
20 179
21 324
21 663
22 123
22 259
23 646
24 446
24 510
25 293
25 446
26 605
26 616
27 118
27 481
28 87
28 111
29 282
29 531
30 689
31 56
31 531
32 525
32 696
33 675
34 89
34 311
35 541
35 491
36 253
36 413
37 148
37 611
38 467
38 652
39 500
39 689
40 441
40 507
41 291
42 174
42 554
43 452
43 626
44 200
44 239
45 65
45 602
46 532
46 438
47 494
47 609
48 59
48 246
49 190
49 216
50 387
50 435
51 378
51 391
52 105
52 672
53 462
53 699
54 430
55 70
55 206
56 371
57 90
58 501
59 160
60 595
60 163
61 518
61 213
62 528
62 63
63 359
64 633
64 280
65 193
66 107
66 443
67 360
67 406
68 140
68 298
69 540
69 361
70 588
71 145
71 223
72 502
72 521
73 259
73 514
74 341
74 342
75 273
75 339
76 195
76 602
77 309
77 576
78 445
78 482
79 175
79 366
80 306
80 529
81 207
81 397
82 279
82 303
83 421
83 467
84 586
84 232
85 98
85 481
86 96
86 432
87 382
88 331
88 372
89 565
90 456
91 389
91 536
92 491
92 630
93 191
93 630
94 112
94 566
95 604
95 300
96 440
97 312
97 624
98 161
99 190
100 599
100 396
101 119
101 172
102 495
102 687
103 180
103 380
104 173
104 621
105 342
106 269
106 457
107 528
108 159
108 403
109 402
109 415
110 302
110 584
111 287
112 231
113 499
113 688
114 243
114 551
115 234
115 286
116 262
116 532
117 423
117 489
118 691
119 210
120 347
120 483
121 289
121 395
122 254
123 562
124 153
124 256
125 170
125 351
126 431
126 557
127 235
127 598
128 520
128 523
129 152
129 564
130 217
130 470
131 225
131 281
132 194
132 656
133 189
133 666
134 455
134 598
135 563
135 657
136 323
136 346
137 181
137 623
138 213
138 387
139 197
139 268
140 270
141 219
141 681
142 427
142 520
143 151
143 444
144 183
144 482
145 611
146 558
146 216
147 177
147 495
148 364
149 174
149 368
150 157
150 305
151 416
152 465
154 155
154 280
155 511
156 439
156 504
157 173
158 567
158 684
159 497
160 257
161 260
162 165
162 605
163 635
164 312
164 334
165 546
166 571
167 182
167 313
168 374
168 427
169 191
169 490
170 550
171 181
171 697
172 271
175 393
176 209
176 442
177 196
178 472
178 496
179 469
180 645
182 596
183 276
184 456
184 472
185 457
186 285
186 579
187 473
187 493
188 235
188 395
189 453
192 197
192 264
193 316
194 477
195 277
196 389
198 430
198 647
199 272
199 572
200 328
201 512
201 649
202 551
202 321
203 412
203 676
204 406
204 589
205 294
205 429
206 215
207 236
208 320
208 409
209 229
210 546
211 318
211 631
212 373
212 428
214 246
214 570
215 679
217 663
218 533
219 516
220 288
220 399
221 640
221 694
222 369
222 526
223 419
224 401
224 563
225 327
226 358
227 622
227 661
228 535
228 553
229 373
230 539
230 625
231 326
232 557
233 642
233 285
234 240
236 677
237 600
237 322
238 251
239 646
240 574
241 384
241 402
242 284
242 413
243 306
244 586
244 451
245 424
245 580
247 652
247 672
248 654
248 667
249 471
249 612
250 283
250 449
251 255
252 634
252 426
253 420
254 560
255 408
256 555
257 687
258 330
258 678
260 414
261 637
261 410
262 478
263 628
263 682
264 606
265 318
265 500
266 284
266 683
267 382
267 641
268 526
269 292
270 653
271 644
272 631
273 690
274 409
274 622
275 380
275 385
276 392
277 669
278 317
278 591
279 647
281 694
282 506
283 374
286 405
287 334
288 651
289 568
290 356
290 552
291 301
292 597
293 658
294 573
295 314
295 668
296 365
296 684
297 365
297 448
298 540
299 571
299 698
300 390
301 522
302 629
303 460
304 420
304 667
305 629
307 355
307 678
308 690
308 680
309 345
310 398
310 662
311 676
313 617
314 487
315 607
316 429
317 458
319 686
319 650
320 366
321 411
322 559
323 673
324 477
325 570
325 639
326 369
327 682
328 338
329 447
329 518
330 610
331 624
332 436
332 692
333 577
333 644
335 423
335 529
336 503
336 585
337 381
338 375
339 568
340 545
340 620
341 564
343 502
343 593
344 499
344 639
345 473
346 530
348 418
348 543
349 492
349 664
350 493
350 582
351 666
352 579
352 476
353 582
354 649
354 681
355 462
357 362
357 509
358 426
360 632
361 618
362 591
363 533
363 367
364 613
367 394
368 388
370 379
370 498
371 547
372 439
375 530
376 508
376 608
377 608
377 383
378 643
379 614
383 544
384 587
385 670
386 590
386 670
388 459
390 607
392 460
393 464
394 556
396 588
397 508
398 612
399 674
400 475
401 422
403 615
404 697
404 640
407 565
407 471
408 534
410 415
411 688
412 444
414 422
416 655
417 545
417 632
418 660
419 655
421 490
424 519
425 561
425 594
428 485
431 619
432 613
433 486
433 584
434 671
434 466
435 523
437 515
437 596
438 625
440 501
441 448
442 505
443 679
445 525
447 544
449 547
450 628
451 589
452 587
453 665
454 468
454 486
455 478
458 459
461 527
463 573
463 657
464 610
465 542
466 637
469 527
470 556
474 517
474 636
475 487
476 592
479 497
479 638
480 566
480 634
483 485
484 621
484 627
488 489
488 511
492 509
494 580
496 636
498 648
503 539
505 537
507 583
510 645
512 597
513 635
513 658
514 604
515 538
516 600
517 699
519 693
521 654
522 698
524 651
535 675
536 575
537 642
538 578
541 567
542 668
543 692
548 559
548 581
549 585
549 662
550 664
552 562
553 691
554 686
555 599
558 618
560 577
561 569
569 603
572 623
574 619
575 593
576 638
578 620
581 627
583 650
592 669
594 641
595 614
601 685
603 615
606 659
609 695
616 696
617 660
626 683
633 653
643 693
648 661
659 665
674 680
677 695
700 16
701 381
-1 -1
98.8554
