1
0 12
0 198
1 280
1 376
2 17
2 666
3 574
3 318
4 331
4 610
5 357
5 669
6 94
6 134
7 152
7 338
8 145
8 449
9 27
9 659
10 565
10 632
11 132
11 346
12 498
13 24
13 671
14 544
14 100
15 527
15 160
16 173
16 567
17 181
18 120
18 585
19 21
19 209
20 392
20 612
21 589
22 101
22 445
23 82
23 420
24 166
25 214
25 556
26 105
26 697
27 627
28 137
28 496
29 301
29 403
30 378
30 492
31 330
31 434
32 333
32 476
33 604
33 69
34 342
34 422
35 195
35 559
36 237
36 590
37 548
37 608
38 146
38 252
39 312
39 568
40 78
40 334
41 151
41 264
42 458
42 672
43 335
43 418
44 155
44 521
45 504
45 667
46 141
46 439
47 63
47 192
48 149
48 261
49 524
49 482
50 412
50 595
51 147
51 674
52 531
52 350
53 394
53 465
54 698
54 326
55 328
55 441
56 519
56 390
57 86
57 168
58 282
58 449
59 689
59 312
60 78
60 401
61 172
61 636
62 191
62 485
63 608
64 187
64 531
65 626
65 191
66 305
66 534
67 313
67 622
68 602
68 693
69 615
70 248
70 430
71 362
71 505
72 190
72 497
73 207
73 280
74 218
74 446
75 269
75 466
76 571
76 660
77 380
77 407
79 144
79 388
80 541
80 345
81 437
81 553
82 578
83 463
83 532
84 621
84 645
85 275
85 402
86 405
87 222
87 247
88 485
88 629
89 535
89 624
90 270
90 305
91 129
91 207
92 324
92 366
93 513
93 372
94 164
95 397
95 526
96 400
96 570
97 661
97 675
98 340
98 646
99 174
99 439
100 244
101 494
102 438
102 466
103 111
103 265
104 107
104 116
105 504
106 408
106 455
107 320
108 242
108 413
109 156
109 325
110 610
110 650
111 373
112 180
112 683
113 282
113 650
114 306
114 334
115 419
115 522
116 699
117 277
117 525
118 201
118 566
119 179
119 473
120 227
121 551
121 660
122 307
122 332
123 343
123 443
124 348
124 663
125 272
125 623
126 370
126 427
127 324
127 451
128 623
128 474
129 189
130 215
130 539
131 147
131 687
132 296
133 277
133 677
134 353
135 330
135 576
136 219
136 676
137 159
138 233
138 422
139 395
139 474
140 406
140 463
141 390
142 150
142 479
143 526
143 554
144 694
145 619
146 339
148 532
148 460
149 202
150 193
151 470
152 197
153 264
153 500
154 327
154 495
155 416
156 203
157 321
157 354
158 442
158 601
159 684
160 295
161 465
161 633
162 414
162 585
163 405
163 539
164 495
165 187
165 480
166 183
167 253
167 618
168 645
169 535
169 409
170 383
170 570
171 181
171 249
172 341
173 690
174 238
175 453
175 490
176 293
176 641
177 486
177 511
178 402
178 607
179 611
180 643
182 471
182 566
183 289
184 657
184 685
185 216
185 387
186 336
186 417
188 194
188 508
189 633
190 668
192 603
193 602
194 688
195 404
196 484
196 587
197 347
198 368
199 419
199 488
200 686
200 274
201 424
202 541
203 691
204 288
204 325
205 218
205 516
206 673
206 487
208 431
208 452
209 530
210 451
210 489
211 481
211 503
212 239
212 429
213 229
213 393
214 362
215 333
216 298
217 380
217 644
219 396
220 510
220 524
221 317
221 510
222 654
223 517
223 468
224 448
224 584
225 374
225 432
226 453
226 593
227 666
228 234
228 317
229 484
230 613
230 647
231 575
231 617
232 319
232 346
233 365
234 507
235 601
235 341
236 401
236 404
237 258
238 355
239 467
240 441
240 695
241 267
241 308
242 572
243 642
243 359
244 337
245 630
245 626
246 521
246 552
247 643
248 278
249 388
250 300
250 625
251 263
251 267
252 494
253 545
254 365
254 670
255 304
255 665
256 555
256 558
257 631
257 653
258 573
259 292
259 493
260 512
260 662
261 290
262 296
262 527
263 356
265 618
266 300
266 458
268 631
268 637
269 306
270 278
271 616
271 385
272 481
273 683
273 501
274 287
275 656
276 279
276 560
279 417
281 503
281 508
283 293
283 571
284 299
284 649
285 520
285 386
286 655
286 433
287 384
288 473
289 664
290 605
291 648
291 347
292 656
294 370
294 557
295 546
297 436
297 542
298 318
299 586
301 591
302 446
302 592
303 640
303 651
304 322
307 523
308 547
309 476
309 628
310 614
310 410
311 573
311 581
313 692
314 329
314 569
315 568
315 599
316 588
316 477
319 391
320 638
321 687
322 477
323 366
323 523
326 450
327 579
328 418
329 698
331 379
332 540
335 478
336 549
337 468
338 408
339 624
340 607
342 563
343 606
344 488
344 512
345 540
348 359
349 410
349 416
350 605
351 374
351 395
352 542
353 665
354 661
355 529
356 530
357 634
358 367
358 472
360 393
361 560
361 646
363 400
363 444
364 545
364 691
367 459
368 411
369 505
369 676
371 550
371 695
372 694
373 588
375 378
375 625
376 583
377 538
377 435
379 606
381 440
381 525
382 614
382 511
383 594
384 420
385 685
386 677
387 490
389 447
389 564
391 407
392 430
394 475
396 423
397 514
398 421
398 428
399 425
399 642
403 576
406 445
409 589
411 635
412 664
413 480
414 517
415 543
415 653
421 548
423 638
424 697
425 499
426 522
426 652
427 696
428 442
429 640
431 520
432 597
433 475
434 478
435 612
436 515
437 479
438 562
440 549
443 690
444 678
447 502
448 553
450 456
452 591
454 537
454 675
455 592
456 558
457 575
457 599
459 514
460 546
461 579
461 600
462 516
462 654
464 590
464 696
467 639
469 565
469 609
470 670
471 486
472 551
482 561
483 533
483 634
487 562
489 630
491 497
491 593
492 659
493 506
496 580
498 596
499 581
500 637
501 555
502 652
506 544
507 604
509 528
509 678
513 684
515 547
518 615
518 628
519 609
528 620
529 569
533 586
534 572
536 611
536 621
537 619
538 647
543 649
550 635
552 577
554 648
556 620
557 577
559 681
561 655
563 636
564 680
567 595
574 682
578 639
580 688
582 668
582 674
583 651
584 699
587 632
594 679
596 679
597 603
598 680
598 693
600 658
613 644
616 689
617 622
627 686
629 671
641 657
658 681
662 673
663 672
667 692
669 682
700 352
701 360
-1 -1
771.824
