1
0 463
0 619
1 42
1 548
2 363
2 637
3 11
3 507
4 69
4 167
5 56
5 196
6 100
6 512
7 561
7 649
8 19
8 166
9 179
9 646
10 35
10 39
11 159
12 351
12 406
13 318
13 678
14 314
14 607
15 54
15 667
16 217
16 477
17 421
17 547
18 46
18 575
19 360
20 215
20 407
21 272
21 657
22 37
22 188
23 136
23 269
24 352
24 628
25 313
25 541
26 231
26 503
27 135
27 651
28 212
28 341
29 275
29 449
30 415
30 484
31 486
31 683
32 59
32 169
33 568
33 631
34 535
34 677
35 636
36 495
36 575
37 221
38 199
38 208
39 598
40 191
40 467
41 345
41 564
42 190
43 410
43 608
44 297
44 532
45 79
45 501
46 121
47 312
47 468
48 207
48 528
49 96
49 268
50 357
50 586
51 380
51 564
52 205
52 422
53 61
53 224
54 137
55 166
55 317
56 433
57 398
57 432
58 71
58 161
59 577
60 172
60 296
61 127
62 153
62 250
63 680
63 698
64 418
64 662
65 227
65 477
66 235
66 448
67 243
67 660
68 139
68 368
69 303
70 382
70 485
71 209
72 394
72 435
73 238
73 492
74 366
74 373
75 256
75 633
76 77
76 319
77 135
78 272
78 559
79 554
80 358
80 580
81 301
81 573
82 101
82 509
83 253
83 306
84 611
84 690
85 110
85 302
86 254
86 562
87 650
87 687
88 193
88 581
89 113
89 224
90 615
90 656
91 355
91 421
92 427
92 597
93 395
93 673
94 530
94 560
95 209
95 359
96 285
97 469
97 685
98 180
98 330
99 279
99 505
100 453
101 319
102 489
103 252
103 473
104 198
104 225
105 123
105 620
106 538
106 691
107 256
107 658
108 232
108 513
109 346
109 502
110 456
111 174
111 337
112 133
112 507
113 431
114 211
114 576
115 143
115 390
116 142
116 596
117 374
117 605
118 155
118 466
119 260
119 417
120 608
120 645
121 676
122 338
122 694
123 568
124 589
124 652
125 592
125 634
126 300
126 383
127 170
128 238
128 602
129 374
129 523
130 293
130 637
131 482
131 553
132 558
132 670
133 396
134 210
134 454
136 620
137 140
138 306
138 433
139 550
140 563
141 353
141 661
142 322
143 263
144 211
144 579
145 155
145 303
146 249
146 427
147 240
147 506
148 158
148 267
149 635
149 656
150 496
150 603
151 526
151 571
152 343
152 525
153 515
154 379
154 529
156 191
156 323
157 633
157 672
158 165
159 210
160 367
160 641
161 243
162 441
162 699
163 229
163 344
164 289
164 550
165 588
167 363
168 331
168 559
169 320
170 423
171 230
171 517
172 523
173 311
173 382
174 236
175 539
175 632
176 378
176 558
177 339
177 659
178 676
179 194
180 470
181 453
181 486
182 184
182 391
183 201
183 566
184 283
185 372
185 460
186 197
186 503
187 296
187 601
188 331
189 424
189 653
190 510
192 219
192 675
193 472
194 479
195 450
195 576
196 335
197 609
198 408
199 472
200 321
200 322
201 665
202 295
202 674
203 662
203 689
204 469
204 508
205 430
206 496
206 647
207 667
208 594
212 462
213 462
213 544
214 334
214 616
215 499
216 290
216 538
217 293
218 281
218 596
219 361
220 430
220 574
221 534
222 642
222 669
223 474
223 483
225 411
226 265
226 664
227 317
228 356
228 458
229 440
230 520
231 298
232 377
233 287
233 369
234 504
234 685
235 511
236 409
237 347
237 697
239 294
239 622
240 398
241 461
241 536
242 373
242 531
244 384
244 435
245 308
245 467
246 541
246 612
247 412
247 414
248 436
248 659
249 610
250 390
251 599
251 648
252 323
253 617
254 644
255 266
255 343
257 393
257 565
258 309
258 622
259 457
259 657
260 695
261 438
261 672
262 379
262 533
263 500
264 429
264 516
265 536
266 394
267 274
268 354
269 488
270 522
270 542
271 448
271 547
273 527
273 671
274 629
275 491
276 292
276 310
277 304
277 492
278 357
278 665
279 491
280 283
280 669
281 578
282 502
282 678
284 510
284 639
285 540
286 380
286 445
287 308
288 332
288 557
289 413
290 397
291 418
291 630
292 464
294 458
295 358
297 425
298 426
299 480
299 642
300 395
301 419
302 402
304 661
305 388
305 404
307 310
307 350
309 615
311 668
312 597
313 618
314 666
315 341
315 473
316 377
316 580
318 461
320 381
321 362
324 385
324 519
325 562
325 563
326 509
326 586
327 434
327 695
328 420
328 516
329 342
329 686
330 679
332 627
333 517
333 638
334 481
335 474
336 354
336 649
337 616
338 693
339 446
340 498
340 613
342 583
344 698
345 621
346 590
347 535
348 508
348 569
349 618
349 644
350 457
351 399
352 353
355 628
356 476
359 653
360 599
361 610
362 401
364 609
364 635
365 429
365 694
366 441
367 412
368 606
369 581
370 574
370 612
371 543
371 643
372 551
375 381
375 670
376 396
376 557
378 613
383 545
384 623
385 591
386 393
386 595
387 493
387 530
388 513
389 675
389 696
391 454
392 514
392 560
397 451
399 681
400 543
400 664
401 587
402 668
403 406
403 450
404 494
405 533
405 632
407 604
408 600
409 485
410 585
411 626
413 504
414 584
415 626
416 436
416 460
417 572
419 545
420 432
422 532
423 480
424 542
425 639
426 600
428 487
428 573
431 549
434 654
437 606
437 655
438 482
439 548
439 549
440 651
442 588
442 674
443 551
443 683
444 514
444 537
445 569
446 519
447 494
447 565
449 537
451 498
452 591
452 643
455 483
455 489
456 470
459 495
459 660
463 546
464 585
465 471
465 556
466 526
468 602
471 534
475 499
475 636
476 521
478 524
478 567
479 625
481 619
484 671
487 688
488 607
490 497
490 518
493 689
497 684
500 512
501 663
505 555
506 630
511 652
515 522
518 555
520 582
521 539
524 546
525 554
527 693
528 679
529 540
531 544
552 570
552 582
553 699
556 697
561 677
566 663
567 601
570 579
571 688
572 655
577 621
578 645
583 592
584 605
587 650
589 658
590 673
593 640
593 654
594 691
595 687
598 631
603 686
604 690
611 624
614 666
614 680
617 681
623 646
624 692
625 696
627 648
629 682
634 641
638 692
640 684
647 682
700 102
701 178
-1 -1
20.6924
