1
0 538
0 604
1 8
1 19
2 7
2 639
3 354
3 488
4 33
4 97
5 94
5 216
6 439
6 477
7 370
8 40
9 247
9 672
10 244
10 538
11 358
11 417
12 467
12 619
13 353
13 500
14 630
14 649
15 117
15 206
16 194
16 548
17 447
17 682
18 201
18 268
19 51
20 386
20 663
21 243
21 687
22 211
22 550
23 453
23 535
24 259
24 614
25 345
25 495
26 531
26 676
27 302
27 515
28 219
28 655
29 151
29 549
30 445
30 593
31 387
31 588
32 219
32 571
33 552
34 480
34 641
35 594
35 680
36 49
36 548
37 295
37 485
38 238
38 664
39 64
39 87
40 485
41 155
41 520
42 109
42 460
43 509
43 635
44 129
44 148
45 505
45 659
46 293
46 586
47 239
47 698
48 518
48 525
49 551
50 123
50 494
51 559
52 537
52 608
53 466
53 689
54 92
54 455
55 58
55 331
56 169
56 632
57 114
57 185
58 640
59 390
59 638
60 75
60 668
61 573
61 627
62 158
62 526
63 503
63 512
64 471
65 199
65 620
66 68
66 318
67 93
67 469
68 600
69 72
69 178
70 137
70 543
71 176
71 249
72 410
73 472
73 630
74 368
74 415
75 423
76 168
76 637
77 329
77 442
78 119
78 569
79 292
79 482
80 103
80 224
81 108
81 527
82 293
82 637
83 375
83 479
84 365
84 644
85 315
85 433
86 536
86 556
87 351
88 189
88 224
89 167
89 305
90 106
90 185
91 606
91 683
92 274
93 273
94 211
95 280
95 519
96 649
96 682
97 223
98 516
98 570
99 195
99 660
100 539
100 671
101 475
101 551
102 272
102 431
103 381
104 489
104 641
105 263
105 430
106 339
107 268
107 428
108 438
109 133
110 349
110 685
111 339
111 427
112 297
112 459
113 120
113 699
114 653
115 134
115 299
116 662
116 679
117 395
118 178
118 616
119 359
120 558
121 413
121 567
122 360
122 579
123 197
124 557
124 580
125 250
125 587
126 385
126 421
127 652
127 665
128 500
128 608
129 546
130 161
130 205
131 307
131 449
132 621
132 663
133 152
134 574
135 603
135 605
136 615
136 659
137 330
138 238
138 562
139 408
139 568
140 291
140 313
141 314
141 543
142 290
142 534
143 388
143 547
144 159
144 681
145 253
145 372
146 168
146 336
147 225
147 426
148 690
149 155
149 629
150 169
150 688
151 674
152 228
153 542
153 594
154 411
154 432
156 193
156 572
157 667
157 691
158 265
159 577
160 372
160 508
161 576
162 232
162 648
163 596
163 654
164 181
164 183
165 454
165 534
166 609
166 666
167 331
170 179
170 597
171 192
171 375
172 408
172 411
173 536
173 588
174 413
174 601
175 403
175 696
176 328
177 532
177 607
179 324
180 390
180 559
181 602
182 218
182 340
183 214
184 519
184 613
186 561
186 684
187 213
187 237
188 207
188 694
189 480
190 371
190 440
191 235
191 451
192 617
193 399
194 320
195 487
196 327
196 501
197 465
198 420
198 621
199 309
200 250
200 427
201 518
202 379
202 645
203 515
203 546
204 417
204 530
205 490
206 267
207 590
208 566
208 693
209 311
209 400
210 524
210 684
212 463
212 686
213 379
214 642
215 249
215 655
216 357
217 305
217 366
218 484
220 420
220 656
221 307
221 628
222 296
222 635
223 317
225 489
226 276
226 660
227 266
227 591
228 482
229 378
229 494
230 254
230 304
231 283
231 486
232 437
233 337
233 685
234 337
234 395
235 650
236 328
236 454
237 382
239 509
240 388
240 481
241 545
241 629
242 373
242 529
243 407
244 583
245 326
245 510
246 362
246 535
247 269
248 344
248 350
251 419
251 537
252 346
252 528
253 296
254 563
255 391
255 398
256 428
256 508
257 516
257 627
258 281
258 672
259 640
260 512
260 624
261 286
261 689
262 528
262 693
263 380
264 589
264 596
265 569
266 340
267 545
269 523
270 299
270 300
271 476
271 511
272 642
273 421
274 349
275 606
275 652
276 667
277 338
277 456
278 555
278 646
279 343
279 457
280 452
281 347
282 505
282 557
283 391
284 468
284 697
285 643
285 657
286 623
287 341
287 446
288 585
288 669
289 348
289 429
290 638
291 587
292 547
294 414
294 697
295 592
297 600
298 478
298 506
300 592
301 333
301 416
302 552
303 434
303 612
304 470
306 496
306 577
308 544
308 653
309 381
310 353
310 416
311 658
312 599
312 634
313 470
314 558
315 401
316 394
316 504
317 507
318 517
319 384
319 533
320 351
321 582
321 610
322 560
322 590
323 527
323 554
324 361
325 360
325 365
326 575
327 402
329 501
330 333
332 355
332 567
334 474
334 524
335 513
335 699
336 383
338 451
341 668
342 469
342 487
343 362
344 386
345 607
346 514
347 461
348 666
350 425
352 363
352 432
354 560
355 651
356 692
357 525
358 585
359 676
361 450
363 679
364 483
364 540
366 477
367 549
367 578
368 497
369 377
369 581
370 673
371 541
373 622
374 541
374 574
376 457
376 595
377 462
378 522
380 636
382 476
383 618
384 686
385 387
389 468
389 622
392 492
392 614
393 415
393 619
394 633
396 398
396 491
397 460
397 694
399 563
400 678
401 575
402 523
403 456
404 443
404 586
405 436
405 510
406 418
406 506
407 650
409 431
409 611
410 444
412 566
412 654
414 443
418 584
419 550
422 467
422 696
423 452
424 478
424 646
425 644
426 484
429 539
430 675
433 657
434 475
435 459
435 493
436 623
437 695
438 647
439 598
441 499
441 609
442 447
444 690
445 511
446 486
448 589
448 632
449 517
450 674
453 647
455 675
458 481
458 542
461 580
462 583
463 464
464 504
465 493
466 687
471 636
472 578
473 554
473 633
474 495
479 526
483 615
488 695
490 492
491 498
496 626
497 533
498 677
499 565
502 579
502 617
503 571
507 561
513 595
514 680
520 576
521 572
521 626
522 602
529 553
530 658
531 688
532 612
540 670
544 624
553 601
555 591
556 631
562 565
564 573
564 599
568 610
570 598
581 648
582 671
584 651
593 603
597 631
604 681
605 673
611 643
613 618
616 620
625 634
625 669
628 662
639 664
645 665
656 661
661 691
670 678
677 698
683 692
700 440
701 356
-1 -1
37.6203
