1
0 44
0 166
1 137
1 353
2 73
2 291
3 166
3 324
4 17
4 573
5 86
5 696
6 28
6 93
7 271
7 439
8 58
8 508
9 18
9 443
10 67
10 465
11 34
11 256
12 122
12 123
13 32
13 455
14 154
14 613
15 179
15 503
16 251
16 383
17 494
18 258
19 376
19 622
20 331
20 366
21 45
21 555
22 97
22 228
23 481
23 489
24 178
24 494
25 340
25 391
26 488
26 576
27 442
27 550
28 411
29 298
29 354
30 532
30 577
31 112
31 329
32 51
33 208
33 632
34 346
35 403
35 548
36 406
36 448
37 286
37 331
38 653
38 689
39 405
39 576
40 343
40 470
41 294
41 337
42 338
42 561
43 105
43 244
44 596
45 551
46 227
46 502
47 370
47 392
48 199
48 641
49 603
49 691
50 89
50 439
51 677
52 213
52 601
53 139
53 362
54 146
54 680
55 411
55 469
56 236
56 688
57 65
57 354
58 695
59 170
59 379
60 281
60 299
61 223
61 350
62 205
62 249
63 203
63 265
64 152
64 326
65 533
66 206
66 569
67 262
68 250
68 308
69 501
69 549
70 150
70 519
71 356
71 573
72 378
72 620
73 107
74 246
74 453
75 578
75 682
76 177
76 435
77 307
77 577
78 209
78 625
79 510
79 683
80 456
80 664
81 282
81 520
82 498
82 541
83 370
83 686
84 491
84 553
85 500
85 506
86 145
87 211
87 228
88 530
88 638
89 333
90 255
91 213
91 405
92 176
92 678
93 232
94 339
94 677
95 182
95 279
96 361
96 679
97 418
98 127
98 327
99 127
99 581
100 301
100 328
101 160
101 516
102 240
102 667
103 434
103 628
104 221
104 665
105 170
106 283
106 659
107 173
108 163
108 537
109 556
109 589
110 302
110 501
111 502
111 688
112 374
113 358
113 566
114 527
114 543
115 458
115 647
116 195
116 690
117 282
117 645
118 167
118 610
119 511
119 553
120 143
120 149
121 398
121 639
122 201
123 468
124 239
124 349
125 320
125 383
126 450
126 496
128 497
128 655
129 571
129 645
130 233
130 662
131 427
131 537
132 305
132 375
133 328
133 640
134 384
134 571
135 579
135 666
136 273
136 685
137 649
138 292
138 369
139 583
140 212
140 602
141 160
141 242
142 210
142 365
143 156
144 311
144 692
145 270
146 696
147 297
147 592
148 224
148 424
149 585
150 272
151 326
151 600
152 699
153 157
153 604
154 212
155 424
155 534
156 438
157 417
158 245
158 607
159 438
159 482
161 416
161 483
162 240
162 293
163 260
164 363
164 456
165 295
165 321
167 496
168 262
168 265
169 181
169 374
171 269
171 487
172 245
172 658
173 568
174 175
174 400
175 418
176 526
177 399
178 466
179 557
180 485
180 667
181 444
182 602
183 606
183 662
184 426
184 517
185 229
185 661
186 312
186 556
187 450
187 648
188 248
188 507
189 433
189 652
190 215
190 312
191 313
191 665
192 443
192 492
193 334
193 545
194 226
194 386
195 480
196 219
196 436
197 273
197 420
198 261
198 673
199 672
200 227
200 693
201 542
202 581
202 640
203 257
204 231
204 266
205 646
206 449
207 234
207 259
208 307
209 347
210 471
211 615
214 325
214 630
215 512
216 420
216 605
217 507
217 608
218 495
218 626
219 617
220 232
220 670
221 522
222 346
222 467
223 471
224 421
225 543
225 601
226 530
229 621
230 303
230 345
231 352
233 366
234 316
235 412
235 656
236 567
237 378
237 566
238 437
238 694
239 651
241 407
241 650
242 532
243 375
243 484
244 599
246 499
247 250
247 510
248 476
249 386
251 620
252 269
252 437
253 398
253 611
254 596
254 604
255 441
256 544
257 675
258 525
259 409
260 339
261 351
263 609
263 654
264 286
264 693
266 280
267 528
267 564
268 275
268 536
270 300
271 360
272 315
274 421
274 528
275 550
276 382
276 419
277 289
277 403
278 342
278 580
279 412
280 335
281 300
283 642
284 444
284 505
285 590
285 628
287 435
287 479
288 486
288 623
289 294
290 296
290 327
291 393
292 448
293 607
295 429
296 599
297 428
298 489
299 572
301 481
302 445
303 684
304 672
304 689
305 686
306 616
306 657
308 477
309 313
309 559
310 373
310 609
311 504
314 451
314 521
315 654
316 445
317 504
317 511
318 624
318 668
319 407
319 612
320 598
321 455
322 442
322 597
323 332
323 359
324 400
325 682
329 401
330 475
330 655
332 408
333 447
334 345
335 342
336 539
336 627
337 404
338 618
340 631
341 541
341 663
343 485
344 580
344 697
347 431
348 414
348 519
349 459
350 415
351 406
352 594
353 653
355 591
355 675
356 516
357 419
357 523
358 561
359 498
360 431
361 681
362 484
363 671
364 377
364 595
365 372
367 428
367 637
368 614
368 637
369 548
371 422
371 451
372 586
373 461
376 387
377 399
379 423
380 593
380 603
381 515
381 626
382 449
384 446
385 478
385 666
387 594
388 396
388 659
389 521
389 547
390 422
390 518
391 433
392 430
393 664
394 472
394 535
395 447
395 540
396 587
397 478
397 588
401 486
402 514
402 590
404 531
408 681
409 546
410 559
410 633
413 524
413 674
414 460
415 575
416 574
417 514
423 587
425 483
425 695
426 674
427 452
429 464
430 605
432 482
432 515
434 509
436 531
440 495
440 526
441 500
446 490
452 467
453 595
454 513
454 558
457 642
457 649
458 549
459 538
460 472
461 540
462 523
462 525
463 639
463 685
464 606
465 529
466 488
468 533
469 589
470 687
473 520
473 613
474 493
474 535
475 545
476 542
477 617
479 661
480 641
487 563
490 630
491 627
492 539
493 558
497 679
499 622
503 517
505 557
506 610
508 652
509 598
512 583
513 684
518 651
522 629
524 648
527 699
529 565
534 538
536 643
544 582
546 597
547 673
551 584
552 592
552 616
554 631
554 634
555 579
560 562
560 635
562 690
563 600
564 625
565 586
567 621
568 680
569 582
570 634
570 650
572 611
575 636
578 692
584 671
585 691
588 668
591 697
593 658
608 623
612 683
614 633
615 619
618 678
619 670
624 698
629 669
632 638
635 646
636 676
643 694
644 660
644 676
647 669
656 657
660 698
663 687
700 574
701 90
-1 -1
102.236
