1
0 77
0 422
1 62
1 144
2 129
2 461
3 50
3 676
4 433
4 527
5 178
5 371
6 69
6 191
7 156
7 477
8 18
8 27
9 159
9 423
10 80
10 509
11 282
11 664
12 285
12 594
13 86
13 144
14 294
14 494
15 42
15 593
16 313
16 550
17 255
17 262
18 147
19 259
19 521
20 572
20 623
21 219
21 376
22 166
22 221
23 35
23 389
24 390
24 531
25 384
25 491
26 61
26 585
27 454
28 371
28 536
29 325
29 594
30 131
30 628
31 169
31 661
32 217
32 660
33 136
33 440
34 361
34 426
35 603
36 402
36 666
37 287
37 673
38 59
38 248
39 139
39 459
40 135
40 241
41 336
41 344
42 380
43 81
43 194
44 312
44 612
45 257
45 526
46 92
46 554
47 255
47 492
48 316
48 662
49 301
49 569
50 252
51 600
51 651
52 444
52 641
53 365
53 580
54 342
54 512
55 112
55 623
56 302
56 618
57 151
57 470
58 142
58 525
59 91
60 509
60 567
61 557
62 632
63 170
63 233
64 291
64 538
65 224
65 369
66 304
66 542
67 132
67 284
68 519
68 644
69 121
70 401
70 681
71 382
71 456
72 383
72 483
73 192
73 562
74 165
74 612
75 507
75 577
76 91
76 499
77 446
78 342
78 418
79 441
79 676
80 423
81 180
82 90
82 273
83 227
83 320
84 200
84 406
85 110
85 443
86 474
87 131
87 405
88 358
88 574
89 207
89 654
90 358
92 528
93 174
93 464
94 333
94 663
95 373
95 525
96 148
96 629
97 231
97 293
98 204
98 375
99 548
99 677
100 108
100 193
101 349
101 582
102 251
102 593
103 414
103 510
104 451
104 563
105 199
105 444
106 496
106 571
107 296
107 680
108 610
109 272
109 275
110 635
111 192
111 503
112 276
113 215
113 591
114 330
114 597
115 424
115 522
116 489
116 581
117 293
117 622
118 327
118 459
119 454
119 545
120 182
120 571
121 547
122 383
122 450
123 187
123 528
124 205
124 242
125 299
125 322
126 645
126 678
127 407
127 494
128 334
128 657
129 535
130 177
130 211
132 229
133 183
133 214
134 223
134 257
135 424
136 368
137 163
137 643
138 204
138 630
139 686
140 350
140 586
141 467
141 678
142 268
143 145
143 545
145 297
146 578
146 674
147 317
148 309
149 540
149 554
150 414
150 668
151 321
152 575
152 617
153 595
153 680
154 295
154 490
155 287
155 556
156 397
157 344
157 481
158 352
158 390
159 223
160 246
160 362
161 374
161 455
162 305
162 685
163 478
164 363
164 565
165 592
166 642
167 299
167 667
168 536
168 552
169 403
170 360
171 551
171 698
172 230
172 392
173 239
173 267
174 527
175 475
175 539
176 188
176 598
177 472
178 434
179 420
179 635
180 353
181 436
181 521
182 431
183 380
184 298
184 538
185 198
185 364
186 198
186 590
187 256
188 653
189 431
189 523
190 432
190 656
191 652
193 281
194 242
195 271
195 292
196 270
196 526
197 278
197 660
199 318
200 336
201 322
201 367
202 572
202 605
203 388
203 644
205 613
206 537
206 553
207 633
208 232
208 564
209 243
209 298
210 471
210 563
211 561
212 515
212 697
213 329
213 489
214 217
215 377
216 394
216 629
218 391
218 434
219 285
220 311
220 505
221 637
222 229
222 366
224 360
225 406
225 413
226 315
226 555
227 376
228 240
228 241
230 343
231 682
232 284
233 685
234 239
234 248
235 462
235 638
236 497
236 587
237 350
237 496
238 533
238 639
240 590
243 465
244 251
244 576
245 269
245 670
246 619
247 549
247 616
249 430
249 596
250 266
250 351
252 420
253 484
253 537
254 270
254 368
256 311
258 415
258 683
259 515
260 511
260 581
261 443
261 504
262 331
263 326
263 359
264 355
264 645
265 305
265 541
266 502
267 547
268 617
269 666
271 332
272 693
273 485
274 653
274 684
275 307
276 529
277 323
277 546
278 641
279 608
279 640
280 417
280 466
281 283
282 382
283 601
286 446
286 619
288 513
288 679
289 457
289 500
290 321
290 543
291 539
292 512
294 319
295 315
296 552
297 606
300 570
300 605
301 324
302 316
303 560
303 692
304 399
306 474
306 485
307 663
308 447
308 689
309 426
310 333
310 471
312 335
313 478
314 405
314 457
317 429
318 388
319 548
320 433
323 699
324 432
325 438
326 514
327 455
328 409
328 445
329 439
330 410
331 628
332 369
334 413
335 511
337 573
337 671
338 417
338 486
339 503
339 684
340 460
340 516
341 343
341 374
345 601
345 627
346 386
346 476
347 355
347 410
348 506
348 567
349 625
351 657
352 621
353 487
354 620
354 698
356 370
356 402
357 534
357 651
359 669
361 638
362 592
363 661
364 400
365 486
366 435
367 381
370 392
372 463
372 614
373 480
375 393
377 602
378 493
378 598
379 480
381 467
384 518
385 603
385 686
386 573
387 428
387 634
389 439
391 688
393 450
394 551
395 442
395 682
396 398
396 550
397 470
398 510
399 620
400 675
401 498
403 632
404 436
404 449
407 568
408 469
408 591
409 579
411 625
411 659
412 498
412 600
415 520
416 419
416 662
418 441
419 460
421 517
421 642
422 438
425 465
425 502
427 449
427 646
428 588
429 608
430 579
435 524
437 468
437 672
440 557
442 694
445 652
447 584
448 482
448 529
451 668
452 533
452 596
453 569
453 654
456 570
458 524
458 553
461 580
462 565
463 610
464 505
466 669
468 627
469 587
472 639
473 520
473 559
475 516
476 647
477 575
479 493
479 679
481 568
482 647
483 615
484 522
487 530
488 541
488 648
490 640
491 665
492 532
495 560
495 599
497 683
499 606
500 544
501 534
501 622
504 634
506 646
507 564
508 518
508 689
513 530
514 626
517 546
519 562
523 578
531 544
532 670
535 691
540 583
542 667
543 696
549 694
555 691
556 658
558 631
558 659
559 643
561 677
566 636
566 672
574 582
576 658
577 583
584 650
585 649
586 664
588 621
589 674
589 688
595 637
597 604
599 630
602 690
604 687
607 611
607 624
609 626
609 649
611 687
613 681
614 699
615 673
616 665
618 624
631 695
633 693
648 690
650 655
655 697
656 671
675 695
692 696
700 636
701 379
-1 -1
223.204
