1
0 260
0 15
1 249
1 95
2 103
2 50
3 229
3 231
4 69
4 218
5 265
5 88
6 136
6 113
7 177
7 117
8 163
8 183
9 105
9 263
10 21
10 149
11 69
11 138
12 217
12 189
13 147
13 285
14 257
14 287
15 96
16 145
16 119
17 209
17 90
18 160
18 63
19 205
19 239
20 226
20 94
21 278
22 34
22 235
23 25
23 188
24 261
24 137
25 281
26 204
26 245
27 291
27 124
28 175
28 299
29 166
29 151
30 129
30 78
31 42
31 93
32 216
32 89
33 243
33 212
34 294
35 111
35 219
36 37
36 244
37 57
38 245
38 55
39 202
39 247
40 266
40 79
41 296
41 157
42 158
43 62
43 280
44 131
44 115
45 288
45 220
46 289
46 185
47 258
47 236
48 150
48 55
49 102
49 73
50 280
51 200
51 125
52 298
52 184
53 65
53 61
54 82
54 127
56 173
56 282
57 121
58 66
58 252
59 140
59 225
60 222
60 158
61 143
62 178
63 146
64 66
64 110
65 84
67 256
67 137
68 211
68 170
70 109
70 249
71 87
71 178
72 78
72 182
73 117
74 269
74 242
75 295
75 148
76 233
76 109
77 132
77 169
79 254
80 262
80 173
81 283
81 253
82 130
83 167
83 232
84 183
85 111
85 277
86 180
86 250
87 192
88 276
89 161
90 284
91 162
91 152
92 123
92 156
93 299
94 165
95 102
96 122
97 224
97 98
98 259
99 226
99 166
100 274
100 213
101 209
101 286
103 256
104 278
104 123
105 210
106 181
106 238
107 258
107 267
108 193
108 171
110 122
112 121
112 220
113 190
114 120
114 286
115 135
116 239
116 153
118 207
118 186
119 157
120 151
124 266
125 191
126 225
126 277
127 179
128 162
128 146
129 160
130 176
131 141
132 186
133 230
133 154
134 274
134 283
135 281
136 238
138 216
139 203
139 159
140 187
141 248
142 185
142 223
143 198
144 240
144 297
145 184
147 241
148 261
149 275
150 270
152 297
154 236
155 201
155 206
156 253
159 204
161 187
163 221
164 208
164 265
165 298
167 270
168 279
168 215
169 219
170 197
171 251
172 203
172 210
174 206
174 246
175 211
176 230
177 191
179 264
180 242
181 213
182 260
188 264
189 288
190 271
192 248
193 237
194 262
194 205
195 295
195 272
196 227
196 228
197 250
198 293
199 279
199 284
200 201
202 259
207 247
208 290
212 241
214 269
214 255
215 292
217 272
218 294
221 224
222 267
223 268
227 285
229 254
231 251
232 252
233 273
234 257
234 282
235 275
237 292
240 293
243 244
246 268
255 271
263 290
273 276
287 296
289 291
300 228
301 153
-1 -1
1.69617
