1
0 23
0 109
1 49
1 463
2 330
2 352
3 240
3 380
4 270
4 501
5 303
5 343
6 403
6 510
7 518
7 135
8 599
8 373
9 301
9 94
10 478
10 414
11 548
11 321
12 63
12 157
13 279
13 54
14 542
14 35
15 410
15 430
16 549
16 241
17 524
17 237
18 87
18 217
19 132
19 448
20 193
20 559
21 426
21 486
22 370
22 116
23 338
24 582
24 328
25 34
25 364
26 330
26 418
27 222
27 242
28 186
28 292
29 172
29 335
30 268
30 358
31 550
31 240
32 149
32 190
33 305
33 317
34 299
35 383
36 164
36 464
37 178
37 277
38 74
39 169
39 432
40 598
40 348
41 546
41 170
42 541
42 571
43 56
43 400
44 367
44 555
45 57
45 108
46 278
46 414
47 180
47 295
48 49
48 161
50 267
50 375
51 525
51 592
52 76
52 378
53 530
53 260
54 413
55 316
55 79
56 91
57 591
58 85
58 298
59 145
59 189
60 95
60 499
61 128
61 280
62 575
62 419
63 229
64 439
64 472
65 197
65 392
66 134
66 306
67 351
67 214
68 573
68 177
69 333
69 506
70 550
70 319
71 202
71 206
72 198
72 421
73 409
73 506
74 106
75 350
75 504
76 209
77 285
77 470
78 536
78 593
79 325
80 122
80 432
81 587
81 341
82 177
82 393
83 238
83 501
84 408
84 433
85 345
86 568
86 336
87 566
88 155
88 230
89 297
89 489
90 471
90 247
91 537
92 379
92 502
93 306
93 430
94 360
95 339
96 219
96 467
97 546
97 421
98 179
98 181
99 125
99 176
100 238
100 314
101 199
101 382
102 590
102 406
103 214
103 508
104 380
104 422
105 530
105 365
106 156
107 143
107 305
108 352
109 246
110 156
110 440
111 121
111 424
112 118
112 268
113 351
113 358
114 203
115 291
115 357
116 560
117 382
117 396
118 281
119 389
119 576
120 292
120 404
121 535
122 498
123 218
123 458
124 158
124 483
125 210
126 127
126 487
127 284
128 512
129 403
129 479
130 540
130 466
131 584
131 412
132 274
133 570
133 496
134 415
135 468
136 587
136 323
137 278
137 397
138 266
138 423
139 191
139 545
140 333
140 150
141 556
141 480
142 334
142 511
143 458
144 281
144 452
145 523
146 275
146 565
147 488
147 283
148 567
148 309
149 359
150 336
151 303
151 494
152 262
152 456
153 259
153 524
154 564
154 288
155 316
157 363
158 572
159 318
159 397
160 539
160 354
161 340
162 374
162 503
163 231
163 431
164 434
165 551
165 454
166 443
166 448
167 561
167 573
168 185
168 258
169 196
170 234
171 547
171 357
172 263
173 388
173 407
174 226
174 370
175 255
175 344
176 204
178 377
179 280
180 526
181 475
182 539
182 391
183 209
183 484
184 233
184 252
185 231
186 398
187 215
187 434
188 534
188 436
189 427
190 273
191 413
192 384
192 565
193 409
194 256
194 442
195 326
195 509
196 290
197 560
198 590
199 585
200 309
200 597
201 543
201 304
202 438
203 527
204 437
205 245
205 462
206 331
207 515
207 388
208 514
208 407
210 570
211 517
211 308
212 332
212 452
213 566
213 445
215 599
216 475
216 490
217 563
218 597
219 287
220 541
220 299
221 561
221 500
222 329
223 598
223 431
224 579
224 489
225 578
225 328
226 313
227 512
227 529
228 429
228 290
229 559
230 555
232 536
232 387
233 556
234 476
235 594
235 579
236 344
236 493
237 325
239 455
239 404
241 428
242 250
243 346
243 457
244 553
244 522
245 324
246 317
247 249
248 362
248 433
249 394
250 289
251 381
251 446
252 533
253 575
253 469
254 543
254 450
255 471
256 477
257 379
257 391
258 329
259 558
260 465
261 308
261 525
262 466
263 283
264 375
264 372
265 353
265 298
266 393
267 347
269 572
269 499
270 521
271 313
271 459
272 363
272 371
273 282
274 571
275 528
276 588
276 531
277 420
279 386
282 504
284 326
285 580
286 287
286 449
288 500
289 438
291 557
293 552
293 312
294 418
294 398
295 435
296 586
296 454
297 355
300 340
300 387
301 574
302 366
302 428
304 307
307 346
310 460
310 593
311 481
311 508
312 356
314 505
315 563
315 444
318 376
319 339
320 545
320 460
321 450
322 368
322 469
323 425
324 519
327 586
327 442
331 523
332 577
334 415
335 470
337 532
337 447
338 531
341 423
342 558
342 426
343 583
345 592
347 411
348 350
349 410
349 367
353 557
354 553
355 562
356 372
359 487
360 405
361 482
361 507
362 529
364 544
365 520
366 472
368 425
369 405
369 473
371 564
373 514
374 491
376 483
377 591
378 395
381 468
383 453
384 437
385 510
385 549
386 493
389 463
390 427
390 490
392 497
394 400
395 585
396 596
399 516
399 456
401 581
401 498
402 435
402 461
406 422
408 461
411 533
412 583
416 519
416 482
417 538
417 486
419 488
420 521
424 589
429 474
436 581
439 473
440 457
441 444
441 476
443 455
445 502
446 495
447 516
449 569
451 535
451 467
453 594
459 492
462 494
464 485
465 492
474 509
477 522
478 484
479 548
480 528
481 505
485 503
491 547
495 554
496 527
497 542
507 551
511 513
513 554
515 595
517 520
518 584
526 537
532 580
534 589
538 568
540 544
552 578
562 596
567 582
569 574
576 577
588 595
600 114
601 38
-1 -1
58.7205
