1
0 63
0 487
1 13
1 209
2 133
2 436
3 67
3 238
4 519
4 478
5 158
5 252
6 217
6 344
7 44
7 198
8 264
8 298
9 86
9 402
10 75
10 300
11 349
11 577
12 143
12 210
13 239
14 340
14 447
15 590
15 357
16 377
16 488
17 322
17 386
18 107
18 238
19 512
19 455
20 167
20 227
21 38
21 374
22 268
22 332
23 325
23 352
24 360
24 426
25 575
25 461
26 571
26 35
27 516
27 341
28 252
28 288
29 94
29 282
30 226
30 389
31 57
31 111
32 95
32 315
33 89
33 481
34 157
34 540
35 591
36 96
36 134
37 271
37 105
38 584
39 130
40 121
40 203
41 312
41 593
42 401
42 397
43 301
43 403
44 242
45 269
45 495
46 88
46 151
47 112
47 542
48 307
48 501
49 79
49 497
50 561
50 72
51 182
51 275
52 72
52 464
53 567
53 79
54 162
54 370
55 119
55 362
56 359
56 224
57 356
58 345
58 469
59 441
59 213
60 409
60 434
61 539
61 230
62 132
62 446
63 336
64 156
64 346
65 236
65 315
66 321
66 433
67 136
68 568
68 574
69 134
69 251
70 317
70 196
71 128
71 451
73 381
73 465
74 561
74 311
75 375
76 536
76 439
77 285
77 306
78 85
78 427
80 428
80 497
81 214
81 428
82 260
82 360
83 305
83 239
84 557
84 206
85 99
86 138
87 321
87 183
88 270
89 215
90 223
90 228
91 198
91 505
92 253
92 486
93 405
93 459
94 263
95 373
96 222
97 282
97 333
98 166
98 188
99 251
100 312
100 449
101 299
101 491
102 328
102 359
103 123
103 454
104 413
104 182
105 273
106 556
106 297
107 204
108 270
108 291
109 284
109 504
110 164
110 499
111 581
112 222
113 139
113 493
114 556
114 320
115 151
115 215
116 196
116 218
117 327
117 376
118 253
118 454
119 358
120 160
120 180
121 506
122 192
122 221
123 393
124 517
124 586
125 541
125 467
126 255
126 385
127 534
127 468
128 437
129 243
129 489
130 132
131 340
131 408
133 206
135 339
135 347
136 173
137 301
137 383
138 438
139 559
140 176
140 237
141 147
141 588
142 547
142 153
143 150
144 447
144 569
145 189
145 265
146 364
146 494
147 477
148 362
148 460
149 197
149 372
150 468
152 159
152 297
153 485
154 558
154 355
155 200
155 356
156 322
157 440
158 470
159 492
160 290
161 263
161 288
162 190
163 555
163 168
164 577
165 560
165 391
166 579
167 338
168 484
169 558
169 304
170 171
170 415
171 594
172 293
172 462
173 429
174 576
174 350
175 431
175 456
176 399
177 395
177 499
178 512
178 189
179 307
179 413
180 449
181 564
181 472
183 590
184 377
184 469
185 231
185 298
186 390
186 408
187 352
187 376
188 342
190 272
191 521
191 595
192 280
193 310
193 249
194 450
194 293
195 527
195 344
197 479
199 514
199 548
200 486
201 247
201 498
202 294
202 482
203 217
204 318
205 451
205 490
207 390
207 414
208 411
208 471
209 551
210 417
211 292
211 325
212 549
212 563
213 509
214 531
216 553
216 599
218 385
219 227
219 493
220 334
220 420
221 266
223 375
224 500
225 546
225 555
226 380
228 553
229 342
229 374
230 372
231 538
232 319
232 402
233 388
233 406
234 550
234 348
235 520
235 483
236 477
237 510
240 350
240 455
241 530
241 400
242 503
243 367
244 520
244 389
245 278
245 303
246 583
246 386
247 483
248 302
248 475
249 588
250 444
250 529
254 275
254 552
255 582
256 547
256 393
257 324
257 552
258 361
258 406
259 513
259 524
260 379
261 391
261 481
262 574
262 334
264 502
265 502
266 544
267 289
267 506
268 371
269 485
271 424
272 415
273 448
274 440
274 508
276 371
276 388
277 523
277 517
278 287
279 296
279 599
280 320
281 409
281 419
283 548
283 565
284 598
285 594
286 333
286 363
287 459
289 366
290 405
291 431
292 525
294 379
295 337
295 446
296 582
299 414
300 373
302 429
303 336
304 323
305 416
306 353
308 348
308 441
309 442
309 528
310 424
311 432
313 326
313 426
314 560
314 318
316 587
316 421
317 565
319 418
323 543
324 438
326 398
327 467
328 529
329 419
329 501
330 598
330 457
331 365
331 400
332 511
335 370
335 576
337 518
338 551
339 474
341 554
343 361
343 384
345 464
346 579
347 490
349 401
351 358
351 528
353 592
354 522
354 566
355 368
357 563
363 435
364 410
365 487
366 435
367 410
368 503
369 591
369 509
378 422
378 475
380 430
381 562
382 465
382 510
383 573
384 439
387 412
387 511
392 523
392 416
394 578
394 407
395 453
396 596
396 504
397 418
399 489
403 515
404 583
404 496
407 595
411 421
412 470
417 580
420 433
422 537
423 570
423 484
425 471
425 434
427 507
430 476
432 463
436 580
437 570
442 543
443 527
443 566
444 460
445 597
445 478
448 535
450 513
452 530
452 569
453 526
456 562
457 500
458 526
458 597
461 596
462 505
463 568
466 480
466 495
472 587
473 514
473 578
474 571
476 586
479 482
480 498
488 534
491 584
492 559
494 554
496 575
507 524
508 544
515 593
516 572
518 525
519 549
521 545
522 573
531 533
532 564
532 585
533 536
535 592
537 550
538 540
539 589
541 542
545 589
546 585
557 567
572 581
600 398
601 39
-1 -1
37.7105
