1
0 22
0 579
1 522
1 528
2 34
2 507
3 536
3 298
4 520
4 415
5 238
5 502
6 23
6 360
7 314
7 354
8 265
8 306
9 539
9 35
10 68
10 148
11 580
11 290
12 292
12 393
13 586
13 225
14 399
14 452
15 20
15 165
16 425
16 446
17 346
17 218
18 333
18 402
19 42
19 414
20 288
21 118
21 435
22 574
23 112
24 319
24 506
25 373
25 400
26 155
26 255
27 281
27 319
28 185
28 393
29 408
29 456
30 137
30 454
31 124
31 349
32 549
32 142
33 101
33 426
34 105
35 315
36 42
36 303
37 236
37 145
38 459
38 511
39 525
39 309
40 44
40 480
41 82
41 187
43 142
43 310
44 447
45 247
45 249
46 315
46 587
47 300
47 75
48 158
48 500
49 560
49 309
50 525
50 188
51 210
51 223
52 98
52 551
53 137
53 263
54 169
54 332
55 533
55 467
56 548
56 428
57 126
57 434
58 257
58 260
59 114
59 239
60 590
60 559
61 65
61 158
62 116
62 285
63 563
63 297
64 357
64 359
65 339
66 520
66 97
67 553
67 565
68 480
69 221
69 445
70 125
70 159
71 381
71 440
72 270
72 363
73 592
73 219
74 111
74 443
75 311
76 198
76 502
77 192
77 85
78 143
78 398
79 118
79 134
80 291
80 468
81 516
81 262
82 464
83 347
83 488
84 294
84 510
85 518
86 286
86 368
87 100
87 138
88 91
88 151
89 119
89 551
90 175
90 526
91 414
92 438
92 453
93 170
93 384
94 576
94 164
95 108
95 431
96 521
96 413
97 234
98 351
99 144
99 579
100 527
101 442
102 515
102 329
103 157
103 478
104 266
104 469
105 153
106 565
106 575
107 280
107 193
108 358
109 517
109 236
110 542
110 383
111 466
112 287
113 216
113 217
114 325
115 559
115 279
116 481
117 548
117 123
119 201
120 293
120 564
121 177
121 186
122 348
122 509
123 487
124 278
125 356
126 135
127 245
128 200
128 226
129 272
129 332
130 375
130 431
131 305
131 374
132 580
132 228
133 591
133 486
134 214
135 388
136 163
136 202
138 497
139 299
139 396
140 258
140 336
141 541
141 327
143 564
144 592
145 325
146 545
146 415
147 532
147 229
148 406
149 523
149 472
150 585
150 437
151 337
152 275
152 471
153 497
154 524
154 444
155 506
156 583
156 505
157 248
159 553
160 531
160 370
161 178
161 241
162 222
162 407
163 213
164 439
165 593
166 534
166 413
167 207
167 209
168 174
168 576
169 541
170 591
171 389
171 574
172 538
172 570
173 198
173 443
174 462
175 457
176 214
176 463
177 333
178 356
179 422
179 180
180 493
181 530
181 378
182 596
182 557
183 321
183 377
184 312
184 375
185 449
186 469
187 258
188 597
189 227
189 416
190 271
190 295
191 200
191 304
192 391
193 201
194 512
194 216
195 532
195 276
196 514
197 310
197 254
199 449
199 452
202 208
203 281
203 470
204 380
204 427
205 376
205 230
206 343
206 474
207 251
208 417
209 505
210 372
211 323
211 418
212 267
212 492
213 255
215 317
215 336
217 237
218 463
219 558
220 540
220 301
221 286
222 465
223 599
224 523
224 314
225 418
226 391
227 561
228 265
229 569
230 584
231 470
231 485
232 312
232 571
233 296
233 308
234 496
235 529
235 501
237 585
238 335
239 284
240 568
240 558
241 483
242 256
242 588
243 578
243 409
244 250
244 419
245 573
246 392
246 347
247 492
248 365
249 444
250 473
251 366
252 306
252 340
253 550
253 477
254 355
256 475
257 550
259 283
259 367
260 544
261 395
261 441
262 274
263 594
264 361
264 441
266 423
267 342
268 590
268 456
269 277
269 489
270 535
271 303
272 468
273 420
273 432
274 390
275 436
276 540
277 555
278 482
279 488
280 334
282 514
282 371
283 346
284 328
285 445
287 597
288 374
289 296
289 473
290 521
291 386
292 588
293 304
294 583
295 432
297 475
298 577
299 422
300 421
301 387
302 566
302 323
305 380
307 460
307 479
308 462
311 350
313 543
313 461
316 581
316 471
317 458
318 420
318 503
320 561
320 401
321 472
322 350
322 504
324 329
324 377
326 552
326 429
327 363
328 370
330 543
330 353
331 524
331 589
334 450
335 557
337 542
338 401
338 412
339 423
340 360
341 362
341 493
342 483
343 577
344 408
344 479
345 353
345 354
348 451
349 428
351 390
352 412
352 437
355 582
357 589
358 447
359 403
361 477
362 397
364 433
364 507
365 490
366 498
367 486
368 587
369 442
369 509
371 478
372 546
373 522
376 572
378 516
379 528
379 439
381 487
382 527
382 455
383 568
384 529
385 429
385 496
386 438
387 394
388 410
389 396
392 547
394 464
395 495
397 567
398 511
399 404
400 512
402 465
403 411
404 501
405 549
405 448
406 440
407 515
409 500
410 572
411 537
416 489
417 554
419 484
421 436
424 593
424 494
425 575
426 537
427 474
430 556
430 454
433 547
434 555
435 490
446 461
448 513
450 485
451 586
453 545
455 491
457 531
458 538
459 494
460 482
466 481
467 570
476 518
476 546
484 499
491 578
495 595
498 508
499 513
503 581
504 563
508 596
510 517
519 562
519 534
526 598
530 535
533 573
536 539
544 599
552 571
554 569
556 567
560 595
562 582
566 584
594 598
600 196
601 127
-1 -1
16.3592
