1
0 167
0 305
1 46
1 438
2 306
2 52
3 31
3 108
4 111
4 333
5 80
5 508
6 403
6 177
7 568
7 223
8 43
8 308
9 523
9 373
10 211
10 402
11 536
11 428
12 23
12 237
13 358
13 401
14 275
14 358
15 199
15 256
16 427
16 488
17 55
17 115
18 571
18 153
19 60
19 236
20 103
20 244
21 546
21 289
22 421
22 484
23 134
24 43
24 361
25 579
25 75
26 80
26 475
27 117
27 398
28 429
28 491
29 91
29 596
30 556
30 179
31 56
32 540
32 578
33 115
33 121
34 189
34 457
35 573
35 384
36 47
36 298
37 390
37 509
38 81
38 555
39 112
39 453
40 338
40 345
41 90
41 380
42 49
42 235
44 104
44 582
45 292
45 308
46 444
47 537
48 139
48 334
49 341
50 180
50 248
51 285
51 383
52 410
53 415
53 502
54 241
54 246
55 249
56 480
57 441
57 589
58 233
58 250
59 322
59 450
60 295
61 260
61 423
62 576
62 166
63 154
63 289
64 353
64 493
65 208
65 467
66 150
66 344
67 200
67 454
68 577
68 339
69 155
69 306
70 154
70 475
71 110
71 316
72 569
72 239
73 391
73 144
74 543
74 595
75 151
76 539
76 547
77 95
77 495
78 520
78 368
79 286
79 585
81 584
82 573
82 490
83 236
83 437
84 351
84 404
85 287
85 380
86 302
86 565
87 261
87 365
88 243
88 442
89 240
89 449
90 229
91 165
92 522
92 329
93 182
93 281
94 563
94 452
95 138
96 135
96 201
97 113
97 572
98 562
98 266
99 164
99 502
100 138
100 473
101 177
101 563
102 514
102 290
103 568
104 454
105 531
105 278
106 261
106 328
107 264
107 302
108 181
109 126
109 162
110 503
111 597
112 262
113 211
114 118
114 234
116 366
116 396
117 299
118 554
119 132
119 255
120 551
120 477
121 512
122 548
122 506
123 319
123 342
124 566
124 354
125 228
125 331
126 435
127 545
127 497
128 557
128 320
129 567
129 495
130 570
130 479
131 599
132 247
133 165
133 500
134 273
135 561
136 257
136 482
137 337
137 410
139 360
140 183
140 238
141 265
141 361
142 321
142 375
143 224
143 268
144 398
145 272
145 372
146 530
146 293
147 284
147 328
148 318
149 455
149 223
150 159
151 196
152 487
152 571
153 595
155 592
156 441
156 459
157 363
157 197
158 222
158 248
159 196
160 269
160 296
161 203
161 209
162 329
163 575
163 204
164 256
166 569
167 232
168 183
168 349
169 225
169 332
170 347
170 470
171 203
171 456
172 291
172 336
173 535
173 467
174 186
174 258
175 399
175 480
176 540
176 437
178 199
178 460
179 405
180 310
181 193
182 439
184 312
184 427
185 525
185 212
186 444
187 230
187 431
188 315
188 362
189 195
190 285
190 435
191 221
191 469
192 535
192 504
193 542
194 592
194 282
195 451
197 494
198 228
198 420
200 534
201 474
202 335
202 394
204 424
205 515
205 565
206 581
206 582
207 532
207 574
208 494
209 518
210 313
210 500
212 517
213 423
213 469
214 243
214 464
215 281
215 457
216 263
216 591
217 219
217 384
218 530
218 551
219 539
220 399
220 464
221 309
222 386
224 552
225 311
226 352
226 507
227 532
227 511
229 385
230 367
231 355
231 485
232 334
233 397
234 559
235 478
237 296
238 274
239 466
240 574
241 419
242 490
242 492
244 397
245 536
245 482
246 352
247 439
249 274
250 323
251 486
251 489
252 290
252 421
253 364
253 391
254 417
254 493
255 403
257 553
258 283
259 438
259 486
260 449
262 409
263 292
264 379
265 472
266 590
267 386
267 508
268 434
269 314
270 408
270 460
271 591
271 533
272 288
273 543
275 314
276 538
276 343
277 382
277 436
278 393
279 550
279 499
280 406
280 432
282 300
283 462
284 307
286 559
287 597
288 304
291 363
293 305
294 330
294 370
295 496
297 304
297 414
298 430
299 378
300 587
301 343
301 414
303 400
303 417
307 395
309 418
310 396
311 572
312 431
313 544
315 519
316 332
317 390
317 481
318 322
319 520
320 496
321 327
323 448
324 561
324 347
325 564
325 484
326 516
326 526
327 392
330 458
331 405
333 553
335 488
336 418
337 356
338 552
339 340
340 372
341 453
342 510
344 471
345 377
346 357
346 422
348 581
348 388
349 424
350 517
350 560
351 594
353 549
354 596
355 369
356 501
357 432
359 555
359 583
360 527
362 557
364 519
365 376
366 498
367 516
368 528
369 586
370 428
371 588
371 376
373 404
374 547
374 577
375 422
377 471
378 513
379 525
381 388
381 389
382 492
383 420
385 387
387 541
389 590
392 518
393 542
394 409
395 528
400 558
401 452
402 564
406 527
407 413
407 442
408 466
411 534
411 499
412 598
412 544
413 479
415 445
416 558
416 481
419 560
425 521
425 580
426 556
426 594
429 443
430 470
433 513
433 533
434 462
436 474
440 586
440 524
443 447
445 570
446 589
446 489
447 514
448 463
450 473
451 593
455 491
456 515
458 523
459 504
461 483
461 511
463 599
465 522
465 550
468 472
468 483
476 566
476 579
477 587
478 545
485 585
487 548
497 529
498 531
501 576
503 541
505 526
505 510
506 537
507 580
509 554
512 546
521 593
524 575
529 598
538 583
549 562
567 588
578 584
600 131
601 148
-1 -1
57.2696
