1
0 375
0 415
1 219
1 311
2 348
2 409
3 71
3 359
4 98
4 477
5 7
5 357
6 38
6 247
7 332
8 322
8 323
9 10
9 38
10 81
11 563
11 207
12 26
12 548
13 57
13 212
14 493
14 458
15 379
15 418
16 241
16 314
17 526
17 307
18 281
18 468
19 107
19 405
20 327
20 135
21 39
21 567
22 44
22 159
23 567
23 288
24 163
24 427
25 562
25 220
26 500
27 578
27 452
28 107
28 440
29 480
30 220
30 268
31 325
31 192
32 73
32 104
33 96
33 502
34 215
34 403
35 286
35 436
36 593
36 404
37 543
37 474
39 384
40 482
40 320
41 85
41 421
42 585
42 313
43 169
43 504
44 362
45 135
45 508
46 183
46 326
47 313
47 173
48 112
48 451
49 184
49 185
50 168
50 456
51 70
51 599
52 66
52 495
53 450
53 473
54 120
54 492
55 204
55 425
56 444
56 511
57 337
58 225
58 441
59 581
59 387
60 115
60 141
61 551
61 346
62 63
62 132
63 300
64 542
64 273
65 366
65 367
66 68
67 166
67 547
68 383
69 549
69 213
70 425
71 528
72 297
72 453
73 321
74 104
74 538
75 171
75 296
76 392
76 457
77 131
77 345
78 529
78 108
79 524
79 144
80 147
80 400
81 345
82 589
82 258
83 114
83 487
84 591
84 476
85 361
86 271
86 133
87 267
87 402
88 125
88 162
89 514
89 278
90 552
90 252
91 252
91 282
92 140
92 485
93 312
93 494
94 444
94 229
95 317
95 249
96 334
97 247
97 363
98 228
99 397
99 466
100 136
100 465
101 138
101 380
102 262
102 570
103 365
103 382
105 529
105 527
106 340
106 592
108 159
109 586
109 415
110 577
110 178
111 524
111 299
112 181
113 189
113 356
114 525
115 122
116 285
116 585
117 236
117 260
118 330
118 478
119 259
119 270
120 271
121 190
121 443
122 124
123 388
123 447
124 474
125 540
126 241
126 245
127 586
127 272
128 132
128 412
129 153
129 167
130 277
130 454
131 478
133 186
134 256
134 403
136 491
137 231
137 283
138 530
139 163
139 545
140 422
141 562
142 547
142 430
143 166
143 223
144 498
145 571
145 314
146 266
146 325
147 170
148 519
148 253
149 233
149 254
150 298
150 385
151 599
151 381
152 398
152 436
153 155
154 333
154 341
155 587
156 276
156 343
157 203
157 255
158 221
158 480
160 497
160 508
161 517
161 264
162 195
164 522
164 266
165 584
165 306
167 513
168 347
169 274
170 308
171 490
172 326
172 191
173 438
174 339
174 467
175 533
175 448
176 348
176 438
177 206
177 309
178 304
179 354
179 397
180 418
180 449
181 244
182 533
182 359
183 450
184 264
185 473
186 546
187 286
187 310
188 240
188 413
189 385
191 302
192 369
193 344
193 253
194 198
194 199
195 535
196 534
196 379
197 211
197 475
198 566
199 572
200 312
200 324
201 561
201 377
202 406
202 417
203 489
204 338
205 430
205 501
206 573
207 364
208 275
208 431
209 553
209 240
210 356
210 390
211 261
212 233
213 482
214 515
214 246
215 280
216 371
216 493
217 519
217 443
218 581
218 251
219 597
221 328
222 279
222 235
223 407
224 557
224 332
225 290
226 353
226 371
227 366
227 506
228 293
229 239
230 305
230 242
231 358
232 559
232 289
234 515
234 335
235 293
236 432
237 580
237 319
238 283
238 378
239 376
242 373
243 270
243 399
244 284
245 469
246 505
248 545
248 579
249 268
250 347
250 462
251 523
254 554
255 303
256 294
257 260
257 437
258 459
259 549
261 491
262 520
263 354
263 422
265 595
265 336
267 407
269 344
269 472
272 292
273 442
274 593
275 363
276 309
277 351
278 435
279 318
280 464
281 513
282 365
284 311
285 408
287 572
287 503
288 483
289 351
290 396
291 583
291 299
292 550
294 576
295 315
295 424
296 456
297 410
298 383
300 542
301 387
301 569
302 427
303 324
304 439
305 439
306 477
307 471
308 358
310 414
315 496
316 368
316 495
317 350
318 500
319 426
320 449
321 489
322 328
323 372
327 499
329 543
329 588
330 400
331 442
331 470
333 391
334 454
335 520
336 531
337 342
338 574
339 346
340 538
341 539
342 558
343 583
349 584
349 412
350 411
352 574
352 395
353 484
355 468
355 497
357 544
360 419
360 429
361 399
362 558
364 377
367 462
368 596
369 568
370 452
370 502
372 481
373 518
374 479
374 461
375 445
376 588
378 486
380 528
381 539
382 507
384 469
386 564
386 413
388 428
389 512
389 576
390 426
391 556
392 423
393 579
393 536
394 521
394 471
395 551
396 488
398 589
401 569
401 453
402 560
404 486
405 570
406 555
408 451
409 490
410 590
411 420
414 592
416 455
416 472
417 419
420 437
421 575
423 555
424 467
428 516
429 554
431 577
432 548
433 594
433 463
434 516
434 470
435 535
440 573
441 457
445 595
446 530
446 560
447 537
448 463
455 557
458 459
460 563
460 498
461 568
464 487
465 532
466 522
475 511
476 504
479 598
481 531
483 550
484 564
485 505
488 499
492 578
494 575
496 525
501 512
503 596
506 561
507 541
509 598
509 510
510 523
514 552
517 559
518 587
521 544
526 580
527 565
532 582
534 565
536 540
537 566
541 594
546 597
553 571
556 582
590 591
600 190
601 29
-1 -1
197.78
