1
0 317
0 372
1 50
1 358
2 5
2 319
3 285
3 483
4 36
4 38
5 120
6 8
6 254
7 10
7 258
8 51
9 46
9 368
10 16
11 211
11 290
12 156
12 385
13 399
13 450
14 218
14 461
15 86
15 367
16 354
17 293
17 352
18 371
18 484
19 81
19 437
20 423
21 377
21 404
22 197
22 231
23 234
23 373
24 157
24 453
25 211
25 446
26 175
26 251
27 187
27 353
28 86
28 471
29 55
29 498
30 224
30 256
31 215
31 339
32 57
32 249
33 269
33 270
34 253
34 270
35 314
35 440
36 58
37 282
37 464
38 120
39 41
39 400
40 480
40 490
41 472
42 59
42 87
43 207
43 305
44 83
44 287
45 54
45 432
46 129
47 56
47 349
48 184
48 430
49 272
49 497
50 198
51 355
52 196
52 449
53 126
53 142
54 257
55 268
56 423
57 191
58 419
59 365
60 72
60 406
61 146
61 386
62 109
62 309
63 209
64 313
64 431
65 259
65 305
66 189
66 403
67 357
67 396
68 238
68 442
69 417
69 465
70 81
70 105
71 216
71 229
72 97
73 132
73 348
74 323
74 492
75 78
75 329
76 226
76 450
77 93
77 278
78 418
79 271
79 477
80 219
80 401
82 440
82 482
83 134
84 240
84 348
85 353
85 487
87 435
88 231
88 455
89 254
89 467
90 197
90 388
91 175
91 408
92 217
92 448
93 422
94 200
94 251
95 100
95 292
96 223
96 467
97 242
98 164
98 394
99 112
99 286
100 182
101 291
101 355
102 103
102 224
103 474
104 235
104 279
105 342
106 190
106 301
107 142
107 424
108 112
108 150
109 438
110 268
110 411
111 118
111 366
113 193
113 398
114 159
114 312
115 243
115 415
116 126
116 266
117 133
117 241
118 476
119 381
119 447
121 311
121 377
122 166
122 351
123 360
123 454
124 327
124 384
125 226
125 310
127 461
127 496
128 411
128 458
129 152
130 182
130 261
131 154
131 333
132 307
133 434
134 318
135 322
135 495
136 141
136 341
137 199
137 362
138 212
138 451
139 161
139 499
140 160
140 227
141 460
143 265
143 445
144 151
144 299
145 335
145 489
146 162
147 183
147 378
148 246
148 338
149 189
149 445
150 388
151 472
152 428
153 170
153 487
154 213
155 157
155 191
156 337
158 334
158 427
159 214
160 246
161 405
162 462
163 205
163 340
164 396
165 166
165 497
167 178
167 193
168 430
168 446
169 274
169 359
170 375
171 264
171 402
172 177
172 286
173 195
173 302
174 221
174 418
176 178
176 192
177 340
179 220
179 297
180 255
180 311
181 248
181 372
183 412
184 243
185 346
185 463
186 199
186 294
187 496
188 382
188 400
190 453
192 247
194 206
194 414
195 295
196 227
198 308
200 394
201 235
201 403
202 277
202 279
203 214
203 238
204 293
204 331
205 237
206 391
207 480
208 256
208 429
209 298
210 301
210 490
212 434
213 413
215 346
216 383
217 361
218 252
219 442
220 375
221 441
222 255
222 458
223 425
225 288
225 294
228 233
228 344
229 435
230 304
230 325
232 333
232 478
233 456
234 263
236 343
236 376
237 384
239 405
239 425
240 314
241 341
242 292
244 401
244 494
245 266
245 312
247 451
248 408
249 263
250 257
250 300
252 493
253 357
258 387
259 439
260 457
260 492
261 414
262 267
262 459
264 395
265 387
267 489
269 488
271 330
272 320
273 363
273 441
274 290
275 463
275 484
276 382
276 391
277 295
278 399
280 283
280 443
281 299
281 337
282 392
283 439
284 308
284 315
285 356
287 350
288 428
289 374
289 464
291 316
296 460
296 471
297 474
298 324
300 429
302 386
303 468
303 483
304 402
306 345
306 486
307 393
309 444
310 379
313 416
315 470
316 478
317 466
318 369
319 392
320 344
321 347
321 370
322 499
323 367
324 389
325 407
326 359
326 373
327 413
328 329
328 331
330 383
332 364
332 420
334 342
335 374
336 486
336 495
338 421
339 494
343 491
345 407
347 350
349 493
351 371
352 459
354 356
358 393
360 398
361 437
362 488
363 404
364 470
365 368
366 412
369 426
370 409
376 390
378 427
379 475
380 395
380 415
381 482
385 390
389 444
397 436
397 485
406 477
409 410
410 438
416 452
417 468
419 469
420 475
421 469
422 466
424 462
426 436
431 456
432 448
433 449
433 473
443 452
447 457
454 455
465 481
473 481
476 479
479 491
485 498
500 63
501 20
-1 -1
35.4738
