1
0 53
0 307
1 256
1 275
2 36
2 444
3 19
3 42
4 43
4 289
5 12
5 401
6 44
6 258
7 15
7 303
8 226
8 490
9 70
9 257
10 340
10 422
11 106
11 334
12 271
13 181
13 249
14 281
14 464
15 38
16 163
16 368
17 284
17 437
18 50
18 397
19 353
20 154
20 285
21 206
21 361
22 312
22 406
23 103
23 467
24 79
24 223
25 260
25 364
26 74
26 405
27 143
27 196
28 144
28 469
29 201
29 202
30 240
30 248
31 59
31 374
32 103
32 146
33 66
33 252
34 81
34 93
35 260
35 475
36 296
37 327
37 463
38 132
39 250
39 278
40 209
40 407
41 409
41 493
42 141
43 430
44 300
45 237
45 253
46 263
46 358
47 372
47 495
48 393
48 481
49 96
49 455
50 430
51 265
51 317
52 192
52 418
53 222
54 79
54 490
55 170
55 297
56 232
56 291
57 356
57 394
58 88
58 247
59 445
60 134
60 259
61 353
61 365
62 275
62 408
63 203
63 254
64 214
64 480
65 161
65 491
66 323
67 245
67 247
68 182
68 465
69 246
69 327
70 341
71 411
71 472
72 121
72 186
73 173
73 433
74 173
75 149
75 351
76 335
76 341
77 253
77 352
78 292
78 359
80 110
80 148
81 497
82 119
82 335
83 210
83 302
84 362
84 406
85 186
85 252
86 330
86 466
87 213
87 384
88 477
89 171
89 219
90 325
90 419
91 130
91 480
92 187
92 444
93 355
94 388
94 397
95 225
95 295
96 379
97 167
97 345
98 228
98 319
99 190
99 203
100 176
100 200
101 416
101 484
102 322
102 435
104 156
104 242
105 396
105 440
106 168
107 287
107 372
108 169
108 279
109 212
109 268
110 474
111 138
111 332
112 113
112 392
113 161
114 429
114 496
115 270
115 410
116 184
116 231
117 216
117 472
118 321
118 460
119 226
120 129
120 132
121 211
122 166
122 350
123 129
123 379
124 212
124 454
125 162
125 377
126 144
126 152
127 340
127 355
128 153
128 438
130 451
131 188
131 461
133 250
133 339
134 229
135 211
135 337
136 345
136 443
137 455
137 477
138 478
139 349
139 447
140 266
140 333
141 470
142 299
142 347
143 308
145 352
145 467
146 263
147 283
147 349
148 317
149 154
150 288
150 338
151 384
151 429
152 277
153 410
155 200
155 348
156 360
157 188
157 456
158 425
158 449
159 193
159 220
160 276
160 432
162 450
163 347
164 255
164 274
165 404
165 479
166 175
167 273
168 199
169 369
170 242
171 485
172 179
172 293
174 417
174 488
175 419
176 368
177 328
177 388
178 213
178 295
179 329
180 215
180 338
181 407
182 403
183 221
183 414
184 460
185 332
185 348
187 268
189 196
189 248
190 459
191 369
191 484
192 273
193 236
194 377
194 389
195 280
195 380
197 316
197 398
198 412
198 473
199 441
201 424
202 331
204 238
204 404
205 390
205 442
206 454
207 208
207 215
208 371
209 418
210 339
214 272
216 375
217 324
217 453
218 420
218 478
219 426
220 383
221 235
223 475
224 286
224 417
225 310
227 244
227 311
228 493
229 361
230 378
230 497
231 415
232 471
233 298
233 446
234 405
234 456
235 422
236 364
237 267
238 243
239 363
239 423
240 304
241 312
241 462
243 366
244 318
245 421
246 436
249 421
251 288
251 479
254 378
255 468
256 296
257 270
258 362
259 350
261 354
261 482
262 391
262 413
264 370
264 399
265 449
266 441
267 314
269 414
269 425
271 420
272 465
274 473
276 443
277 306
278 439
279 458
280 382
281 333
282 387
282 496
283 365
284 390
285 451
286 290
287 322
289 326
290 343
291 408
292 439
293 382
294 298
294 445
297 469
299 374
300 446
301 392
301 435
302 485
303 305
304 389
305 474
306 481
307 462
308 452
309 400
309 433
310 399
311 453
313 319
313 489
314 494
315 402
315 450
316 483
318 381
320 448
320 498
321 423
323 457
324 394
325 383
326 329
328 442
330 489
331 415
334 366
336 431
336 436
337 458
342 344
342 437
343 492
344 461
346 360
346 395
351 447
354 463
356 373
357 400
357 428
358 393
359 385
363 371
367 434
367 471
370 486
373 468
375 380
376 409
381 385
386 398
386 452
387 401
391 396
395 413
402 412
403 492
411 498
416 432
424 431
426 499
427 448
427 482
428 499
434 487
438 459
440 457
464 466
470 476
476 483
486 487
488 491
494 495
500 376
501 222
-1 -1
30.9446
