1
0 45
0 283
1 264
1 278
2 97
2 273
3 11
3 96
4 7
4 25
5 50
5 87
6 358
6 423
7 434
8 10
8 252
9 393
9 496
10 257
11 206
12 86
12 296
13 94
13 315
14 94
14 200
15 142
15 379
16 268
16 439
17 38
17 212
18 255
18 480
19 104
19 293
20 91
20 293
21 125
21 275
22 108
22 486
23 259
23 469
24 221
24 289
25 465
26 375
26 487
27 370
27 463
28 86
28 380
29 167
29 341
30 376
30 463
31 285
31 316
32 112
32 132
33 140
33 461
34 317
34 351
35 329
35 366
36 49
36 366
37 88
37 382
38 322
39 265
39 377
40 268
40 290
41 377
41 420
42 43
42 136
43 333
44 61
44 246
45 280
46 47
46 179
47 116
48 257
48 294
49 87
50 375
51 204
51 495
52 251
52 445
53 90
53 151
54 169
54 243
55 229
55 250
56 109
56 253
57 180
57 344
58 221
58 238
59 171
59 246
60 436
60 476
61 489
62 303
62 381
63 119
63 400
64 81
64 182
65 139
65 328
66 205
66 340
67 77
67 84
68 412
68 493
69 144
69 271
70 320
70 499
71 150
71 470
72 259
72 317
73 130
73 416
74 158
74 233
75 415
75 445
76 128
76 228
77 476
78 115
78 467
79 165
79 178
80 328
80 420
81 244
82 101
82 152
83 248
83 282
84 168
85 459
85 488
88 300
89 223
89 484
90 356
91 167
92 351
92 367
93 309
93 468
95 447
95 479
96 131
97 480
98 239
98 468
99 255
99 431
100 207
100 359
101 216
102 229
102 401
103 187
103 290
104 412
105 319
105 462
106 165
106 225
107 120
107 372
108 438
109 188
110 347
110 383
111 125
111 304
112 269
113 332
113 353
114 209
114 422
115 307
116 360
117 124
117 272
118 202
118 369
119 457
120 350
121 245
121 473
122 326
122 376
123 428
124 450
126 200
126 360
127 223
127 310
128 479
129 186
129 346
130 220
131 410
132 235
133 282
133 336
134 214
134 271
135 199
135 406
136 457
137 326
137 436
138 171
138 421
139 325
140 233
141 154
141 444
142 301
143 174
143 247
144 181
145 278
145 401
146 231
146 446
147 196
147 334
148 346
148 488
149 202
149 492
150 299
151 254
152 227
153 219
153 254
154 396
155 188
155 349
156 217
156 470
157 158
157 300
159 215
159 490
160 337
160 405
161 245
161 270
162 448
162 471
163 388
163 451
164 239
164 315
166 226
166 421
168 250
169 218
170 285
170 381
172 325
172 352
173 222
173 460
174 418
175 196
175 314
176 338
176 460
177 298
177 467
178 184
179 210
180 392
181 203
182 197
183 272
183 384
184 441
185 324
185 357
186 438
187 350
189 443
189 482
190 394
190 473
191 321
191 352
192 273
192 355
193 391
193 489
194 284
194 385
195 391
195 483
197 242
198 387
198 392
199 260
201 260
201 334
203 408
204 303
205 385
206 395
207 332
208 286
208 382
209 281
210 400
211 344
211 452
212 261
213 312
213 458
214 456
215 434
216 288
217 353
218 249
219 349
220 409
222 442
224 238
224 274
225 368
226 231
227 475
228 426
230 294
232 340
232 484
234 267
234 357
235 263
236 307
236 452
237 383
237 428
240 301
240 424
241 302
241 389
242 258
243 281
244 498
247 497
248 455
249 390
251 487
252 426
253 465
256 347
256 496
258 277
261 279
262 295
262 485
263 466
264 339
265 306
266 335
266 379
267 378
269 454
270 310
274 387
275 466
276 331
276 390
277 493
279 363
280 474
283 327
284 373
286 459
287 343
287 356
288 430
289 432
291 393
291 394
292 305
292 453
295 427
296 449
297 361
297 432
298 318
299 316
302 384
304 330
305 451
306 342
308 311
308 413
309 414
311 447
312 485
313 367
313 410
314 369
318 458
319 481
320 439
321 403
322 435
323 443
323 477
324 423
327 416
329 368
330 497
331 442
333 365
335 398
336 472
337 425
338 413
339 396
341 386
342 397
343 419
345 402
345 437
348 456
348 490
354 355
354 454
358 402
359 478
361 399
362 378
362 491
363 371
364 403
364 407
365 424
370 395
371 429
372 437
373 374
374 477
380 483
386 389
388 449
397 440
398 427
399 492
404 453
404 486
405 464
406 446
407 411
408 450
409 469
411 429
414 481
415 440
417 464
417 498
418 475
419 462
422 431
425 495
430 499
433 472
433 494
435 455
441 474
444 461
448 494
471 491
478 482
500 230
501 123
-1 -1
3.98727
