1
0 355
0 385
1 427
1 469
2 27
2 66
3 187
3 458
4 266
4 338
5 226
5 389
6 60
6 336
7 129
7 396
8 150
8 292
9 201
9 346
10 352
10 467
11 65
11 447
12 439
12 496
13 162
13 242
14 113
14 256
15 290
15 361
16 197
16 440
17 209
17 326
18 128
18 424
19 45
19 66
20 263
20 316
21 313
21 328
22 231
22 496
23 74
23 102
24 39
24 76
25 190
25 196
26 36
26 410
27 315
28 117
28 438
29 121
29 295
30 119
30 428
31 32
31 398
32 491
33 368
33 454
34 179
34 226
35 139
35 277
36 283
37 317
37 425
38 345
38 485
39 46
40 118
40 298
41 110
41 314
42 47
42 95
43 219
43 292
44 50
44 154
45 432
46 286
47 173
48 184
48 289
49 117
49 205
50 75
51 147
51 352
52 354
52 406
53 97
53 384
54 233
54 388
55 156
55 455
56 237
56 249
57 426
57 453
58 78
58 262
59 443
59 498
60 87
61 405
61 456
62 163
62 182
63 181
63 325
64 359
64 386
65 377
67 79
67 165
68 167
68 255
69 271
69 384
70 253
70 339
71 309
71 353
72 91
72 101
73 258
73 422
74 127
75 188
76 320
77 168
77 340
78 313
79 392
80 203
80 243
81 131
81 135
82 225
82 246
83 126
83 482
84 156
84 164
85 95
85 271
86 108
86 328
87 296
88 383
88 404
89 153
89 462
90 291
90 452
91 214
92 150
92 152
93 176
93 280
94 393
94 413
96 107
96 225
97 411
98 221
98 355
99 356
99 439
100 240
100 322
101 411
102 346
103 141
103 414
104 223
104 396
105 243
105 272
106 224
106 229
107 357
108 198
109 120
109 369
110 362
111 148
111 363
112 343
112 497
113 423
114 311
114 423
115 418
115 484
116 314
116 351
118 234
119 457
120 349
121 296
122 190
122 464
123 189
123 306
124 407
124 493
125 263
125 446
126 341
127 382
128 445
129 433
130 341
130 432
131 276
132 133
132 268
133 455
134 470
134 474
135 390
136 210
136 293
137 265
137 418
138 319
138 370
139 151
140 169
140 247
141 487
142 161
142 474
143 309
143 363
144 200
144 358
145 245
145 379
146 176
146 498
147 244
148 408
149 206
149 457
151 290
152 305
153 178
154 235
155 258
155 475
157 164
157 435
158 218
158 380
159 378
159 402
160 218
160 277
161 303
162 397
163 238
165 280
166 248
166 288
167 334
168 194
169 192
170 433
170 479
171 332
171 364
172 461
172 497
173 419
174 408
174 444
175 284
175 475
177 206
177 348
178 193
179 254
180 185
180 222
181 335
182 358
183 419
183 483
184 332
185 371
186 245
186 259
187 388
188 493
189 231
191 200
191 480
192 250
193 393
194 347
195 196
195 488
197 448
198 416
199 282
199 465
201 254
202 300
202 487
203 365
204 253
204 260
205 402
207 317
207 446
208 327
208 382
209 273
210 490
211 310
211 378
212 412
212 491
213 468
213 486
214 335
215 389
215 478
216 318
216 410
217 311
217 409
219 460
220 257
220 436
221 494
222 394
223 364
224 256
227 278
227 465
228 236
228 324
229 285
230 368
230 425
232 447
232 479
233 452
234 374
235 360
236 478
237 239
238 279
239 261
240 344
241 285
241 398
242 356
244 449
246 291
247 300
248 373
249 495
250 273
251 429
251 450
252 269
252 331
255 415
257 468
259 320
260 430
261 459
262 442
264 307
264 414
265 434
266 308
267 350
267 460
268 357
269 473
270 467
270 477
272 361
274 470
274 499
275 301
275 340
276 325
278 463
279 298
281 379
281 463
282 367
283 437
284 353
286 303
287 383
287 495
288 401
289 427
293 421
294 310
294 376
295 387
297 376
297 426
299 399
299 435
301 304
302 342
302 481
304 417
305 322
306 403
307 348
308 437
312 329
312 448
315 365
316 406
318 385
319 375
321 373
321 472
323 360
323 453
324 428
326 461
327 445
329 421
330 486
331 485
333 372
333 499
334 476
336 473
337 394
337 400
338 339
342 494
343 434
344 489
345 366
347 392
349 377
350 442
351 492
354 476
359 430
366 370
367 471
369 436
371 372
374 403
375 466
380 381
381 441
386 391
387 413
390 469
391 454
395 438
395 451
397 489
399 440
400 401
404 480
405 450
407 477
409 431
412 443
415 462
416 451
417 458
420 429
420 444
422 488
424 456
431 492
441 481
449 471
459 483
464 490
466 472
482 484
500 330
501 362
-1 -1
4.04534
