1
0 40
0 223
1 116
1 183
2 62
2 210
3 91
3 298
4 169
4 292
5 66
5 89
6 7
6 260
7 115
8 89
8 232
9 54
9 211
10 109
10 190
11 129
11 143
12 211
12 292
13 95
13 246
14 178
14 251
15 95
15 143
16 114
16 171
17 149
17 288
18 152
18 217
19 84
19 189
20 261
20 266
21 112
21 175
22 87
22 273
23 30
23 131
24 27
24 78
25 136
25 181
26 64
26 191
27 173
28 106
28 284
29 60
29 132
30 236
31 42
31 196
32 80
32 165
33 157
33 252
34 118
34 277
35 44
35 269
36 109
36 155
37 75
37 119
38 82
38 257
39 281
39 291
40 242
41 97
41 238
42 244
43 51
43 209
44 124
45 180
45 184
46 66
46 290
47 101
47 202
48 276
48 280
49 203
49 209
50 191
50 212
51 269
52 91
52 152
53 108
53 225
54 146
55 228
55 270
56 71
56 182
57 217
57 296
58 73
58 204
59 193
59 235
60 104
61 127
61 159
62 203
63 123
63 214
64 200
65 177
65 187
67 84
67 256
68 125
68 160
69 175
69 219
70 75
70 128
71 266
72 253
72 274
73 250
74 197
74 267
76 86
76 261
77 147
77 156
78 132
79 117
79 194
80 128
81 199
81 248
82 285
83 223
83 230
85 213
85 240
86 284
87 120
88 99
88 149
90 201
90 205
92 147
92 173
93 126
93 140
94 197
94 260
96 129
96 206
97 212
98 104
98 295
99 205
100 252
100 279
101 162
102 168
102 177
103 125
103 229
105 142
105 230
106 180
107 188
107 255
108 251
110 144
110 159
111 137
111 218
112 140
113 138
113 174
114 161
115 235
116 137
117 183
118 142
119 262
120 242
121 141
121 258
122 148
122 238
123 126
124 130
127 278
130 202
131 270
133 263
133 268
134 138
134 241
135 215
135 287
136 254
139 189
139 206
141 144
145 256
145 278
146 233
148 246
150 162
150 221
151 226
151 271
153 221
153 264
154 156
154 160
155 199
157 273
158 176
158 228
161 240
163 179
163 298
164 208
164 216
165 181
166 201
166 239
167 194
167 259
168 170
169 296
170 247
171 275
172 185
172 190
174 272
176 265
178 231
179 299
182 289
184 255
185 192
186 192
186 241
187 250
188 294
193 227
195 200
195 279
196 268
198 204
198 249
207 210
207 248
208 239
213 289
214 271
215 282
218 237
219 237
220 232
220 287
222 243
222 262
224 281
224 282
225 286
226 275
227 247
229 299
231 283
233 263
234 293
234 297
236 267
243 277
245 249
245 264
253 254
257 276
258 286
259 283
265 297
272 294
274 295
280 290
285 293
288 291
300 244
301 216
-1 -1
18.2136
