1
0 146
0 271
1 215
1 229
2 10
2 110
3 78
3 203
4 113
4 133
5 65
5 284
6 135
6 237
7 8
7 280
8 188
9 22
9 48
10 61
11 70
11 122
12 64
12 86
13 84
13 152
14 159
14 233
15 71
15 179
16 38
16 291
17 102
17 230
18 104
18 162
19 108
19 144
20 85
20 96
21 28
21 211
22 40
23 59
23 240
24 138
24 259
25 32
25 67
26 223
26 256
27 115
27 133
28 136
29 293
29 296
30 54
30 147
31 202
31 246
32 260
33 127
33 189
34 252
34 258
35 72
35 237
36 172
36 293
37 68
37 164
38 40
39 69
39 75
41 138
41 255
42 88
42 155
43 175
43 286
44 73
44 128
45 75
45 143
46 219
46 224
47 266
47 276
48 183
49 272
49 299
50 158
50 186
51 87
51 220
52 118
52 288
53 253
53 289
54 262
55 189
55 238
56 114
56 178
57 221
57 260
58 258
58 278
59 74
60 84
60 261
61 245
62 91
62 229
63 247
63 270
64 99
65 119
66 151
66 286
67 81
68 121
69 162
70 199
71 125
72 277
73 231
74 298
76 207
76 270
77 116
77 215
78 79
79 159
80 82
80 239
82 275
83 112
83 280
85 195
86 251
87 173
88 281
89 121
89 137
90 142
90 241
91 103
92 95
92 185
93 134
93 182
94 156
94 181
95 136
96 122
97 143
97 192
98 146
98 201
99 131
100 196
100 249
101 166
101 198
102 254
103 180
104 120
105 123
105 169
106 201
106 288
107 112
107 235
108 116
109 152
109 231
110 206
111 232
111 285
113 211
114 289
115 221
117 174
117 232
118 222
119 287
120 298
123 207
124 193
124 217
125 170
126 261
126 277
127 210
128 255
129 191
129 225
130 194
130 234
131 214
132 153
132 284
134 204
135 283
137 250
139 210
139 267
140 227
140 296
141 167
141 294
142 167
144 228
145 163
145 216
147 205
148 160
148 268
149 161
149 169
150 228
150 278
151 181
153 263
154 208
154 250
155 218
156 233
157 253
157 257
158 265
160 194
161 171
163 185
164 226
165 199
165 283
166 177
168 214
168 224
170 213
171 299
172 206
173 244
174 291
175 223
176 184
176 198
177 287
178 179
180 262
182 269
183 235
184 246
186 290
187 190
187 266
188 257
190 273
191 197
192 292
193 272
195 248
196 202
197 243
200 212
200 282
203 282
204 238
205 236
208 275
209 240
209 251
212 290
213 274
216 220
217 222
218 294
219 268
225 242
226 264
227 285
230 247
234 244
236 274
239 254
241 249
242 295
243 269
245 259
248 263
252 279
264 297
265 281
267 271
273 279
276 297
292 295
300 256
301 81
-1 -1
58.2036
