1
0 70
0 285
1 76
1 217
2 188
2 291
3 175
3 243
4 17
4 220
5 63
5 153
6 129
6 295
7 212
7 264
8 207
8 255
9 61
9 206
10 88
10 134
11 135
11 258
12 120
12 189
13 33
13 36
14 203
14 286
15 113
15 216
16 39
16 90
17 135
18 95
18 252
19 140
19 252
20 54
20 136
21 147
21 254
22 190
22 291
23 124
23 206
24 87
24 243
25 153
25 232
26 118
26 172
27 223
27 226
28 156
28 161
29 91
29 165
30 42
30 270
31 78
31 210
32 125
32 180
33 63
34 42
34 118
35 48
35 91
36 50
37 81
37 297
38 237
38 264
39 154
40 139
40 175
41 180
41 185
43 146
43 288
44 260
44 261
45 164
45 172
46 124
46 193
47 129
47 141
48 231
49 106
49 155
50 84
51 100
51 198
52 111
52 205
53 154
53 156
54 212
55 203
55 274
56 148
56 277
57 113
57 210
58 207
58 240
59 66
59 195
60 127
60 161
61 214
62 72
62 130
64 166
64 236
65 193
65 221
66 249
67 85
67 281
68 176
68 178
69 184
69 197
70 278
71 222
71 237
72 229
73 182
73 214
74 103
74 245
75 204
75 245
76 186
77 265
77 276
78 111
79 217
79 238
80 130
80 251
81 230
82 119
82 162
83 112
83 259
84 100
85 176
86 112
86 297
87 152
88 268
89 165
89 272
90 202
92 209
92 298
93 98
93 294
94 164
94 184
95 157
96 123
96 273
97 123
97 158
98 192
99 141
99 246
101 103
101 151
102 265
102 289
104 170
104 256
105 257
105 268
106 201
107 197
107 242
108 160
108 266
109 182
109 236
110 238
110 260
114 239
115 142
115 290
116 247
116 290
117 288
117 299
119 249
120 194
121 166
121 178
122 233
122 255
125 186
126 209
126 282
127 219
128 158
128 239
131 136
131 213
132 195
132 223
133 240
133 251
134 138
137 202
137 213
138 174
139 211
140 279
142 263
143 198
143 231
144 185
144 266
145 253
145 272
146 234
147 261
148 218
149 205
149 224
150 181
150 254
151 287
152 282
155 283
157 204
159 281
159 285
160 256
162 292
163 188
163 220
167 174
167 280
168 227
168 293
169 171
169 269
170 228
171 242
173 232
173 235
177 244
177 295
179 215
179 296
181 262
183 271
183 287
187 234
187 248
189 262
191 225
191 283
192 263
194 225
196 218
196 298
199 244
199 273
200 235
200 279
201 299
208 228
208 253
211 275
215 271
216 247
219 229
221 226
222 230
224 269
227 289
233 296
241 277
241 294
246 275
248 284
250 258
250 293
257 276
259 278
267 284
267 286
270 274
280 292
300 114
301 190
-1 -1
2.02365
