1
0 38
0 298
1 9
2 31
2 94
3 4
3 59
4 83
5 111
5 210
6 180
6 288
7 65
7 86
8 44
8 212
9 263
10 21
10 225
11 153
11 266
12 245
12 281
13 288
13 290
14 46
14 220
15 190
15 203
16 75
16 224
17 258
17 274
18 21
18 285
19 159
19 167
20 60
20 255
22 151
22 184
23 24
23 29
24 278
25 137
25 231
26 94
26 142
27 78
27 213
28 82
28 272
29 119
30 129
30 149
31 154
32 170
32 297
33 35
33 246
34 228
34 265
35 177
36 107
36 140
37 99
37 165
38 198
39 70
39 80
40 200
40 286
41 95
41 162
42 109
42 292
43 108
43 245
44 145
45 68
45 193
46 272
47 55
47 264
48 66
48 226
49 106
49 173
50 135
50 188
51 191
51 224
52 164
52 225
53 55
53 221
54 140
54 282
56 103
56 116
57 77
57 198
58 101
58 184
59 145
60 206
61 88
61 264
62 118
62 205
63 98
63 181
64 244
64 259
65 294
66 274
67 183
67 273
68 296
69 123
69 154
70 164
71 205
71 222
72 89
72 206
73 138
73 182
74 203
74 260
75 179
76 84
76 223
77 247
78 88
79 180
79 195
80 183
81 103
81 221
82 136
83 189
84 231
85 170
85 232
86 266
87 200
87 277
89 132
90 91
90 193
91 189
92 102
92 150
93 157
93 186
95 125
96 144
96 298
97 117
97 239
98 142
99 270
100 242
100 289
101 286
102 169
104 144
104 195
105 146
105 162
106 215
107 126
108 244
109 297
110 197
110 208
111 229
112 235
112 271
113 121
113 202
114 156
114 270
115 124
115 147
116 146
117 139
118 251
119 258
120 234
120 259
121 209
122 247
122 268
123 230
124 182
125 199
126 260
127 237
127 263
128 250
128 284
129 291
130 158
130 204
131 197
131 201
132 279
133 176
133 248
134 212
134 248
135 192
136 185
137 283
138 241
139 295
141 217
141 261
143 188
143 216
147 201
148 153
149 242
150 213
151 230
152 168
152 204
155 271
155 296
156 278
157 199
158 246
159 223
160 176
160 265
161 210
161 269
163 190
163 220
165 209
166 227
166 232
167 252
168 279
169 250
171 218
171 268
172 175
172 256
173 218
174 249
174 254
175 294
177 240
178 277
178 295
179 226
181 254
185 214
186 249
187 216
187 228
191 262
192 267
194 208
194 257
196 269
196 287
202 217
207 229
207 289
211 275
211 287
214 280
215 243
219 276
219 299
222 236
227 252
233 267
233 299
234 241
235 292
236 291
237 283
238 262
238 276
239 261
240 243
251 284
253 256
253 273
255 275
257 290
280 293
281 282
285 293
300 1
301 148
-1 -1
4.08214
