1
0 209
0 427
1 79
1 326
2 96
2 461
3 195
3 793
4 650
4 756
5 367
5 757
6 84
6 450
7 222
7 305
8 160
8 522
9 485
9 773
10 184
10 393
11 543
11 722
12 15
12 405
13 555
13 662
14 348
14 443
15 596
16 247
16 426
17 383
17 582
18 224
18 312
19 303
19 557
20 313
20 553
21 349
21 552
22 78
22 684
23 114
23 619
24 540
24 646
25 475
25 643
26 606
26 797
27 460
27 744
28 530
28 574
29 375
29 527
30 370
30 565
31 265
31 438
32 85
32 395
33 464
33 552
34 418
34 743
35 236
35 761
36 60
36 576
37 210
37 587
38 310
38 401
39 654
39 770
40 196
40 362
41 225
41 497
42 196
42 747
43 289
43 585
44 69
44 397
45 62
45 180
46 335
46 479
47 519
47 660
48 193
48 539
49 74
49 350
50 388
50 496
51 126
51 506
52 365
52 486
53 261
53 289
54 346
54 392
55 530
55 797
56 316
56 410
57 437
57 568
58 455
58 639
59 73
59 98
60 103
61 169
61 393
62 543
63 80
63 778
64 140
64 663
65 586
65 616
66 217
66 575
67 325
67 791
68 417
68 752
69 241
70 233
70 497
71 361
71 763
72 459
72 518
73 537
74 715
75 371
75 396
76 238
76 716
77 608
77 746
78 119
79 122
80 422
81 321
81 369
82 99
82 592
83 161
83 463
84 185
85 428
86 458
86 700
87 281
87 374
88 137
88 561
89 245
89 327
90 732
90 736
91 588
91 782
92 285
92 786
93 136
93 313
94 531
94 771
95 593
95 699
96 121
97 257
97 798
98 436
99 293
100 563
100 672
101 112
101 385
102 568
102 604
103 708
104 632
104 684
105 175
105 740
106 159
106 286
107 536
107 698
108 125
108 231
109 288
109 480
110 299
110 433
111 767
111 790
112 213
113 362
113 434
114 148
115 347
115 679
116 575
116 697
117 309
117 550
118 189
118 444
119 374
120 216
120 726
121 269
122 200
123 638
123 776
124 215
124 252
125 383
126 485
127 488
127 737
128 131
128 655
129 597
129 712
130 132
130 134
131 259
132 691
133 503
133 560
134 486
135 556
135 792
136 178
137 171
138 162
138 700
139 248
139 476
140 165
141 242
141 742
142 171
142 366
143 268
143 333
144 592
144 632
145 351
145 557
146 249
146 528
147 456
147 565
148 252
149 268
149 659
150 276
150 713
151 381
151 492
152 527
152 757
153 364
153 733
154 331
154 736
155 344
155 506
156 446
156 678
157 264
157 298
158 511
158 610
159 544
160 400
161 648
162 356
163 667
163 696
164 581
164 651
165 204
166 273
166 721
167 690
167 731
168 505
168 779
169 707
170 260
170 596
172 278
172 645
173 522
173 673
174 354
174 652
175 628
176 266
176 720
177 380
177 436
178 317
179 247
179 631
180 701
181 243
181 359
182 384
182 749
183 722
183 798
184 297
185 598
186 214
186 445
187 398
187 692
188 199
188 361
189 296
190 666
190 779
191 300
191 560
192 534
192 786
193 318
194 360
194 680
195 474
197 202
197 468
198 329
198 528
199 232
200 687
201 208
201 283
202 654
203 584
203 643
204 745
205 364
205 564
206 213
206 716
207 675
207 799
208 229
209 578
210 537
211 237
211 614
212 301
212 621
214 753
215 220
216 450
217 377
218 293
218 758
219 541
219 706
220 686
221 525
221 533
222 523
223 345
223 376
224 659
225 290
226 322
226 558
227 622
227 634
228 471
228 599
229 674
230 696
230 735
231 607
232 784
233 516
234 239
234 689
235 401
235 791
236 746
237 680
238 353
239 311
240 731
240 749
241 280
242 577
243 672
244 521
244 546
245 263
246 286
246 466
248 480
249 750
250 346
250 493
251 435
251 693
253 378
253 481
254 302
254 790
255 478
255 624
256 524
256 610
257 646
258 321
258 488
259 315
260 354
261 706
262 422
262 670
263 279
264 287
265 688
266 768
267 507
267 571
269 640
270 307
270 308
271 447
271 512
272 332
272 624
273 673
274 342
274 669
275 605
275 626
276 310
277 320
277 408
278 382
279 324
280 734
281 474
282 754
282 765
283 739
284 641
284 751
285 704
287 656
288 703
290 638
291 418
291 608
292 626
292 741
294 606
294 741
295 501
295 633
296 499
297 357
298 385
299 793
300 781
301 625
302 521
303 754
304 469
304 729
305 694
306 473
306 587
307 595
308 511
309 629
311 542
312 711
314 650
314 714
315 419
316 642
317 372
318 771
319 440
319 718
320 378
322 656
323 661
323 753
324 502
325 675
326 454
327 586
328 457
328 760
329 538
330 647
331 341
332 743
333 794
334 653
334 697
335 342
336 487
336 649
337 376
337 415
338 481
338 491
339 429
339 699
340 484
340 728
341 570
343 503
343 504
344 723
345 412
347 612
348 629
349 719
350 732
351 760
352 611
352 686
353 623
355 473
355 504
356 781
357 652
358 399
358 457
359 559
360 513
363 681
363 784
365 449
366 406
367 682
368 439
368 627
369 783
370 493
371 683
372 407
373 541
373 682
375 570
377 641
379 532
379 651
380 647
381 583
382 555
384 773
386 509
386 544
387 636
387 658
388 745
389 612
389 649
390 397
390 573
391 583
391 725
392 561
394 491
394 692
395 558
396 710
398 564
399 620
400 738
402 501
402 637
403 548
403 594
404 484
404 551
405 671
406 772
407 465
408 431
409 508
409 619
410 581
411 494
411 567
412 520
413 431
413 690
414 444
414 774
415 482
416 526
416 622
417 751
419 708
420 500
420 520
421 423
421 777
423 441
424 462
424 642
425 460
425 667
426 796
427 483
428 601
429 730
430 500
430 617
432 623
432 766
433 668
434 579
435 778
437 514
438 724
439 454
440 775
441 630
442 590
442 794
443 664
445 718
446 735
447 728
448 452
448 772
449 582
451 627
451 795
452 536
453 597
453 620
455 799
456 572
458 539
459 576
461 467
462 602
463 691
464 545
465 658
466 701
467 547
468 494
469 648
470 515
470 685
471 591
472 512
472 571
475 566
476 676
477 490
477 788
478 607
479 759
482 531
483 693
487 553
489 765
489 776
490 688
492 598
495 601
495 677
496 676
498 510
498 763
499 677
502 613
505 739
507 577
508 635
509 538
510 719
513 529
514 723
515 715
516 774
517 727
517 748
518 603
519 630
523 674
524 616
525 569
526 628
529 766
532 548
533 756
534 758
535 549
535 789
540 710
542 662
545 671
546 554
547 665
549 711
550 589
551 738
554 714
556 734
559 600
562 635
562 744
563 611
566 644
567 721
569 618
572 724
573 655
574 702
578 600
579 695
580 657
580 768
584 669
585 634
588 761
589 755
590 792
591 770
593 709
594 687
595 762
599 703
602 633
603 618
604 617
605 705
609 640
609 702
613 720
614 717
615 670
615 694
621 663
625 681
631 639
636 725
637 668
644 769
645 727
653 707
657 698
660 683
661 762
664 705
665 759
666 726
678 709
679 795
685 704
689 787
695 789
712 785
717 764
729 783
730 755
733 775
737 780
740 767
742 777
747 796
748 780
750 769
752 787
764 782
785 788
800 713
801 330
-1 -1
1020.67
