1
0 16
0 261
1 269
1 426
2 384
2 441
3 167
3 263
4 130
4 216
5 435
5 678
6 29
6 382
7 147
7 733
8 648
9 114
9 280
10 314
10 619
11 117
11 184
12 152
12 348
13 250
13 361
14 313
14 737
15 227
15 689
16 204
17 196
17 376
18 171
18 774
19 67
19 545
20 71
20 399
21 414
21 555
22 283
22 547
23 728
23 763
24 415
24 451
25 32
25 484
26 114
26 286
27 231
27 305
28 241
28 517
29 497
30 51
30 521
31 362
31 797
32 644
33 357
33 472
34 381
34 662
35 363
35 646
36 352
36 602
37 56
37 683
38 372
38 661
39 177
39 246
40 447
40 652
41 215
41 235
42 350
42 383
43 93
43 531
44 111
44 355
45 513
45 589
46 484
46 600
47 56
47 539
48 305
48 366
49 375
49 428
50 142
50 475
51 486
52 600
52 788
53 521
53 561
54 465
54 466
55 260
55 399
57 159
57 772
58 86
58 479
59 166
59 543
60 275
60 586
61 432
61 761
62 219
62 284
63 267
63 674
64 323
64 690
65 288
65 598
66 482
66 657
67 108
68 242
68 570
69 294
69 335
70 351
70 639
71 410
72 131
72 628
73 115
73 572
74 164
74 480
75 508
75 626
76 236
76 247
77 252
77 274
78 398
78 705
79 201
79 345
80 144
80 735
81 636
81 788
82 520
82 657
83 321
83 395
84 640
84 794
85 443
85 452
86 760
87 607
87 712
88 524
88 623
89 646
89 783
90 336
90 580
91 290
91 746
92 129
92 699
93 497
94 219
94 683
95 289
95 527
96 414
96 774
97 106
97 717
98 677
98 698
99 471
99 510
100 608
100 748
101 408
101 793
102 460
102 574
103 512
103 609
104 601
104 637
105 311
105 586
106 676
107 441
107 777
108 785
109 651
109 754
110 427
110 579
111 421
112 262
112 680
113 192
113 731
115 337
116 231
116 567
117 540
118 498
118 634
119 297
119 371
120 126
120 270
121 175
121 197
122 523
122 695
123 179
123 249
124 606
124 785
125 387
125 749
126 275
127 299
127 584
128 462
128 575
129 751
130 425
131 458
132 334
132 361
133 300
133 621
134 173
134 293
135 140
135 193
136 549
136 727
137 160
137 670
138 222
138 457
139 279
139 320
140 667
141 684
141 749
142 794
143 150
143 291
144 252
145 682
145 766
146 339
146 345
147 293
148 245
148 282
149 402
149 425
150 239
151 717
151 730
152 511
153 378
153 716
154 343
154 782
155 682
155 725
156 269
156 762
157 407
157 702
158 200
158 346
159 194
160 506
161 444
161 663
162 743
162 768
163 322
163 388
164 767
165 177
165 622
166 675
167 198
168 174
168 630
169 540
169 711
170 179
170 318
171 423
172 248
172 528
173 417
174 638
175 279
176 639
176 709
178 242
178 610
180 464
180 645
181 251
181 780
182 315
182 380
183 499
183 736
184 301
185 213
185 264
186 310
186 397
187 719
187 778
188 461
188 577
189 302
189 624
190 485
190 747
191 336
191 720
192 719
193 775
194 714
195 324
195 342
196 356
197 379
198 510
199 311
199 740
200 318
201 368
202 206
202 741
203 477
203 509
204 502
205 562
205 622
206 325
207 352
207 656
208 392
208 455
209 258
209 491
210 413
210 548
211 602
211 700
212 226
212 445
213 626
214 493
214 782
215 538
216 665
217 306
217 615
218 561
218 703
220 634
220 724
221 446
221 757
222 570
223 377
223 504
224 595
224 691
225 500
225 665
226 251
227 699
228 469
228 537
229 410
229 419
230 513
230 668
232 339
232 689
233 285
233 335
234 239
234 732
235 382
236 649
237 518
237 535
238 528
238 752
240 304
240 587
241 557
243 655
243 728
244 287
244 705
245 645
246 676
247 696
248 447
249 764
250 696
253 317
253 592
254 257
254 581
255 418
255 741
256 715
256 725
257 515
258 669
259 309
259 771
260 773
261 332
262 686
263 621
264 359
265 576
265 647
266 612
266 718
267 538
268 532
268 790
270 472
271 576
271 660
272 297
272 668
273 370
273 516
274 478
276 582
276 753
277 386
277 446
278 288
278 703
280 778
281 298
281 393
282 673
283 365
284 442
285 470
286 761
287 604
289 669
290 654
291 721
292 544
292 755
294 747
295 474
295 536
296 463
296 633
298 643
299 651
300 409
301 319
302 461
303 590
303 603
304 569
306 773
307 677
307 693
308 495
308 518
309 349
310 450
312 709
312 784
313 562
314 426
315 413
316 385
316 433
317 400
319 456
320 568
321 708
322 701
323 723
324 767
325 514
326 757
326 776
327 546
328 471
328 592
329 389
329 720
330 597
330 653
331 670
331 701
332 791
333 470
333 619
334 504
337 401
338 436
338 792
340 342
340 787
341 611
341 755
343 354
344 525
344 658
346 398
347 376
347 385
348 687
349 640
350 499
351 739
353 706
353 738
354 483
355 431
356 503
357 485
358 406
358 543
359 524
360 629
360 704
362 529
363 378
364 373
364 650
365 530
366 516
367 438
367 580
368 593
369 671
369 688
370 386
371 564
372 596
373 796
374 693
374 721
375 601
377 702
379 505
380 575
381 565
383 582
384 526
387 588
388 796
389 685
390 632
390 798
391 508
391 551
392 541
393 710
394 416
394 679
395 629
396 652
396 735
397 476
400 707
401 581
402 729
403 408
403 438
404 664
404 799
405 512
405 573
406 638
407 605
409 487
411 473
411 558
412 606
412 753
415 718
416 462
417 691
418 448
419 429
420 523
420 786
421 759
422 585
422 688
423 692
424 779
424 787
427 681
428 726
429 529
430 519
430 744
431 480
432 545
433 599
434 495
434 593
435 605
436 777
437 642
437 679
439 440
439 463
440 666
442 608
443 723
444 614
445 628
448 465
449 515
449 553
450 758
451 616
452 587
453 617
453 765
454 607
454 729
455 469
456 522
457 490
458 558
459 604
459 672
460 732
464 505
466 595
467 559
467 644
468 756
468 765
473 746
474 492
475 704
476 482
477 591
478 700
479 745
481 486
481 659
483 577
487 748
488 567
488 792
489 496
489 520
490 674
491 599
492 613
493 578
494 610
494 675
496 531
498 659
500 514
501 537
501 769
502 553
503 583
506 731
507 522
507 633
509 695
511 769
517 584
519 534
525 697
526 666
527 647
530 715
532 546
533 632
533 707
534 554
535 620
536 590
539 754
541 760
542 556
542 758
544 793
547 642
548 663
549 564
550 780
550 790
551 563
552 630
552 744
554 641
555 751
556 678
557 566
559 775
560 743
560 766
563 711
565 716
566 603
568 756
569 648
571 687
571 722
572 656
573 772
574 627
578 712
579 635
583 771
585 762
588 698
589 680
591 779
594 616
594 750
596 713
597 783
598 722
609 624
611 673
612 706
613 795
614 781
615 736
617 660
618 724
618 752
620 733
623 734
625 714
625 763
627 764
631 770
631 798
635 795
636 726
637 713
641 672
643 727
649 694
650 664
653 786
654 759
655 662
658 734
661 730
667 685
671 690
681 791
684 739
686 737
692 742
694 697
708 738
710 776
740 797
742 784
745 789
750 781
768 789
770 799
800 327
801 8
-1 -1
292.339
