1
0 319
0 420
1 23
1 628
2 650
2 668
3 378
3 652
4 496
4 520
5 64
5 235
6 400
6 414
7 415
7 771
8 443
8 721
9 386
9 769
10 514
10 536
11 543
11 691
12 127
12 728
13 494
13 599
14 356
14 662
15 303
15 630
16 364
16 713
17 89
17 588
18 509
18 745
19 336
19 358
20 221
20 277
21 288
21 481
22 660
22 757
23 766
24 601
24 688
25 40
25 671
26 363
26 462
27 274
27 551
28 30
28 269
29 567
29 614
30 527
31 184
31 664
32 466
32 700
33 586
33 747
34 390
34 583
35 189
35 199
36 208
36 230
37 359
37 550
38 292
38 526
39 329
39 662
40 341
41 464
41 738
42 146
42 268
43 250
43 551
44 603
44 607
45 226
45 735
46 398
46 443
47 250
47 404
48 357
48 549
49 313
49 420
50 380
50 714
51 391
51 475
52 582
52 674
53 517
53 684
54 696
54 795
55 177
55 562
56 394
56 780
57 434
57 677
58 525
58 670
59 600
59 685
60 267
60 694
61 489
61 774
62 119
62 731
63 85
63 711
64 292
65 95
65 321
66 644
66 682
67 194
67 785
68 179
68 349
69 223
69 340
70 152
70 577
71 89
71 217
72 281
72 749
73 310
73 571
74 600
74 774
75 124
75 630
76 140
76 337
77 207
77 397
78 317
78 535
79 679
79 741
80 550
80 781
81 144
81 555
82 105
82 416
83 573
83 797
84 177
84 582
85 171
86 251
86 584
87 293
87 675
88 369
88 419
90 469
90 596
91 287
91 384
92 339
92 791
93 395
93 612
94 573
94 787
95 553
96 185
96 351
97 337
97 656
98 259
98 645
99 128
99 279
100 135
100 284
101 140
101 342
102 324
102 399
103 173
103 765
104 373
104 661
105 761
106 171
106 272
107 128
107 665
108 385
108 646
109 464
109 475
110 195
110 242
111 241
111 408
112 450
112 461
113 192
113 777
114 289
114 410
115 495
115 596
116 362
116 556
117 470
117 732
118 389
118 418
119 277
120 137
120 202
121 383
121 470
122 262
122 705
123 329
123 433
124 558
125 205
125 232
126 323
126 542
127 142
129 339
129 768
130 203
130 509
131 340
131 408
132 636
132 703
133 565
133 745
134 601
134 795
135 660
136 534
136 653
137 634
138 338
138 560
139 265
139 344
141 214
141 248
142 591
143 430
143 493
144 163
145 238
145 393
146 433
147 327
147 485
148 248
148 396
149 562
149 645
150 531
150 559
151 199
151 309
152 240
153 698
153 702
154 406
154 515
155 283
155 482
156 212
156 281
157 206
157 478
158 328
158 449
159 223
159 328
160 377
160 553
161 652
161 762
162 348
162 799
163 752
164 528
164 727
165 637
165 726
166 232
166 428
167 380
167 750
168 294
168 361
169 230
169 664
170 283
170 421
172 305
172 747
173 209
174 285
174 365
175 455
175 651
176 412
176 424
178 609
178 717
179 701
180 343
180 460
181 479
181 603
182 608
182 716
183 497
183 610
184 766
185 776
186 306
186 609
187 263
187 461
188 432
188 718
189 421
190 401
190 622
191 547
191 794
192 525
193 286
193 423
194 742
195 338
196 410
196 610
197 237
197 255
198 486
198 657
200 580
200 690
201 488
201 724
202 355
203 358
204 253
204 789
205 448
206 644
207 326
208 373
209 299
210 491
210 620
211 538
211 683
212 568
213 506
213 763
214 490
215 257
215 796
216 483
216 694
217 680
218 242
218 297
219 351
219 556
220 650
220 715
221 264
222 738
222 748
224 402
224 627
225 319
225 606
226 246
227 474
227 729
228 395
228 684
229 502
229 772
231 705
231 710
233 326
233 450
234 387
234 523
235 471
236 446
236 565
237 785
238 333
239 347
239 545
240 257
241 439
243 307
243 501
244 263
244 517
245 293
245 779
246 564
247 325
247 739
249 676
249 791
251 505
252 457
252 719
253 667
254 302
254 593
255 280
256 288
256 733
258 362
258 504
259 409
260 495
260 635
261 658
261 723
262 291
264 675
265 655
266 346
266 529
267 484
268 489
269 278
270 333
270 689
271 731
271 743
272 789
273 613
273 712
274 316
275 634
276 366
276 687
278 522
279 758
280 318
282 290
282 669
284 307
285 755
286 570
287 467
289 593
290 352
291 626
294 775
295 533
295 621
296 607
296 796
297 559
298 327
298 386
299 487
300 568
300 787
301 513
301 689
302 500
303 755
304 398
304 606
305 548
306 366
308 584
308 608
309 615
310 589
311 422
311 699
312 611
312 732
313 348
314 474
314 720
315 541
315 742
316 392
317 344
318 659
320 453
320 485
321 690
322 401
322 413
323 476
324 512
325 434
330 678
330 708
331 741
331 790
332 538
332 743
334 552
334 641
335 388
335 458
336 476
341 586
342 506
343 547
345 431
345 526
346 781
347 563
349 671
350 765
350 793
352 460
353 454
353 722
354 714
354 777
355 435
356 441
357 788
359 543
360 381
360 707
361 435
363 672
364 569
365 711
367 750
367 786
368 561
368 757
369 497
370 414
370 625
371 642
371 709
372 539
372 617
374 472
374 493
375 477
375 651
376 483
376 773
377 673
378 532
379 655
379 713
381 542
382 383
382 625
384 385
387 425
388 754
389 519
390 718
391 393
392 518
394 624
396 739
397 636
399 437
400 624
402 499
403 436
403 638
404 778
405 581
405 726
406 519
407 481
407 692
409 687
411 427
411 566
412 531
413 528
415 641
416 456
417 576
417 666
418 423
419 654
422 759
424 754
425 760
426 440
426 537
427 740
428 640
429 704
429 783
430 523
431 585
432 693
436 775
437 669
438 510
438 577
439 554
440 784
441 674
442 563
442 640
444 520
444 648
445 701
445 756
446 700
447 478
447 555
448 793
449 452
451 590
451 592
452 744
453 541
454 661
455 792
456 724
457 677
458 548
459 527
459 619
462 503
463 602
465 567
465 703
466 725
467 665
468 594
468 659
469 682
471 790
472 695
473 668
473 729
477 487
479 595
480 590
480 698
482 637
484 772
486 773
488 693
490 619
491 695
492 592
492 719
494 663
496 721
498 516
498 569
499 649
500 643
501 530
502 623
503 604
504 696
505 623
507 572
507 792
508 557
508 746
510 656
511 688
511 763
512 575
513 589
514 602
515 685
516 580
518 797
521 686
521 717
522 579
524 585
524 753
529 736
530 598
532 734
533 733
534 706
535 761
536 626
537 740
539 653
540 575
540 605
544 681
544 753
545 629
546 566
546 764
549 595
552 632
554 704
557 629
558 702
560 751
561 744
564 621
570 760
571 771
572 616
574 686
574 712
576 736
578 692
578 707
579 618
581 605
583 758
587 778
587 794
588 611
591 667
594 764
597 663
597 799
598 680
599 676
604 699
612 616
613 767
614 783
615 643
617 628
618 780
620 648
622 627
631 635
631 654
632 649
633 681
633 723
638 722
639 728
639 784
642 710
646 746
647 697
647 798
657 715
658 670
666 782
672 788
673 798
678 779
679 756
683 716
691 730
697 751
706 762
708 786
709 737
720 748
725 770
727 782
730 759
734 735
737 752
749 769
767 770
768 776
800 275
801 463
-1 -1
505.202
