1
0 279
0 342
1 57
1 300
2 419
2 615
3 36
3 553
4 107
4 749
5 61
5 778
6 581
6 723
7 11
7 500
8 183
8 655
9 240
9 753
10 212
10 293
11 401
12 138
12 187
13 613
13 756
14 35
14 757
15 130
15 432
16 425
16 493
17 131
17 645
18 59
18 348
19 371
19 678
20 246
20 317
21 178
21 469
22 714
22 738
23 251
23 684
24 559
24 647
25 322
25 514
26 115
26 217
27 343
27 746
28 135
28 742
29 50
29 429
30 565
30 758
31 34
31 66
32 104
32 511
33 733
33 746
34 540
35 449
36 415
37 414
37 457
38 260
38 349
39 203
39 517
40 222
40 765
41 100
41 407
42 389
42 703
43 458
43 502
44 563
44 790
45 670
45 790
46 131
46 655
47 134
47 431
48 585
48 685
49 341
49 381
50 711
51 150
51 489
52 503
52 707
53 57
53 554
54 237
54 525
55 179
55 721
56 466
56 658
58 88
58 105
59 770
60 531
60 730
61 461
62 397
62 783
63 430
63 651
64 520
64 532
65 248
65 687
66 464
67 79
67 430
68 359
68 794
69 600
69 619
70 137
70 796
71 528
71 748
72 153
72 258
73 204
73 207
74 476
74 741
75 387
75 487
76 606
76 728
77 368
77 478
78 608
78 781
79 362
80 270
80 340
81 117
81 453
82 614
82 770
83 377
83 570
84 581
84 794
85 278
85 719
86 652
86 775
87 120
87 450
88 353
89 335
89 429
90 219
90 527
91 386
91 504
92 636
92 686
93 255
93 385
94 477
94 637
95 323
95 609
96 604
96 669
97 256
97 420
98 123
98 311
99 107
99 406
100 180
101 252
101 510
102 380
102 485
103 157
103 415
104 677
105 352
106 718
106 728
108 248
108 480
109 462
109 505
110 374
110 720
111 260
111 761
112 122
112 368
113 126
113 153
114 671
114 739
115 162
116 231
116 409
117 183
118 281
118 793
119 443
119 681
120 611
121 147
121 591
122 264
123 343
124 398
124 587
125 503
125 727
126 665
127 361
127 792
128 631
128 695
129 170
129 321
130 483
132 664
132 683
133 213
133 234
134 464
135 612
136 326
136 436
137 789
138 283
139 513
139 629
140 281
140 519
141 507
141 592
142 365
142 708
143 508
143 546
144 460
144 701
145 337
145 673
146 660
146 685
147 575
148 363
148 633
149 189
149 792
150 760
151 265
151 347
152 554
152 721
154 490
154 791
155 439
155 732
156 624
156 688
157 298
158 401
158 417
159 409
159 650
160 332
160 447
161 218
161 613
162 428
163 628
163 667
164 358
164 609
165 412
165 515
166 445
166 718
167 200
167 527
168 447
168 702
169 393
169 617
170 697
171 569
171 785
172 422
172 486
173 374
173 760
174 334
174 493
175 213
175 375
176 186
176 782
177 364
177 558
178 698
179 335
180 573
181 526
181 622
182 634
182 725
184 386
184 639
185 543
185 656
186 205
187 481
188 250
188 428
189 795
190 263
190 654
191 762
191 797
192 211
192 684
193 305
193 367
194 410
194 603
195 306
195 414
196 648
196 717
197 273
197 538
198 209
198 692
199 659
199 764
200 610
201 404
201 562
202 771
202 793
203 710
204 443
205 432
206 472
206 500
207 598
208 400
208 475
209 327
210 370
210 773
211 413
212 378
214 682
214 769
215 293
215 423
216 354
216 747
217 665
218 422
219 496
220 268
220 785
221 621
221 754
222 256
223 583
223 675
224 289
224 547
225 544
225 587
226 269
226 411
227 452
227 672
228 494
228 712
229 506
229 672
230 316
230 513
231 689
232 435
232 699
233 390
233 726
234 706
235 433
235 479
236 545
236 594
237 577
238 423
238 441
239 322
239 359
240 722
241 586
241 593
242 391
242 704
243 695
243 736
244 388
244 524
245 312
245 350
246 340
247 377
247 736
249 628
249 716
250 545
251 601
252 531
253 296
253 354
254 477
254 546
255 264
257 376
257 410
258 356
259 266
259 638
261 675
261 789
262 276
262 300
263 626
265 370
266 455
267 474
267 767
268 653
269 319
270 634
271 373
271 701
272 532
272 709
273 681
274 375
274 679
275 339
275 424
276 640
277 632
277 781
278 580
279 705
280 666
280 703
282 476
282 490
283 471
284 470
284 589
285 337
285 421
286 683
286 693
287 353
287 395
288 405
288 776
289 512
290 307
290 552
291 324
291 745
292 584
292 666
294 454
294 719
295 372
295 674
296 404
297 616
297 643
298 582
299 315
299 418
301 419
301 566
302 307
302 379
303 514
303 548
304 420
304 543
305 778
306 381
308 559
308 630
309 468
309 751
310 456
310 678
311 427
312 482
313 371
313 399
314 473
314 664
315 462
316 752
317 361
318 622
318 692
319 618
320 485
320 780
321 366
323 408
324 392
325 402
325 716
326 776
327 473
328 499
328 539
329 605
329 784
330 391
330 555
331 348
331 442
332 481
333 763
333 791
334 491
336 439
336 547
338 367
338 563
339 550
341 660
342 642
344 471
344 534
345 488
345 644
346 689
346 755
347 492
349 495
350 373
351 426
351 438
352 499
355 595
355 633
356 487
357 590
357 772
358 639
360 605
360 679
362 467
363 442
364 670
365 470
366 710
369 578
369 682
372 759
376 610
378 506
379 588
380 392
382 501
382 535
383 480
383 594
384 394
384 623
385 571
387 766
388 479
389 425
390 641
393 551
394 583
395 520
396 397
396 582
398 584
399 469
400 474
402 556
403 522
403 646
405 713
406 772
407 663
408 596
411 787
412 438
413 550
416 467
416 680
417 709
418 788
421 599
424 446
426 436
427 618
431 627
433 759
434 453
434 786
435 612
437 482
437 765
440 561
440 795
441 658
444 661
444 707
445 797
446 586
448 463
448 523
449 717
450 580
451 694
451 748
452 694
454 731
455 614
457 576
458 784
459 743
459 798
460 535
461 616
463 758
465 715
465 753
466 620
468 649
472 732
475 497
478 649
483 602
484 549
484 643
486 529
488 558
489 604
491 579
492 644
494 691
495 720
496 690
497 673
498 560
498 654
501 698
504 713
505 688
507 764
508 526
509 551
509 593
510 536
511 767
512 571
515 786
516 585
516 661
517 752
518 542
518 700
519 595
521 589
521 733
522 625
523 751
524 735
525 549
528 739
529 782
530 577
530 647
533 619
533 734
534 576
536 597
537 542
537 740
538 690
539 741
540 729
541 561
541 762
544 611
548 650
552 621
553 727
555 568
556 788
557 566
557 653
560 565
562 674
564 574
564 652
567 625
567 662
568 742
569 699
570 774
572 656
572 749
573 637
574 636
575 700
578 735
579 632
588 775
590 668
591 757
592 626
596 608
597 640
598 714
599 607
600 779
601 796
602 671
603 737
606 624
607 708
615 783
617 722
620 763
623 769
627 659
629 669
630 668
631 729
635 676
635 768
638 696
641 744
642 702
645 646
648 756
651 667
657 711
657 737
662 777
663 745
676 771
677 780
680 693
686 779
687 725
691 747
696 774
697 766
704 726
705 724
706 761
712 740
715 731
723 777
724 755
730 750
734 798
738 773
743 750
744 799
754 799
768 787
800 502
801 456
-1 -1
559.59
