1
0 51
0 294
1 144
1 180
2 20
2 206
3 298
3 183
4 258
4 155
5 200
5 282
6 104
6 234
7 167
7 280
8 100
8 173
9 252
9 213
10 48
10 15
11 147
11 76
12 34
12 37
13 294
14 117
14 249
15 41
16 168
16 276
17 196
17 166
18 224
18 89
19 141
19 187
20 151
21 186
21 263
22 235
22 255
23 215
23 107
24 243
24 54
25 98
25 273
26 44
26 158
27 101
27 39
28 245
28 207
29 65
29 150
30 291
30 40
31 90
31 182
32 82
32 254
33 288
33 52
34 283
35 114
35 44
36 210
36 39
37 255
38 181
38 198
40 235
41 164
42 154
42 187
43 58
43 230
45 102
45 174
46 146
46 286
47 287
47 221
48 68
49 101
49 106
50 56
50 133
51 192
52 105
53 98
53 175
54 73
55 279
55 220
56 179
57 184
57 191
58 158
59 292
59 75
60 165
60 275
61 162
61 225
62 244
62 126
63 115
63 221
64 189
64 289
65 194
66 233
66 146
67 228
67 262
68 218
69 264
69 177
70 268
70 165
71 245
71 92
72 272
72 222
73 99
74 86
74 182
75 148
76 127
77 242
77 134
78 257
78 229
79 295
79 223
80 179
80 110
81 128
81 167
82 159
83 119
83 123
84 268
84 270
85 216
85 142
86 124
87 128
87 115
88 171
88 169
89 299
90 191
91 193
91 138
92 226
93 275
93 140
94 251
94 296
95 237
95 279
96 105
96 247
97 293
97 205
99 112
100 267
102 291
103 258
103 143
104 205
106 202
107 261
108 137
108 170
109 201
109 186
110 219
111 150
111 242
112 198
113 259
113 215
114 278
116 163
116 281
117 130
118 169
118 206
119 292
120 211
120 185
121 240
121 295
122 161
122 273
123 202
124 220
125 217
125 190
126 157
127 253
129 267
129 252
130 257
131 133
131 261
132 243
132 232
134 239
135 262
135 285
136 137
136 284
138 209
139 180
139 234
140 192
141 229
142 297
143 160
144 250
145 151
147 272
148 199
149 170
149 254
152 184
152 203
153 216
153 288
154 236
155 286
156 241
156 264
157 276
159 195
160 174
161 253
162 270
163 260
164 256
166 172
168 200
171 188
172 190
173 280
175 278
176 266
176 222
177 263
178 290
178 251
181 201
183 274
185 238
188 230
189 248
193 208
194 269
195 223
196 247
197 225
197 199
203 299
204 224
204 260
207 277
208 211
209 287
210 290
212 227
212 217
213 289
214 244
214 269
218 219
226 232
227 277
228 249
231 240
231 282
233 271
236 246
237 274
238 285
239 296
241 256
246 265
248 297
250 281
259 284
265 293
266 271
283 298
300 145
301 13
-1 -1
0.072795
