1
0 2
0 246
1 55
1 184
2 289
3 28
3 150
4 136
4 126
5 269
5 23
6 229
6 197
7 265
7 148
8 82
8 146
9 104
9 155
10 109
10 254
11 109
11 253
12 16
12 44
13 57
13 235
14 212
14 257
15 259
15 293
16 225
17 258
17 19
18 43
18 299
19 295
20 33
20 198
21 194
21 182
22 260
22 269
23 116
24 62
24 283
25 247
25 249
26 64
26 65
27 201
27 105
28 218
29 227
29 243
30 220
30 44
31 96
31 256
32 224
32 203
33 252
34 78
34 141
35 57
35 296
36 160
36 286
37 89
38 280
38 255
39 214
39 184
40 84
40 87
41 68
41 146
42 251
42 216
43 208
45 176
45 226
46 133
46 202
47 281
47 103
48 249
48 164
49 284
49 189
50 270
50 200
51 296
51 219
52 178
52 194
53 66
53 215
54 168
54 137
55 173
56 297
56 74
58 268
58 158
59 69
59 185
60 177
60 261
61 106
61 165
62 209
63 114
63 93
64 213
65 103
66 278
67 288
67 186
68 110
69 154
70 153
70 140
71 292
71 237
72 274
72 260
73 129
73 226
74 77
75 107
75 119
76 264
76 111
77 135
78 145
79 112
79 115
80 121
80 142
81 139
81 112
82 262
83 297
83 213
84 219
85 138
85 291
86 172
86 270
87 115
88 203
88 93
89 281
90 294
90 278
91 202
91 231
92 268
92 162
94 163
94 221
95 258
95 231
96 248
97 244
97 234
98 128
98 160
99 113
99 279
100 180
100 125
101 168
101 214
102 272
102 206
104 151
105 282
106 159
107 131
108 255
108 197
110 188
111 135
113 250
114 167
116 207
117 227
117 233
118 182
118 169
119 271
120 212
120 179
121 124
122 152
122 156
123 220
123 188
124 167
125 152
126 251
127 277
127 247
128 139
129 259
130 134
130 239
131 195
132 210
132 250
133 205
134 153
136 158
137 180
138 238
140 222
141 248
142 276
143 285
143 228
144 198
144 217
145 287
147 243
147 181
148 277
149 193
149 171
150 236
151 222
154 293
155 236
156 229
157 161
157 257
159 223
161 199
162 193
163 172
164 256
165 298
166 186
166 174
169 183
170 233
170 204
171 196
173 275
174 290
175 263
175 285
176 178
177 238
179 254
181 262
183 224
185 218
187 289
187 252
189 290
190 209
190 294
191 276
191 266
192 244
192 263
195 221
196 273
199 228
200 292
201 273
204 239
205 266
206 264
207 246
208 234
210 211
211 237
215 284
216 261
217 242
223 275
225 240
230 282
230 267
232 240
232 245
235 267
241 265
241 279
242 291
245 272
253 286
271 280
274 287
283 299
295 298
300 37
301 288
-1 -1
0.144008
