1
0 10
0 23
1 6
1 359
2 138
2 667
3 730
3 469
4 758
4 376
5 405
5 163
6 685
7 190
7 759
8 362
8 752
9 588
9 354
10 341
11 678
11 634
12 458
12 94
13 292
13 471
14 663
14 313
15 52
15 440
16 318
16 231
17 537
17 187
18 198
18 63
19 653
19 575
20 435
20 280
21 395
21 478
22 99
22 246
23 132
24 266
24 368
25 316
25 88
26 78
26 42
27 265
27 397
28 749
28 169
29 130
29 202
30 135
30 33
31 159
31 491
32 428
32 734
33 753
34 122
34 691
35 431
35 755
36 343
36 556
37 218
37 508
38 716
38 220
39 652
39 310
40 83
40 121
41 457
41 562
42 129
43 537
43 125
44 344
44 331
45 408
45 531
46 777
46 119
47 389
47 152
48 703
48 600
49 672
49 688
50 598
50 674
51 785
51 339
52 231
53 781
53 504
54 627
54 315
55 72
55 244
56 701
56 393
57 661
57 176
58 338
58 722
59 650
59 579
60 217
60 290
61 663
61 413
62 464
62 638
63 658
64 463
64 416
65 596
65 745
66 270
66 200
67 390
67 237
68 708
68 230
69 643
69 336
70 128
70 384
71 402
71 99
72 219
73 796
73 568
74 585
74 719
75 744
75 153
76 524
76 503
77 323
77 467
78 755
79 569
79 763
80 169
80 125
81 529
81 241
82 267
82 630
83 606
84 761
84 380
85 562
85 180
86 198
86 263
87 321
87 115
88 261
89 267
89 422
90 409
90 187
91 339
91 753
92 176
92 451
93 728
93 394
94 635
95 594
95 181
96 350
96 622
97 421
97 754
98 454
98 495
100 375
100 373
101 349
101 499
102 490
102 700
103 194
103 196
104 279
104 457
105 686
105 559
106 237
106 763
107 659
107 559
108 567
108 353
109 430
109 556
110 646
110 307
111 458
111 675
112 160
112 309
113 662
113 542
114 668
114 715
115 549
116 268
116 411
117 681
117 243
118 215
118 234
119 476
120 226
120 174
121 473
122 586
123 683
123 727
124 418
124 772
126 655
126 598
127 685
127 300
128 789
129 713
130 450
131 194
131 520
132 289
133 771
133 249
134 264
134 799
135 302
136 182
136 721
137 467
137 678
138 271
139 654
139 737
140 704
140 333
141 278
141 578
142 583
142 575
143 673
143 474
144 518
144 431
145 205
145 689
146 735
146 510
147 455
147 547
148 715
148 726
149 371
149 437
150 717
150 156
151 579
151 604
152 683
153 413
154 385
154 573
155 530
155 468
156 608
157 526
157 357
158 245
158 281
159 330
160 286
161 345
161 542
162 794
162 625
163 498
164 557
164 337
165 749
165 247
166 193
166 720
167 617
167 427
168 734
168 632
170 526
170 425
171 199
171 522
172 591
172 351
173 483
173 626
174 499
175 229
175 649
177 406
177 374
178 256
178 607
179 448
179 577
180 612
181 325
182 538
183 455
183 709
184 402
184 404
185 475
185 441
186 525
186 214
188 515
188 719
189 784
189 248
190 288
191 250
191 543
192 398
192 206
193 236
195 664
195 417
196 437
197 284
197 560
199 245
200 649
201 263
201 775
202 523
203 757
203 478
204 472
204 684
205 512
206 360
207 294
207 600
208 714
208 765
209 273
209 690
210 396
210 365
211 281
211 297
212 541
213 706
213 486
214 278
215 752
216 433
216 623
217 500
218 688
219 765
220 374
221 669
221 303
222 257
222 387
223 323
223 740
224 578
224 665
225 549
225 628
226 488
227 264
227 376
228 429
228 633
229 718
230 587
232 706
232 444
233 465
233 633
234 696
235 774
235 771
236 419
238 736
239 291
239 609
240 282
240 434
241 533
242 776
242 607
243 736
244 743
246 274
247 492
248 652
249 521
250 336
251 401
251 489
252 361
252 319
253 577
253 254
254 724
255 310
255 380
256 796
257 393
258 289
258 656
259 567
259 318
260 406
260 660
261 553
262 643
262 481
265 566
266 570
268 372
269 601
269 347
270 428
271 464
272 680
272 570
273 733
274 386
275 412
275 295
276 391
276 673
277 477
277 786
279 773
280 610
282 544
283 716
283 606
284 613
285 452
285 714
286 581
287 647
287 729
288 505
290 312
291 632
292 658
293 689
293 445
294 624
295 514
296 646
296 524
297 388
298 398
298 513
299 313
299 703
300 501
301 490
301 438
302 377
303 568
304 438
304 571
305 456
305 697
306 666
306 563
307 326
308 403
308 322
309 626
311 625
311 744
312 631
314 385
314 677
315 335
316 338
317 550
317 638
319 616
320 332
320 474
321 680
322 452
324 580
324 501
325 469
326 353
327 535
327 766
328 792
328 487
329 621
329 782
330 571
331 364
332 535
333 487
334 531
334 497
335 704
337 541
340 710
340 602
341 668
342 525
342 349
343 640
344 645
345 519
346 518
346 756
347 547
348 533
348 684
350 561
351 502
352 661
352 751
354 365
355 410
355 553
356 493
356 593
357 558
358 516
358 440
359 483
360 656
361 564
362 523
363 783
363 645
364 776
366 627
366 554
367 590
367 777
368 597
369 695
369 693
370 442
370 750
371 676
372 720
373 650
375 630
377 550
378 793
378 624
379 527
379 415
381 407
381 682
382 569
382 610
383 513
383 442
384 758
386 735
387 459
388 396
389 700
390 445
391 434
392 416
392 599
394 760
395 767
397 521
399 408
399 748
400 512
400 654
401 502
403 420
404 784
405 681
407 446
409 745
410 519
411 670
412 651
414 770
414 472
415 731
417 443
418 498
419 696
420 439
421 677
422 479
423 728
423 795
424 597
424 574
425 711
426 558
426 629
427 557
429 449
430 614
432 622
432 739
433 644
435 636
436 538
436 679
439 659
441 738
443 461
444 791
446 756
447 780
447 788
448 462
449 750
450 615
451 561
453 546
453 494
454 528
456 779
459 747
460 581
460 691
461 539
462 496
463 508
465 710
466 712
466 768
468 738
470 580
470 653
471 727
473 484
475 548
476 504
477 783
479 679
480 489
480 517
481 639
482 737
482 787
484 774
485 608
485 619
486 639
488 699
491 662
492 740
493 621
494 618
495 540
496 769
497 565
500 593
503 657
505 707
506 516
506 612
507 775
507 596
509 522
509 769
510 732
511 517
511 764
514 707
515 739
520 631
527 619
528 605
529 698
530 701
532 717
532 592
534 778
534 651
536 674
536 785
539 676
540 592
543 762
544 798
545 587
545 780
546 709
548 634
551 699
551 687
552 686
552 565
554 671
555 603
555 583
560 741
563 641
564 724
566 609
572 705
572 628
573 757
574 589
576 665
576 729
582 799
582 682
584 731
584 770
585 690
586 695
588 666
589 672
590 692
591 618
594 733
595 614
595 605
599 615
601 660
602 748
603 793
604 697
611 647
611 725
613 782
616 644
617 742
620 648
620 693
623 694
629 790
635 743
636 730
637 773
637 725
640 779
641 718
642 759
642 742
648 713
655 751
657 702
664 747
667 732
669 764
670 712
671 721
675 772
687 746
692 726
694 787
698 746
702 797
705 797
708 768
711 789
722 778
723 795
723 781
741 788
754 766
760 798
761 762
767 786
790 792
791 794
800 212
801 238
-1 -1
3.04614
