1
0 14
0 239
1 298
1 628
2 446
2 502
3 105
3 274
4 442
4 688
5 392
5 458
6 85
6 223
7 425
7 550
8 279
8 570
9 32
9 300
10 225
10 494
11 259
11 688
12 181
12 350
13 435
13 670
14 183
15 599
15 694
16 45
16 283
17 56
17 658
18 64
18 622
19 139
19 504
20 312
20 381
21 388
21 422
22 78
22 411
23 54
23 622
24 133
24 499
25 255
25 492
26 356
26 424
27 569
27 600
28 200
28 693
29 51
29 158
30 212
30 588
31 591
31 641
32 692
33 257
33 396
34 327
34 589
35 605
35 639
36 375
36 692
37 71
37 580
38 272
39 405
39 544
40 659
40 699
41 209
41 589
42 318
42 604
43 179
43 673
44 128
44 323
45 630
46 144
46 160
47 101
47 556
48 87
48 312
49 319
49 539
50 225
50 500
51 95
52 123
52 489
53 190
53 326
54 149
55 231
55 457
56 612
57 286
57 512
58 175
58 676
59 94
59 107
60 300
60 342
61 421
61 656
62 67
62 356
63 272
63 389
64 299
65 376
65 444
66 364
66 507
67 92
68 390
68 439
69 185
69 270
70 368
70 524
71 409
72 282
72 409
73 101
73 108
74 238
74 248
75 220
75 336
76 208
76 583
77 110
77 611
78 306
79 309
79 687
80 191
80 518
81 127
81 478
82 164
82 615
83 254
83 594
84 390
84 510
85 368
86 174
86 696
87 546
88 138
88 297
89 469
89 652
90 97
90 447
91 117
91 252
92 567
93 462
93 637
94 556
95 359
96 99
96 695
97 218
98 296
98 471
99 103
100 370
100 440
102 505
102 632
103 294
104 365
104 695
105 547
106 118
106 204
107 443
108 377
109 290
109 395
110 628
111 279
111 351
112 418
112 509
113 295
113 585
114 501
114 603
115 221
115 349
116 166
116 352
117 554
118 419
119 125
119 661
120 229
120 342
121 160
121 657
122 314
122 566
123 200
124 260
124 629
125 655
126 170
126 625
127 145
128 490
129 331
129 631
130 147
130 431
131 367
131 623
132 396
132 455
133 175
134 345
134 563
135 205
135 473
136 154
136 239
137 204
137 234
138 270
139 385
140 567
140 607
141 266
141 267
142 337
142 482
143 146
143 291
144 575
145 516
146 448
147 668
148 606
148 684
149 207
150 530
150 588
151 177
151 254
152 188
152 353
153 358
153 465
154 570
155 157
155 557
156 179
156 192
157 299
158 531
159 536
159 560
161 334
161 682
162 474
162 488
163 477
163 484
164 495
165 313
165 408
166 467
167 202
167 244
168 419
168 526
169 422
169 549
170 295
171 206
171 330
172 210
172 401
173 341
173 620
174 189
176 538
176 630
177 413
178 532
178 637
180 343
180 406
181 524
182 303
182 646
183 537
184 263
184 545
185 303
186 280
186 582
187 250
187 306
188 593
189 559
190 302
191 651
192 451
193 405
193 613
194 362
194 574
195 508
195 512
196 216
196 227
197 357
197 508
198 335
198 402
199 215
199 335
201 382
201 648
202 519
203 612
203 666
205 345
206 685
207 494
208 242
209 562
210 681
211 497
211 507
212 503
213 231
213 407
214 466
214 506
215 285
216 415
217 250
217 410
218 469
219 240
219 358
220 378
221 598
222 330
222 663
223 248
224 534
224 656
226 230
226 645
227 311
228 244
228 264
229 385
230 386
232 317
232 426
233 293
233 394
234 515
235 241
235 510
236 283
236 401
237 548
237 668
238 305
240 474
241 275
242 571
243 429
243 534
245 316
245 340
246 520
246 634
247 498
247 575
249 387
249 576
251 328
251 661
252 551
253 308
253 364
255 506
256 571
256 614
257 258
258 269
259 319
260 322
261 341
261 468
262 327
262 433
263 486
264 434
265 315
265 460
266 638
267 511
268 533
268 654
269 523
271 399
271 592
273 323
273 489
274 636
275 307
276 337
276 516
277 540
277 662
278 328
278 543
280 349
281 333
281 457
282 650
284 584
284 642
285 590
286 375
287 318
287 420
288 309
288 619
289 459
289 463
290 521
291 455
292 348
292 686
293 578
294 540
296 325
297 638
298 487
301 555
301 599
302 553
304 424
304 671
305 626
307 572
308 665
310 367
310 548
311 636
313 475
314 608
315 344
316 669
317 568
320 391
320 640
321 517
321 648
322 348
324 447
324 492
325 482
326 579
329 377
329 694
331 483
332 478
332 504
333 607
334 543
336 518
338 454
338 537
339 400
339 450
340 643
343 586
344 400
346 412
346 586
347 407
347 520
350 453
351 395
352 384
353 542
354 476
354 565
355 639
355 690
357 595
359 552
360 479
360 514
361 425
361 475
362 566
363 431
363 689
365 633
366 519
366 690
369 382
369 578
370 597
371 461
371 585
372 383
372 660
373 535
373 629
374 436
374 650
376 428
378 601
379 437
379 643
380 443
380 610
381 483
383 560
384 458
386 552
387 558
388 532
389 481
391 435
392 576
393 642
393 655
394 546
397 500
397 603
398 438
398 679
399 562
402 635
403 432
403 433
404 406
404 493
408 450
410 672
411 583
412 573
413 626
414 441
414 511
415 470
416 429
416 446
417 472
417 522
418 481
420 644
421 696
423 569
423 657
426 513
427 452
427 545
428 467
430 441
430 448
432 624
434 488
436 584
437 580
438 600
439 654
440 525
442 568
444 625
445 544
445 627
449 515
449 558
451 554
452 595
453 678
454 487
456 462
456 685
459 597
460 472
461 618
463 645
464 477
464 698
465 528
466 523
468 557
470 501
471 577
473 480
476 662
479 573
480 613
484 559
485 617
485 623
486 521
490 539
491 517
491 697
493 526
495 660
496 619
496 691
497 574
498 664
499 689
502 659
503 680
505 579
509 563
513 547
514 681
522 671
525 565
527 535
527 665
528 598
529 647
529 683
530 667
531 674
533 549
536 601
538 675
541 553
541 561
542 615
550 674
551 649
555 684
561 617
564 581
564 596
572 673
577 609
581 686
582 604
587 590
587 640
591 680
592 666
593 679
594 663
596 683
602 635
602 698
605 620
606 699
608 678
609 618
610 677
611 672
614 687
616 669
616 677
621 634
621 641
624 667
627 664
631 647
632 693
633 675
644 658
646 653
649 652
651 676
653 691
682 697
700 670
701 38
-1 -1
7.47262
