1
0 140
0 147
1 107
1 251
2 66
2 205
3 336
3 432
4 463
4 665
5 299
5 516
6 159
6 569
7 56
7 626
8 248
8 669
9 416
9 601
10 305
10 501
11 178
11 624
12 88
12 188
13 31
13 142
14 58
14 422
15 114
15 146
16 489
16 499
17 160
17 652
18 200
18 309
19 101
19 282
20 363
20 374
21 263
21 398
22 331
22 563
23 339
23 603
24 306
24 664
25 395
25 532
26 28
26 36
27 276
27 359
28 269
29 584
30 272
30 583
31 39
32 444
32 496
33 449
33 470
34 43
34 57
35 135
35 408
36 335
37 122
37 513
38 460
38 531
39 488
40 166
40 455
41 321
41 647
42 104
42 307
43 129
44 62
44 678
45 131
45 685
46 311
46 693
47 518
47 689
48 181
48 194
49 265
49 328
50 406
50 423
51 347
51 534
52 330
52 617
53 191
53 645
54 519
54 587
55 221
55 364
56 366
57 225
58 350
59 139
59 620
60 573
60 680
61 75
61 453
62 340
63 201
63 522
64 369
64 489
65 102
65 386
66 87
67 227
67 327
68 275
68 675
69 235
69 671
70 74
70 221
71 370
71 649
72 220
72 614
73 415
73 540
74 409
75 496
76 124
76 418
77 541
77 552
78 526
78 551
79 239
79 635
80 578
80 686
81 97
81 98
82 532
82 615
83 157
83 217
84 343
84 454
85 284
85 658
86 131
86 371
87 517
88 162
89 294
89 361
90 275
90 574
91 97
91 277
92 350
92 374
93 223
93 334
94 166
94 634
95 659
95 670
96 150
96 695
98 201
99 252
99 326
100 393
100 661
101 497
102 485
103 213
103 214
104 197
105 132
105 550
106 344
106 542
107 260
108 469
108 660
109 252
109 523
110 561
110 654
111 443
111 447
112 334
112 500
113 419
113 458
114 632
115 189
115 502
116 338
116 417
117 524
117 566
118 184
118 427
119 229
119 622
120 218
120 438
121 229
121 461
122 638
123 155
123 212
124 426
125 413
125 454
126 399
126 692
127 498
127 636
128 137
128 439
129 506
130 135
130 475
132 389
133 274
133 491
134 616
134 694
136 196
136 655
137 231
138 396
138 557
139 175
140 464
141 227
141 514
142 467
143 233
143 576
144 253
144 409
145 208
145 658
146 604
147 357
148 360
148 400
149 262
149 457
150 291
151 379
151 429
152 473
152 685
153 445
153 687
154 173
154 207
155 395
156 283
156 530
157 514
158 352
158 396
159 571
160 525
161 167
161 180
162 695
163 223
163 533
164 356
164 393
165 285
165 362
167 186
168 251
168 286
169 477
169 562
170 580
170 697
171 391
171 511
172 250
172 449
173 468
174 266
174 354
175 682
176 206
176 381
177 520
177 540
178 406
179 367
179 430
180 324
181 281
182 195
182 236
183 216
183 608
184 313
185 327
185 613
186 654
187 238
187 493
188 232
189 581
190 332
190 536
191 600
192 451
192 571
193 417
193 505
194 289
195 273
196 511
197 577
198 280
198 476
199 356
199 410
200 590
202 626
202 651
203 435
203 522
204 272
204 595
205 230
206 486
207 643
208 599
209 366
209 504
210 359
210 636
211 259
211 640
212 455
213 222
214 322
215 292
215 358
216 289
217 684
218 614
219 516
219 638
220 642
222 407
224 479
224 621
225 561
226 459
226 484
228 531
228 575
230 495
231 518
232 451
233 447
234 296
234 471
235 301
236 362
237 316
237 653
238 342
239 543
240 276
240 517
241 351
241 450
242 250
242 694
243 340
243 582
244 618
244 672
245 365
245 388
246 479
246 666
247 295
247 546
248 594
249 440
249 464
253 288
254 434
254 593
255 446
255 565
256 556
256 692
257 428
257 510
258 448
258 675
259 667
260 391
261 338
261 437
262 699
263 400
264 599
264 604
265 682
266 473
267 323
267 424
268 367
268 506
269 287
270 500
270 656
271 310
271 492
273 448
274 437
277 332
278 441
278 673
279 641
279 659
280 668
281 307
282 371
283 498
284 589
285 436
286 388
287 570
288 635
290 441
290 480
291 592
292 476
293 557
293 648
294 458
295 304
296 324
297 551
297 563
298 492
298 641
299 444
300 456
300 644
301 657
302 488
302 544
303 494
303 596
304 585
305 420
306 688
308 554
308 619
309 363
310 428
311 579
312 354
312 668
313 403
314 369
314 503
315 524
315 572
316 547
317 553
317 589
318 405
318 439
319 482
319 646
320 433
320 688
321 383
322 329
323 564
325 419
325 472
326 550
328 519
329 452
330 538
331 426
333 545
333 683
335 349
336 535
337 539
337 660
339 466
341 559
341 562
342 623
343 663
344 655
345 512
345 612
346 435
346 651
347 385
348 390
348 416
349 378
351 567
352 597
353 542
353 559
355 593
355 652
357 628
358 646
360 633
361 462
364 497
368 404
368 508
370 445
372 499
372 541
373 537
373 592
375 382
375 680
376 466
376 529
377 389
377 474
378 399
379 443
380 420
380 693
381 450
382 598
383 487
384 490
384 619
385 425
386 606
387 610
387 615
390 611
392 568
392 664
394 528
394 560
397 413
397 606
398 597
401 430
401 591
402 478
402 678
403 576
404 513
405 434
407 552
408 461
410 446
411 508
411 558
412 573
412 644
414 460
414 549
415 603
418 598
421 490
421 620
422 634
423 509
424 578
425 672
427 625
429 612
431 588
431 683
432 579
433 537
436 469
438 548
440 588
442 569
442 669
452 501
453 631
456 512
457 528
459 630
462 629
463 671
465 520
465 608
467 595
468 637
470 583
471 625
472 533
474 640
475 484
477 556
478 627
480 539
481 549
481 687
482 574
483 558
483 696
485 681
486 650
487 645
491 691
493 667
494 515
495 555
502 686
503 673
504 643
505 627
507 594
507 609
509 553
510 607
515 546
521 618
521 699
523 698
525 596
526 698
527 572
527 623
529 555
530 591
534 616
535 656
536 544
538 650
543 545
547 663
548 633
554 649
560 676
564 590
565 617
566 662
567 629
568 681
570 691
575 647
577 624
580 602
581 586
582 586
584 600
585 677
587 690
601 653
602 622
605 607
605 630
609 677
610 657
611 621
613 697
628 679
631 670
632 674
637 684
639 648
639 689
642 696
661 690
662 665
666 674
676 679
700 365
701 29
-1 -1
10.9222
