1
0 324
0 705
1 56
1 428
2 103
2 521
3 433
3 762
4 477
4 636
5 19
5 352
6 74
6 710
7 32
7 760
8 512
8 599
9 603
9 662
10 136
10 606
11 170
11 552
12 247
12 370
13 243
13 504
14 429
14 691
15 256
15 619
16 59
16 462
17 205
17 409
18 116
18 407
19 148
20 258
20 362
21 453
21 666
22 169
22 216
23 405
23 501
24 110
24 328
25 254
25 616
26 232
26 786
27 44
27 352
28 250
28 581
29 417
29 471
30 599
30 670
31 283
31 373
32 649
33 186
33 405
34 437
34 578
35 81
35 767
36 84
36 152
37 463
37 665
38 202
38 420
39 572
39 717
40 382
40 412
41 86
41 509
42 113
42 639
43 361
43 752
44 295
45 67
45 625
46 142
46 385
47 176
47 299
48 420
48 610
49 223
49 534
50 672
50 735
51 623
51 694
52 454
52 533
53 544
53 611
54 59
54 101
55 80
55 460
56 768
57 249
57 625
58 114
58 277
60 537
60 547
61 452
61 712
62 543
62 579
63 551
63 781
64 382
64 799
65 128
65 508
66 494
66 573
67 746
68 347
68 680
69 295
69 675
70 652
70 740
71 207
71 689
72 242
72 658
73 338
73 730
74 232
75 205
75 410
76 539
76 778
77 164
77 489
78 179
78 257
79 140
79 302
80 320
81 388
82 425
82 587
83 183
83 574
84 527
85 275
85 627
86 597
87 331
87 353
88 239
88 703
89 447
89 614
90 550
90 744
91 153
91 449
92 306
92 436
93 105
93 775
94 344
94 759
95 234
95 722
96 274
96 481
97 194
97 392
98 148
98 279
99 592
99 638
100 283
100 297
101 428
102 303
102 631
103 286
104 162
104 379
105 572
106 402
106 648
107 293
107 633
108 478
108 609
109 600
109 630
110 217
111 655
111 758
112 261
112 289
113 255
114 463
115 271
115 286
116 187
117 204
117 489
118 188
118 734
119 179
119 484
120 265
120 326
121 460
121 646
122 469
122 526
123 404
123 796
124 369
124 407
125 242
125 699
126 198
126 446
127 664
127 694
128 797
129 677
129 793
130 556
130 693
131 656
131 783
132 529
132 560
133 453
133 610
134 491
134 511
135 263
135 322
136 348
137 282
137 426
138 239
138 484
139 401
139 506
140 634
141 401
141 693
142 561
143 365
143 738
144 310
144 769
145 350
145 576
146 637
146 653
147 173
147 654
149 238
149 580
150 446
150 729
151 185
151 253
152 268
153 514
154 524
154 756
155 491
155 546
156 318
156 786
157 175
157 256
158 393
158 635
159 237
159 544
160 367
160 645
161 230
161 715
162 458
163 168
163 783
164 792
165 389
165 409
166 356
166 627
167 384
167 500
168 677
169 702
170 542
171 388
171 450
172 192
172 518
173 436
174 495
174 730
175 557
176 287
177 301
177 743
178 196
178 358
180 659
180 776
181 461
181 493
182 666
182 668
183 522
184 276
184 545
185 690
186 222
187 469
188 202
189 553
189 667
190 513
190 683
191 328
191 541
192 267
193 387
193 586
194 578
195 681
195 720
196 248
197 308
197 754
198 366
199 688
199 705
200 233
200 467
201 486
201 523
203 244
203 751
204 602
206 528
206 771
207 564
208 456
208 756
209 218
209 704
210 473
210 624
211 628
211 734
212 381
212 755
213 575
213 622
214 531
214 557
215 345
215 588
216 439
217 590
218 551
219 548
219 799
220 281
220 788
221 235
221 251
222 583
223 444
224 508
224 716
225 482
225 747
226 718
226 724
227 316
227 408
228 700
228 731
229 329
229 398
230 624
231 400
231 430
233 798
234 736
235 750
236 325
236 397
237 415
238 743
240 503
241 350
241 723
243 267
244 476
245 476
245 614
246 314
246 525
247 536
248 777
249 355
250 272
251 357
252 537
252 683
253 346
254 538
255 789
257 538
258 722
259 288
259 359
260 579
260 751
261 348
262 332
262 556
263 439
264 481
264 787
265 657
266 525
266 794
268 305
269 357
269 744
270 399
270 674
271 422
272 522
273 380
273 761
274 643
275 343
276 742
277 459
278 507
278 608
279 301
280 326
280 585
281 593
282 373
284 632
284 774
285 586
287 418
288 690
289 492
290 609
290 793
291 605
291 766
292 720
292 748
293 563
294 311
294 394
296 642
296 692
297 313
298 663
298 741
299 435
300 629
300 735
302 323
303 565
304 612
304 706
305 472
306 594
307 640
307 679
308 568
309 414
309 637
310 402
311 671
312 543
312 794
313 466
314 562
315 545
315 575
316 618
317 542
317 707
318 335
319 711
319 719
320 733
321 427
321 533
322 468
323 454
324 458
325 717
327 411
327 567
329 485
330 371
330 749
331 531
332 770
333 379
333 626
334 607
334 764
335 598
336 499
336 570
337 703
337 746
338 757
339 644
339 686
340 422
340 632
341 569
341 659
342 517
342 739
343 396
344 600
345 416
346 782
347 466
349 423
349 532
351 426
351 530
353 487
354 682
354 737
355 602
356 432
358 451
359 723
360 414
360 676
361 445
362 435
363 502
363 660
364 386
364 797
365 770
366 669
367 758
368 464
368 752
369 585
370 516
371 587
372 482
372 725
374 427
374 796
375 479
375 678
376 669
376 671
377 520
377 776
378 444
378 708
380 711
381 397
383 553
383 721
384 396
385 529
386 488
387 549
389 577
390 470
390 505
391 490
391 668
392 731
393 673
394 759
395 471
395 643
398 506
399 429
400 769
403 714
403 763
404 450
406 645
406 661
408 721
410 684
411 487
412 673
413 665
413 697
415 567
416 620
417 709
418 470
419 461
419 550
421 573
421 650
423 583
424 535
424 791
425 589
430 656
431 727
431 777
432 780
433 773
434 512
434 549
437 500
438 603
438 633
440 457
440 604
441 507
441 635
442 571
442 773
443 523
443 569
445 663
447 452
448 574
448 754
449 695
451 510
455 496
455 554
456 621
457 518
459 570
462 760
464 509
465 548
465 691
467 747
468 762
472 644
473 779
474 701
474 753
475 555
475 699
477 745
478 715
479 653
480 534
480 704
483 589
483 598
485 560
486 729
488 612
490 702
492 749
493 795
494 713
495 552
496 636
497 613
497 768
498 641
498 697
499 782
501 739
502 562
503 706
504 707
505 654
510 779
511 622
513 615
514 764
515 620
515 798
516 584
517 696
519 539
519 682
520 660
521 766
524 687
526 561
527 728
528 791
530 591
532 566
535 732
536 774
540 555
540 742
541 737
546 650
547 780
554 558
558 781
559 698
559 763
563 724
564 778
565 772
566 695
568 634
571 672
576 732
577 761
580 688
581 750
582 617
582 714
584 664
588 670
590 696
591 727
592 604
593 726
594 646
595 605
595 788
596 700
596 765
597 652
601 621
601 755
606 765
607 623
608 784
611 648
613 658
615 674
616 728
617 712
618 713
619 684
626 686
628 736
629 662
630 676
631 740
638 725
639 679
640 655
641 726
642 708
647 675
647 689
649 685
651 678
651 719
657 687
661 733
667 680
681 718
685 716
692 787
698 792
701 789
709 785
710 795
738 757
741 767
745 771
748 790
753 784
772 775
785 790
800 240
801 285
-1 -1
60.9122
