1
0 301
0 695
1 225
1 551
2 601
2 712
3 350
3 639
4 207
4 636
5 7
5 45
6 181
6 229
7 12
8 431
8 713
9 67
9 657
10 138
10 667
11 569
11 612
12 625
13 346
13 379
14 65
14 385
15 38
15 394
16 380
16 624
17 319
17 606
18 615
18 706
19 166
19 264
20 54
20 572
21 245
21 532
22 97
22 590
23 133
23 168
24 51
24 635
25 389
25 528
26 106
26 447
27 72
27 567
28 442
28 646
29 200
29 537
30 580
30 632
31 358
31 718
32 286
32 507
33 636
33 699
34 268
34 510
35 195
35 641
36 74
36 685
37 508
37 698
38 494
39 367
39 423
40 55
40 435
41 642
41 761
42 114
42 284
43 61
43 64
44 235
44 734
45 601
46 111
46 221
47 303
47 429
48 446
48 617
49 75
49 768
50 181
50 637
51 395
52 62
52 224
53 222
53 545
54 723
55 179
56 558
56 597
57 59
57 361
58 159
58 441
59 365
60 707
60 746
61 112
62 675
63 453
63 458
64 560
65 280
66 81
66 244
67 663
68 137
68 319
69 163
69 661
70 87
70 365
71 696
71 763
72 243
73 96
73 195
74 318
75 157
76 246
76 421
77 224
77 388
78 113
78 145
79 263
79 507
80 93
80 161
81 465
82 314
82 414
83 406
83 774
84 625
84 658
85 169
85 302
86 296
86 745
87 222
88 151
88 740
89 543
89 781
90 204
90 289
91 317
91 457
92 758
92 795
93 322
94 593
94 708
95 707
95 725
96 680
97 126
98 179
98 505
99 168
99 439
100 233
100 750
101 517
101 666
102 543
102 742
103 712
103 722
104 289
104 468
105 158
105 492
106 477
107 329
107 392
108 186
108 647
109 139
109 624
110 176
110 766
111 731
112 559
113 603
114 786
115 259
115 738
116 280
116 727
117 338
117 715
118 676
118 681
119 283
119 608
120 313
120 788
121 180
121 374
122 696
122 730
123 125
123 677
124 355
124 416
125 600
126 613
127 297
127 541
128 302
128 563
129 147
129 466
130 203
130 506
131 422
131 616
132 426
132 449
133 564
134 160
134 276
135 229
135 352
136 588
136 684
137 522
138 752
139 719
140 283
140 360
141 267
141 589
142 487
142 757
143 337
143 693
144 446
144 618
145 232
146 435
146 656
147 691
148 160
148 614
149 491
149 582
150 252
150 298
151 260
152 189
152 367
153 210
153 287
154 554
154 680
155 177
155 353
156 325
156 386
157 405
158 349
159 194
161 188
162 164
162 439
163 737
164 478
165 390
165 557
166 381
167 219
167 744
169 436
170 670
170 725
171 187
171 610
172 237
172 770
173 233
173 742
174 197
174 515
175 274
175 533
176 410
177 536
178 226
178 242
180 547
182 745
182 759
183 463
183 692
184 238
184 775
185 402
185 494
186 511
187 364
188 741
189 556
190 632
190 724
191 286
191 379
192 266
192 785
193 393
193 762
194 700
196 230
196 489
197 628
198 331
198 599
199 592
199 686
200 539
201 481
201 650
202 228
202 637
203 622
204 662
205 577
205 640
206 565
206 796
207 273
208 419
208 716
209 248
209 553
210 573
211 564
211 728
212 598
212 654
213 241
213 375
214 432
214 771
215 218
215 645
216 236
216 241
217 570
217 797
218 310
219 385
220 708
220 769
221 594
223 412
223 445
225 743
226 467
227 234
227 436
228 501
230 690
231 496
231 586
232 411
234 734
235 370
236 488
237 416
238 384
239 360
239 414
240 476
240 681
242 464
243 366
244 557
245 581
246 688
247 398
247 502
248 792
249 510
249 728
250 334
250 339
251 343
251 694
252 731
253 576
253 662
254 477
254 694
255 333
255 788
256 315
256 765
257 373
257 733
258 400
258 552
259 382
260 463
261 332
261 646
262 309
262 351
263 368
264 658
265 587
265 652
266 776
267 481
268 525
269 584
269 773
270 418
270 430
271 323
271 544
272 395
272 522
273 527
274 568
275 732
275 784
276 717
277 445
277 585
278 382
278 561
279 491
279 550
281 371
281 372
282 664
282 785
284 766
285 472
285 647
287 633
288 468
288 787
290 548
290 640
291 458
291 619
292 434
292 526
293 627
293 775
294 493
294 654
295 305
295 796
296 783
297 566
298 482
299 432
299 749
300 517
300 724
301 705
303 609
304 403
304 546
305 651
306 622
306 767
307 456
307 607
308 493
308 595
309 685
310 311
311 759
312 363
312 778
313 644
314 530
315 404
316 384
316 562
317 620
318 391
320 683
320 702
321 344
321 487
322 719
323 740
324 451
324 618
325 700
326 531
326 666
327 467
327 670
328 675
328 684
329 422
330 504
330 645
331 480
332 488
333 471
334 358
335 378
335 729
336 608
336 701
337 665
338 374
339 525
340 567
340 678
341 529
341 695
342 490
342 634
343 609
344 437
345 668
345 710
346 483
347 389
347 781
348 726
348 760
349 556
350 545
351 588
352 635
353 596
354 524
354 569
355 596
356 378
356 520
357 542
357 733
359 470
359 780
361 528
362 387
362 714
363 388
364 721
366 531
368 752
369 433
369 730
370 772
371 713
372 383
373 397
375 762
376 500
376 741
377 496
377 498
380 629
381 778
383 768
386 651
387 771
390 448
391 473
392 425
393 475
394 451
396 718
396 770
397 744
398 417
399 452
399 679
400 548
401 407
401 518
402 795
403 750
404 631
405 551
407 617
408 634
408 686
409 410
409 571
411 789
412 549
413 638
413 643
415 427
415 711
417 532
418 544
419 743
420 499
420 672
421 454
423 626
424 555
424 790
425 568
426 590
427 648
428 489
428 723
429 773
430 623
431 498
433 682
434 582
437 509
438 450
438 653
440 462
440 504
441 721
442 540
443 553
443 782
444 664
444 701
447 660
448 739
449 516
450 763
452 748
453 550
454 697
455 513
455 643
456 490
457 575
459 519
459 703
460 562
460 591
461 503
461 514
462 521
464 669
465 592
466 597
469 538
469 642
470 779
471 480
472 578
473 653
474 542
474 739
475 570
476 589
478 616
479 627
479 669
482 619
483 715
484 486
484 753
485 514
485 787
486 703
492 702
495 581
495 754
497 690
497 760
499 753
500 648
501 537
502 600
503 540
505 732
506 585
508 631
509 746
511 610
512 671
512 784
513 783
515 697
516 660
518 687
519 729
520 780
521 607
523 602
523 791
524 649
526 793
527 779
529 798
530 583
533 604
534 560
534 656
535 679
535 722
536 782
538 756
539 578
541 794
546 682
547 583
549 717
552 706
554 650
555 615
558 756
559 751
561 747
563 571
565 667
566 764
572 611
573 699
574 599
574 705
575 711
576 659
577 676
579 612
579 720
580 790
584 736
586 687
587 661
591 786
594 747
595 704
598 767
602 799
603 793
604 674
605 628
605 720
606 714
611 749
613 777
614 774
620 748
621 665
621 678
623 677
626 755
629 633
630 649
630 792
638 777
639 655
641 710
644 765
652 671
655 761
657 709
659 758
663 789
668 672
673 727
673 769
674 797
683 704
688 689
689 692
691 764
693 738
698 726
709 754
716 735
735 799
736 791
737 755
751 757
772 776
794 798
800 593
801 406
-1 -1
253.929
