1
0 410
0 518
1 140
1 779
2 312
2 360
3 249
3 682
4 264
4 507
5 238
5 558
6 93
6 660
7 32
7 274
8 442
8 498
9 311
9 478
10 102
10 504
11 646
11 661
12 38
12 309
13 34
13 84
14 331
14 464
15 345
15 677
16 425
16 605
17 329
17 515
18 395
18 413
19 109
19 741
20 670
20 761
21 389
21 581
22 155
22 263
23 150
23 397
24 90
24 725
25 115
25 658
26 399
26 780
27 61
27 73
28 132
28 512
29 404
29 758
30 89
30 566
31 685
31 695
32 148
33 487
33 505
34 111
35 231
35 290
36 452
36 547
37 141
37 555
38 266
39 88
39 699
40 554
40 602
41 72
41 540
42 54
42 79
43 186
43 323
44 472
44 635
45 248
45 471
46 261
46 666
47 65
47 754
48 306
48 439
49 501
49 584
50 196
50 403
51 234
51 512
52 245
52 321
53 287
53 383
54 438
55 157
55 706
56 194
56 299
57 590
57 739
58 595
58 632
59 243
59 598
60 257
60 385
61 283
62 348
62 637
63 232
63 410
64 208
64 335
65 438
66 185
66 663
67 318
67 738
68 177
68 726
69 166
69 736
70 689
70 727
71 301
71 319
72 513
73 274
74 364
74 543
75 352
75 783
76 375
76 464
77 474
77 734
78 250
78 294
79 475
80 401
80 617
81 110
81 305
82 635
82 690
83 275
83 604
84 775
85 337
85 630
86 135
86 407
87 214
87 651
88 270
89 739
90 799
91 106
91 465
92 458
92 469
93 551
94 128
94 668
95 282
95 644
96 241
96 522
97 391
97 611
98 291
98 367
99 107
99 720
100 157
100 788
101 260
101 534
102 400
103 298
103 332
104 631
104 767
105 254
105 550
106 130
107 654
108 641
108 755
109 578
110 528
111 619
112 539
112 707
113 463
113 732
114 182
114 399
115 443
116 212
116 674
117 425
117 553
118 492
118 594
119 254
119 544
120 586
120 796
121 412
121 560
122 297
122 575
123 429
123 708
124 188
124 773
125 536
125 706
126 285
126 508
127 306
127 326
128 224
129 597
129 648
130 426
131 198
131 532
132 445
133 308
133 765
134 341
134 480
135 598
136 456
136 682
137 628
137 670
138 204
138 608
139 191
139 393
140 624
141 490
142 225
142 691
143 210
143 786
144 193
144 750
145 307
145 391
146 483
146 523
147 527
147 548
148 350
149 421
149 582
150 272
151 349
151 738
152 582
152 618
153 365
153 583
154 572
154 783
155 379
156 325
156 681
158 336
158 551
159 322
159 620
160 457
160 515
161 592
161 634
162 387
162 531
163 355
163 597
164 483
164 763
165 251
165 774
166 754
167 346
167 633
168 702
168 793
169 252
169 519
170 195
170 564
171 522
171 557
172 594
172 642
173 239
173 713
174 234
174 785
175 361
175 529
176 334
176 552
177 339
178 373
178 561
179 484
179 798
180 669
180 784
181 568
181 732
182 753
183 343
183 499
184 336
184 736
185 300
186 720
187 353
187 388
188 625
189 583
189 753
190 358
190 603
191 746
192 204
192 650
193 228
194 272
195 572
196 305
197 434
197 625
198 760
199 459
199 460
200 415
200 667
201 216
201 276
202 210
202 543
203 214
203 613
205 426
205 645
206 235
206 505
207 256
207 390
208 292
209 640
209 712
211 579
211 723
212 475
213 479
213 672
215 563
215 717
216 544
217 315
217 680
218 488
218 795
219 531
219 651
220 255
220 275
221 246
221 408
222 440
222 542
223 362
223 713
224 398
225 295
226 690
226 699
227 401
227 460
228 677
229 470
229 743
230 476
230 627
231 474
232 716
233 312
233 558
235 343
236 491
236 534
237 547
237 636
238 612
239 402
240 633
240 678
241 377
242 592
242 723
243 775
244 435
244 454
245 479
246 362
247 524
247 642
248 414
249 514
250 770
251 379
252 792
253 562
253 787
255 688
256 773
257 742
258 318
258 478
259 408
259 683
260 355
261 657
262 384
262 748
263 661
264 513
265 414
265 751
266 316
267 455
267 580
268 328
268 774
269 747
269 759
270 784
271 606
271 616
273 673
273 704
276 646
277 498
277 710
278 584
278 656
279 649
279 788
280 486
280 620
281 288
281 443
282 722
283 301
284 575
284 793
285 608
286 504
286 629
287 613
288 485
289 324
289 607
290 381
291 638
292 436
293 423
293 787
294 462
295 388
296 468
296 540
297 789
298 600
299 378
300 585
302 702
302 725
303 397
303 418
304 632
304 680
307 382
308 703
309 655
310 351
310 546
311 755
313 590
313 691
314 557
314 569
315 393
316 530
317 565
317 718
319 510
320 337
320 466
321 366
322 430
323 672
324 533
325 700
326 455
327 394
327 412
328 331
329 667
330 576
330 652
332 431
333 589
333 745
334 596
335 394
338 381
338 769
339 523
340 586
340 624
341 776
342 418
342 648
344 417
344 763
345 798
346 752
347 709
347 777
348 489
349 631
350 700
351 511
352 786
353 559
354 520
354 795
356 449
356 751
357 452
357 724
358 437
359 519
359 570
360 468
361 727
363 405
363 578
364 671
365 407
366 434
367 554
368 477
368 637
369 451
369 647
370 409
370 507
371 502
371 772
372 402
372 629
373 447
374 446
374 698
375 740
376 444
376 549
377 380
378 782
380 694
382 734
383 419
384 588
385 574
386 456
386 645
387 779
389 568
390 770
392 567
392 686
395 424
396 493
396 527
398 684
400 740
403 621
404 703
405 619
406 415
406 473
409 442
411 517
411 789
413 778
416 458
416 747
417 712
419 665
420 541
420 644
421 495
422 609
422 728
423 719
424 503
427 671
427 679
428 579
428 762
429 526
430 760
431 440
432 716
432 777
433 658
433 663
435 602
436 666
437 520
439 685
441 463
441 746
445 470
446 484
447 790
448 497
448 654
449 731
450 726
450 735
451 526
453 491
453 539
454 709
457 669
459 610
461 721
461 778
462 675
465 744
466 694
467 591
467 693
469 587
471 610
472 521
473 560
476 482
477 735
480 731
481 627
481 714
482 599
485 611
486 639
487 615
488 675
489 729
490 742
492 696
493 556
494 499
494 650
495 749
496 638
496 729
497 766
500 517
500 600
501 652
502 674
503 514
506 571
506 721
508 552
509 748
509 772
510 662
511 722
516 559
516 678
518 605
521 541
524 616
525 601
525 724
528 676
529 621
530 571
532 692
533 623
535 790
535 791
536 641
537 623
537 664
538 707
538 776
542 771
545 564
545 684
546 607
548 757
549 603
550 756
553 563
555 573
556 768
561 626
562 599
565 717
567 640
569 634
570 715
573 765
574 743
576 609
577 745
577 749
580 647
581 681
585 606
587 659
588 696
589 612
591 593
593 758
595 781
596 676
601 614
604 780
614 695
615 697
617 622
618 679
622 639
626 761
628 649
630 769
636 782
643 737
643 750
653 764
653 785
655 688
656 794
657 715
659 733
660 673
662 693
664 687
665 792
668 683
686 768
687 719
689 704
692 799
697 797
698 781
701 767
701 794
705 744
705 752
708 756
710 796
711 757
711 764
714 741
718 762
728 737
730 759
730 797
733 766
771 791
800 444
801 566
-1 -1
102.347
