1
0 97
0 616
1 246
1 673
2 46
2 58
3 401
3 507
4 468
4 483
5 519
5 629
6 578
6 693
7 257
7 591
8 10
8 159
9 73
9 631
10 657
11 322
11 607
12 162
12 462
13 530
13 753
14 25
14 76
15 128
15 617
16 427
16 483
17 216
17 795
18 366
18 492
19 442
19 478
20 150
20 710
21 168
21 794
22 332
22 626
23 110
23 398
24 494
24 776
25 588
26 178
26 467
27 528
27 664
28 210
28 681
29 191
29 731
30 577
30 767
31 419
31 646
32 287
32 685
33 106
33 249
34 544
34 639
35 487
35 663
36 363
36 606
37 286
37 298
38 349
38 609
39 290
39 636
40 189
40 787
41 431
41 572
42 106
42 694
43 226
43 662
44 297
44 311
45 193
45 317
46 505
47 407
47 799
48 582
48 661
49 353
49 615
50 102
50 196
51 648
51 688
52 676
52 734
53 562
53 574
54 59
54 115
55 457
55 532
56 752
56 761
57 144
57 540
58 283
59 346
60 658
60 759
61 555
61 768
62 605
62 659
63 171
63 745
64 69
64 430
65 294
65 695
66 479
66 545
67 153
67 742
68 404
68 465
69 254
70 85
70 136
71 645
71 684
72 243
72 249
73 331
74 558
74 798
75 145
75 493
76 237
77 293
77 772
78 236
78 697
79 332
79 339
80 222
80 599
81 260
81 706
82 121
82 414
83 215
83 284
84 402
84 554
85 265
86 315
86 740
87 701
87 719
88 465
88 474
89 538
89 792
90 397
90 429
91 112
91 349
92 258
92 587
93 233
93 569
94 450
94 547
95 341
95 550
96 461
96 529
97 301
98 474
98 708
99 413
99 717
100 427
100 463
101 243
101 259
102 371
103 423
103 446
104 634
104 676
105 227
105 777
107 551
107 666
108 155
108 202
109 245
109 264
110 606
111 286
111 652
112 771
113 218
113 726
114 126
114 281
115 337
116 586
116 669
117 541
117 700
118 499
118 631
119 262
119 402
120 226
120 511
121 584
122 641
122 671
123 511
123 596
124 208
124 364
125 191
125 541
126 737
127 234
127 773
128 728
129 152
129 392
130 583
130 670
131 145
131 795
132 361
132 380
133 215
133 520
134 389
134 665
135 411
135 768
136 432
137 459
137 479
138 310
138 565
139 197
139 721
140 594
140 649
141 231
141 490
142 174
142 365
143 280
143 765
144 629
146 235
146 318
147 192
147 683
148 324
148 405
149 447
149 584
150 165
151 321
151 612
152 524
153 314
154 225
154 683
155 653
156 644
156 789
157 489
157 501
158 296
158 342
159 528
160 572
160 718
161 269
161 709
162 656
163 270
163 340
164 313
164 785
165 385
166 211
166 633
167 594
167 755
168 724
169 375
169 613
170 462
170 512
171 275
172 592
172 735
173 400
173 420
174 526
175 459
175 794
176 267
176 582
177 228
177 745
178 733
179 398
179 651
180 434
180 655
181 343
181 713
182 694
182 703
183 382
183 544
184 327
184 748
185 407
185 553
186 376
186 785
187 291
187 657
188 394
188 424
189 543
190 344
190 388
192 476
193 510
194 197
194 537
195 428
195 434
196 790
198 367
198 460
199 283
199 477
200 689
200 706
201 374
201 680
202 536
203 282
203 381
204 478
204 535
205 312
205 729
206 289
206 498
207 406
207 780
208 766
209 523
209 614
210 626
211 482
212 480
212 597
213 507
213 639
214 335
214 583
216 285
217 601
217 773
218 713
219 354
219 661
220 350
220 387
221 567
221 635
222 693
223 623
223 771
224 270
224 406
225 588
227 296
228 326
229 442
229 593
230 422
230 751
231 258
232 376
232 509
233 793
234 310
235 418
236 500
237 307
238 518
238 652
239 338
240 677
240 728
241 696
241 776
242 308
242 322
244 248
244 389
245 658
246 568
247 359
247 498
248 476
250 466
250 779
251 724
251 779
252 404
252 711
253 382
253 415
254 257
255 417
255 681
256 378
256 637
259 612
260 437
261 291
261 530
262 735
263 391
263 497
264 546
265 454
266 348
266 485
267 742
268 325
268 727
269 574
271 490
271 601
272 539
272 660
273 333
273 748
274 464
274 466
275 500
276 424
276 738
277 699
277 762
278 562
278 580
279 416
279 579
280 747
281 778
282 356
284 397
285 552
287 598
288 410
288 585
289 732
290 439
292 537
292 730
293 573
294 533
295 628
295 691
297 299
298 425
299 300
300 306
301 621
302 409
302 585
303 618
303 756
304 337
304 710
305 328
305 405
306 515
307 360
308 521
309 607
309 720
311 786
312 608
313 529
314 475
315 400
316 323
316 339
317 747
318 320
319 390
319 678
320 516
321 481
323 578
324 344
325 428
326 447
327 499
328 784
329 426
329 602
330 577
330 599
331 734
333 781
334 605
334 632
335 791
336 698
336 736
338 682
340 506
341 350
342 432
343 761
345 527
345 536
346 443
347 640
347 677
348 375
351 403
351 704
352 452
352 755
353 367
354 522
355 433
355 663
356 749
357 420
357 651
358 526
358 604
359 610
360 722
361 564
362 495
362 664
363 790
364 647
365 492
366 637
368 614
368 654
369 508
369 551
370 719
370 741
371 514
372 438
372 741
373 517
373 519
374 685
377 559
377 781
378 766
379 687
379 749
380 516
381 394
383 433
383 563
384 643
384 720
385 581
386 414
386 590
387 669
388 623
390 450
391 717
392 744
393 560
393 765
395 630
395 738
396 415
396 473
399 554
399 571
401 712
403 501
408 410
408 638
409 568
411 503
412 645
412 736
413 667
416 674
417 539
418 440
419 463
421 445
421 707
422 715
423 600
425 494
426 624
429 695
430 707
431 763
435 700
435 703
436 441
436 470
437 697
438 638
439 477
440 570
441 538
443 470
444 497
444 546
445 646
446 565
448 547
448 783
449 515
449 576
451 619
451 780
452 484
453 699
453 705
454 624
455 591
455 770
456 513
456 627
457 744
458 573
458 662
460 769
461 618
464 690
467 522
468 788
469 486
469 739
471 484
471 648
472 534
472 609
473 531
475 743
480 760
481 485
482 665
486 686
487 625
488 506
488 679
489 705
491 711
491 731
493 513
495 632
496 786
496 793
502 542
502 767
503 518
504 558
504 602
505 653
508 721
509 715
510 564
512 616
514 642
517 581
520 610
521 570
523 769
524 625
525 743
525 752
527 716
531 575
532 560
533 671
534 559
535 775
542 689
543 561
545 760
548 622
548 791
549 571
549 696
550 590
552 611
553 718
555 782
556 600
556 754
557 619
557 772
561 667
563 672
566 670
566 672
567 784
569 655
575 730
576 722
579 684
580 641
586 704
587 678
589 636
589 679
592 770
593 692
595 630
595 789
596 654
597 659
598 603
603 687
604 729
608 764
611 617
613 702
615 726
620 675
620 740
621 782
622 750
627 680
628 701
633 799
634 737
635 688
640 739
642 708
643 698
644 674
647 733
649 787
650 732
650 796
656 774
660 798
666 753
668 714
668 727
673 716
675 692
682 762
686 723
690 763
691 797
702 757
709 725
712 796
714 759
723 756
725 777
746 757
746 778
750 797
751 775
754 764
758 774
758 792
783 788
800 540
801 239
-1 -1
137.567
