1
0 27
0 241
1 222
1 260
2 170
2 329
3 70
3 225
4 20
4 24
5 9
5 69
6 91
6 124
7 8
7 48
8 149
9 66
10 285
10 344
11 34
11 163
12 104
12 186
13 62
13 261
14 278
14 356
15 30
15 388
16 225
16 308
17 250
17 336
18 321
18 394
19 198
19 201
20 247
21 39
21 173
22 313
22 316
23 222
23 359
24 177
25 41
25 194
26 31
26 141
27 226
28 84
28 279
29 236
29 373
30 357
31 105
32 86
32 274
33 197
33 283
34 396
35 151
35 207
36 167
36 398
37 75
37 326
38 218
38 242
39 193
40 234
40 251
41 395
42 49
42 251
43 71
43 101
44 53
44 352
45 190
45 208
46 121
46 214
47 153
47 373
48 376
49 392
50 61
50 382
51 84
51 117
52 89
52 328
53 136
54 271
54 394
55 114
55 214
56 256
56 302
57 245
57 363
58 268
58 367
59 300
59 367
60 93
60 136
61 266
62 126
63 181
63 277
64 388
64 397
65 231
65 259
66 250
67 233
67 325
68 122
68 315
69 74
70 83
71 103
72 191
72 324
73 189
73 319
74 391
75 182
76 92
76 237
77 303
77 364
78 345
78 353
79 346
79 365
80 115
80 156
81 138
81 380
82 127
82 200
83 277
85 308
85 392
86 384
87 289
87 293
88 194
88 238
89 253
90 140
90 188
91 351
92 393
93 197
94 339
94 387
95 114
95 196
96 179
96 265
97 117
97 314
98 325
98 364
99 185
99 246
100 156
100 398
101 369
102 240
102 276
103 205
104 374
105 172
106 276
106 385
107 200
107 327
108 112
108 166
109 206
109 342
110 190
110 342
111 160
111 245
112 145
113 192
113 231
115 217
116 224
116 370
118 127
118 135
119 168
119 375
120 163
120 191
121 320
122 224
123 159
123 332
124 219
125 162
125 215
126 389
128 207
128 323
129 248
129 361
130 178
130 361
131 227
131 244
132 243
132 283
133 294
133 311
134 161
134 241
135 158
137 182
137 335
138 297
139 252
139 355
140 380
141 291
142 215
142 340
143 216
143 352
144 167
144 246
145 275
146 151
146 178
147 269
147 299
148 158
148 391
149 150
150 331
152 164
152 212
153 247
154 265
154 333
155 292
155 365
157 162
157 304
159 307
160 371
161 223
164 384
165 179
165 381
166 239
168 396
169 327
169 340
170 306
171 198
171 397
172 268
173 285
174 322
174 370
175 199
175 254
176 302
176 379
177 183
180 281
180 372
181 333
183 286
184 319
184 347
185 301
186 358
187 297
187 298
188 220
189 284
192 209
193 321
195 202
195 317
196 280
199 272
201 354
202 271
203 332
203 339
204 219
204 337
205 226
206 235
209 249
210 368
210 399
211 229
211 292
212 318
213 221
213 258
216 377
217 273
218 253
220 314
221 311
223 296
227 291
228 248
228 337
229 282
230 318
230 393
232 275
233 357
234 262
235 287
236 312
237 244
238 343
239 378
240 386
242 269
243 378
249 356
252 290
254 261
255 295
255 363
256 350
257 362
257 395
258 349
259 372
260 350
262 383
263 310
263 355
264 309
264 320
266 353
267 287
267 335
270 344
270 362
272 330
273 296
274 369
278 376
279 360
280 338
281 399
282 300
284 313
286 343
288 290
288 341
289 366
293 381
294 331
295 322
298 305
299 348
301 310
303 371
304 383
305 345
306 368
307 329
309 390
312 379
315 338
316 375
317 390
323 349
324 354
326 359
328 360
330 387
334 346
334 386
336 351
341 366
347 358
348 374
377 389
382 385
400 232
401 208
-1 -1
3.97859
