1
0 34
0 365
1 103
1 372
2 8
2 273
3 189
3 291
4 107
4 369
5 130
5 155
6 43
6 331
7 246
7 274
8 286
9 30
9 61
10 72
10 149
11 20
11 334
12 49
12 372
13 26
13 391
14 194
14 326
15 107
15 233
16 139
16 227
17 172
17 188
18 38
18 368
19 207
19 281
20 108
21 93
21 115
22 213
22 308
23 38
23 83
24 278
24 377
25 28
26 34
27 184
27 302
28 384
29 55
29 149
30 147
31 169
31 230
32 110
32 357
33 119
33 224
35 206
35 393
36 41
36 143
37 199
37 282
39 146
39 155
40 80
40 382
41 163
42 259
42 399
43 208
44 300
44 373
45 145
45 380
46 90
46 336
47 183
47 287
48 67
48 375
49 98
50 198
50 360
51 275
51 385
52 82
52 341
53 96
53 335
54 115
54 130
55 357
56 222
56 398
57 129
57 361
58 228
58 278
59 291
59 362
60 76
60 322
61 388
62 102
62 219
63 201
63 356
64 198
64 311
65 324
65 397
66 218
66 383
67 217
68 295
68 319
69 157
69 251
70 315
70 397
71 209
71 363
72 394
73 131
73 249
74 270
74 378
75 207
75 262
76 287
77 103
77 297
78 142
78 386
79 185
79 257
80 220
81 173
81 177
82 101
83 363
84 242
84 274
85 196
85 293
86 301
86 364
87 232
87 254
88 111
88 209
89 143
89 223
90 116
91 181
91 191
92 190
92 320
93 114
94 142
94 358
95 117
95 292
96 125
97 100
97 350
98 145
99 335
99 389
100 299
101 389
102 368
104 317
104 395
105 220
105 237
106 124
106 193
108 218
109 298
109 374
110 248
111 188
112 134
112 242
113 292
113 350
114 338
116 157
117 342
118 250
118 302
119 318
120 124
120 147
121 139
121 251
122 280
122 282
123 136
123 234
125 303
126 135
126 260
127 276
127 395
128 134
128 158
129 294
131 192
132 263
132 294
133 150
133 321
135 182
136 380
137 153
137 175
138 298
138 318
140 176
140 337
141 210
141 347
144 146
144 192
148 178
148 186
150 289
151 152
151 199
152 290
153 320
154 168
154 243
156 266
156 267
158 352
159 182
159 214
160 354
160 376
161 236
161 310
162 257
162 377
163 253
164 184
164 333
165 197
165 265
166 310
166 317
167 258
167 340
168 174
169 260
170 296
170 311
171 175
171 265
172 325
173 256
174 225
176 279
177 229
178 300
179 271
179 293
180 339
180 360
181 249
183 241
185 398
186 326
187 345
187 392
189 239
190 306
191 224
193 247
194 204
195 228
195 301
196 306
197 284
200 264
200 323
201 381
202 307
202 319
203 211
203 275
204 352
205 234
205 371
206 369
208 313
210 325
211 328
212 215
212 345
213 277
214 379
215 266
216 334
216 362
217 232
219 261
221 355
221 370
222 285
223 365
225 226
226 290
227 359
229 373
230 255
231 348
231 364
233 315
235 312
235 343
236 366
237 280
238 296
238 346
239 295
240 288
240 342
241 255
243 264
244 272
244 305
245 303
245 367
246 304
247 358
248 329
250 258
252 361
252 378
253 263
254 339
256 316
259 327
261 388
262 277
267 344
268 348
268 394
269 281
269 349
270 331
271 283
272 383
273 283
276 329
279 355
284 323
285 286
288 396
289 305
297 341
299 391
304 309
307 351
308 353
309 384
312 314
314 390
316 347
321 367
322 392
324 353
327 340
328 333
330 336
330 396
332 370
332 375
337 385
338 351
343 382
344 387
346 349
354 374
356 379
359 371
366 387
376 399
381 393
386 390
400 313
401 25
-1 -1
51.3578
