1
0 17
0 224
1 16
1 22
2 83
2 253
3 123
3 195
4 114
4 324
5 343
5 373
6 250
6 296
7 150
7 254
8 39
8 323
9 187
10 249
10 286
11 278
11 370
12 319
12 333
13 130
13 291
14 135
14 234
15 264
15 327
16 193
17 162
18 58
18 213
19 128
19 178
20 328
20 357
21 282
21 390
22 89
23 177
23 385
24 218
24 289
25 35
25 229
26 42
26 195
27 358
27 386
28 64
28 96
29 38
29 165
30 239
30 365
31 184
31 273
32 92
32 375
33 65
33 210
34 274
34 381
35 330
36 205
36 216
37 120
37 179
38 160
39 292
40 94
40 124
41 170
41 275
42 366
43 356
43 358
44 193
44 352
45 172
45 186
46 140
46 235
47 167
47 225
48 154
48 376
49 345
49 361
50 91
50 387
51 112
51 142
52 311
52 346
53 96
53 150
54 171
54 308
55 256
55 347
56 112
56 225
57 272
57 356
58 148
59 135
59 307
60 89
60 276
61 217
61 226
62 114
62 359
63 182
63 298
64 203
65 327
66 288
66 332
67 214
67 235
68 336
68 118
69 95
69 121
70 169
70 395
71 132
71 198
72 248
72 392
73 175
73 288
74 188
74 190
75 173
75 266
76 82
76 261
77 338
77 385
78 365
78 374
79 390
79 393
80 212
80 301
81 201
81 380
82 116
83 257
84 187
84 373
85 307
85 383
86 342
86 394
87 284
87 293
88 221
88 369
90 137
90 384
91 388
92 117
93 101
93 389
94 378
95 141
97 271
97 352
98 163
98 265
99 194
99 305
100 179
100 221
101 371
102 161
102 350
103 156
103 215
104 138
104 329
105 258
105 393
106 269
106 309
107 115
107 363
108 140
108 271
109 146
109 294
110 118
110 167
111 222
111 399
113 168
113 199
115 152
116 339
117 384
119 134
119 240
121 322
122 218
122 360
123 335
124 231
125 257
125 374
126 315
126 325
127 166
127 168
128 340
129 180
129 348
130 351
131 232
131 263
132 207
133 259
133 282
134 180
136 164
136 241
137 377
138 301
139 243
139 353
141 313
142 364
143 209
143 355
144 164
144 260
145 185
145 395
146 241
147 303
147 354
148 223
149 200
149 207
151 159
151 188
152 246
153 323
153 359
154 160
155 284
155 332
156 178
157 203
157 214
158 163
158 199
159 261
161 312
162 381
165 380
166 238
169 237
170 176
171 285
172 344
173 302
174 351
174 364
175 340
176 309
177 191
181 320
181 377
182 268
183 234
183 260
184 222
185 286
186 399
189 213
189 321
190 265
191 277
192 246
192 300
194 333
196 197
196 232
197 281
198 331
200 350
201 305
202 295
202 368
204 211
204 216
205 287
206 251
206 273
208 296
208 303
209 227
210 337
211 334
212 375
215 357
217 311
219 233
219 386
220 320
220 345
223 290
224 228
226 240
227 370
228 278
229 376
230 274
230 336
231 319
233 346
236 247
236 248
237 247
238 392
239 328
242 252
242 280
243 250
244 299
244 314
245 268
245 292
249 379
251 322
252 314
253 308
254 310
255 313
255 391
256 372
258 318
259 349
262 334
262 362
263 300
264 290
266 355
267 276
267 318
269 312
270 297
270 349
272 379
275 291
277 398
279 388
279 389
280 295
281 367
283 361
283 366
285 362
287 378
289 317
293 321
294 331
297 353
298 391
299 397
302 398
304 325
304 383
306 382
306 394
310 387
315 372
316 344
316 354
317 343
324 396
326 329
326 330
335 342
337 396
338 360
339 371
341 367
341 368
347 397
348 369
363 382
400 120
401 9
-1 -1
65.7413
