400 600
0 384
0 27
0 6
1 226
1 347
1 327
2 99
2 364
2 101
3 162
3 115
3 350
4 371
4 109
4 239
5 225
5 326
5 174
6 360
6 334
7 194
7 254
7 71
8 152
8 225
8 335
9 264
9 387
9 389
10 305
10 375
10 393
11 216
11 185
11 325
12 138
12 195
12 79
13 163
13 124
13 358
14 160
14 241
14 226
15 327
15 285
15 111
16 50
16 18
16 34
17 249
17 319
17 191
18 329
18 271
19 208
19 140
19 255
20 24
20 385
20 378
21 112
21 66
21 110
22 223
22 132
22 215
23 184
23 260
23 143
24 258
24 323
25 35
25 117
25 94
26 259
26 43
26 63
27 277
27 118
28 241
28 212
28 151
29 388
29 179
29 332
30 75
30 396
30 198
31 114
31 77
31 286
32 386
32 125
32 63
33 305
33 202
33 340
34 278
34 382
35 130
35 171
36 354
36 171
36 55
37 320
37 381
37 239
38 267
38 148
38 349
39 106
39 251
39 172
40 106
40 148
40 390
41 113
41 219
41 388
42 299
42 180
42 158
43 253
43 335
44 337
44 331
44 309
45 344
45 60
45 252
46 345
46 251
46 329
47 88
47 283
47 359
48 207
48 62
48 343
49 169
49 188
49 286
50 240
50 320
51 131
51 221
51 373
52 145
52 237
52 325
53 266
53 187
53 71
54 113
54 283
54 137
55 360
55 175
56 186
56 311
56 191
57 298
57 99
57 302
58 153
58 310
58 399
59 177
59 330
59 227
60 196
60 207
61 265
61 322
61 351
62 107
62 228
63 294
64 341
64 334
64 279
65 203
65 166
65 326
66 243
66 228
67 240
67 363
67 116
68 168
68 153
68 284
69 296
69 136
69 303
70 361
70 302
70 159
71 232
72 337
72 381
72 94
73 346
73 331
73 338
74 108
74 187
74 228
75 150
75 159
76 282
76 124
76 269
77 179
77 94
78 144
78 80
78 83
79 372
79 318
80 369
80 100
81 307
81 262
81 287
82 218
82 133
82 119
83 260
83 357
84 306
84 99
84 298
85 162
85 155
85 311
86 338
86 218
86 150
87 240
87 161
87 134
88 373
88 375
89 297
89 362
89 189
90 192
90 138
90 242
91 217
91 290
91 227
92 339
92 292
92 157
93 336
93 244
93 335
95 289
95 365
95 158
96 256
96 293
96 237
97 312
97 252
97 348
98 104
98 265
98 178
100 352
100 183
101 112
101 250
102 250
102 244
102 166
103 374
103 301
103 142
104 176
104 267
105 264
105 164
105 397
106 281
107 307
107 181
108 376
108 374
109 296
109 247
110 233
110 321
111 190
111 239
112 272
113 244
114 391
114 351
115 170
115 306
116 121
116 362
117 212
117 148
118 212
118 399
119 377
119 317
120 320
120 309
120 277
121 129
121 333
122 172
122 196
122 343
123 170
123 395
123 165
124 299
125 344
125 154
126 298
126 149
126 174
127 158
127 246
127 319
128 144
128 173
128 182
129 284
129 166
130 155
130 381
131 280
131 220
132 160
132 146
133 372
133 199
134 168
134 206
135 337
135 163
135 164
136 178
136 238
137 146
137 299
138 378
139 271
139 157
139 231
140 236
140 211
141 328
141 181
141 263
142 324
142 245
143 197
143 214
144 383
145 220
145 156
146 396
147 176
147 288
147 395
149 344
149 277
150 385
151 314
151 229
152 352
152 339
153 247
154 371
154 395
155 305
156 235
156 213
157 223
159 382
160 224
161 272
161 294
162 356
163 356
164 256
165 322
165 175
167 379
167 229
167 183
168 242
169 359
169 367
170 354
171 292
172 345
173 363
173 276
174 308
175 304
176 313
177 377
177 268
178 200
179 364
180 204
180 285
181 367
182 208
182 258
183 283
184 355
184 245
185 336
185 300
186 394
186 274
187 331
188 192
188 271
189 236
189 206
190 389
190 398
191 194
192 257
193 249
193 397
193 303
194 380
195 273
195 250
196 350
197 333
197 245
198 216
198 342
199 274
199 372
200 265
200 201
201 203
201 357
202 237
202 398
203 251
204 314
204 316
205 321
205 346
205 317
206 231
207 264
208 236
209 384
209 341
209 214
210 300
210 356
210 233
211 361
211 213
213 248
214 268
215 281
215 287
216 375
217 241
217 297
218 284
219 396
219 398
220 282
221 386
221 318
222 323
222 291
222 317
223 365
224 373
224 263
225 247
226 227
229 360
230 275
230 370
230 315
231 295
232 315
232 340
233 292
234 327
234 276
234 391
235 304
235 336
238 388
238 308
242 333
243 393
243 355
246 288
246 379
248 368
248 341
249 353
252 295
253 330
253 347
254 311
254 309
255 357
255 278
256 358
257 379
257 293
258 273
259 300
259 269
260 274
261 272
261 369
261 376
262 353
262 339
263 273
266 282
266 355
267 286
268 354
269 314
270 316
270 366
270 303
275 281
275 322
276 310
278 313
279 346
279 370
280 353
280 332
285 368
287 383
288 332
289 290
289 330
290 399
291 296
291 363
293 361
294 338
295 377
297 351
301 345
301 310
302 369
304 371
306 387
307 328
308 380
312 325
312 389
313 334
315 397
316 394
318 390
319 392
321 352
323 349
324 376
324 390
326 370
328 349
329 365
340 342
342 393
343 380
347 359
348 392
348 382
350 362
358 384
364 367
366 394
366 391
368 383
374 378
385 387
386 392
