400 600
0 290
0 325
0 29
1 224
1 339
1 190
2 224
2 169
2 199
3 298
3 315
3 223
4 386
4 357
4 130
5 104
5 225
5 306
6 232
6 137
6 370
7 297
7 205
7 326
8 107
8 108
8 375
9 71
9 68
9 295
10 217
10 212
10 193
11 241
11 98
11 283
12 224
12 241
12 195
13 344
13 360
13 131
14 392
14 50
14 164
15 106
15 180
15 45
16 267
16 117
16 382
17 388
17 309
17 94
18 160
18 228
18 69
19 178
19 210
19 246
20 312
20 41
20 180
21 112
21 375
21 127
22 25
22 396
22 351
23 256
23 177
23 185
24 314
24 75
24 133
25 240
25 238
26 300
26 38
26 271
27 234
27 138
27 261
28 318
28 174
28 143
29 59
29 37
30 320
30 243
30 156
31 242
31 211
31 111
32 216
32 115
32 381
33 65
33 220
33 87
34 64
34 185
34 319
35 105
35 86
35 262
36 354
36 131
36 252
37 278
37 109
38 305
38 209
39 306
39 346
39 397
40 265
40 311
40 167
41 385
41 155
42 232
42 354
42 53
43 248
43 340
43 133
44 249
44 331
44 203
45 276
45 255
46 360
46 48
46 103
47 128
47 130
47 164
48 289
48 273
49 163
49 245
49 110
50 54
50 327
51 145
51 114
51 135
52 128
52 121
52 354
53 244
53 70
54 197
54 333
55 385
55 325
55 295
56 377
56 172
56 284
57 378
57 308
57 303
58 257
58 132
58 149
59 276
59 159
60 140
60 286
60 367
61 282
61 371
61 172
62 113
62 66
62 279
63 97
63 251
63 351
64 157
64 182
65 392
65 86
66 365
66 359
67 146
67 365
67 318
68 216
68 191
69 76
69 277
70 304
70 200
71 115
71 327
72 177
72 235
72 191
73 251
73 292
73 78
74 236
74 253
74 125
75 372
75 127
76 264
76 357
77 217
77 90
77 199
78 235
78 213
79 106
79 334
79 175
80 176
80 265
80 270
81 234
81 378
81 191
82 122
82 157
82 246
83 272
83 314
83 95
84 320
84 291
84 179
85 104
85 283
85 324
86 135
87 322
87 219
88 248
88 339
88 123
89 152
89 173
89 158
90 312
90 228
91 233
91 323
91 253
92 192
92 290
92 110
93 249
93 165
93 302
94 347
94 398
95 394
95 204
96 258
96 275
96 246
97 385
97 333
98 108
98 222
99 338
99 222
99 391
100 344
100 250
100 351
101 266
101 324
101 142
102 201
102 277
102 141
103 226
103 398
104 277
105 241
105 301
106 272
107 328
107 151
108 362
109 193
109 181
110 336
111 112
111 177
112 349
113 308
113 398
114 386
114 382
115 356
116 144
116 147
116 155
117 334
117 127
118 288
118 304
118 144
119 176
119 381
119 310
120 232
120 350
120 215
121 332
121 173
122 200
122 140
123 363
123 239
124 220
124 126
124 374
125 345
125 372
126 161
126 239
128 260
129 296
129 346
129 150
130 356
131 162
132 348
132 154
133 202
134 357
134 270
134 341
135 369
136 281
136 194
136 340
137 154
137 268
138 280
138 223
139 358
139 254
139 205
140 229
141 148
141 252
142 309
142 207
143 180
143 396
144 207
145 361
145 171
146 225
146 345
147 261
147 293
148 296
148 393
149 211
149 292
150 240
150 314
151 373
151 214
152 301
152 201
153 384
153 185
153 342
154 369
155 345
156 179
156 364
157 369
158 322
158 217
159 308
159 389
160 253
160 213
161 189
161 317
162 196
162 203
163 331
163 377
164 166
165 274
165 175
166 282
166 389
167 362
167 294
168 321
168 358
168 183
169 323
169 284
170 341
170 350
170 343
171 344
171 311
172 221
173 325
174 305
174 221
175 352
176 329
178 328
178 249
179 320
181 338
181 324
182 209
182 260
183 337
183 342
184 312
184 390
184 198
186 221
186 262
186 247
187 353
187 317
187 237
188 281
188 243
188 332
189 376
189 319
190 347
190 245
192 272
192 285
193 316
194 329
194 393
195 268
195 366
196 307
196 290
197 306
197 383
198 359
198 319
199 341
200 360
201 335
202 373
202 231
203 374
204 208
204 231
205 230
206 257
206 364
206 285
207 367
208 258
208 269
209 215
210 368
210 391
211 275
212 378
212 359
213 355
214 259
214 383
215 288
216 323
218 262
218 373
218 270
219 254
219 287
220 234
222 237
223 298
225 263
226 275
226 363
227 296
227 259
227 397
228 368
229 332
229 316
230 267
230 311
231 237
233 377
233 271
235 266
236 297
236 330
238 264
238 299
239 389
240 361
242 256
242 276
243 338
244 392
244 397
245 362
247 384
247 300
248 255
250 307
250 391
251 337
252 255
254 382
256 313
257 267
258 279
259 399
260 280
261 303
263 380
263 375
264 302
265 356
266 396
268 395
269 289
269 366
271 371
273 379
273 284
274 328
274 393
278 307
278 295
279 294
280 358
281 291
282 349
283 315
285 342
286 376
286 304
287 352
287 374
288 305
289 329
291 384
292 340
293 379
293 330
294 387
297 333
298 372
299 310
299 390
300 380
301 321
302 317
303 399
309 315
310 386
313 394
313 326
316 335
318 379
321 336
322 364
326 366
327 343
330 348
331 371
334 349
335 363
336 395
337 387
339 347
343 381
346 352
348 370
350 383
353 387
353 388
355 380
355 365
361 370
367 388
368 399
376 395
390 394
