1
0 67
0 7
1 72
1 95
2 4
2 35
3 81
3 51
4 5
5 78
6 20
6 47
7 43
8 26
8 33
9 21
9 61
10 78
10 41
11 33
11 40
12 26
12 52
13 73
13 32
14 30
14 56
15 38
16 93
16 31
17 77
17 29
18 51
18 56
19 37
19 59
20 48
21 27
22 71
22 50
23 71
23 59
24 74
24 61
25 89
25 92
27 39
28 64
28 80
29 31
30 49
32 36
34 87
34 46
35 79
36 69
37 58
38 70
39 66
40 88
41 81
42 84
42 62
43 48
44 74
44 55
45 90
45 63
46 91
47 73
49 53
50 84
52 65
53 86
54 96
54 60
57 70
57 97
58 88
60 68
62 98
63 65
64 96
66 75
67 86
68 87
69 82
72 80
75 77
76 85
76 90
79 99
82 83
83 94
85 95
89 91
92 97
93 94
98 99
100 55
101 15
-1 -1
0.106359
