1
0 81
0 62
1 16
1 54
2 80
2 87
3 7
3 48
4 65
4 85
5 86
5 27
6 19
6 24
7 65
8 73
8 92
9 15
9 53
10 13
10 27
11 61
11 62
12 23
12 82
14 74
14 96
15 38
16 35
17 85
17 95
18 31
18 39
19 89
20 67
20 69
21 83
21 99
22 66
22 80
23 79
24 74
25 72
25 78
26 94
26 32
28 73
28 86
29 49
29 51
30 98
30 45
31 68
32 68
33 70
33 41
34 87
34 37
35 52
36 48
36 59
37 40
38 77
39 42
41 79
42 78
43 94
43 83
44 84
44 93
45 84
46 75
46 63
47 76
47 57
49 66
50 97
50 98
51 67
52 88
53 64
54 60
55 91
55 99
56 81
56 90
57 96
58 69
58 89
59 75
60 71
61 76
63 91
64 88
70 92
71 93
72 77
82 97
90 95
100 40
101 13
-1 -1
0.777631
