1
0 373
0 576
1 108
1 265
2 441
2 483
3 223
3 257
4 387
4 660
5 355
5 584
6 184
6 385
7 161
7 584
8 566
8 637
9 145
9 197
10 220
10 511
11 131
11 314
12 304
12 383
13 45
13 440
14 65
14 543
15 434
15 592
16 126
16 621
17 389
17 621
18 231
18 414
19 158
19 279
20 262
20 524
21 301
21 452
22 372
22 459
23 301
23 656
24 288
24 325
25 90
25 337
26 94
26 154
27 223
27 344
28 405
28 604
29 351
29 431
30 69
30 461
31 513
31 684
32 416
32 699
33 470
33 676
34 35
34 439
35 313
36 204
36 556
37 349
37 383
38 181
38 477
39 116
39 221
40 604
40 609
41 270
41 347
42 586
42 680
43 45
43 213
44 122
44 344
46 92
47 144
47 475
48 507
48 568
49 627
49 648
50 281
50 549
51 68
51 511
52 535
52 546
53 360
53 556
54 302
54 544
55 583
55 644
56 214
56 226
57 63
57 305
58 78
58 423
59 606
59 650
60 139
60 524
61 295
61 479
62 135
62 315
63 354
64 181
64 254
65 103
66 316
66 390
67 396
67 578
68 319
69 400
70 279
70 280
71 477
71 573
72 493
72 593
73 189
73 694
74 113
74 230
75 386
75 431
76 88
76 95
77 278
77 640
78 231
79 520
79 691
80 246
80 464
81 209
81 234
82 456
82 617
83 115
83 174
84 419
84 648
85 538
85 617
86 130
86 396
87 338
87 603
88 689
89 119
89 506
90 248
91 128
91 193
92 276
93 488
93 529
94 571
95 113
96 195
96 490
97 298
97 441
98 412
98 554
99 573
99 597
100 627
100 675
101 148
101 522
102 111
102 355
103 693
104 305
104 596
105 362
105 385
106 265
106 654
107 298
107 698
108 505
109 224
109 261
110 432
110 601
111 307
112 141
112 644
114 312
114 580
115 589
116 422
117 166
117 309
118 321
118 533
119 545
120 522
120 542
121 559
121 685
122 581
123 225
123 597
124 186
124 488
125 158
125 493
126 322
127 321
127 673
128 601
129 154
129 688
130 523
131 406
132 569
132 681
133 239
133 242
134 533
134 588
135 530
136 436
136 514
137 212
137 643
138 509
138 536
139 497
140 580
140 672
141 530
142 400
142 618
143 186
143 480
144 350
145 429
146 309
146 401
147 575
147 684
148 565
149 346
149 689
150 178
150 325
151 163
151 371
152 449
152 639
153 241
153 549
155 246
155 495
156 189
156 538
157 205
157 512
159 435
159 442
160 326
160 539
161 596
162 510
162 696
163 482
164 359
164 497
165 534
165 687
166 421
167 283
167 586
168 281
168 337
169 540
169 542
170 403
170 523
171 426
171 620
172 316
172 615
173 563
173 687
174 391
175 439
175 571
176 250
176 635
177 215
177 680
178 361
179 670
179 688
180 182
180 318
182 499
183 295
183 494
184 414
185 387
185 421
187 410
187 585
188 207
188 437
190 276
190 679
191 212
191 535
192 517
192 624
193 209
194 418
194 581
195 503
196 269
196 592
197 242
198 320
198 424
199 215
199 236
200 632
200 662
201 377
201 466
202 210
202 553
203 566
203 646
204 403
205 433
206 238
206 559
207 264
208 248
208 529
210 211
211 264
213 254
214 602
216 470
216 539
217 268
217 394
218 507
218 625
219 251
219 357
220 260
221 312
222 399
222 606
224 323
225 665
226 696
227 278
227 532
228 290
228 308
229 583
229 637
230 338
232 531
232 685
233 275
233 353
234 235
235 244
236 582
237 284
237 587
238 666
239 635
240 419
240 638
241 384
243 448
243 459
244 310
245 348
245 557
247 329
247 508
249 645
249 679
250 384
251 440
252 290
252 465
253 483
253 562
255 297
255 528
256 368
256 595
257 666
258 445
258 532
259 608
259 683
260 514
261 430
262 411
263 398
263 563
266 513
266 600
267 473
267 699
268 329
269 275
270 649
271 323
271 480
272 291
272 531
273 505
273 695
274 389
274 504
277 456
277 681
280 503
282 314
282 427
283 369
284 328
285 643
285 670
286 521
286 628
287 472
287 598
288 372
289 328
289 482
291 591
292 425
292 611
293 560
293 698
294 324
294 500
296 327
296 373
299 501
299 663
300 375
300 690
302 491
303 446
303 682
304 682
306 432
306 605
307 638
308 423
310 352
311 548
311 678
313 657
315 476
317 341
317 398
318 345
319 545
320 591
322 632
324 492
326 570
327 424
330 462
330 472
331 415
331 578
332 426
332 486
333 413
333 468
334 361
334 447
335 340
335 345
336 390
336 613
339 537
339 616
340 678
341 663
342 357
342 449
343 395
343 438
346 613
347 509
348 438
349 675
350 415
351 574
352 616
353 484
354 366
356 636
356 657
358 435
358 653
359 537
360 676
362 382
363 528
363 605
364 495
364 588
365 458
365 520
366 411
367 457
367 551
368 615
369 672
370 647
370 695
371 560
374 659
374 662
375 458
376 417
376 668
377 402
378 413
378 585
379 382
379 451
380 402
380 526
381 447
381 652
386 690
388 500
388 565
391 418
392 442
392 490
393 553
393 640
394 659
395 430
397 422
397 534
399 552
401 543
404 579
404 603
405 434
406 491
407 502
407 589
408 525
408 651
409 425
409 650
410 693
412 630
416 436
417 673
420 451
420 452
427 464
428 536
428 631
429 620
433 590
437 574
443 461
443 465
444 445
444 607
446 540
448 471
450 551
450 694
453 466
453 622
454 516
454 691
455 473
455 593
457 567
460 489
460 671
462 541
463 607
463 610
467 569
467 665
468 570
469 512
469 608
471 661
474 671
474 692
475 609
476 547
478 587
478 668
479 677
481 486
481 630
484 544
485 654
485 692
487 546
487 639
489 623
492 656
494 525
496 568
496 664
498 579
498 598
499 541
501 634
502 653
504 697
506 602
508 555
510 547
515 622
515 652
516 623
517 567
518 519
518 521
519 564
526 628
527 636
527 697
548 660
550 661
550 683
552 686
554 642
555 655
557 641
558 626
558 686
561 624
561 645
562 618
564 655
572 631
572 669
575 614
576 658
577 594
577 634
582 590
594 658
595 642
599 629
599 664
600 612
610 649
611 647
612 633
614 674
619 626
619 629
625 651
633 667
641 674
646 669
667 677
700 297
701 46
-1 -1
25.3643
