1
0 72
0 75
1 15
1 17
2 18
2 139
3 78
3 377
4 236
4 694
5 9
5 361
6 209
6 304
7 53
7 272
8 126
8 432
9 134
10 91
10 583
11 210
11 487
12 235
12 544
13 566
13 650
14 226
14 364
15 105
16 442
16 458
17 510
18 237
19 233
19 558
20 21
20 343
21 351
22 124
22 526
23 132
23 625
24 104
24 191
25 57
25 503
26 227
26 615
27 71
27 688
28 323
28 533
29 413
29 479
30 53
30 638
31 108
31 265
32 375
32 523
33 247
33 326
34 177
34 586
35 386
35 677
36 85
36 437
37 570
37 612
38 178
38 321
39 82
39 126
40 257
40 279
41 305
41 498
42 196
42 518
43 167
43 291
44 208
44 679
45 164
45 372
46 170
46 261
47 118
47 575
48 163
48 518
49 258
49 384
50 125
50 429
51 92
51 251
52 545
52 686
54 86
54 522
55 509
55 655
56 501
56 695
57 239
58 186
58 507
59 349
59 507
60 636
60 693
61 561
61 656
62 477
62 660
63 144
63 276
64 374
64 670
65 639
65 660
66 387
66 453
67 550
67 607
68 414
68 463
69 580
69 632
70 130
70 268
71 595
72 171
73 121
73 634
74 252
74 661
75 393
76 172
76 326
77 194
77 344
78 687
79 510
79 520
80 536
80 598
81 209
81 461
82 138
83 147
83 249
84 350
84 591
85 496
86 486
87 277
87 501
88 161
88 191
89 266
89 537
90 490
90 681
91 337
92 288
93 140
93 269
94 354
94 670
95 373
95 576
96 171
96 550
97 165
97 449
98 348
98 613
99 266
99 644
100 448
100 691
101 385
101 515
102 521
102 678
103 241
103 673
104 683
105 365
106 502
106 594
107 114
107 516
108 656
109 421
109 590
110 347
110 436
111 334
111 414
112 530
112 568
113 117
113 142
114 555
115 322
115 552
116 323
116 465
117 649
118 135
119 281
119 302
120 350
120 417
121 637
122 264
122 330
123 269
123 450
124 161
125 308
127 128
127 258
128 478
129 252
129 516
130 684
131 455
131 519
132 253
133 567
133 685
134 230
135 647
136 224
136 433
137 576
137 608
138 631
139 313
140 533
141 143
141 397
142 540
143 418
144 424
145 166
145 496
146 241
146 387
147 535
148 179
148 661
149 220
149 365
150 511
150 609
151 425
151 471
152 229
152 604
153 205
153 454
154 293
154 513
155 195
155 641
156 189
156 669
157 184
157 187
158 363
158 674
159 297
159 690
160 263
160 506
162 276
162 581
163 618
164 527
165 275
166 264
167 201
168 281
168 684
169 467
169 620
170 619
172 216
173 457
173 671
174 293
174 599
175 277
175 424
176 315
176 554
177 542
178 393
179 471
180 335
180 378
181 440
181 618
182 251
182 565
183 317
183 380
184 584
185 196
185 327
186 622
187 311
188 324
188 575
189 484
190 265
190 289
192 475
192 504
193 403
193 688
194 538
195 617
197 324
197 546
198 213
198 366
199 340
199 541
200 428
200 582
201 306
202 500
202 549
203 253
203 557
204 262
204 295
205 304
206 236
206 322
207 443
207 649
208 606
210 586
211 534
211 601
212 653
212 669
213 686
214 587
214 657
215 313
215 652
216 286
217 456
217 600
218 534
218 591
219 363
219 604
220 635
221 341
221 401
222 418
222 699
223 557
223 680
224 382
225 412
225 651
226 296
227 593
228 287
228 514
229 404
230 402
231 427
231 527
232 477
232 641
233 300
234 378
234 657
235 594
237 336
238 320
238 328
239 566
240 356
240 454
242 267
242 519
243 423
243 530
244 569
244 658
245 522
245 662
246 389
246 696
247 665
248 573
248 671
249 603
250 354
250 421
254 335
254 420
255 473
255 596
256 611
256 685
257 345
259 610
259 675
260 625
260 662
261 559
262 360
263 391
267 691
268 480
270 385
270 682
271 548
271 697
272 612
273 319
273 699
274 508
274 642
275 294
278 295
278 300
279 623
280 282
280 563
283 538
283 553
284 362
284 447
285 368
285 638
286 423
287 543
288 452
289 597
290 551
290 690
291 560
292 383
292 585
294 395
296 539
297 321
298 472
298 672
299 306
299 580
301 464
301 542
302 460
303 404
303 512
305 497
307 445
307 491
308 613
309 556
309 597
310 577
310 654
311 587
312 402
312 429
314 364
314 653
315 427
316 339
316 569
317 438
318 526
318 628
319 577
320 578
325 358
325 564
327 488
328 383
329 456
329 481
330 462
331 375
331 621
332 446
332 655
333 379
333 643
334 485
336 394
337 388
338 489
338 529
339 648
340 636
341 617
342 444
342 517
343 631
344 484
345 439
346 535
346 539
347 666
348 640
349 447
351 681
352 380
352 497
353 373
353 455
355 645
355 698
356 659
357 360
357 466
358 422
359 605
359 608
361 559
366 692
367 398
367 616
368 412
369 450
369 634
370 428
370 607
371 448
371 585
372 451
374 503
376 509
376 574
377 567
379 489
381 619
381 664
382 571
384 416
386 392
388 440
389 562
390 514
390 541
391 435
392 552
394 532
395 544
396 668
396 692
397 425
398 462
399 410
399 572
400 406
400 677
401 515
403 531
405 415
405 629
406 581
407 578
407 622
408 646
408 663
409 476
409 558
410 659
411 483
411 598
413 689
415 627
416 506
417 633
419 521
419 640
420 560
422 570
426 606
426 665
430 459
430 528
431 502
431 678
432 588
433 528
434 487
434 584
435 486
436 482
437 482
438 547
439 668
441 464
441 593
442 611
443 444
445 695
446 637
449 624
451 648
452 676
453 609
457 592
458 543
459 505
460 551
461 647
463 498
465 673
466 694
467 588
468 472
468 620
469 508
469 561
470 590
470 683
473 492
474 481
474 524
475 632
476 624
478 490
479 494
480 630
483 499
485 524
488 675
491 540
492 529
493 511
493 689
494 629
495 553
495 563
499 504
500 525
505 639
512 672
513 630
517 523
520 579
525 687
531 650
532 614
536 555
537 547
545 595
546 565
548 564
549 601
554 697
556 592
562 573
568 633
571 627
572 654
574 626
579 693
582 651
583 667
589 644
589 658
596 635
599 676
600 680
602 605
602 628
603 614
610 674
615 698
616 663
621 667
623 666
626 664
642 679
643 682
645 646
652 696
700 282
701 362
-1 -1
75.9773
