1
0 48
0 404
1 48
1 666
2 262
2 309
3 253
3 376
4 151
4 596
5 355
5 375
6 362
6 384
7 366
7 436
8 22
8 632
9 594
9 630
10 257
10 356
11 41
11 244
12 337
12 391
13 64
13 139
14 126
14 226
15 357
15 459
16 60
16 233
17 22
17 376
18 361
18 574
19 380
19 398
20 183
20 420
21 341
21 516
23 346
23 363
24 357
24 579
25 479
25 660
26 108
26 401
27 431
27 557
28 367
28 567
29 70
29 371
30 104
30 619
31 368
31 674
32 165
32 287
33 76
33 617
34 47
34 372
35 408
35 612
36 260
36 636
37 305
37 427
38 349
38 634
39 565
39 670
40 130
40 682
41 580
42 305
42 563
43 266
43 561
44 185
44 416
45 93
45 555
46 602
46 635
47 75
49 214
49 626
50 367
50 485
51 308
51 344
52 512
52 641
53 188
53 427
54 466
54 564
55 623
55 655
56 215
56 365
57 550
57 636
58 323
58 411
59 329
59 653
60 605
61 453
61 647
62 350
62 644
63 581
63 691
64 137
65 204
65 629
66 648
67 254
67 417
68 340
68 500
69 162
69 345
70 270
71 236
71 686
72 307
72 458
73 418
73 430
74 227
74 595
75 525
76 543
77 88
77 125
78 598
78 675
79 434
79 581
80 229
80 614
81 303
81 480
82 428
82 507
83 138
83 514
84 268
84 478
85 192
85 267
86 168
86 494
87 492
87 664
88 124
89 477
89 531
90 261
90 425
91 160
91 413
92 154
92 386
93 106
94 186
94 422
95 147
95 264
96 202
96 395
97 685
97 696
98 140
98 177
99 198
99 283
100 235
100 491
101 286
101 615
102 232
102 315
103 320
103 470
104 481
105 571
105 615
106 284
107 517
107 574
108 115
109 359
109 513
110 372
110 458
111 164
111 585
112 334
112 443
113 445
113 594
114 447
114 482
115 148
116 623
116 659
117 166
117 336
118 275
118 505
119 515
119 584
120 174
120 216
121 228
121 392
122 496
122 631
123 127
123 187
124 646
125 362
126 473
127 423
128 227
128 241
129 208
129 464
130 145
131 546
131 582
132 439
132 506
133 173
133 178
134 407
134 560
135 499
135 669
136 202
136 328
137 378
138 401
139 476
140 354
141 322
141 555
142 163
142 250
143 531
143 590
144 223
144 402
145 426
146 171
146 407
147 487
148 696
149 268
149 272
150 411
150 603
151 258
152 432
152 645
153 259
153 622
154 225
155 457
155 530
156 200
156 272
157 196
157 545
158 247
158 547
159 467
159 679
160 417
161 621
161 657
162 265
163 484
164 313
165 572
166 390
167 221
167 545
168 556
169 434
169 680
170 303
170 551
171 649
172 638
172 668
173 218
174 654
175 350
175 626
176 490
176 585
177 285
178 656
179 298
179 500
180 446
180 661
181 304
181 459
182 519
182 689
183 210
184 429
184 681
185 504
186 390
187 301
188 398
189 343
189 486
190 212
190 662
191 358
191 441
192 612
193 194
193 234
194 281
195 508
195 513
196 475
197 247
197 599
198 564
199 326
199 681
200 479
201 554
201 671
203 267
203 497
204 323
205 277
205 364
206 620
206 670
207 414
207 549
208 454
209 475
209 618
210 279
211 271
211 321
212 632
213 263
213 563
214 631
215 698
216 284
217 282
217 327
218 250
219 601
219 605
220 548
220 668
221 625
222 424
222 456
223 365
224 388
224 433
225 337
226 308
228 275
229 678
230 353
230 618
231 332
231 419
232 277
233 460
234 437
235 254
236 677
237 511
237 695
238 301
238 652
239 285
239 652
240 280
240 452
241 313
242 572
242 608
243 302
243 620
244 624
245 522
245 538
246 373
246 406
248 381
248 461
249 526
249 600
251 318
251 565
252 281
252 509
253 256
255 535
255 542
256 647
257 378
258 679
259 568
260 471
261 371
262 420
263 369
264 512
265 566
266 569
269 307
269 628
270 562
271 523
273 332
273 491
274 527
274 690
276 333
276 537
278 325
278 599
279 661
280 580
282 523
283 327
286 464
287 312
288 589
288 651
289 577
289 654
290 518
290 558
291 484
291 595
292 442
292 553
293 469
293 583
294 509
294 570
295 325
295 534
296 493
296 649
297 588
297 639
298 543
299 389
299 557
300 342
300 421
302 510
304 431
306 392
306 493
309 628
310 399
310 643
311 405
311 465
312 403
314 415
314 633
315 673
316 348
316 591
317 481
317 587
318 455
319 369
319 625
320 672
321 474
322 400
324 341
324 521
326 528
328 643
329 601
330 404
330 598
331 396
331 694
333 553
334 535
335 622
335 678
336 510
338 425
338 551
339 383
339 462
340 682
342 549
343 501
344 658
345 453
346 660
347 437
347 597
348 397
349 530
351 619
351 644
352 366
352 558
353 645
354 483
355 575
356 640
358 683
359 578
360 370
360 408
361 695
363 471
364 593
368 566
370 501
373 642
374 485
374 592
375 518
377 424
377 539
379 629
379 646
380 665
381 503
382 544
382 677
383 688
384 570
385 426
385 630
386 414
387 399
387 448
388 529
389 520
391 688
393 502
393 517
394 451
394 527
395 396
397 675
400 571
402 559
403 606
405 698
406 490
409 462
409 616
410 477
410 663
412 436
412 463
413 446
415 611
416 613
418 699
419 684
421 522
422 676
423 467
428 468
429 624
430 494
432 609
433 573
435 447
435 552
438 507
438 519
439 495
440 454
440 499
441 627
442 607
443 642
444 533
444 656
445 650
448 691
449 474
449 627
450 503
450 506
451 633
452 687
455 685
456 635
457 586
460 534
461 693
463 588
465 488
466 521
468 673
469 569
470 687
472 516
472 650
473 680
476 611
478 593
480 600
482 640
483 689
486 659
487 568
488 667
489 538
489 573
492 589
495 508
496 662
497 666
498 502
498 584
504 548
505 617
511 529
514 634
515 603
520 567
524 576
524 699
525 528
526 694
532 536
532 614
533 616
537 658
539 608
540 663
540 693
541 583
541 674
542 602
544 692
546 697
547 582
550 697
552 591
554 596
556 639
559 579
560 604
561 637
562 587
575 657
576 577
578 621
586 653
590 592
597 638
604 664
606 637
607 651
609 610
610 613
641 684
648 655
665 669
667 690
671 672
676 686
683 692
700 66
701 536
-1 -1
59.4066
