1
0 1
0 495
1 353
2 6
2 643
3 384
3 639
4 363
4 604
5 129
5 306
6 69
7 114
7 370
8 26
8 448
9 267
9 328
10 22
10 173
11 292
11 481
12 108
12 317
13 176
13 242
14 151
14 623
15 394
15 686
16 230
16 330
17 257
17 399
18 385
18 640
19 417
19 590
20 265
20 310
21 203
21 412
22 469
23 451
23 693
24 362
24 460
25 423
25 428
26 171
27 154
27 414
28 567
28 655
29 60
29 691
30 495
30 526
31 367
31 699
32 498
32 623
33 143
33 540
34 308
34 541
35 421
35 583
36 224
36 524
37 64
37 660
38 314
38 651
39 235
39 327
40 183
41 57
41 390
42 198
42 332
43 296
43 342
44 150
44 557
45 601
45 698
46 155
46 534
47 101
47 245
48 212
48 395
49 148
49 479
50 124
50 453
51 158
51 553
52 577
52 604
53 688
53 692
54 262
54 607
55 238
55 473
56 468
56 611
57 430
58 86
58 111
59 119
59 527
60 371
61 435
61 656
62 207
62 606
63 265
63 508
64 93
65 366
65 591
66 449
66 645
67 264
67 544
68 250
68 671
69 316
70 97
70 517
71 78
71 659
72 299
72 409
73 151
73 258
74 372
74 474
75 142
75 548
76 178
76 513
77 467
77 574
78 586
79 677
79 693
80 583
80 662
81 322
81 496
82 188
82 279
83 285
83 641
84 102
84 229
85 216
85 585
86 438
87 102
87 599
88 274
88 516
89 475
89 576
90 426
90 476
91 249
91 383
92 359
92 600
93 288
94 185
94 215
95 146
95 482
96 343
96 525
97 159
98 306
98 667
99 403
99 471
100 299
100 337
101 422
103 140
103 326
104 543
104 641
105 444
105 620
106 216
106 388
107 362
107 384
108 227
109 163
109 415
110 230
110 559
111 471
112 433
112 524
113 305
113 638
114 261
115 157
115 294
116 483
116 662
117 266
117 518
118 165
118 470
119 355
120 593
120 612
121 139
121 348
122 294
122 456
123 617
123 625
124 522
125 637
125 647
126 528
126 652
127 251
127 622
128 193
128 589
129 181
130 630
130 657
131 406
131 556
132 350
132 352
133 180
133 197
134 301
134 584
135 537
135 561
136 141
136 323
137 379
137 619
138 291
138 439
139 654
140 196
141 560
142 442
143 696
144 255
144 447
145 168
145 597
146 158
147 156
147 667
148 307
149 563
149 605
150 396
152 365
152 660
153 195
153 627
154 162
155 358
156 493
157 614
159 382
160 256
160 361
161 233
161 375
162 381
163 353
164 374
164 572
165 683
166 438
166 585
167 186
167 602
168 339
169 533
169 552
170 292
170 424
171 188
172 237
172 684
173 503
174 378
174 560
175 349
175 408
176 653
177 386
177 401
178 589
179 429
179 627
180 695
181 419
182 454
182 553
183 539
184 558
184 617
185 351
186 636
187 241
187 603
189 357
189 595
190 318
190 477
191 297
191 507
192 431
192 497
193 295
194 281
194 410
195 521
196 388
197 505
198 542
199 259
199 361
200 342
200 555
201 253
201 276
202 392
202 634
203 535
204 329
204 510
205 289
205 537
206 407
206 608
207 209
208 476
208 499
209 666
210 287
210 369
211 489
211 494
212 673
213 219
213 280
214 319
214 397
215 674
217 223
217 251
218 485
218 520
219 633
220 269
220 635
221 315
221 467
222 493
222 670
223 532
224 391
225 435
225 534
226 307
226 455
227 559
228 283
228 520
229 502
231 508
231 675
232 509
232 511
233 275
234 303
234 451
235 402
236 295
236 429
237 381
238 264
239 549
239 615
240 492
240 681
241 243
242 472
243 400
244 321
244 464
245 698
246 383
246 523
247 320
247 481
248 314
248 464
249 652
250 455
252 390
252 423
253 368
254 425
254 444
255 663
256 487
257 282
258 573
259 356
260 596
260 622
261 550
262 605
263 468
263 496
266 557
267 320
268 574
268 629
269 461
270 452
270 624
271 351
271 588
272 338
272 504
273 582
273 640
274 509
275 629
276 443
277 332
277 489
278 462
278 658
279 462
280 658
281 685
282 500
283 694
284 325
284 653
285 484
286 505
286 571
287 500
288 536
289 411
290 392
290 587
291 637
293 630
293 695
296 478
297 418
298 504
298 526
300 370
300 628
301 474
302 439
302 512
303 372
304 418
304 664
305 488
308 579
309 437
309 686
311 457
311 538
312 371
312 633
313 373
313 642
315 414
316 624
317 530
318 691
319 324
321 551
322 473
323 598
324 490
325 542
326 347
327 475
328 399
329 338
330 632
331 358
331 417
333 601
333 628
334 343
334 440
335 401
335 450
336 465
336 507
337 684
339 535
340 404
340 463
341 528
341 547
344 406
344 672
345 486
345 681
346 621
346 647
347 405
348 635
349 648
350 365
352 638
354 490
354 514
355 525
356 567
357 597
359 416
360 649
360 683
363 614
364 428
364 485
366 460
367 639
368 543
369 449
373 447
374 599
375 463
376 550
376 674
377 518
377 697
378 699
379 575
380 556
380 668
382 456
385 676
386 651
387 445
387 669
389 410
389 538
391 551
393 466
393 626
394 690
395 431
396 440
397 655
398 483
398 592
400 522
402 644
403 619
404 580
405 615
407 430
408 593
409 568
411 566
412 549
413 446
413 631
415 656
416 541
419 426
420 592
420 596
421 566
422 516
424 646
425 488
427 506
427 533
432 434
432 603
433 650
434 575
436 479
436 581
437 625
441 580
441 687
442 477
443 610
445 636
446 501
448 661
450 685
452 609
453 472
454 491
457 687
458 548
458 570
459 465
459 594
461 577
466 515
469 678
470 696
478 546
480 502
480 673
482 616
484 565
486 648
487 675
491 511
492 666
494 523
497 546
498 554
499 645
501 552
503 689
506 609
510 587
512 586
513 590
514 568
515 670
517 612
519 618
519 626
521 532
527 558
529 555
529 578
530 642
531 569
531 688
536 690
539 679
540 621
544 569
545 591
545 661
547 650
554 644
561 562
562 692
563 594
564 606
564 646
565 679
570 659
571 668
572 607
573 664
576 669
578 608
579 677
581 663
582 595
584 613
588 618
598 600
602 680
610 634
611 697
613 671
616 649
620 632
631 654
643 680
657 665
665 678
672 682
676 689
682 694
700 310
701 40
-1 -1
15.1393
