1
0 145
0 393
1 76
1 645
2 126
2 462
3 132
3 291
4 251
4 535
5 510
5 657
6 97
6 415
7 205
7 680
8 204
8 490
9 34
9 45
10 184
10 198
11 300
11 463
12 29
12 176
13 390
13 564
14 162
14 248
15 475
15 568
16 28
16 44
17 368
17 666
18 258
18 656
19 640
19 669
20 116
20 298
21 164
21 588
22 456
22 615
23 575
23 677
24 349
24 375
25 70
25 119
26 231
26 660
27 514
27 529
28 627
29 165
30 390
30 620
31 252
31 663
32 414
32 489
33 315
33 529
34 323
35 475
35 515
36 488
36 608
37 479
37 574
38 400
38 533
39 430
39 683
40 223
40 522
41 450
41 565
42 125
42 154
43 360
43 616
44 314
45 418
46 467
46 483
47 469
47 651
48 616
48 684
49 131
49 544
50 540
50 543
51 185
51 466
52 116
52 199
53 406
53 463
54 139
54 572
55 108
55 392
56 389
56 555
57 93
57 547
58 189
58 422
59 334
59 685
60 395
60 569
61 266
61 347
62 373
62 646
63 506
63 561
64 496
64 546
65 585
65 683
66 284
66 527
67 95
67 592
68 153
68 633
69 181
69 208
70 505
71 110
71 310
72 93
72 274
73 523
73 601
74 492
74 631
75 101
75 134
76 515
77 233
77 424
78 171
78 220
79 86
79 128
80 399
80 539
81 251
81 397
82 638
82 675
83 204
83 572
84 449
84 565
85 229
85 628
86 671
87 158
87 661
88 92
88 118
89 432
89 449
90 168
90 374
91 211
91 322
92 297
94 386
94 567
95 196
96 262
96 364
97 491
98 117
98 257
99 141
99 337
100 522
100 663
101 239
102 121
102 591
103 454
103 672
104 356
104 468
105 365
105 687
106 217
106 295
107 265
107 387
108 666
109 273
109 664
110 677
111 175
111 590
112 436
112 470
113 152
113 165
114 187
114 625
115 226
115 471
117 122
118 533
119 661
120 215
120 248
121 157
122 247
123 143
123 519
124 346
124 662
125 332
127 383
127 477
128 656
129 172
129 245
130 183
130 194
131 698
132 682
133 255
133 336
134 195
135 293
135 535
136 317
136 445
137 309
137 336
138 344
138 658
139 607
140 653
140 680
141 406
142 350
142 566
143 169
144 230
144 235
145 436
146 305
146 632
147 438
147 652
148 156
148 445
149 303
149 652
150 160
150 379
151 174
151 476
152 462
153 177
154 686
155 244
155 310
156 612
157 539
158 277
159 424
159 513
160 601
161 408
161 443
162 175
163 444
163 624
164 587
166 567
166 605
167 221
167 324
168 213
169 453
170 197
170 439
171 200
172 512
173 231
173 262
174 543
176 678
177 489
178 224
178 695
179 600
179 622
180 557
180 606
181 506
182 283
182 559
183 623
185 421
186 195
186 378
187 593
188 191
188 560
189 405
190 191
190 376
192 448
192 512
193 200
193 237
194 333
196 420
197 442
198 600
199 218
201 206
201 552
202 426
202 618
203 425
203 441
205 586
206 447
207 530
207 602
208 294
209 380
209 697
210 394
210 614
211 290
212 344
212 555
213 631
214 330
214 353
215 396
216 381
216 696
217 472
218 409
219 258
219 691
220 419
221 369
222 318
222 594
223 321
224 542
225 240
225 645
226 382
227 634
227 686
228 427
228 517
229 247
230 246
232 279
232 576
233 236
234 354
234 417
235 279
236 493
237 596
238 311
238 448
239 473
240 412
241 450
241 505
242 423
242 457
243 356
243 446
244 328
245 495
246 342
249 380
249 528
250 299
250 440
252 487
253 537
253 641
254 312
254 317
255 589
256 474
256 500
257 655
259 578
259 588
260 331
260 341
261 693
261 694
263 327
263 613
264 518
264 670
265 402
266 304
267 523
267 577
268 326
268 550
269 518
269 558
270 338
270 622
271 692
271 699
272 570
272 647
273 309
274 411
275 597
275 644
276 359
276 423
277 353
278 434
278 461
280 320
280 627
281 308
281 459
282 316
282 419
283 288
284 548
285 370
285 497
286 308
286 441
287 667
287 670
288 629
289 307
289 412
290 465
291 551
292 386
292 642
293 457
294 439
295 526
296 437
296 665
297 451
298 358
299 341
300 431
301 404
301 685
302 508
302 613
303 468
304 455
305 403
306 373
306 472
307 485
311 602
312 492
313 342
313 433
314 451
315 399
316 639
318 493
319 414
319 531
320 538
321 648
322 355
323 355
324 408
325 417
325 501
326 608
327 662
328 458
329 487
329 619
330 331
332 636
333 383
334 521
335 375
335 507
337 630
338 456
339 596
339 676
340 562
340 664
343 388
343 551
345 614
345 617
346 391
347 636
348 365
348 643
349 502
350 570
351 532
351 649
352 409
352 513
354 511
357 511
357 550
358 519
359 429
360 384
361 547
361 640
362 516
362 676
363 554
363 634
364 609
366 428
366 498
367 499
367 581
368 387
369 531
370 609
371 452
371 528
372 502
372 672
374 562
376 537
377 499
377 571
378 503
379 483
381 557
382 480
384 516
385 621
385 650
388 620
389 675
391 633
392 612
393 556
394 504
395 553
396 573
397 611
398 660
398 671
400 638
401 496
401 689
402 667
403 467
404 690
405 610
407 545
407 560
410 538
410 589
411 527
413 584
413 653
415 429
416 644
416 694
418 684
420 525
421 443
422 514
425 494
426 454
427 566
428 679
430 458
431 605
432 503
433 526
434 673
435 478
435 681
437 598
438 688
440 542
442 582
444 598
446 595
447 629
452 509
453 648
455 650
459 690
460 495
460 630
461 534
464 478
464 665
465 471
466 470
469 581
473 610
474 587
476 544
477 603
479 646
480 593
481 582
481 606
482 574
482 669
484 534
484 637
485 659
486 546
486 561
488 584
490 558
491 654
494 635
497 641
498 556
500 599
501 651
504 580
507 626
508 520
509 604
510 695
517 583
520 678
521 597
524 578
524 673
525 615
530 536
532 549
536 563
540 628
541 579
541 599
545 586
548 639
549 699
552 674
553 668
554 649
559 687
563 607
564 604
568 624
569 635
571 642
573 623
575 698
576 637
577 691
579 591
580 693
583 590
585 617
592 688
594 632
595 654
603 625
611 659
618 657
619 679
621 697
626 658
643 647
655 682
668 689
674 692
681 696
700 184
701 126
-1 -1
162.282
