1
0 65
0 628
1 125
1 266
2 151
2 627
3 131
3 439
4 27
4 169
5 8
5 414
6 17
6 422
7 224
7 671
8 348
9 173
9 470
10 248
10 348
11 66
11 521
12 87
12 489
13 305
13 601
14 562
14 637
15 295
15 637
16 298
16 678
17 297
18 162
18 267
19 247
19 531
20 176
20 205
21 173
21 284
22 41
22 102
23 83
23 278
24 388
24 595
25 114
25 644
26 464
27 53
28 326
28 540
29 440
29 621
30 359
30 361
31 337
31 425
32 274
32 597
33 324
33 610
34 411
34 556
35 325
35 638
36 139
36 441
37 242
37 455
38 474
38 501
39 460
39 616
40 85
40 580
41 498
42 395
42 699
43 225
43 312
44 355
44 459
45 331
45 617
46 269
46 627
47 468
47 593
48 207
48 233
49 60
49 479
50 276
50 518
51 450
51 528
52 175
52 265
53 660
54 251
54 359
55 253
55 660
56 366
56 368
57 157
57 231
58 614
58 661
59 221
59 401
60 364
61 107
61 513
62 97
62 209
63 211
63 520
64 86
64 682
65 409
66 615
67 104
67 613
68 189
68 621
69 142
69 553
70 400
70 679
71 278
71 695
72 101
72 541
73 329
73 398
74 211
74 296
75 213
75 651
76 611
76 623
77 130
77 594
78 210
78 373
79 135
79 179
80 492
80 653
81 559
81 664
82 343
82 507
83 358
84 197
84 254
85 599
86 397
87 609
88 108
88 341
89 288
89 620
90 326
90 546
91 390
91 648
92 450
92 584
93 286
93 557
94 369
94 520
95 434
95 567
96 514
96 659
97 119
98 227
98 686
99 452
99 509
100 121
100 576
101 243
102 496
103 191
103 540
104 196
105 159
105 229
106 140
106 640
107 274
108 435
109 223
109 533
110 432
110 572
111 160
111 434
112 169
112 473
113 244
113 577
114 116
115 236
115 566
116 258
117 184
117 511
118 307
118 425
119 166
120 307
120 412
121 527
122 216
122 337
123 356
123 619
124 310
124 378
125 404
126 260
126 443
127 129
127 186
128 226
128 680
129 218
130 555
131 357
132 275
132 290
133 217
133 333
134 168
134 201
135 364
136 394
136 557
137 150
137 422
138 575
138 657
139 187
140 669
141 362
141 449
142 317
143 536
143 606
144 550
144 592
145 221
145 344
146 219
146 493
147 304
147 420
148 159
148 456
149 167
149 192
150 517
151 445
152 222
152 618
153 214
153 464
154 229
154 478
155 353
155 417
156 670
156 684
157 283
158 264
158 569
160 218
161 448
161 560
162 485
163 172
163 381
164 178
164 461
165 213
165 549
166 297
167 498
168 238
170 200
170 231
171 295
171 303
172 593
174 405
174 416
175 311
176 634
177 578
177 605
178 263
179 288
180 419
180 532
181 182
181 381
182 565
183 249
183 416
184 455
185 327
185 678
186 447
187 619
188 214
188 237
189 245
190 457
190 485
191 312
192 394
193 483
193 600
194 240
194 671
195 316
195 397
196 347
197 370
198 363
198 634
199 204
199 514
200 202
201 602
202 481
203 315
203 320
204 579
205 661
206 554
206 675
207 571
208 426
208 432
209 332
210 538
212 519
212 656
215 230
215 604
216 689
217 385
219 338
220 487
220 599
222 467
223 567
224 345
225 270
226 398
227 433
228 543
228 611
230 319
232 254
232 586
233 471
234 513
234 585
235 360
235 644
236 551
237 605
238 301
239 408
239 517
240 574
241 555
241 635
242 689
243 536
244 389
245 246
246 428
247 384
248 399
249 582
250 430
250 462
251 691
252 367
252 375
253 440
255 257
255 569
256 472
256 612
257 495
258 578
259 331
259 639
261 444
261 453
262 285
262 525
263 396
264 537
265 378
266 600
267 563
268 436
268 437
269 316
270 629
271 287
271 554
272 296
272 510
273 355
273 590
275 622
276 625
277 564
277 581
279 490
279 651
280 365
280 519
281 570
281 592
282 347
282 639
283 321
284 694
285 354
286 626
287 535
289 563
289 688
290 694
291 405
291 664
292 512
292 672
293 505
293 655
294 350
294 388
298 643
299 482
299 598
300 612
300 648
301 542
302 524
302 603
303 446
304 451
305 625
306 403
306 501
308 334
308 641
309 511
309 686
310 385
311 457
313 380
313 539
314 526
314 674
315 607
317 591
318 516
318 699
319 696
320 445
321 357
322 330
322 529
323 462
323 562
324 391
325 670
327 653
328 558
328 654
329 486
330 630
332 583
333 545
334 580
335 406
335 606
336 390
336 502
338 582
339 423
339 577
340 376
340 613
341 461
342 346
342 633
343 530
344 502
345 544
346 500
349 609
349 649
350 571
351 524
351 534
352 480
352 547
353 380
354 538
356 486
358 579
360 695
361 595
362 369
363 427
365 646
366 549
367 392
368 681
370 477
371 491
371 589
372 558
372 683
373 535
374 552
374 652
375 548
376 584
377 410
377 565
379 454
379 488
382 384
382 594
383 460
383 489
386 458
386 576
387 393
387 490
389 663
391 574
392 573
393 666
395 504
396 466
399 412
400 696
401 484
402 658
402 668
403 663
404 636
406 456
407 410
407 668
408 615
409 581
411 439
413 503
413 623
414 497
415 512
415 568
417 633
418 470
418 675
419 587
420 499
421 559
421 657
423 510
424 676
424 693
426 683
427 561
428 655
429 476
429 604
430 691
431 534
431 552
433 677
435 676
436 572
437 487
438 518
438 553
441 692
442 477
442 680
443 575
444 472
446 677
447 679
448 667
449 452
451 690
453 585
454 602
458 669
459 548
463 471
463 646
465 523
465 692
466 480
467 616
468 509
469 493
469 525
473 503
474 645
475 672
475 698
476 586
478 638
479 626
481 483
482 532
484 697
488 684
491 537
492 650
494 546
494 588
495 603
496 556
497 560
499 526
500 598
504 665
505 688
506 618
506 645
507 596
508 635
508 640
515 533
515 687
516 632
521 643
522 541
522 652
523 608
527 641
528 544
529 636
530 591
531 682
539 570
542 673
543 642
545 590
547 629
550 566
551 685
561 588
564 690
568 587
573 624
583 654
589 674
596 614
597 665
601 667
607 662
608 698
610 681
617 622
620 624
628 649
630 685
631 656
631 662
632 687
642 647
647 666
650 659
658 693
673 697
700 260
701 26
-1 -1
333.18
