1
0 1
0 4
1 606
2 10
2 298
3 33
3 377
4 396
5 110
5 304
6 41
6 547
7 130
7 140
8 590
8 638
9 92
9 356
10 306
11 272
11 319
12 357
12 399
13 213
13 642
14 617
14 622
15 647
15 655
16 274
16 655
17 228
17 356
18 540
18 643
19 566
19 625
20 177
20 383
21 307
21 421
22 418
22 478
23 482
23 674
24 29
24 447
25 434
25 624
26 175
26 275
27 42
27 327
28 208
28 424
29 608
30 374
30 406
31 487
31 563
32 187
32 564
33 487
34 126
34 340
35 585
35 661
36 511
36 590
37 46
37 660
38 324
38 607
39 171
39 271
40 102
40 600
41 406
42 72
43 200
44 50
44 415
45 576
45 668
46 365
47 87
47 146
48 232
48 650
49 346
49 627
50 319
51 334
51 428
52 431
53 471
53 535
54 455
54 646
55 261
55 392
56 82
56 523
57 599
57 616
58 126
58 623
59 77
59 577
60 94
60 155
61 350
61 419
62 382
62 600
63 275
63 555
64 138
64 400
65 190
65 195
66 411
66 459
67 99
67 370
68 96
68 217
69 214
69 507
70 422
70 541
71 399
71 512
72 264
73 570
73 588
74 325
74 385
75 78
75 688
76 111
76 695
77 134
78 423
79 460
79 682
80 298
80 397
81 204
81 251
82 530
83 353
83 548
84 149
84 312
85 413
85 691
86 90
86 248
87 235
88 137
88 162
89 123
89 408
90 675
91 361
91 614
92 571
93 169
93 426
94 426
95 477
95 589
96 245
97 199
97 601
98 322
98 381
99 111
100 371
100 484
101 210
101 518
102 612
103 299
103 493
104 346
104 692
105 181
105 363
106 110
106 536
107 355
107 587
108 247
108 573
109 127
109 191
112 174
112 642
113 142
113 188
114 566
114 699
115 493
115 586
116 309
116 524
117 128
117 584
118 261
118 292
119 235
119 333
120 520
120 638
121 150
121 615
122 136
122 207
123 357
124 159
124 471
125 458
125 542
127 454
128 572
129 148
129 151
130 141
131 224
131 652
132 467
132 699
133 455
133 589
134 314
135 293
135 427
136 631
137 313
138 585
139 328
139 647
140 529
141 249
142 214
143 384
143 517
144 185
144 481
145 434
145 620
146 239
147 292
147 574
148 156
149 282
150 306
151 459
152 194
152 468
153 239
153 513
154 558
154 649
155 423
156 443
157 296
157 559
158 268
158 591
159 582
160 486
160 666
161 222
161 595
162 184
163 650
163 680
164 191
164 444
165 305
165 567
166 308
166 430
167 291
167 554
168 231
168 386
169 244
170 267
170 431
171 693
172 368
172 403
173 326
173 614
174 653
175 412
176 436
176 605
177 500
178 269
178 619
179 347
179 633
180 205
180 615
181 675
182 260
182 621
183 232
183 351
184 602
185 219
186 490
186 657
187 227
188 446
189 543
189 677
190 220
192 492
192 495
193 449
193 479
194 661
195 211
196 337
196 433
197 203
197 249
198 257
198 567
199 595
200 519
201 393
201 413
202 377
202 409
203 573
204 277
205 504
206 331
206 417
207 694
208 226
209 593
209 644
210 674
211 665
212 390
212 538
213 452
215 387
215 627
216 327
216 366
217 611
218 355
218 669
219 535
220 242
221 433
221 606
222 299
223 402
223 495
224 303
225 427
225 667
226 258
227 392
228 619
229 345
229 685
230 332
230 620
231 389
233 286
233 439
234 502
234 635
236 237
236 276
237 254
238 269
238 695
240 300
240 338
241 407
241 485
242 483
243 395
243 545
244 672
245 571
246 483
246 491
247 521
248 310
250 523
250 664
251 596
252 302
252 609
253 654
253 671
254 439
255 401
255 464
256 388
256 518
257 429
258 605
259 323
259 561
260 438
262 421
262 676
263 274
263 501
264 630
265 315
265 633
266 349
266 556
267 538
268 648
270 294
270 470
271 341
272 580
273 333
273 679
276 592
277 579
278 358
278 668
279 476
279 669
280 286
280 367
281 453
281 687
282 551
283 374
283 496
284 340
284 461
285 612
285 677
287 539
287 645
288 546
288 562
289 437
289 673
290 598
290 665
291 432
293 629
294 575
295 442
295 578
296 446
297 326
297 398
300 475
301 391
301 678
302 436
303 663
304 583
305 349
307 441
308 558
309 522
310 697
311 474
311 489
312 465
313 618
314 502
315 448
316 345
316 520
317 362
317 664
318 369
318 456
320 360
320 424
321 505
321 519
322 578
323 372
324 335
325 680
328 550
329 339
329 671
330 469
330 690
331 635
332 376
334 498
335 476
336 473
336 659
337 508
338 365
339 509
341 435
342 373
342 613
343 466
343 643
344 381
344 464
347 545
348 529
348 636
350 687
351 632
352 524
352 560
353 608
354 658
354 688
358 649
359 428
359 622
360 494
361 401
362 584
363 387
364 512
364 682
366 514
367 581
368 594
369 416
370 398
371 678
372 474
373 475
375 525
375 685
376 531
378 407
378 443
379 417
379 516
380 420
380 694
382 482
383 546
384 435
385 544
386 456
388 438
389 537
390 591
391 533
393 408
394 403
394 481
395 690
396 607
397 468
400 617
402 557
404 515
404 658
405 441
405 548
409 465
410 451
410 651
411 499
412 568
414 492
414 656
415 469
416 681
418 637
419 618
420 582
422 696
425 586
425 696
429 463
430 467
432 445
437 610
440 466
440 506
442 603
444 522
445 453
447 472
448 489
449 626
450 562
450 641
451 560
452 496
454 654
457 458
457 554
460 537
461 555
462 601
462 646
463 644
470 662
472 631
473 542
477 488
478 609
479 656
480 629
480 670
484 501
485 506
486 539
488 610
490 532
491 613
494 626
497 676
497 693
498 597
499 623
500 583
503 513
503 625
504 634
505 673
507 686
508 533
509 641
510 575
510 636
511 603
514 684
515 547
516 691
517 640
521 597
525 565
526 572
526 639
527 592
527 634
528 531
528 552
530 652
532 553
534 604
534 689
536 653
540 599
541 563
543 628
544 602
549 556
549 630
550 588
551 596
552 577
553 697
557 624
559 679
561 689
564 683
565 598
568 570
569 611
569 684
574 580
576 670
579 672
581 645
587 594
593 637
604 628
616 692
621 632
639 662
640 648
651 686
657 659
660 666
663 683
667 698
681 698
700 52
701 43
-1 -1
23.7976
