1
0 2
0 209
1 4
1 212
2 648
3 369
3 627
4 297
5 120
5 233
6 40
6 214
7 75
7 632
8 354
8 686
9 185
9 249
10 97
10 222
11 260
11 468
12 157
12 519
13 511
13 665
14 564
14 677
15 267
15 277
16 112
16 189
17 148
17 271
18 447
18 524
19 280
19 666
20 187
20 509
21 123
22 242
22 298
23 301
23 622
24 227
24 325
25 156
25 439
26 501
26 699
27 281
27 382
28 357
28 555
29 91
29 509
30 283
30 349
31 444
31 505
32 372
32 377
33 42
33 225
34 221
34 444
35 148
35 306
36 187
36 676
37 247
37 649
38 194
38 303
39 274
39 379
40 636
41 313
41 489
42 138
43 163
43 292
44 411
44 502
45 517
45 624
46 441
46 605
47 56
47 193
48 211
48 374
49 102
49 497
50 409
50 440
51 279
51 575
52 611
52 621
53 437
53 626
54 296
54 661
55 461
55 534
56 277
57 115
57 126
58 429
58 475
59 195
59 295
60 124
60 168
61 357
61 602
62 145
62 571
63 622
63 634
64 164
64 518
65 96
65 256
66 416
66 666
67 322
67 478
68 208
68 678
69 653
69 682
70 533
70 659
71 182
71 432
72 427
72 450
73 118
73 228
74 376
74 657
75 97
76 580
76 670
77 113
77 327
78 213
78 475
79 394
79 453
80 431
80 695
81 206
81 468
82 264
82 639
83 154
83 634
84 255
84 610
85 352
85 561
86 483
86 581
87 245
87 673
88 328
88 393
89 278
89 333
90 115
90 686
91 252
92 318
92 473
93 153
93 202
94 557
94 587
95 217
95 230
96 399
98 150
98 425
99 244
99 247
100 397
100 546
101 261
101 629
102 494
103 527
103 625
104 556
104 653
105 127
105 210
106 137
106 147
107 142
107 159
108 255
108 356
109 114
109 577
110 184
110 308
111 151
111 647
112 648
113 572
114 428
116 390
116 542
117 260
117 493
118 202
119 188
119 284
120 614
121 226
121 513
122 177
122 333
123 321
124 476
125 472
125 692
126 438
127 407
128 257
128 515
129 639
129 697
130 304
130 613
131 217
131 586
132 436
132 451
133 162
133 298
134 257
134 348
135 205
135 239
136 222
136 610
137 283
138 242
139 367
139 671
140 264
140 485
141 193
141 699
142 238
143 442
143 637
144 360
144 583
145 569
146 430
146 655
147 472
149 173
149 563
150 240
151 540
152 445
152 650
153 206
154 461
155 165
155 300
156 508
157 553
158 387
158 458
159 471
160 435
160 541
161 486
161 499
162 493
163 556
164 349
165 426
166 204
166 331
167 177
167 658
168 644
169 538
169 598
170 351
170 371
171 538
171 592
172 495
172 619
173 537
174 197
174 286
175 237
175 347
176 580
176 603
178 586
178 605
179 287
179 638
180 181
180 360
181 319
182 213
183 196
183 654
184 637
185 482
186 417
186 553
188 355
189 690
190 326
190 341
191 198
191 592
192 481
192 695
194 335
195 619
196 694
197 269
198 423
199 487
199 594
200 224
200 441
201 278
201 567
203 237
203 596
204 361
205 597
207 439
207 455
208 604
209 351
210 534
211 510
212 567
214 574
215 366
215 603
216 353
216 568
218 575
218 631
219 510
219 611
220 385
220 411
221 250
223 362
223 550
224 421
225 464
226 574
227 507
228 503
229 484
229 664
230 437
231 345
231 458
232 384
232 551
233 328
234 312
234 690
235 398
235 412
236 463
236 601
238 488
239 273
240 266
241 467
241 486
243 366
243 370
244 263
245 303
246 364
246 530
248 292
248 675
249 414
250 529
251 459
251 584
252 457
253 522
253 536
254 285
254 310
256 398
258 436
258 590
259 402
259 680
261 531
262 479
262 525
263 286
265 434
265 545
266 383
267 528
268 422
268 688
269 694
270 434
270 521
271 673
272 446
272 651
273 523
274 646
275 537
275 635
276 324
276 451
279 669
280 385
281 614
282 589
282 664
284 315
285 670
287 582
288 390
288 618
289 541
289 655
290 342
290 630
291 322
291 426
293 363
293 418
294 609
294 656
295 442
296 465
297 425
299 408
299 691
300 570
301 489
302 383
302 415
304 307
305 380
305 645
306 539
307 308
309 617
309 696
310 698
311 408
311 573
312 330
313 559
314 350
314 520
315 412
316 521
316 607
317 420
317 554
318 321
319 595
320 403
320 471
323 375
323 593
324 481
325 680
326 447
327 433
329 410
329 652
330 654
331 675
332 403
332 513
334 368
334 440
335 413
336 405
336 698
337 435
337 649
338 345
338 388
339 399
339 545
340 492
340 688
341 616
342 525
343 522
343 689
344 380
344 470
346 529
346 631
347 642
348 615
350 661
352 446
353 405
354 506
355 417
356 456
358 627
358 660
359 469
359 607
361 608
362 665
363 685
364 517
365 387
365 679
367 388
368 389
369 512
370 400
371 598
372 585
373 407
373 448
374 514
375 651
376 669
377 547
378 552
378 662
379 457
381 524
381 577
382 549
384 558
386 587
386 697
389 443
391 500
391 671
392 535
392 579
393 480
394 452
395 466
395 687
396 420
396 628
397 643
400 450
401 406
401 645
402 668
404 452
404 532
406 600
409 546
410 427
413 561
414 467
415 683
416 462
418 633
419 503
419 589
421 445
422 462
423 551
424 540
424 659
428 569
429 599
430 693
431 613
432 656
433 488
438 511
443 544
448 625
449 543
449 564
453 582
454 485
454 565
455 681
456 593
459 576
460 591
460 667
463 530
464 636
465 573
466 491
469 638
470 474
473 677
474 615
476 562
477 533
477 624
478 600
479 590
480 647
482 685
483 641
484 516
487 585
490 548
490 606
491 514
492 646
494 584
495 594
496 507
496 676
497 640
498 599
498 681
499 570
500 519
501 687
502 588
504 628
504 672
505 663
506 668
508 629
512 623
515 652
516 602
518 612
520 571
523 555
526 532
526 588
527 544
528 531
535 578
536 626
539 644
542 692
543 568
547 643
548 560
549 674
550 657
552 604
554 640
557 696
558 595
559 596
560 591
562 642
563 581
565 620
566 667
566 684
572 632
576 618
578 641
579 663
583 674
597 682
601 691
606 621
608 678
609 662
612 623
616 620
617 630
633 672
635 683
650 658
660 679
689 693
700 684
701 21
-1 -1
9.39194
