1
0 5
0 685
1 15
1 607
2 379
2 421
3 545
3 659
4 430
4 680
5 444
6 357
6 657
7 218
7 228
8 129
8 499
9 223
9 418
10 316
10 420
11 82
11 415
12 353
12 385
13 88
13 197
14 52
14 482
15 129
16 96
16 385
17 286
17 441
18 133
18 403
19 415
19 535
20 42
20 119
21 254
21 372
22 339
22 426
23 445
23 462
24 113
24 471
25 349
25 604
26 70
26 196
27 423
27 447
28 138
28 486
29 617
30 298
30 490
31 399
31 613
32 85
32 542
33 233
33 387
34 590
34 630
35 148
35 517
36 44
36 694
37 51
37 144
38 68
38 92
39 55
39 364
40 185
40 191
41 134
41 490
42 168
43 115
43 298
44 634
45 598
45 699
46 101
46 529
47 243
47 370
48 389
48 429
49 258
49 661
50 345
50 390
51 575
52 519
53 535
53 631
54 178
54 564
55 412
56 590
56 644
57 214
57 238
58 117
58 268
59 207
59 685
60 66
60 210
61 320
61 470
62 181
62 463
63 320
63 618
64 160
64 163
65 286
65 417
66 560
67 283
67 476
68 652
69 367
69 674
70 350
71 272
71 408
72 373
72 446
73 120
73 232
74 152
74 440
75 153
75 537
76 159
76 640
77 309
77 515
78 407
78 525
79 608
79 617
80 509
80 588
81 166
81 357
82 495
83 178
83 536
84 139
84 348
85 474
86 588
86 668
87 405
87 494
88 340
89 278
89 311
90 231
90 316
91 249
91 560
92 483
93 379
93 625
94 98
94 105
95 258
95 269
96 595
97 670
97 687
98 249
99 579
99 624
100 431
100 675
101 155
102 425
102 638
103 476
103 501
104 259
104 506
105 340
106 210
106 655
107 510
107 540
108 162
108 690
109 363
109 536
110 138
110 253
111 255
111 621
112 484
112 667
113 562
114 437
114 473
115 487
116 341
116 395
117 242
118 155
118 191
119 165
120 263
121 184
121 561
122 304
122 611
123 289
123 302
124 443
124 467
125 199
125 686
126 154
126 438
127 296
127 349
128 523
128 543
130 347
130 680
131 266
131 658
132 504
132 505
133 477
134 353
135 292
135 646
136 267
136 656
137 364
137 591
139 397
140 204
140 571
141 288
141 361
142 308
142 416
143 472
143 600
144 538
145 207
145 411
146 175
146 524
147 522
147 677
148 151
149 394
149 548
150 213
150 662
151 683
152 469
153 456
154 574
156 276
156 539
157 414
157 675
158 399
158 627
159 173
160 250
161 252
161 333
162 242
163 557
164 276
164 330
165 463
166 568
167 358
167 382
168 362
169 334
169 518
170 426
170 584
171 202
171 681
172 477
172 587
173 337
174 244
174 480
175 251
176 493
176 582
177 245
177 391
179 203
179 435
180 271
180 671
181 572
182 209
182 303
183 294
183 622
184 360
185 274
186 378
186 500
187 206
187 480
188 431
188 577
189 546
189 691
190 380
190 520
192 446
192 638
193 504
193 581
194 317
194 442
195 570
195 648
196 356
197 306
198 581
198 612
199 547
200 295
200 547
201 360
201 542
202 405
203 319
204 306
205 578
205 658
206 217
208 209
208 211
211 336
212 556
212 655
213 473
214 464
215 381
215 583
216 388
216 420
217 429
218 427
219 422
219 676
220 381
220 444
221 467
221 506
222 223
222 323
224 552
224 597
225 384
225 666
226 615
226 633
227 248
227 501
228 589
229 548
229 569
230 346
230 530
231 261
232 627
233 290
234 374
234 516
235 408
235 598
236 324
236 604
237 563
237 631
238 585
239 453
239 657
240 264
240 698
241 492
241 511
243 368
244 668
245 250
246 469
246 651
247 267
247 682
248 281
251 438
252 392
253 448
254 621
255 632
256 331
256 455
257 642
257 678
259 693
260 282
260 605
261 519
262 376
262 487
263 304
264 531
265 365
265 616
266 382
268 596
269 513
270 458
270 468
271 642
272 494
273 404
273 599
274 699
275 551
275 583
277 321
277 514
278 280
279 586
279 613
280 308
281 397
282 567
283 313
284 518
284 585
285 554
285 623
287 406
287 684
288 551
289 665
290 693
291 383
291 395
292 297
293 352
293 688
294 678
295 656
296 459
297 496
299 376
299 625
300 498
300 650
301 434
301 615
302 553
303 412
305 346
305 597
307 325
307 595
309 335
310 342
310 672
311 513
312 347
312 475
313 643
314 639
314 673
315 577
315 643
317 468
318 457
318 553
319 608
321 540
322 327
322 556
323 649
324 338
325 570
326 332
326 481
327 459
328 447
328 576
329 352
329 528
330 492
331 654
332 565
333 466
334 534
335 634
336 500
337 529
338 374
339 524
341 475
342 600
343 602
343 618
344 432
344 488
345 458
348 389
350 452
351 362
351 611
354 555
354 646
355 527
355 652
356 575
358 609
359 695
359 696
361 503
363 445
365 514
366 390
366 452
367 561
368 482
369 507
369 579
370 434
371 555
371 587
372 606
373 380
375 428
375 603
377 418
377 629
378 647
383 673
384 669
386 393
386 596
387 554
388 410
391 686
392 537
393 586
394 489
396 478
396 573
398 454
398 485
400 599
400 609
401 417
401 566
402 509
402 544
403 626
404 672
406 528
407 497
409 427
409 690
410 564
411 474
413 649
413 698
414 424
416 557
419 428
419 639
421 488
422 436
423 622
424 636
425 505
430 437
432 470
433 530
433 640
435 573
436 692
439 566
439 610
440 659
441 507
442 465
443 559
448 592
449 461
449 491
450 610
450 663
451 511
451 628
453 691
454 667
455 637
456 558
457 460
460 541
461 465
462 491
464 541
466 545
471 637
472 565
478 479
479 521
481 671
483 679
484 550
485 605
486 552
489 574
493 635
495 607
496 531
497 562
498 601
499 567
502 508
502 603
503 620
508 689
510 633
512 580
512 674
515 697
516 661
517 534
520 602
521 665
522 532
523 538
525 696
526 569
526 644
527 623
532 594
533 584
533 648
539 660
543 544
546 650
549 591
549 692
550 689
558 653
559 670
563 614
568 632
571 626
572 688
576 620
578 669
580 653
582 662
592 687
593 619
593 695
594 636
601 684
606 647
612 614
616 660
619 624
628 676
629 679
630 651
635 641
641 645
645 682
654 683
663 666
664 677
664 694
681 697
700 589
701 29
-1 -1
31.1177
