800 6466
0 96
0 160
0 132
0 647
0 47
0 524
0 623
0 340
0 535
0 660
0 15
0 445
1 64
1 97
1 579
1 69
1 161
1 8
1 209
1 300
1 493
1 239
1 145
1 370
1 739
1 20
1 469
1 500
1 753
1 746
1 447
2 224
2 120
2 526
2 454
2 641
2 88
2 426
2 525
2 30
2 749
3 513
3 306
3 147
3 469
3 359
3 705
3 315
3 237
3 510
3 607
4 224
4 417
4 773
4 391
4 688
4 599
4 567
4 110
4 560
4 209
4 794
4 768
4 512
4 151
4 705
4 411
4 317
4 510
5 192
5 322
5 229
5 614
5 519
5 11
5 592
5 145
5 18
5 627
5 180
5 88
5 58
5 572
6 65
6 679
6 643
6 324
6 581
6 742
6 199
6 41
6 747
6 587
6 652
6 562
6 402
6 148
6 117
6 279
6 473
6 636
6 765
6 95
7 128
7 163
7 388
7 598
7 582
7 680
7 364
7 365
7 401
7 626
7 499
7 54
7 439
7 787
7 570
7 443
7 604
7 794
8 706
8 164
8 486
8 561
8 10
8 459
8 367
8 216
8 370
8 407
8 440
8 696
8 495
8 508
8 266
9 490
9 354
9 690
9 469
9 182
9 519
9 744
9 314
9 411
9 647
9 362
10 353
10 229
10 75
10 626
10 691
10 564
10 24
10 596
10 703
10 30
10 159
11 717
11 781
11 618
11 76
11 173
11 589
11 304
11 625
11 566
11 407
11 56
11 602
12 416
12 321
12 99
12 517
12 550
12 455
12 649
12 457
12 135
12 558
12 495
12 561
12 18
12 227
12 521
12 615
12 217
12 219
12 639
13 696
13 626
13 755
13 532
13 550
13 424
13 660
13 570
13 365
13 638
13 111
14 669
14 546
14 291
14 797
14 168
14 266
14 191
14 271
14 451
14 118
14 55
14 120
14 474
14 287
14 732
14 618
14 255
15 97
15 259
15 164
15 293
15 353
15 753
15 653
15 302
15 772
15 369
15 595
15 763
15 54
15 313
15 123
15 773
16 209
16 664
16 581
16 22
16 439
16 440
16 787
16 170
16 667
16 156
16 733
17 513
17 322
17 708
17 389
17 134
17 74
17 738
17 624
17 241
17 756
17 660
17 21
17 310
17 247
17 633
17 538
17 410
17 671
18 550
18 679
18 296
18 585
18 206
18 559
18 624
18 245
18 118
18 378
18 623
18 254
18 597
19 700
19 644
19 549
19 198
19 725
19 412
19 106
19 395
19 204
19 114
19 116
19 670
19 374
19 345
19 223
19 252
19 540
19 52
20 640
20 645
20 172
20 332
20 240
20 559
20 176
20 336
20 722
20 659
20 368
20 585
20 89
20 538
20 380
20 61
21 256
21 579
21 484
21 647
21 682
21 397
21 623
21 595
21 340
21 408
21 657
21 239
21 349
22 387
22 692
22 53
22 680
22 605
22 446
22 741
23 128
23 741
23 226
23 611
23 101
23 294
23 457
23 629
23 207
23 773
23 177
23 707
23 276
23 245
23 250
23 351
24 448
24 385
24 227
24 106
24 170
24 432
24 595
24 275
24 373
24 279
24 611
24 490
25 640
25 259
25 292
25 197
25 486
25 39
25 709
25 43
25 370
25 727
25 527
25 337
25 75
25 691
25 471
25 440
25 324
25 378
25 363
25 190
25 319
26 288
26 291
26 452
26 326
26 520
26 204
26 459
26 364
26 685
26 719
26 400
26 552
26 691
26 186
26 751
26 794
26 158
27 683
27 612
27 630
27 326
27 790
27 729
27 619
27 652
27 114
27 335
27 141
27 82
27 707
27 246
27 719
27 664
27 473
27 111
27 222
28 162
28 68
28 69
28 103
28 73
28 235
28 365
28 495
28 468
28 501
28 535
28 120
28 57
28 133
29 704
29 171
29 244
29 724
29 182
29 169
29 59
29 468
29 365
29 366
29 556
30 576
30 294
30 550
30 711
30 753
30 581
30 207
30 593
30 276
30 511
30 575
31 224
31 386
31 677
31 359
31 137
31 586
31 365
31 559
31 658
31 634
31 59
31 796
31 570
32 96
32 672
32 555
32 196
32 536
32 632
32 298
32 420
32 302
32 241
32 466
32 51
32 372
32 46
32 695
32 216
32 356
32 595
32 572
32 605
33 385
33 139
33 100
33 742
33 551
33 361
33 106
33 395
33 206
33 547
33 659
33 149
33 182
33 612
33 699
33 746
34 163
34 665
34 137
34 362
34 267
34 684
34 687
34 369
34 436
34 213
34 374
34 55
34 89
34 602
34 796
35 783
35 420
35 101
35 134
35 711
35 695
35 581
35 111
35 178
35 531
35 788
35 343
35 63
35 415
36 672
36 193
36 651
36 260
36 582
36 577
36 72
36 618
36 225
36 332
36 494
36 754
36 758
36 378
36 379
36 650
37 691
37 356
37 85
37 534
37 218
37 620
37 77
38 128
38 131
38 644
38 71
38 387
38 238
38 483
38 176
38 753
38 323
38 341
38 600
38 537
38 282
38 634
39 193
39 419
39 263
39 668
39 439
39 684
39 289
39 429
39 49
39 434
39 215
39 188
39 573
39 254
40 99
40 581
40 614
40 263
40 713
40 427
40 526
40 499
40 661
40 402
40 51
40 404
40 629
40 566
40 155
40 156
40 63
41 512
41 324
41 166
41 145
41 73
41 107
41 652
41 429
41 349
41 113
41 754
41 115
41 625
41 406
41 215
41 580
41 635
41 157
41 62
42 98
42 436
42 69
42 758
42 327
42 777
42 583
42 535
42 733
42 127
43 289
43 195
43 321
43 456
43 300
43 267
43 108
43 270
43 412
43 177
43 355
43 53
43 151
43 122
43 59
43 188
43 317
43 574
44 129
44 779
44 762
44 522
44 619
44 462
44 413
44 80
44 81
44 403
44 142
44 342
44 656
44 426
44 766
45 384
45 432
45 66
45 581
45 646
45 673
45 745
45 769
45 717
45 142
45 694
45 80
45 238
45 502
45 376
45 345
45 508
45 479
46 480
46 387
46 260
46 71
46 492
46 334
46 111
46 512
46 728
46 185
46 315
46 543
47 497
47 621
47 285
47 85
47 70
47 104
47 476
47 77
47 398
47 229
48 704
48 738
48 683
48 232
48 426
48 407
48 174
48 559
48 616
48 115
48 373
48 694
48 567
48 697
48 507
48 253
48 287
49 353
49 162
49 626
49 341
49 136
49 617
49 506
49 556
49 226
50 386
50 763
50 356
50 489
50 274
50 782
50 77
50 784
50 466
50 115
50 628
50 122
50 312
50 186
50 283
50 218
50 671
51 648
51 330
51 332
51 461
51 78
51 525
51 785
51 590
51 470
51 792
51 474
51 93
51 734
51 95
51 101
51 555
51 349
51 287
51 696
51 187
51 702
52 708
52 677
52 716
52 334
52 689
52 629
52 723
52 568
52 217
52 730
52 216
52 693
53 450
53 74
53 653
53 77
53 403
53 269
53 534
53 728
53 668
53 709
53 416
53 342
53 744
53 494
53 773
53 569
53 507
53 765
53 190
53 447
54 544
54 688
54 66
54 323
54 589
54 399
54 560
54 499
54 340
54 413
54 670
55 230
55 166
55 714
55 748
55 688
55 465
55 402
55 660
55 277
55 249
55 671
55 381
55 447
56 193
56 453
56 457
56 332
56 365
56 336
56 273
56 338
56 659
56 153
56 493
56 156
56 610
56 227
56 103
56 684
56 685
56 116
56 377
56 786
56 319
57 387
57 548
57 295
57 777
57 106
57 781
57 720
57 786
57 212
57 329
57 698
57 446
58 64
58 685
58 323
58 783
58 395
58 655
58 718
58 335
58 658
58 163
58 308
58 310
58 250
58 155
58 380
58 574
59 324
59 197
59 457
59 781
59 79
59 80
59 81
59 237
59 663
59 729
59 591
59 288
59 226
59 100
59 551
59 109
59 305
59 181
59 311
59 504
59 763
60 561
60 451
60 182
60 609
60 696
60 505
60 666
60 637
60 173
60 511
61 192
61 614
61 550
61 392
61 489
61 554
61 436
61 268
61 685
61 649
61 527
61 624
61 726
61 210
61 86
61 151
61 537
61 719
61 733
62 611
62 376
62 571
62 309
62 167
62 200
62 427
62 681
62 783
63 289
63 772
63 69
63 449
63 360
63 202
63 391
63 496
63 597
63 615
63 699
63 165
64 480
64 450
64 390
64 633
64 616
64 764
64 138
64 595
64 692
64 154
64 215
64 280
64 608
64 668
64 93
64 641
65 391
65 617
65 759
65 621
65 527
65 273
65 692
65 756
65 758
65 215
65 404
65 303
65 159
66 195
66 580
66 165
66 711
66 585
66 523
66 271
66 793
66 540
66 669
66 414
66 703
67 226
67 556
67 429
67 158
67 239
67 80
67 561
67 500
67 414
67 642
67 719
67 706
67 699
67 316
67 286
67 95
68 514
68 259
68 676
68 633
68 169
68 431
68 528
68 370
68 83
68 84
68 725
68 343
68 216
68 569
68 538
68 399
68 605
68 734
69 387
69 676
69 583
69 168
69 777
69 79
69 145
69 116
69 438
69 436
69 218
69 91
69 394
70 196
70 262
70 263
70 72
70 663
70 140
70 744
70 79
70 275
70 597
70 343
70 286
70 415
70 544
70 165
70 552
70 491
70 237
70 558
70 367
70 775
70 369
70 436
70 504
70 633
70 315
70 188
70 765
71 160
71 225
71 708
71 580
71 165
71 779
71 299
71 509
71 272
71 722
71 691
71 180
71 597
71 599
71 89
71 474
71 253
71 606
71 95
72 676
72 353
72 770
72 164
72 294
72 489
72 619
72 173
72 466
72 595
72 182
72 799
72 741
73 707
73 86
73 198
73 456
73 682
73 75
73 613
73 109
73 399
73 710
73 693
73 214
73 122
73 541
73 229
74 699
74 465
74 104
74 235
74 557
74 711
74 438
74 343
74 184
74 282
74 475
74 346
74 533
75 385
75 578
75 196
75 135
75 649
75 395
75 716
75 275
75 729
75 797
75 420
75 742
75 748
75 769
75 176
75 627
75 373
75 504
75 313
75 315
75 188
76 145
76 194
76 115
76 251
76 277
76 105
76 631
76 89
76 795
77 547
77 102
77 169
77 589
77 158
77 720
77 372
77 79
77 390
77 382
77 95
78 320
78 353
78 452
78 134
78 296
78 265
78 587
78 524
78 435
78 759
78 520
78 736
78 436
78 150
78 713
78 474
78 666
78 638
79 449
79 739
79 779
79 143
79 432
79 305
79 435
79 596
79 789
79 151
79 376
79 188
79 517
80 128
80 577
80 493
80 172
80 467
80 175
80 400
80 466
80 339
80 372
80 694
80 792
80 506
81 512
81 97
81 260
81 662
81 102
81 648
81 756
81 619
81 588
81 594
81 676
81 724
81 740
81 438
81 612
82 641
82 291
82 613
82 136
82 105
82 106
82 777
82 259
82 626
82 83
82 148
82 686
82 406
82 617
82 532
82 218
82 219
82 730
82 446
83 321
83 194
83 315
83 102
83 449
83 266
83 139
83 270
83 145
83 435
83 398
83 772
83 345
83 283
83 637
84 737
84 354
84 515
84 780
84 706
84 110
84 301
84 498
84 499
84 116
84 772
84 281
84 605
85 577
85 99
85 132
85 293
85 391
85 169
85 234
85 171
85 699
85 754
85 307
85 373
85 440
85 506
85 431
85 637
85 319
86 162
86 163
86 612
86 708
86 550
86 648
86 761
86 396
86 557
86 142
86 189
86 176
86 739
86 692
86 212
86 599
86 377
86 346
86 347
87 657
87 274
87 164
87 389
87 567
87 631
87 725
87 575
87 252
87 110
87 431
88 577
88 355
88 781
88 711
88 268
88 205
88 270
88 399
88 338
88 211
88 308
88 469
88 375
88 728
88 670
88 581
89 799
89 644
89 169
89 466
89 207
89 464
89 210
89 467
89 610
89 436
89 123
89 668
89 351
90 752
90 504
90 453
90 310
90 391
90 408
90 332
90 622
91 227
91 420
91 486
91 296
91 137
91 362
91 683
91 302
91 368
91 741
91 789
91 174
91 794
91 636
91 383
92 641
92 652
92 331
92 651
92 649
92 459
92 268
92 237
92 793
92 716
92 169
92 708
92 122
92 639
92 154
92 543
93 481
93 648
93 266
93 527
93 208
93 593
93 595
93 724
93 278
93 793
93 543
93 496
93 290
93 744
93 622
93 240
93 245
93 479
93 688
93 636
93 125
93 383
94 96
94 194
94 587
94 470
94 198
94 646
94 104
94 550
94 173
94 302
94 207
94 776
94 707
94 308
94 214
94 365
94 367
94 156
94 285
95 737
95 134
95 391
95 240
95 497
95 594
95 664
95 730
95 741
96 610
96 131
96 325
96 417
96 426
96 769
96 111
96 464
96 792
96 116
96 641
96 408
96 212
96 636
96 522
97 515
97 613
97 294
97 241
97 600
97 300
97 365
97 271
97 786
97 530
97 739
97 593
97 791
97 248
97 673
97 218
98 331
98 228
98 550
98 359
98 108
98 395
98 268
98 621
98 142
98 111
98 498
98 755
98 284
99 669
99 483
99 232
99 233
99 523
99 754
99 158
99 463
99 635
99 658
99 756
99 494
99 411
99 533
99 254
99 319
100 576
100 705
100 521
100 522
100 747
100 526
100 376
100 340
100 694
100 489
100 504
100 281
100 250
100 253
100 153
100 703
101 311
101 354
101 747
101 790
101 486
101 727
101 439
101 621
101 718
101 143
101 400
101 369
101 564
101 277
101 531
101 444
101 629
102 224
102 320
102 744
102 523
102 147
102 357
102 360
102 736
102 343
102 239
102 579
102 446
102 151
102 667
102 124
102 557
102 286
102 191
103 289
103 658
103 422
103 489
103 441
103 745
103 738
103 479
104 224
104 653
104 369
104 455
104 461
104 334
104 528
104 241
104 465
104 403
104 691
104 182
104 471
104 569
104 410
105 128
105 225
105 131
105 268
105 782
105 432
105 757
105 216
105 633
105 155
105 125
105 784
106 258
106 455
106 203
106 610
106 205
106 720
106 529
106 695
106 346
106 414
106 352
106 674
106 359
106 679
106 445
106 339
106 439
106 354
106 698
106 183
106 738
107 417
107 674
107 781
107 613
107 135
107 456
107 706
107 270
107 623
107 624
107 309
107 600
107 378
107 229
108 336
108 372
108 709
108 584
108 123
108 252
108 395
109 545
109 326
109 535
109 663
109 790
109 151
109 344
109 666
109 637
109 799
110 258
110 262
110 520
110 169
110 714
110 365
110 526
110 367
110 313
110 282
110 591
110 525
110 730
110 255
111 520
111 425
111 330
111 139
111 653
111 432
111 657
111 467
111 659
111 171
111 214
111 542
112 160
112 418
112 675
112 423
112 332
112 588
112 526
112 739
112 629
112 279
112 255
112 190
112 511
113 593
113 579
113 693
113 731
113 521
113 523
113 507
114 192
114 646
114 299
114 159
114 623
114 337
114 530
114 538
114 634
114 318
114 543
115 432
115 784
115 134
115 294
115 348
115 267
115 210
115 494
115 371
115 436
115 374
115 473
115 666
115 635
115 220
115 663
115 414
116 384
116 642
116 266
116 715
116 140
116 219
116 122
116 734
116 233
116 750
116 158
116 310
116 121
116 314
116 572
116 125
116 383
117 513
117 739
117 420
117 260
117 569
117 201
117 447
118 161
118 418
118 507
118 580
118 210
118 514
118 466
118 255
118 240
118 729
118 612
118 347
118 380
118 479
119 384
119 289
119 466
119 611
119 228
119 560
119 425
119 376
119 132
119 799
120 384
120 225
120 649
120 361
120 729
120 588
120 434
120 336
120 178
120 435
120 565
120 642
120 567
120 568
120 313
120 770
120 597
121 707
121 165
121 778
121 364
121 653
121 239
121 724
121 470
121 759
121 408
121 697
121 347
121 219
122 354
122 739
122 293
122 328
122 622
122 659
122 564
122 666
122 574
123 320
123 768
123 747
123 519
123 683
123 333
123 661
123 154
123 189
123 543
124 480
124 161
124 324
124 309
124 769
124 789
124 651
124 156
124 157
124 678
125 710
125 456
125 299
125 301
125 304
125 497
125 247
125 573
125 574
125 543
126 481
126 386
126 515
126 555
126 753
126 688
126 220
126 235
126 744
126 272
126 625
126 468
126 597
126 150
126 311
126 571
126 540
126 757
127 232
127 471
127 141
127 750
127 528
127 692
127 437
127 182
127 215
127 218
127 639
128 544
128 336
128 390
128 712
128 554
128 719
128 220
128 729
128 250
128 444
128 671
129 512
129 643
129 748
129 295
129 332
129 523
129 590
129 509
129 338
129 758
129 441
129 730
129 508
129 573
129 158
130 194
130 163
130 667
130 166
130 458
130 203
130 622
130 304
130 593
130 178
130 760
130 409
130 283
130 572
130 575
131 225
131 554
131 620
131 557
131 541
131 497
131 537
131 623
131 764
131 330
132 352
132 484
132 385
132 744
132 684
132 191
132 787
132 277
132 772
132 282
132 283
132 698
132 629
133 512
133 688
133 739
133 534
133 168
133 490
133 555
133 684
133 142
133 381
133 656
133 252
133 342
133 633
133 445
133 410
133 187
133 412
133 314
134 193
134 258
134 769
134 392
134 650
134 271
134 209
134 291
134 213
134 663
134 335
134 674
134 676
134 613
134 550
134 429
134 245
134 633
134 189
135 256
135 353
135 706
135 613
135 679
135 587
135 684
135 748
135 602
135 635
136 672
136 195
136 404
136 293
136 502
136 217
136 491
136 238
137 453
137 386
137 329
137 779
137 589
137 590
137 240
137 178
137 723
137 599
137 607
138 161
138 514
138 390
138 172
138 400
138 273
138 734
138 758
138 728
138 345
138 666
138 720
138 637
138 542
139 514
139 356
139 357
139 441
139 361
139 761
139 786
139 789
139 310
139 279
139 249
139 602
139 175
139 477
140 352
140 737
140 290
140 451
140 747
140 521
140 586
140 619
140 514
140 719
140 144
140 697
140 734
141 193
141 731
141 516
141 204
141 335
141 595
141 179
141 404
141 311
141 248
141 570
142 496
142 419
142 198
142 615
142 194
142 169
142 267
142 646
142 336
142 786
142 393
142 184
142 354
142 506
142 475
142 738
143 305
143 738
143 795
143 308
143 630
143 489
143 152
143 484
143 351
144 194
144 199
144 426
144 455
144 204
144 557
144 270
144 156
144 174
144 374
144 782
144 409
144 412
144 348
144 757
145 765
145 710
145 202
145 652
145 397
145 722
145 147
145 405
145 611
145 427
145 239
145 690
145 308
145 159
145 764
145 381
145 190
146 337
146 211
146 582
146 470
146 151
146 683
146 443
146 668
146 762
146 783
147 416
147 539
147 484
147 150
147 263
147 746
147 207
147 463
147 736
147 611
147 659
147 667
147 342
147 187
147 349
147 789
148 577
148 387
148 776
148 556
148 588
148 337
148 275
148 755
148 693
148 279
148 539
148 700
149 171
149 484
149 645
149 710
149 555
149 781
149 686
149 207
149 627
149 309
149 343
149 371
149 187
150 322
150 325
150 679
150 617
150 683
150 306
150 339
150 633
150 218
150 186
150 254
150 319
151 194
151 328
151 588
151 718
151 464
151 278
151 783
151 160
151 496
151 683
151 305
151 363
151 445
151 176
151 561
151 757
151 631
151 312
151 313
151 656
151 767
151 511
152 419
152 331
152 235
152 707
152 493
152 398
152 466
152 211
152 566
152 535
152 313
152 670
153 322
153 163
153 196
153 266
153 715
153 191
153 694
153 503
153 443
153 671
154 545
154 475
154 502
154 614
154 713
154 395
154 790
154 547
154 629
154 598
154 535
154 665
154 186
154 627
155 496
155 650
155 492
155 717
155 368
155 788
155 406
155 600
155 250
156 582
156 328
156 662
156 535
156 285
156 799
156 672
156 482
156 549
156 230
156 188
156 491
156 178
156 174
156 242
156 564
156 690
156 573
156 638
157 545
157 530
157 787
157 532
157 293
157 216
157 235
157 696
158 740
158 706
158 292
158 724
158 711
158 682
158 684
158 451
158 176
158 400
158 496
158 723
158 537
158 180
159 576
159 674
159 707
159 773
159 678
159 552
159 168
159 652
159 396
159 178
159 334
159 301
159 339
159 212
159 302
159 759
159 722
160 528
160 578
160 169
160 713
160 599
160 429
160 180
160 603
161 192
161 194
161 164
161 550
161 199
161 718
161 237
161 321
161 496
161 590
161 248
161 479
161 362
161 223
162 359
162 362
162 747
162 588
162 402
162 563
162 757
162 625
162 667
162 253
162 254
162 575
163 763
163 453
163 520
163 642
163 461
163 238
163 365
163 552
163 594
163 661
163 175
163 604
163 757
164 611
164 198
164 343
164 592
164 281
164 186
164 783
164 346
165 512
165 549
165 456
165 489
165 423
165 525
165 398
165 189
165 688
165 468
165 629
165 631
165 760
165 285
165 447
166 363
166 455
166 585
166 587
166 720
166 465
166 726
166 345
166 541
166 286
166 416
166 483
166 742
166 678
166 235
166 265
166 312
166 443
166 316
166 317
167 769
167 228
167 325
167 231
167 649
167 651
167 332
167 685
167 398
167 690
167 439
167 762
167 605
168 260
168 582
168 520
168 430
168 431
168 688
168 772
168 223
168 671
169 641
169 616
169 617
169 170
169 658
169 378
169 411
170 384
170 688
170 258
170 515
170 196
170 646
170 455
170 232
170 425
170 685
170 334
170 207
170 328
170 494
170 541
170 478
171 256
171 208
171 798
171 411
171 790
171 799
171 225
171 328
171 205
171 270
171 174
171 176
171 368
171 736
171 694
171 636
171 670
172 464
172 322
172 486
172 648
172 268
172 623
172 785
172 244
172 630
172 728
172 586
172 670
173 196
173 726
173 202
173 717
173 207
173 208
173 469
173 534
173 344
173 324
173 655
173 762
173 773
173 481
173 296
173 305
173 503
173 312
173 442
173 183
174 299
174 602
174 390
174 232
174 240
174 765
174 210
174 532
174 377
174 250
174 346
175 720
175 708
175 614
175 780
175 621
175 303
175 212
175 374
175 724
175 669
175 459
176 714
176 206
176 400
176 504
176 595
176 602
176 420
176 679
176 426
176 239
176 754
176 436
176 503
176 696
176 444
176 574
177 256
177 368
177 388
177 561
177 326
177 247
177 410
177 589
177 462
178 555
178 760
178 782
178 721
178 378
178 187
178 570
179 368
179 643
179 485
179 198
179 618
179 651
179 304
179 217
179 600
179 313
179 731
180 224
180 326
180 296
180 714
180 335
180 304
180 437
180 310
180 760
180 346
180 463
180 413
180 543
181 656
181 689
181 603
181 711
181 254
181 430
181 366
181 559
182 546
182 291
182 484
182 422
182 577
182 297
182 637
182 749
182 788
182 284
183 464
183 482
183 539
183 615
183 344
183 556
183 459
183 188
184 608
184 577
184 546
184 675
184 261
184 692
184 622
184 664
184 526
184 586
184 702
185 452
185 197
185 454
185 552
185 554
185 299
185 398
185 431
185 232
185 466
185 564
185 697
185 730
185 411
186 369
186 794
186 485
186 775
186 235
186 237
187 547
187 388
187 422
187 234
187 434
187 621
187 660
187 408
187 356
187 221
187 510
187 197
188 491
188 580
188 261
188 264
188 201
188 342
188 473
188 221
188 678
188 495
188 432
188 307
188 245
188 634
188 639
189 480
189 608
189 230
189 203
189 430
189 600
189 596
189 309
189 344
189 550
189 602
190 420
190 293
190 199
190 266
190 471
190 663
190 690
190 613
190 434
190 788
190 409
190 634
190 644
190 444
190 670
190 543
191 480
191 737
191 195
191 727
191 425
191 740
191 535
191 658
191 723
191 402
191 435
191 213
191 342
191 696
191 377
191 508
192 576
192 354
192 651
192 360
192 523
192 718
192 721
192 756
192 344
192 634
192 348
193 451
193 714
193 267
193 302
193 431
193 240
193 292
193 463
193 778
193 318
194 581
194 673
194 650
194 760
194 429
194 721
194 789
194 706
194 762
194 682
195 785
195 251
195 601
195 316
195 252
195 733
196 770
196 260
196 359
196 296
196 238
196 335
196 208
196 401
196 563
196 686
196 697
196 250
196 731
196 767
197 326
197 616
197 681
197 204
197 680
197 402
197 483
197 661
197 411
197 541
198 614
198 520
198 651
198 467
198 776
198 530
198 659
198 470
198 585
198 787
198 660
198 252
198 757
199 295
199 204
199 556
199 527
199 787
199 532
199 757
199 560
199 495
200 273
200 354
200 307
200 501
200 630
200 641
200 473
200 234
200 303
201 640
201 644
201 741
201 264
201 460
201 715
201 428
201 720
201 338
201 627
201 664
201 250
201 539
201 637
201 542
201 501
202 579
202 549
202 455
202 329
202 714
202 599
202 210
202 535
202 568
202 537
202 445
203 385
203 259
203 550
203 262
203 327
203 232
203 617
203 429
203 688
203 721
203 483
203 507
204 656
204 322
204 635
204 392
204 329
204 686
204 764
204 214
204 553
204 760
204 697
204 251
204 572
204 669
205 641
205 770
205 766
205 508
205 557
205 240
205 565
205 246
205 344
205 282
205 636
205 734
206 315
206 301
206 239
206 435
206 757
206 312
206 313
206 415
206 286
206 383
207 379
207 292
207 356
207 451
207 621
207 347
207 223
208 257
208 733
208 579
208 726
208 388
208 558
208 669
208 597
208 662
208 344
208 569
208 251
209 613
209 455
209 745
209 586
209 711
209 769
209 238
209 628
209 406
209 279
209 516
209 570
209 604
209 682
210 289
210 290
210 421
210 417
210 727
210 598
210 240
210 400
210 558
210 217
210 314
210 283
210 412
210 766
211 353
211 645
211 743
211 780
211 718
211 304
211 339
211 660
211 691
211 374
211 474
211 784
211 351
212 770
212 763
212 644
212 390
212 235
212 402
212 627
212 379
213 643
213 285
213 648
213 585
213 331
213 663
213 367
213 240
213 564
213 247
213 628
213 538
213 378
214 321
214 676
214 293
214 636
214 263
214 560
214 243
214 662
214 524
214 696
214 377
214 506
214 639
214 252
214 543
215 226
215 387
215 580
215 486
215 330
215 225
215 655
215 473
215 763
215 767
215 702
216 336
216 733
216 611
216 710
216 417
216 304
216 240
216 433
216 248
216 612
216 431
216 319
217 288
217 481
217 548
217 796
217 705
217 361
217 395
217 792
217 568
217 506
217 348
218 323
218 540
218 333
218 238
218 687
218 788
218 789
218 476
219 432
219 563
219 677
219 742
219 748
219 770
220 384
220 290
220 291
220 228
220 774
220 523
220 417
220 652
220 586
220 263
220 452
220 484
220 689
220 503
220 420
221 416
221 641
221 468
221 598
221 599
221 413
221 414
221 335
222 400
222 241
222 585
222 632
222 409
222 554
222 679
223 707
223 775
223 508
223 371
223 431
223 534
223 601
223 569
223 378
223 367
223 348
224 257
224 321
224 395
224 706
224 783
224 273
224 724
224 414
224 417
224 228
224 485
224 337
224 232
224 752
224 307
224 761
224 447
225 385
225 553
225 530
225 753
225 370
225 387
225 308
225 724
225 251
225 253
225 771
226 568
226 515
226 497
226 323
226 565
226 246
226 407
226 701
227 416
227 741
227 638
227 636
227 493
227 350
227 296
228 480
228 325
228 681
228 278
228 311
228 737
228 638
228 767
229 256
229 258
229 519
229 557
229 303
229 595
229 563
229 773
229 277
229 471
229 569
229 655
229 298
229 607
230 577
230 363
230 356
230 646
230 359
230 552
230 682
230 391
230 652
230 369
230 791
230 305
230 308
230 420
230 299
230 702
231 726
231 241
231 370
231 654
231 614
231 782
231 266
231 407
231 450
231 254
232 448
232 738
232 679
232 273
232 281
232 794
232 639
232 605
232 608
233 483
233 519
233 395
233 428
233 269
233 621
233 528
233 600
233 698
233 509
233 510
233 447
234 385
234 473
234 740
234 613
234 327
234 545
234 711
234 428
234 269
234 463
234 625
234 244
234 247
234 429
234 586
235 641
235 520
235 717
235 412
236 273
236 727
236 458
236 604
236 398
236 623
237 644
237 582
237 327
237 584
237 458
237 528
237 275
237 286
237 487
237 259
237 252
237 304
237 562
237 467
237 628
237 745
237 316
238 608
238 737
238 618
238 620
238 727
238 740
238 477
238 638
239 770
239 646
239 293
239 369
239 489
239 588
239 365
239 246
239 409
239 607
239 284
239 673
239 549
240 386
240 747
240 385
240 584
240 270
240 598
240 613
240 490
240 427
240 624
240 435
240 442
240 252
240 573
240 574
240 767
241 744
241 259
241 748
241 571
241 265
241 268
241 704
241 686
241 626
241 693
241 705
241 539
241 348
241 731
242 769
242 515
242 292
242 517
242 423
242 648
242 682
242 331
242 685
242 464
242 662
242 765
243 610
243 707
243 421
243 391
243 744
243 491
243 492
243 399
243 659
243 277
243 313
243 282
243 647
243 606
244 798
244 598
244 615
244 427
244 366
244 720
244 370
244 750
244 438
244 727
244 696
244 795
244 414
245 785
245 758
245 391
245 364
245 402
245 302
245 271
245 688
245 497
245 658
245 283
245 252
245 799
246 624
246 257
246 269
246 764
246 566
246 489
246 621
247 257
247 290
247 291
247 676
247 550
247 518
247 779
247 519
247 429
247 658
247 561
247 522
247 378
247 540
248 739
248 708
248 778
248 423
248 782
248 432
248 632
248 311
248 729
248 762
248 785
248 765
249 258
249 325
249 390
249 521
249 777
249 482
249 752
249 625
249 596
249 565
249 635
249 605
250 718
250 769
250 262
250 519
250 476
250 783
250 432
250 469
250 316
250 254
251 576
251 772
251 583
251 696
251 771
251 660
251 471
251 537
251 677
251 296
251 617
251 628
251 565
251 312
251 404
251 313
251 639
252 533
252 529
252 466
252 788
252 661
252 534
252 538
252 725
252 454
252 553
252 690
252 756
252 437
252 630
252 639
253 778
253 398
253 463
253 629
253 790
253 695
253 440
253 730
253 733
253 542
253 639
254 385
254 391
254 649
254 469
254 524
254 306
254 301
254 757
254 639
254 666
254 341
255 257
255 619
255 773
255 359
255 364
255 362
255 459
255 428
255 527
255 369
255 573
255 778
255 468
255 753
255 349
256 290
256 451
256 616
256 397
256 301
256 503
256 761
256 281
256 557
256 511
257 688
257 707
257 734
257 495
257 369
257 755
257 309
257 635
257 636
257 414
257 479
258 706
258 387
258 612
258 455
258 520
258 557
258 573
258 616
258 377
258 766
259 576
259 715
259 648
259 778
259 780
259 659
259 341
259 479
259 608
259 614
259 554
259 622
259 371
259 373
259 566
259 682
259 447
260 545
260 748
260 731
260 476
261 307
261 308
261 726
261 649
261 505
261 394
261 539
261 781
261 270
262 560
262 520
262 770
262 327
262 296
262 346
262 509
263 483
263 294
263 780
263 398
263 655
263 439
263 376
263 317
264 624
264 411
264 549
264 713
264 746
264 398
264 592
264 409
264 635
264 412
265 643
265 644
265 582
265 292
265 552
265 776
265 494
265 790
265 772
265 484
265 703
266 296
266 491
266 494
266 698
267 711
267 593
267 540
267 762
267 387
267 751
268 385
268 483
268 580
268 487
268 744
268 778
268 523
268 738
268 317
268 336
268 687
268 529
268 377
268 559
269 707
269 326
269 501
269 749
269 655
269 372
269 600
269 575
270 336
270 419
270 293
270 680
270 460
270 664
270 727
270 505
270 284
271 483
271 748
271 716
271 674
271 757
271 660
271 278
271 311
271 344
271 771
271 635
271 511
272 766
272 483
272 772
272 326
272 425
272 627
272 597
272 632
272 787
272 666
272 476
272 477
273 517
273 385
273 524
273 526
273 403
273 343
273 634
273 415
273 674
273 549
273 429
273 690
273 787
273 759
273 442
273 572
273 319
274 369
274 323
274 532
274 566
274 280
274 465
274 554
274 455
274 684
275 545
275 674
275 579
275 644
275 486
275 615
275 520
275 457
275 618
275 787
275 638
275 585
275 280
275 308
275 636
275 550
276 577
276 772
276 390
276 423
276 522
276 523
276 556
276 303
276 465
276 627
276 507
276 287
277 765
277 573
277 656
277 369
277 709
277 471
277 282
277 570
277 415
278 672
278 769
278 310
278 710
278 599
278 652
278 688
278 756
278 598
278 633
278 474
279 697
279 393
279 430
279 559
279 758
279 409
279 505
279 631
280 656
280 740
280 494
280 790
280 443
280 380
280 302
281 515
281 295
281 795
281 780
281 562
281 440
281 379
281 703
282 705
282 709
282 588
282 302
282 471
282 284
282 762
282 292
282 621
282 754
282 758
282 440
282 494
282 634
282 702
283 320
283 480
283 613
283 614
283 647
283 306
283 398
283 434
283 710
283 529
283 707
283 376
283 783
283 736
283 645
284 704
284 580
284 490
284 514
284 397
284 660
284 631
284 772
284 682
284 734
285 320
285 708
285 407
285 635
285 604
285 605
285 382
286 449
286 647
286 521
286 332
286 323
286 660
286 661
286 598
286 408
286 665
286 539
286 351
286 747
286 628
286 698
286 700
287 641
287 322
287 570
287 774
287 361
287 642
287 366
287 503
287 788
287 410
287 572
287 413
287 350
288 704
288 736
288 547
288 774
288 782
288 433
288 467
288 468
288 764
289 449
289 707
289 366
289 765
289 329
290 385
290 751
290 611
290 797
290 485
290 454
290 577
290 769
290 722
290 783
290 754
290 399
290 509
290 702
290 639
291 550
291 338
291 462
291 790
291 445
292 674
292 611
292 772
292 582
292 326
292 481
292 522
292 647
292 746
292 347
292 602
293 448
293 773
293 365
293 657
293 723
293 791
293 408
293 367
293 751
293 613
293 678
293 749
293 756
293 317
294 512
294 771
294 412
294 394
294 647
294 660
294 697
294 474
294 476
294 797
295 617
295 792
295 491
295 508
295 415
296 746
296 619
296 723
296 624
296 753
296 675
296 667
296 342
296 503
296 362
296 479
297 797
297 613
297 552
297 457
297 554
297 333
297 701
297 592
297 753
297 467
297 316
297 298
297 767
298 609
298 354
298 548
298 368
298 401
298 595
298 713
298 568
298 475
299 610
299 486
299 489
299 490
299 674
299 430
299 464
299 433
299 599
299 506
300 363
300 645
300 554
300 417
300 532
300 661
300 657
300 788
300 571
300 637
300 446
301 490
301 554
301 644
301 646
301 327
301 777
301 458
301 679
301 716
301 778
301 309
301 641
301 542
301 316
301 317
302 618
302 455
302 586
302 778
302 349
303 608
303 386
303 395
303 459
303 620
303 622
303 465
303 483
303 405
303 672
303 704
303 414
303 757
304 705
304 355
304 389
304 691
304 499
304 368
304 562
304 675
304 470
304 733
304 511
305 480
305 399
305 635
305 562
305 435
305 340
305 798
305 343
305 507
305 606
305 351
306 448
306 699
306 616
306 650
306 395
306 349
306 560
306 709
306 643
306 734
306 573
306 543
307 704
307 517
307 777
307 458
307 686
307 628
307 406
307 639
308 708
308 648
308 713
308 743
308 792
308 401
308 468
308 577
308 759
308 788
308 559
309 611
309 389
309 742
309 396
309 782
309 645
309 381
309 383
310 740
310 615
310 779
310 585
310 523
310 466
310 723
310 436
310 603
310 607
311 640
311 449
311 580
311 720
311 793
311 485
311 354
311 742
311 553
311 684
311 497
311 691
311 441
311 636
311 381
311 511
312 321
312 732
312 427
312 791
312 439
312 541
313 799
313 727
313 586
313 396
313 792
313 596
313 399
313 543
313 618
313 492
313 430
313 624
313 502
313 447
314 672
314 768
314 740
314 647
314 362
314 626
314 717
314 657
314 563
315 705
315 374
315 434
315 611
315 566
315 763
315 637
315 351
316 321
316 673
316 653
316 569
316 767
316 525
316 666
317 640
317 669
317 561
317 378
317 699
317 541
318 452
318 453
318 615
318 424
318 618
318 708
318 670
318 438
318 676
318 412
318 650
318 446
319 773
319 522
319 370
319 626
319 755
319 628
319 634
319 530
319 734
320 322
320 347
320 484
320 519
320 329
320 362
320 386
320 591
320 565
320 566
321 512
321 501
321 535
321 670
322 620
322 684
322 644
322 422
322 769
322 367
322 533
322 649
322 378
322 443
322 730
323 737
323 726
323 456
323 747
323 716
323 509
323 520
323 372
323 474
323 741
324 663
324 548
324 710
324 504
324 573
325 779
325 550
325 360
325 551
325 587
325 658
325 356
325 466
325 596
326 724
326 401
326 776
326 777
326 428
326 374
326 692
326 474
327 608
327 768
327 618
327 586
327 427
327 748
327 503
327 394
328 682
328 777
328 653
328 461
328 432
328 498
328 787
328 602
328 638
329 611
329 484
329 651
329 464
329 376
329 602
329 605
329 799
330 360
330 764
330 599
330 532
330 760
330 346
330 571
330 507
330 538
330 351
331 512
331 613
331 648
331 682
331 684
331 754
331 688
331 369
331 499
331 502
331 617
331 540
331 797
332 627
332 371
332 782
332 400
332 414
332 347
333 725
333 574
333 457
333 638
333 478
333 653
334 770
334 613
334 550
334 412
334 463
334 645
334 753
334 444
334 447
335 518
335 519
335 663
335 465
335 725
335 598
335 567
335 441
335 764
335 709
336 354
336 483
336 504
336 493
336 723
336 755
336 724
337 729
337 765
337 692
337 437
337 726
337 407
337 476
337 509
338 416
338 674
338 667
338 737
338 360
338 587
338 627
338 340
338 788
338 676
338 479
338 637
338 798
338 607
339 752
339 420
339 690
339 691
339 629
339 342
339 727
339 603
339 714
340 517
340 646
340 648
340 797
340 428
340 783
340 767
340 509
340 485
341 480
341 358
341 561
341 584
341 585
341 363
341 492
341 646
341 470
341 535
341 732
341 491
342 356
342 458
342 523
342 397
342 467
342 589
342 595
342 772
342 754
343 736
343 513
343 388
343 583
343 715
343 686
343 434
343 793
343 478
343 700
343 350
343 533
344 489
344 509
344 798
344 543
345 389
345 454
345 560
345 790
345 791
345 440
345 731
345 572
345 778
346 705
346 578
346 774
346 652
346 524
346 770
346 498
346 764
347 513
347 433
347 585
347 650
347 647
347 401
347 404
347 375
347 641
347 413
347 606
348 675
348 360
348 716
348 403
348 589
348 527
348 789
348 438
348 761
348 600
348 570
348 712
348 510
349 576
349 361
349 523
349 784
349 696
349 762
349 595
349 380
350 453
350 646
350 631
350 748
350 599
350 364
350 723
351 516
351 711
351 616
351 713
351 663
351 685
351 595
351 724
351 444
351 382
352 789
352 721
352 706
352 371
352 533
352 359
352 653
352 597
353 516
353 790
353 456
353 680
353 462
353 694
353 602
353 603
353 668
353 414
353 479
354 646
354 525
354 546
354 548
354 488
354 425
354 494
354 431
354 563
354 382
354 510
354 575
355 674
355 615
355 360
355 617
355 683
355 700
355 659
355 723
355 668
355 478
356 551
356 682
356 748
356 755
356 508
357 432
357 627
357 388
357 646
357 663
357 588
357 687
357 495
358 674
358 388
358 790
358 744
358 695
358 684
358 749
358 724
358 534
358 503
358 728
358 756
358 605
359 758
359 585
359 715
359 592
359 742
359 707
359 474
359 540
359 422
359 579
359 374
359 777
359 506
359 379
359 381
360 512
360 452
360 571
360 511
360 734
360 503
360 409
360 702
360 415
361 386
361 487
361 741
361 481
361 458
361 396
361 462
361 786
361 723
361 406
361 471
362 714
362 690
362 531
362 448
362 629
362 479
362 375
362 543
363 738
363 635
363 429
363 717
363 689
363 373
363 630
363 408
363 379
363 797
363 501
364 614
364 713
364 492
364 557
364 495
364 786
364 534
364 473
364 655
364 382
365 641
365 646
365 522
365 558
365 600
365 740
365 680
365 491
365 684
365 798
365 635
365 383
366 642
366 547
366 644
366 678
366 553
366 434
366 755
366 596
366 406
366 378
366 607
366 735
367 554
367 713
367 522
367 398
367 710
367 598
367 379
367 508
367 381
368 672
368 581
368 588
368 461
368 721
368 530
368 730
368 687
368 480
368 549
368 748
368 494
368 495
368 442
369 468
369 670
369 600
369 574
370 422
370 524
370 558
370 594
370 761
370 572
370 543
371 395
371 717
371 622
371 719
371 547
371 658
371 536
371 570
371 411
371 767
372 641
372 644
372 567
372 396
372 561
372 579
372 563
372 436
372 565
372 723
372 535
372 724
372 443
372 772
372 638
373 513
373 770
373 580
373 673
373 524
373 530
373 401
373 771
373 404
373 374
373 791
373 761
373 720
374 736
374 400
374 516
374 711
374 652
374 654
374 564
374 761
374 731
375 769
375 450
375 539
375 486
375 460
375 779
375 524
375 494
375 463
375 498
375 755
375 750
375 745
375 787
375 490
375 606
376 517
376 663
376 493
376 529
376 499
376 797
376 541
377 609
377 486
377 392
377 745
377 656
377 712
377 695
377 603
377 511
378 769
378 774
378 714
378 788
378 540
378 762
378 614
378 488
378 658
378 431
378 753
378 628
378 506
378 796
379 521
379 498
379 693
379 505
379 762
379 702
380 592
380 420
380 615
380 488
380 620
380 626
380 462
380 432
380 594
380 501
380 729
380 447
380 784
380 479
381 619
381 749
381 592
381 724
381 474
381 719
382 502
382 422
382 458
382 781
382 530
382 470
382 407
382 697
383 512
383 763
383 580
383 710
383 551
383 583
383 652
383 685
383 410
383 671
383 405
384 608
384 483
384 438
384 452
384 559
385 455
385 418
385 792
385 687
385 510
385 726
385 508
385 789
386 675
386 772
386 646
386 623
386 723
386 407
386 539
386 703
387 646
387 521
387 655
387 709
388 483
388 486
388 627
388 441
388 634
388 796
388 453
389 765
389 637
389 421
390 450
390 409
390 724
390 738
391 588
391 399
391 404
391 406
391 761
391 664
391 603
391 554
391 558
391 527
391 508
391 574
392 690
392 770
392 628
392 552
392 506
392 730
393 521
393 577
393 765
394 416
394 641
394 482
394 520
394 714
394 559
394 468
394 565
394 566
394 415
394 539
395 556
395 546
395 591
395 661
395 755
395 730
395 549
395 422
395 551
395 616
395 497
395 564
395 585
395 633
395 445
396 659
396 678
396 523
396 588
396 590
396 559
396 592
396 499
396 795
397 513
397 529
397 656
397 440
397 794
397 443
397 437
398 609
398 699
398 586
398 654
398 657
398 595
398 630
399 512
399 453
399 582
399 461
399 720
399 732
399 617
399 603
399 412
400 676
400 620
400 425
400 718
400 763
400 581
401 708
401 776
401 524
401 793
401 574
401 757
402 682
402 642
402 559
402 504
402 537
403 416
403 420
403 747
403 621
403 494
403 662
403 414
404 736
404 568
404 699
404 454
404 596
404 729
404 440
404 612
404 574
404 565
405 466
405 721
405 485
405 465
405 753
405 473
405 490
405 652
406 798
406 552
406 706
407 544
407 496
407 484
407 742
407 554
407 541
407 752
407 628
407 574
407 567
407 443
407 785
408 512
408 546
408 603
408 747
408 522
408 685
408 781
408 658
408 531
408 439
408 796
408 533
409 449
409 587
409 614
409 691
409 439
409 684
409 718
409 611
409 623
410 449
410 549
410 749
410 463
410 566
410 765
411 578
411 710
411 524
411 759
411 628
411 716
411 442
412 710
412 750
412 792
412 559
412 671
413 578
413 630
413 533
413 726
413 764
413 511
414 709
414 454
414 617
414 615
414 685
414 532
414 706
414 500
414 796
415 737
415 484
415 613
415 489
415 651
415 429
415 678
415 435
415 628
415 470
415 771
415 643
416 449
416 513
416 467
416 468
416 567
417 549
417 648
417 716
417 787
417 790
417 772
418 592
418 602
418 700
418 784
418 767
419 576
419 481
419 708
419 619
419 620
419 465
419 437
419 791
419 728
420 513
420 677
420 657
420 640
420 762
420 575
421 528
421 532
421 536
421 681
421 459
421 716
421 642
422 482
422 527
422 789
422 674
422 722
422 633
422 770
422 655
423 672
423 514
423 745
423 650
423 491
423 722
423 497
423 599
423 692
424 481
424 722
424 749
424 735
424 745
424 665
424 459
424 759
424 493
425 581
425 750
425 758
425 592
425 539
425 797
426 595
426 512
426 444
426 611
427 670
427 584
427 459
427 712
427 786
427 709
427 565
427 625
427 500
427 572
427 543
428 768
428 456
428 617
428 781
428 632
428 787
428 725
428 504
428 532
428 635
429 673
429 653
429 720
429 540
429 607
429 545
429 550
429 488
429 567
429 756
429 543
430 669
430 695
430 770
430 557
431 739
431 522
431 464
431 788
431 758
431 735
431 636
432 588
432 653
432 691
432 726
432 601
432 619
432 492
432 627
432 511
433 515
433 493
433 751
433 792
433 434
433 723
433 739
433 701
434 674
434 552
434 697
434 664
434 744
434 461
434 653
434 754
434 691
434 474
434 639
435 704
435 752
435 743
435 573
435 468
435 469
435 735
435 509
435 638
436 675
436 526
436 441
436 603
437 580
437 781
437 557
437 754
437 693
437 792
437 539
438 553
438 494
438 509
438 466
438 725
438 504
438 764
438 458
439 560
439 619
439 644
439 712
439 746
439 621
439 653
439 631
439 751
440 676
440 601
440 604
441 592
441 739
441 534
441 799
442 706
442 597
442 664
442 774
442 508
443 715
443 578
443 600
443 519
443 776
443 751
443 720
443 782
443 568
443 668
443 766
444 674
444 548
444 583
444 715
444 741
444 572
444 669
445 799
445 525
445 765
445 791
445 562
445 599
445 739
445 501
445 502
445 756
445 507
445 508
445 638
445 629
446 640
446 768
446 566
446 458
446 461
446 694
446 689
446 728
446 569
446 709
447 642
447 709
447 525
447 530
447 531
447 738
447 747
447 557
447 694
447 762
447 573
448 455
448 521
448 600
448 488
448 601
448 753
448 765
449 707
449 772
449 712
449 522
449 560
450 704
450 522
450 685
450 530
450 628
450 664
450 778
451 453
451 759
451 537
451 635
451 540
452 651
452 687
452 561
452 565
452 765
453 704
453 732
453 779
453 526
453 560
453 753
453 788
453 469
453 790
453 475
453 606
454 609
454 613
454 589
454 464
454 625
454 510
454 751
454 478
455 771
455 748
455 744
455 477
455 565
455 666
455 667
456 644
456 701
456 789
456 728
456 634
456 666
457 675
457 748
457 587
457 592
457 466
457 606
458 576
458 770
458 646
458 774
458 506
459 689
459 599
459 785
459 530
459 778
459 698
460 577
460 610
460 532
460 571
460 647
460 541
461 496
461 514
461 549
461 705
461 490
461 620
461 467
461 661
461 515
461 504
461 636
461 746
462 516
462 764
462 779
462 685
462 509
462 498
462 771
462 591
462 669
463 735
463 663
463 589
463 701
463 785
463 691
463 699
463 767
463 670
463 479
464 773
464 720
464 724
464 600
464 796
465 653
465 482
465 530
465 503
465 514
465 784
465 547
465 745
465 602
465 732
465 661
466 579
466 763
466 767
466 691
466 787
466 703
467 659
467 633
467 656
468 649
468 652
468 565
468 574
469 674
469 516
469 520
469 778
469 493
469 689
469 668
469 538
470 705
470 707
470 785
470 792
470 634
470 763
470 670
471 483
471 567
471 782
471 584
471 534
471 503
471 476
471 733
472 760
472 627
472 727
472 623
473 652
473 763
473 540
473 525
474 545
474 626
474 765
474 739
474 550
474 494
474 732
475 481
475 487
475 683
475 783
475 625
475 757
475 689
475 508
476 560
476 765
476 562
476 530
476 755
476 722
476 787
477 672
477 514
477 716
478 544
478 724
478 730
478 647
478 494
478 687
479 580
479 796
479 709
479 608
479 612
479 508
479 558
479 502
479 567
479 507
479 572
480 560
480 547
480 517
480 712
480 522
480 744
480 735
481 677
481 682
481 719
481 497
481 572
482 677
482 648
482 777
482 780
482 493
482 623
482 723
483 512
483 642
483 523
483 649
483 547
483 536
483 539
483 540
483 618
483 685
483 759
483 574
484 738
484 492
484 654
484 760
484 559
484 698
485 739
485 776
485 791
485 781
485 725
486 571
486 610
486 727
486 654
486 687
486 619
486 753
486 740
486 536
486 543
487 683
487 644
487 732
487 649
487 735
487 557
488 656
488 778
488 555
488 557
488 592
488 625
488 498
488 567
489 738
489 786
489 660
489 761
489 601
489 687
489 677
489 621
489 623
489 569
489 509
489 575
490 612
490 760
490 573
490 621
491 768
491 611
491 774
491 687
491 575
492 624
492 675
492 519
492 617
492 586
492 589
492 573
493 621
493 687
493 636
493 797
493 661
494 640
494 579
494 647
494 598
494 605
494 550
494 622
494 506
494 763
495 498
495 723
495 500
495 599
495 603
496 608
496 646
496 743
496 690
496 666
497 715
497 636
497 535
497 748
497 722
497 698
498 579
498 779
498 653
498 527
498 737
498 551
498 556
498 753
498 690
498 499
498 510
498 724
498 766
499 585
499 719
499 607
500 642
500 740
500 647
500 777
500 651
500 727
500 591
500 691
500 697
500 506
500 509
501 580
501 743
501 622
501 783
501 680
501 585
501 536
501 543
502 734
502 578
502 582
502 586
502 748
502 648
502 594
502 595
502 702
503 653
503 505
503 558
503 557
503 692
503 629
503 623
504 619
504 677
504 688
504 654
504 532
504 730
504 703
505 690
505 579
505 683
506 667
506 749
506 539
506 638
507 778
507 731
507 747
507 621
507 781
507 595
507 563
507 568
507 607
508 516
508 658
508 532
508 798
508 603
508 746
508 647
508 639
509 662
509 586
509 524
509 694
509 637
510 556
510 578
510 621
510 701
511 611
511 569
511 650
511 724
511 783
512 792
512 514
512 597
512 660
512 551
513 694
513 679
513 793
513 637
513 662
513 760
513 676
513 573
513 719
514 619
514 678
514 719
514 529
514 721
515 768
515 611
515 580
515 753
515 693
515 697
515 600
515 735
516 536
516 793
516 687
517 545
517 707
517 646
517 552
517 530
517 531
517 788
517 592
517 602
517 767
517 575
518 775
518 750
518 654
519 707
519 774
519 695
519 656
519 659
519 596
519 645
519 546
519 751
519 753
519 568
519 765
520 775
520 533
520 549
520 690
520 630
521 673
521 785
521 779
521 675
521 757
521 696
522 646
522 614
522 619
522 786
523 682
523 622
523 774
523 597
523 750
524 758
524 649
524 714
524 786
524 729
525 550
525 583
525 700
525 715
525 645
525 566
525 792
526 743
526 740
526 727
526 537
526 730
526 733
526 767
527 582
527 552
527 786
527 564
528 610
528 748
528 784
528 595
528 599
528 536
528 571
528 604
529 537
530 547
530 572
530 645
530 713
531 733
531 783
531 698
532 668
532 746
532 728
532 798
532 618
533 576
533 700
533 556
533 658
533 574
533 575
534 737
534 671
534 795
534 633
534 727
534 677
534 594
534 789
534 694
534 543
535 579
535 657
535 755
536 673
536 712
536 550
536 781
536 787
536 740
536 604
537 718
537 774
537 616
537 684
537 558
537 600
537 702
538 654
538 662
538 638
538 629
539 743
539 584
539 553
539 547
539 565
540 640
540 584
540 766
541 546
541 719
541 778
541 788
541 636
541 645
542 791
542 641
542 740
542 681
542 616
543 704
543 577
544 727
544 797
545 579
545 586
545 580
546 549
546 588
546 594
546 597
546 728
546 732
547 672
547 697
547 654
547 789
548 583
548 777
548 622
548 755
548 724
548 790
548 795
549 775
549 781
549 657
549 659
549 610
549 728
549 729
549 608
549 740
549 628
549 757
549 697
550 779
550 738
550 667
550 625
551 715
551 678
551 777
551 757
552 775
552 713
552 745
552 614
552 754
553 708
553 745
553 559
554 704
554 650
554 656
554 785
555 722
555 581
555 617
555 622
556 734
556 680
556 681
556 561
556 722
556 570
557 577
557 709
557 678
557 686
557 731
557 735
557 751
557 569
558 749
558 596
558 575
558 574
559 686
559 781
559 625
559 603
560 675
560 722
560 654
560 724
561 733
561 647
561 573
561 728
561 638
562 688
562 579
562 771
562 695
562 761
563 616
563 637
564 654
564 634
564 637
565 581
565 752
565 600
565 676
566 772
566 699
566 748
566 776
566 596
566 597
567 656
567 760
567 700
568 672
568 737
568 706
569 752
569 767
569 679
569 680
570 751
570 622
571 738
571 613
571 687
571 698
571 636
572 583
572 746
572 692
573 788
573 673
574 672
574 674
574 711
574 783
574 635
575 625
575 648
575 593
575 764
575 604
576 655
576 627
576 759
577 646
577 719
577 723
577 792
577 665
577 797
577 623
578 675
578 618
578 684
578 718
579 643
579 772
579 663
579 728
579 753
579 755
579 635
579 637
580 792
580 665
580 682
580 621
580 628
580 671
581 763
581 732
582 780
582 595
582 759
583 783
583 753
583 760
583 702
584 667
584 679
584 748
584 591
584 625
584 693
585 731
585 740
585 774
586 682
586 685
586 671
587 736
587 644
587 742
587 782
587 694
587 762
588 595
588 789
588 794
588 639
589 629
590 778
591 624
591 754
591 627
591 604
592 620
592 715
592 727
592 673
592 597
592 795
592 670
593 747
593 645
593 649
593 780
593 594
593 631
593 760
594 769
594 748
594 724
594 607
595 772
596 669
596 704
596 711
596 619
596 784
596 659
596 634
596 737
596 639
597 647
597 738
597 753
597 723
597 669
598 669
598 679
598 734
598 605
599 733
599 622
599 635
599 657
600 770
600 771
601 740
601 602
601 685
601 632
602 707
602 725
603 771
603 746
603 656
603 794
604 747
604 773
604 716
604 615
604 659
604 665
604 606
605 765
605 647
605 614
605 678
605 628
606 608
606 627
606 674
606 771
606 646
606 712
606 687
606 783
607 610
607 710
607 743
607 791
607 729
607 666
608 612
608 646
608 681
608 650
608 765
608 638
608 662
608 704
609 753
609 706
609 650
610 652
610 718
610 728
610 629
610 762
611 792
611 622
612 740
612 646
612 619
612 782
612 742
612 741
612 762
613 704
613 768
613 659
613 777
613 702
614 785
614 747
614 687
614 696
614 764
615 641
615 798
615 712
615 707
616 751
616 752
617 640
617 641
617 676
617 741
617 623
617 693
617 700
618 683
618 726
619 770
619 661
619 673
619 789
619 622
620 718
620 755
620 771
620 697
620 638
621 711
621 796
621 693
621 698
622 645
622 679
622 688
623 773
623 759
623 794
623 789
624 704
624 784
624 643
624 742
625 647
625 719
626 632
627 689
627 787
627 728
627 669
628 720
628 751
628 669
628 683
628 685
629 755
629 649
629 690
629 798
630 772
630 658
630 799
631 760
631 689
631 632
631 671
632 770
632 681
632 761
632 750
632 721
632 762
633 685
633 775
633 767
633 703
634 711
634 686
635 709
635 761
635 730
635 741
635 765
636 777
636 664
637 640
637 771
637 773
638 698
638 728
638 708
639 641
639 772
639 655
639 722
639 731
639 672
640 706
640 643
640 716
640 653
640 670
640 671
641 749
642 736
642 659
643 789
643 669
644 704
644 687
645 683
645 697
646 756
646 699
647 731
647 651
647 700
648 782
649 766
649 795
649 706
649 707
649 753
650 748
650 782
650 751
650 663
650 762
650 764
650 765
651 779
651 729
651 664
651 731
652 799
652 719
652 735
652 747
652 687
652 756
652 764
653 782
653 788
653 746
653 696
653 764
654 704
654 707
655 684
655 714
655 663
655 728
656 691
656 684
656 664
656 796
656 670
657 737
657 791
657 671
657 766
658 746
658 758
658 766
659 787
659 747
659 688
659 675
659 799
660 778
660 727
660 702
660 697
660 741
661 672
661 797
661 745
661 746
661 750
661 725
661 694
661 749
661 799
662 790
662 797
662 727
663 736
663 741
663 776
664 769
664 668
665 672
665 710
665 775
665 785
665 692
665 703
666 754
666 693
666 667
667 705
667 772
667 759
667 674
667 763
668 756
668 686
668 671
669 751
670 718
670 726
671 794
672 775
672 782
672 771
675 692
676 689
676 749
677 716
678 700
678 711
679 725
679 792
679 737
679 757
680 736
680 706
680 793
681 760
681 723
681 774
682 762
683 766
683 746
684 704
684 791
684 786
684 762
684 699
686 773
686 781
686 799
687 781
687 738
688 707
688 755
688 743
688 746
689 799
689 732
690 768
690 723
691 709
691 780
691 797
691 753
691 699
691 766
693 714
694 789
694 776
694 747
694 711
694 708
694 729
695 796
695 732
695 767
696 769
696 758
696 718
696 753
697 736
697 713
697 760
698 766
698 707
699 742
699 723
699 701
700 743
700 723
701 705
701 794
702 745
702 727
702 770
702 781
703 709
703 716
703 790
704 741
704 758
705 765
706 770
706 722
706 725
707 772
707 795
707 755
707 735
708 769
708 726
709 760
710 792
710 762
712 786
713 797
714 760
714 789
715 768
715 720
715 770
715 747
715 744
716 739
718 782
719 755
719 728
719 735
721 796
722 754
722 792
723 739
723 764
724 777
724 757
724 743
725 775
725 763
726 765
726 786
726 759
726 783
726 796
728 788
729 776
730 757
731 759
733 761
734 774
734 776
735 753
736 791
736 761
737 742
737 779
737 750
738 786
739 768
741 743
741 775
742 759
744 789
745 785
747 750
751 767
752 785
752 784
755 788
756 779
756 794
758 778
758 772
758 769
759 769
759 787
760 781
761 775
762 772
762 775
763 797
765 770
765 783
765 788
766 785
768 796
769 774
771 786
771 784
771 787
777 779
780 799
789 797
