1
0 115
0 232
1 4
1 374
2 267
2 390
3 66
3 266
4 277
5 265
5 434
6 28
6 56
7 121
7 370
8 278
8 384
9 78
9 396
10 19
10 214
11 126
11 276
12 172
12 187
13 431
13 473
14 33
14 406
15 405
15 489
16 58
16 99
17 118
17 262
18 98
18 361
19 199
20 144
20 420
21 199
21 288
22 290
22 492
23 135
23 256
24 56
24 228
25 298
25 449
26 387
26 491
27 46
27 282
28 211
29 330
29 439
30 377
30 397
31 67
31 152
32 448
32 452
33 414
34 168
34 389
35 134
35 309
36 153
36 165
37 39
37 214
38 227
38 328
39 493
40 336
40 395
41 306
41 486
42 93
42 326
43 181
43 479
44 60
44 303
45 248
45 373
46 346
47 210
47 243
48 218
48 242
49 212
49 217
50 359
50 411
51 121
51 323
52 125
52 223
53 311
53 450
54 79
54 234
55 288
55 408
57 297
57 320
58 342
59 336
59 342
60 78
61 284
61 470
62 132
62 300
63 302
63 487
64 124
64 166
65 316
65 491
66 315
67 86
68 302
68 366
69 375
69 488
70 353
70 456
71 128
71 471
72 260
72 472
73 248
73 254
74 95
74 324
75 334
75 463
76 94
76 348
77 163
77 443
79 445
80 279
80 291
81 435
81 494
82 340
82 456
83 150
83 186
84 364
84 487
85 195
85 204
86 160
87 111
87 305
88 207
88 239
89 128
89 392
90 330
90 350
91 247
91 382
92 113
92 371
93 133
94 140
95 120
96 177
96 446
97 231
97 292
98 427
99 357
100 250
100 481
101 270
101 285
102 266
102 306
103 185
103 403
104 188
104 208
105 111
105 136
106 143
106 201
107 349
107 438
108 109
108 301
109 133
110 374
110 475
112 232
112 362
113 344
114 212
114 284
115 444
116 178
116 367
117 238
117 459
118 243
119 155
119 174
120 207
122 153
122 295
123 454
123 467
124 363
125 276
126 201
127 157
127 346
129 418
129 436
130 390
130 426
131 318
131 469
132 494
134 371
135 400
136 312
137 234
137 449
138 323
138 459
139 208
139 297
140 401
141 334
141 392
142 219
142 400
143 493
144 247
145 338
145 477
146 158
146 264
147 196
147 406
148 251
148 304
149 194
149 490
150 343
151 167
151 450
152 394
154 352
154 387
155 484
156 179
156 414
157 443
158 189
159 327
159 332
160 253
161 198
161 379
162 237
162 318
163 222
164 380
164 434
165 485
166 416
167 416
168 458
169 244
169 310
170 497
171 241
171 391
172 389
173 224
173 378
174 265
175 251
175 341
176 376
176 393
177 407
178 478
179 351
180 328
180 436
181 268
182 236
182 326
183 388
183 480
184 458
184 495
185 309
186 322
187 224
188 307
189 202
190 430
190 455
191 218
191 372
192 425
192 433
193 462
193 478
194 498
195 209
196 408
197 353
197 419
198 489
200 225
200 332
202 438
203 319
203 440
204 293
205 379
205 445
206 209
206 262
210 270
211 409
213 216
213 496
215 227
215 410
216 321
217 335
219 286
220 271
220 398
221 413
221 453
222 294
223 255
225 305
226 329
226 417
228 337
229 350
229 412
230 381
230 394
231 310
233 343
233 468
235 272
235 396
236 283
237 249
238 245
239 351
240 275
240 308
241 317
242 385
244 370
245 369
246 314
246 355
249 354
250 495
252 320
252 485
253 352
254 462
255 367
256 282
257 268
257 399
258 263
258 415
259 298
259 377
260 418
261 365
261 368
263 368
264 347
267 423
269 479
271 474
272 444
273 417
273 430
274 299
274 373
275 281
277 433
278 441
279 482
280 296
280 312
281 329
283 476
285 361
286 431
287 289
287 490
289 313
290 426
291 440
292 452
293 454
294 355
295 333
296 451
299 465
300 313
301 362
303 419
304 466
307 327
308 319
311 484
314 347
315 429
316 413
317 441
321 499
322 366
324 492
325 356
325 448
331 423
331 498
333 339
335 474
337 432
338 401
339 461
340 360
341 404
344 376
345 473
345 488
348 369
349 432
354 421
356 447
357 393
358 402
358 468
359 476
360 455
363 499
364 383
365 428
372 447
375 467
378 472
380 395
381 411
382 481
383 464
384 398
385 403
386 457
386 496
388 463
391 469
397 442
399 437
402 453
404 437
405 460
407 439
409 435
410 464
412 486
415 446
420 465
421 424
422 427
422 461
424 460
425 480
428 471
429 451
442 457
466 482
470 497
475 483
477 483
500 170
501 269
-1 -1
6.18308
