1
0 186
0 355
1 222
1 446
2 225
2 259
3 153
3 365
4 172
4 498
5 311
5 429
6 112
6 127
7 74
7 284
8 215
8 308
9 235
9 434
10 180
10 272
11 282
11 319
12 99
12 327
13 150
13 411
14 218
14 466
15 243
15 345
16 39
16 189
17 34
17 330
18 62
18 323
19 380
19 426
20 265
20 459
21 310
21 384
22 388
22 406
23 29
23 202
24 184
24 307
25 26
25 151
26 431
27 223
27 376
28 199
28 254
29 40
30 111
30 466
31 295
31 315
32 147
32 317
33 169
33 311
34 405
35 52
35 250
36 218
36 321
37 367
37 378
38 103
38 423
39 394
40 152
41 411
41 490
42 108
42 421
43 154
43 473
44 122
44 186
45 370
45 474
46 54
46 435
47 107
47 337
48 255
48 395
49 83
49 432
50 177
50 270
51 88
51 429
52 353
53 171
53 441
54 440
55 87
55 379
56 105
56 192
57 64
57 141
58 122
58 269
59 174
59 452
60 70
60 484
61 116
61 153
62 81
63 88
63 114
64 188
65 210
65 454
66 441
66 478
67 152
67 278
68 80
68 265
69 187
69 334
70 394
71 98
71 208
72 77
72 333
73 172
73 478
74 277
75 326
75 341
76 157
76 476
77 295
78 97
78 222
79 200
79 236
80 338
81 475
82 129
82 213
83 243
84 102
84 412
85 261
85 489
86 104
86 348
87 363
89 115
89 391
90 344
90 492
91 370
91 449
92 206
92 363
93 217
93 367
94 106
94 207
95 205
95 399
96 212
96 389
97 158
98 485
99 196
100 164
100 231
101 145
101 162
102 151
103 392
104 230
105 301
106 178
107 293
108 279
109 119
109 141
110 252
110 446
111 362
112 418
113 117
113 328
114 258
115 134
116 325
117 437
118 247
118 314
119 332
120 422
120 438
121 245
121 361
123 379
123 451
124 278
124 426
125 315
125 383
126 339
126 342
127 497
128 324
128 380
129 369
130 313
131 135
131 440
132 204
132 271
133 299
133 434
134 364
135 323
136 146
136 402
137 209
137 232
138 358
138 366
139 318
139 433
140 430
140 397
142 257
142 467
143 274
143 291
144 159
144 453
145 381
146 275
147 368
148 267
148 276
149 346
149 352
150 460
154 249
155 252
155 442
156 163
156 237
157 247
158 457
159 343
160 199
160 495
161 191
161 409
162 225
163 383
164 242
165 391
165 433
166 460
166 491
167 294
167 482
168 384
168 439
169 445
170 179
170 272
171 484
173 227
173 229
174 435
175 197
175 494
176 197
176 415
177 483
178 322
179 404
180 471
181 457
181 471
182 362
182 425
183 291
183 297
184 455
185 402
185 477
187 216
188 393
189 481
190 396
190 410
191 293
192 353
193 332
193 461
194 408
194 448
195 238
195 318
196 305
198 258
198 299
200 408
201 266
201 292
202 270
203 221
203 485
204 220
205 487
206 479
207 359
208 294
209 234
210 280
211 282
211 447
212 392
213 400
214 292
214 467
215 333
216 497
217 224
219 375
219 470
220 336
221 302
223 245
224 335
226 233
226 334
227 306
228 316
228 327
229 389
230 450
231 355
232 357
233 354
234 458
235 251
236 373
237 345
238 398
239 246
239 339
240 289
240 296
241 331
241 336
242 439
244 325
244 360
246 307
248 276
248 281
249 372
250 306
251 284
253 337
253 385
254 449
255 416
256 372
256 381
257 359
259 456
260 365
260 491
261 320
262 309
262 438
263 264
263 268
264 287
266 456
267 451
268 290
269 312
271 352
273 373
273 413
274 499
275 374
277 472
279 335
280 499
281 377
283 296
283 351
285 302
285 423
286 386
286 496
287 465
288 401
288 493
289 493
290 329
297 390
298 304
298 488
300 361
300 463
301 404
303 405
303 427
304 492
305 428
308 395
309 479
310 348
312 347
313 443
314 400
316 465
317 425
319 486
320 347
321 387
322 476
324 424
326 386
328 448
329 377
330 374
331 498
338 437
340 397
340 401
341 406
342 356
343 371
344 489
346 418
349 385
349 417
350 450
350 468
351 421
354 477
356 473
357 468
358 462
360 481
364 444
366 494
368 459
369 414
371 488
375 398
376 419
378 496
382 424
382 436
387 475
388 443
390 455
393 487
396 461
399 452
403 464
403 495
407 427
407 480
409 474
410 419
412 422
413 482
414 458
416 442
417 447
420 430
420 453
428 490
431 464
432 480
436 469
444 445
454 469
462 472
463 470
483 486
500 415
501 130
-1 -1
62.148
