1
0 371
0 442
1 319
1 385
2 214
2 260
3 151
3 488
4 64
4 349
5 149
5 247
6 197
6 325
7 275
7 458
8 158
8 265
9 121
9 204
10 272
10 470
11 17
11 303
12 55
12 459
13 19
13 475
14 279
14 301
15 301
15 481
16 130
16 364
17 406
18 206
18 334
19 467
20 92
20 414
21 321
21 369
22 80
22 93
23 44
23 213
24 57
24 157
25 283
25 300
26 117
26 362
27 87
27 282
28 39
28 205
29 65
29 164
30 465
30 470
31 205
31 220
32 266
32 308
33 268
33 317
34 249
34 366
35 79
35 318
36 160
36 219
37 269
37 297
38 76
38 127
39 196
40 313
40 415
41 79
41 264
42 115
42 299
43 182
43 226
44 334
45 491
45 498
46 104
46 497
47 250
47 498
48 102
48 404
49 125
49 346
50 91
50 485
51 126
51 331
52 86
52 343
53 176
53 440
54 241
54 486
55 356
56 107
56 170
57 222
58 173
58 190
59 145
59 316
60 204
60 424
61 66
61 255
62 208
62 494
63 185
63 411
64 296
65 140
66 449
67 120
67 262
68 100
68 148
69 191
69 255
70 303
70 307
71 256
71 434
72 75
72 364
73 99
73 121
74 452
74 488
75 395
76 287
77 99
77 250
78 388
78 392
80 232
81 119
81 147
82 85
82 190
83 335
83 401
84 375
84 454
85 456
86 476
87 133
88 217
88 224
89 108
89 302
90 220
90 345
91 408
92 211
93 284
94 278
94 335
95 241
95 468
96 172
96 188
97 351
97 368
98 200
98 330
100 246
101 309
101 338
102 312
103 290
103 492
104 174
105 148
105 336
106 139
106 201
107 310
108 207
109 393
109 477
110 235
110 273
111 376
111 463
112 308
112 358
113 422
113 499
114 339
114 372
115 192
116 280
116 446
117 184
118 124
118 251
119 183
120 228
122 234
122 453
123 152
123 447
124 270
125 451
126 294
127 150
128 286
128 471
129 336
129 467
130 295
131 259
131 312
132 352
132 463
133 458
134 229
134 482
135 163
135 169
136 394
136 433
137 403
137 414
138 175
138 408
139 198
140 242
141 276
141 329
142 253
142 322
143 382
143 466
144 325
144 393
145 369
146 412
146 426
147 298
149 253
150 379
151 461
152 203
153 398
153 460
154 351
154 381
155 213
155 305
156 283
156 288
157 216
158 465
159 421
159 426
160 457
161 354
161 450
162 233
162 416
163 236
164 286
165 391
165 401
166 340
166 455
167 315
167 462
168 175
168 389
169 326
170 451
171 216
171 244
172 435
173 338
174 431
176 366
177 254
177 480
178 331
178 409
179 349
179 384
180 304
180 306
181 277
181 388
182 291
183 376
184 413
185 348
186 362
186 418
187 445
187 466
188 412
189 211
189 379
191 468
192 481
193 460
193 483
194 310
194 337
195 318
195 340
196 484
197 381
198 386
199 237
199 266
200 277
201 258
202 261
202 386
203 423
206 370
207 289
208 267
209 311
209 323
210 225
210 499
212 275
212 380
214 243
215 373
215 483
217 406
218 230
218 285
219 419
221 390
221 431
222 344
223 361
223 456
224 459
225 350
226 337
227 242
227 304
228 371
229 246
230 441
231 295
231 382
232 319
233 436
234 496
235 428
236 469
237 238
238 374
239 444
239 482
240 429
240 439
243 368
244 410
245 267
245 288
247 450
248 356
248 447
249 435
251 428
252 263
252 404
254 440
256 350
257 417
257 432
258 360
260 311
261 439
262 438
263 374
264 432
265 489
268 490
269 413
270 454
271 276
271 365
272 328
273 342
274 352
274 370
278 389
279 425
280 427
281 355
281 419
282 403
284 418
285 322
287 332
289 378
290 360
291 309
292 425
292 487
293 407
294 497
296 448
297 494
298 302
299 343
300 354
305 495
306 355
307 400
313 455
314 347
314 380
315 415
316 353
317 478
320 472
320 484
321 397
323 367
324 407
324 473
326 375
327 348
327 400
328 448
329 487
330 397
332 344
333 398
333 469
339 489
341 363
341 442
342 396
345 347
346 462
353 479
357 405
357 443
358 420
359 396
359 402
361 378
363 449
365 464
367 417
372 399
373 436
377 437
377 461
383 411
383 434
384 387
385 486
387 479
390 430
391 399
392 472
394 474
395 402
405 480
409 464
410 438
416 452
420 427
421 471
422 443
423 474
424 446
429 453
430 433
437 475
441 476
444 492
445 478
457 491
473 493
477 485
490 493
495 496
500 259
501 293
-1 -1
129.856
