1
0 66
0 223
1 461
1 463
2 268
2 422
3 133
3 313
4 209
4 448
5 82
5 179
6 449
6 477
7 180
7 392
8 20
8 275
9 81
9 173
10 129
10 419
11 101
11 335
12 122
12 458
13 110
13 196
14 117
14 254
15 32
15 235
16 236
16 353
17 352
17 367
18 76
18 111
19 75
19 354
20 125
21 31
21 258
22 40
22 213
23 202
23 426
24 274
24 435
25 385
25 423
26 133
26 385
27 83
27 114
28 65
28 72
29 178
29 399
30 122
30 134
31 87
32 336
33 397
33 444
34 244
34 282
35 177
35 201
36 89
36 409
37 453
37 464
38 355
38 495
39 90
39 137
40 102
41 220
41 328
42 79
42 243
43 366
43 498
44 88
44 156
45 70
45 108
46 442
46 450
47 222
47 461
48 239
48 265
49 429
49 475
50 195
50 449
51 160
51 317
52 120
52 158
53 210
53 457
54 171
54 289
55 59
55 307
56 224
56 245
57 242
57 388
58 258
58 324
59 270
60 132
60 382
61 398
61 428
62 82
62 360
63 96
63 146
64 211
64 322
65 231
66 222
67 124
67 387
68 257
68 401
69 233
69 315
70 466
71 284
71 350
72 440
73 128
73 295
74 413
74 418
75 494
76 249
77 81
77 115
78 228
78 243
79 291
80 256
80 281
83 154
84 226
84 454
85 210
85 226
86 167
86 325
87 470
88 250
89 457
90 337
91 297
91 472
92 437
92 480
93 123
93 424
94 321
94 416
95 264
95 372
96 375
97 416
97 476
98 199
98 447
99 462
99 463
100 160
100 256
101 455
102 326
103 185
103 208
104 296
104 349
105 169
105 255
106 197
106 370
107 117
107 464
108 164
109 213
109 264
110 465
111 145
112 194
112 345
113 386
113 421
114 493
115 419
116 288
116 314
118 127
118 162
119 390
119 451
120 262
121 371
121 407
123 432
124 350
125 278
126 153
126 185
127 190
128 230
129 198
130 276
130 386
131 437
131 476
132 285
134 305
135 232
135 389
136 150
136 282
137 411
138 267
138 477
139 364
139 468
140 362
140 415
141 161
141 165
142 365
142 394
143 246
143 439
144 172
144 228
145 491
146 170
147 150
147 411
148 294
148 497
149 189
149 193
151 219
151 248
152 244
152 368
153 217
154 412
155 158
155 288
156 381
157 376
157 391
159 252
159 278
161 443
162 469
163 218
163 497
164 414
165 227
166 277
166 484
167 275
168 339
168 346
169 417
170 475
171 366
172 479
173 479
174 261
174 339
175 196
175 496
176 184
176 204
177 441
178 402
179 349
180 186
181 359
181 405
182 266
182 319
183 292
183 314
184 340
186 388
187 214
187 459
188 239
188 342
189 235
190 260
191 312
191 432
192 265
192 294
193 474
194 316
195 247
197 400
198 413
199 285
200 246
200 255
201 217
202 299
203 402
203 408
204 490
205 445
205 460
206 330
206 474
207 296
207 301
208 488
209 378
211 263
212 321
212 409
214 484
215 408
215 496
216 241
216 253
218 420
219 312
220 396
221 269
221 480
223 225
224 270
225 455
227 298
229 338
229 438
230 329
231 320
232 392
233 344
234 250
234 331
236 319
237 303
237 331
238 259
238 272
240 306
240 482
241 344
242 450
245 435
247 466
248 381
249 358
251 346
251 357
252 445
253 462
254 440
257 342
259 316
260 305
261 494
262 267
263 434
266 356
268 404
269 377
271 363
271 453
272 444
273 357
273 468
274 354
276 295
277 421
279 318
279 327
280 284
280 378
281 359
283 287
283 404
286 395
286 427
287 405
289 425
290 356
290 412
291 485
292 333
293 374
293 490
297 309
298 376
299 364
300 384
300 390
301 486
302 323
302 431
303 452
304 328
304 334
306 374
307 352
308 334
308 335
309 493
310 336
310 395
311 379
311 430
313 330
315 373
317 360
318 452
320 482
322 431
323 422
324 424
325 389
326 387
327 393
329 467
332 393
332 459
333 492
337 383
338 434
340 380
341 397
341 399
343 382
343 465
345 417
347 454
347 498
348 363
348 485
351 361
351 383
353 486
355 403
358 375
361 400
362 470
365 448
367 380
368 491
369 433
369 489
371 428
372 384
373 495
377 451
379 438
391 467
394 481
396 469
398 426
401 403
406 456
406 472
407 471
410 439
410 478
414 423
415 458
418 436
420 441
425 471
427 429
430 473
433 447
436 443
442 456
446 483
446 487
460 489
473 488
478 483
481 499
487 492
500 499
501 370
-1 -1
162.518
