1
0 211
0 237
1 76
1 149
2 15
2 138
3 15
3 74
4 294
4 300
5 118
5 370
6 199
6 314
7 112
7 279
8 173
8 351
9 176
9 212
10 325
10 481
11 213
11 238
12 205
12 341
13 317
13 459
14 82
14 281
16 400
16 411
17 99
17 172
18 71
18 123
19 34
19 291
20 200
20 273
21 100
21 340
22 202
22 421
23 218
23 352
24 84
24 438
25 126
25 306
26 129
26 226
27 307
27 348
28 194
28 462
29 133
29 219
30 61
30 478
31 269
31 300
32 80
32 286
33 255
33 324
34 95
35 78
35 293
36 73
36 117
37 82
37 395
38 70
38 475
39 139
39 158
40 150
41 219
41 441
42 64
42 337
43 160
43 466
44 275
44 303
45 47
45 84
46 224
46 327
47 228
48 122
48 319
49 210
49 413
50 244
50 437
51 123
51 397
52 88
52 291
53 193
53 449
54 363
54 417
55 270
55 491
56 168
56 325
57 100
57 329
58 250
58 372
59 352
59 479
60 71
60 77
61 217
62 175
62 414
63 334
63 472
64 292
65 349
65 408
66 285
66 289
67 243
67 369
68 134
68 388
69 210
69 381
70 322
72 361
72 455
73 343
74 463
75 193
75 494
76 448
77 459
78 286
79 332
79 389
80 144
81 135
81 387
83 145
83 391
85 227
85 460
86 93
86 273
87 299
87 321
88 207
89 260
89 274
90 259
90 423
91 151
91 471
92 167
92 495
93 234
94 250
94 401
95 374
96 323
96 359
97 330
97 355
98 284
98 413
99 343
101 382
101 426
102 303
102 407
103 284
103 377
104 183
104 382
105 167
105 405
106 141
106 257
107 230
107 365
108 191
108 344
109 147
109 241
110 163
110 448
111 216
111 252
112 364
113 407
113 468
114 235
114 333
115 277
115 423
116 211
116 467
117 373
118 419
119 380
119 449
120 165
120 488
121 267
121 268
122 389
124 251
124 444
125 280
125 491
126 369
127 223
127 346
128 205
128 446
129 455
130 190
130 421
131 142
131 385
132 368
132 456
133 220
134 278
135 176
136 275
136 499
137 143
137 440
138 171
139 450
140 201
140 451
141 287
142 245
143 443
144 476
145 335
146 239
146 310
147 433
148 271
148 482
149 155
150 395
151 264
152 196
152 497
153 386
153 436
154 431
154 498
155 261
156 277
156 328
157 166
157 237
158 427
159 186
159 378
160 323
161 229
161 262
162 255
162 383
163 170
164 208
164 309
165 424
166 223
168 320
169 356
169 485
170 497
171 283
172 203
173 287
174 242
174 496
175 458
177 350
177 435
178 481
178 492
179 247
179 307
180 229
180 258
181 240
181 404
182 195
182 260
183 294
184 308
184 326
185 204
185 425
186 386
187 199
187 473
188 363
188 367
189 265
189 280
190 380
191 419
192 406
192 438
194 474
195 408
196 312
197 441
197 465
198 281
198 350
200 293
201 396
202 253
203 442
204 385
206 412
206 416
207 221
208 306
209 232
209 451
212 399
213 490
214 353
214 493
215 305
215 483
216 330
217 381
218 354
220 469
221 390
222 301
222 476
224 445
225 311
225 398
226 228
227 267
230 415
231 249
231 452
232 254
233 464
233 468
234 437
235 376
236 290
236 308
238 292
239 492
240 406
241 414
242 374
243 370
244 295
245 333
246 282
246 366
247 384
248 392
248 444
249 270
251 447
252 368
253 313
254 469
256 355
256 415
257 341
258 266
259 278
261 418
262 263
263 354
264 483
265 412
266 460
268 388
269 318
271 409
272 456
272 462
274 399
276 282
276 345
279 376
283 315
285 358
288 351
288 405
289 454
290 301
295 403
296 339
296 359
297 328
297 400
298 334
298 486
299 310
302 367
302 377
304 332
304 473
305 467
309 371
311 463
312 329
313 316
314 390
316 430
317 428
318 364
319 331
320 450
321 485
322 479
324 427
326 446
327 494
331 339
335 472
336 403
336 410
337 478
338 452
338 470
340 404
342 447
342 471
344 393
345 499
346 394
347 349
347 495
348 474
353 480
356 440
357 443
357 493
358 432
360 439
360 466
361 439
362 426
362 487
365 477
366 420
371 482
372 477
373 487
375 393
375 434
378 429
379 416
379 489
383 422
384 418
387 425
391 454
392 461
394 442
396 430
397 445
398 457
401 402
402 484
409 484
410 470
411 453
417 498
420 486
422 496
424 428
429 457
431 489
432 480
433 488
434 458
435 490
436 453
461 464
465 475
500 315
501 40
-1 -1
44.5659
