1
0 254
0 364
1 333
1 411
2 33
2 283
3 25
3 35
4 47
4 131
5 30
5 273
6 200
6 337
7 106
7 319
8 262
8 310
9 14
9 454
10 218
10 374
11 38
11 383
12 331
12 428
13 24
13 293
14 256
15 55
15 130
16 29
16 498
17 251
17 284
18 72
18 434
19 248
19 265
20 266
20 285
21 25
21 444
22 223
22 238
23 188
23 318
24 427
26 174
26 451
27 53
27 170
28 40
28 58
29 278
30 492
31 44
31 106
32 109
32 469
33 168
34 127
34 228
35 338
36 41
36 46
37 51
37 195
38 365
39 147
39 329
40 290
41 461
42 102
42 396
43 423
43 461
44 401
45 277
45 422
46 205
47 60
48 320
48 487
49 410
49 496
50 220
50 247
51 58
52 416
52 453
53 122
54 131
54 204
55 267
56 86
56 162
57 299
57 413
59 266
59 354
60 316
61 350
61 398
62 165
62 414
63 204
63 452
64 105
64 338
65 171
65 455
66 86
66 450
67 406
67 490
68 271
68 351
69 220
69 390
70 371
70 486
71 76
71 395
72 430
73 269
73 401
74 112
74 436
75 215
75 291
76 78
77 479
77 483
78 239
79 130
79 283
80 424
80 439
81 111
81 281
82 282
82 450
83 341
83 458
84 192
84 495
85 375
85 469
87 93
87 282
88 123
88 403
89 437
89 478
90 95
90 312
91 213
91 473
92 253
92 389
93 433
94 149
94 447
95 229
96 307
96 448
97 310
97 408
98 202
98 446
99 415
99 464
100 146
100 336
101 205
101 457
102 123
103 152
103 289
104 412
104 467
105 301
107 293
107 410
108 124
108 480
109 159
110 366
110 387
111 396
112 315
113 259
113 448
114 126
114 381
115 199
115 321
116 409
116 470
117 245
117 477
118 298
118 444
119 356
119 440
120 166
120 197
121 380
121 442
122 246
124 285
125 286
125 464
126 271
127 262
128 346
128 431
129 348
129 386
132 382
132 485
133 270
133 359
134 404
134 473
135 322
135 378
136 440
136 484
137 185
137 463
138 324
138 483
139 415
139 468
140 233
140 304
141 222
141 249
142 252
142 374
143 189
143 363
144 359
144 378
145 353
145 497
146 183
147 377
148 309
148 479
149 455
150 201
150 308
151 350
151 429
152 491
153 184
153 258
154 193
154 429
155 278
155 304
156 438
156 467
157 280
157 452
158 334
158 413
159 318
160 369
160 397
161 206
161 302
162 255
163 211
163 432
164 182
164 391
165 185
166 357
167 191
167 385
168 173
169 380
170 212
171 468
172 308
172 445
173 237
174 201
175 260
175 268
176 355
176 366
177 428
177 465
178 314
178 388
179 349
179 375
180 303
180 367
181 288
181 407
182 230
183 325
184 207
186 436
186 471
187 240
187 341
188 339
189 253
190 191
190 212
192 257
193 224
194 268
194 472
195 405
196 337
196 420
197 385
198 275
198 352
199 320
200 400
202 499
203 244
203 360
206 493
207 260
208 405
208 459
209 331
209 352
210 254
210 489
211 349
213 377
214 251
214 426
215 392
216 230
216 460
217 224
217 376
218 295
219 344
219 347
221 325
221 379
222 339
223 466
225 406
225 445
226 249
226 493
227 239
227 324
228 245
229 358
231 311
231 489
232 297
232 305
233 471
234 305
234 323
235 258
235 402
236 272
236 465
237 388
238 417
240 462
241 328
241 495
242 346
242 362
243 246
243 475
244 309
247 394
248 358
250 284
250 327
252 322
255 316
256 418
257 261
259 492
261 288
263 357
263 456
264 367
264 446
265 417
267 434
269 290
270 340
272 421
273 488
274 300
274 408
275 348
276 370
276 409
277 462
279 382
279 456
280 328
281 376
286 411
287 345
287 459
289 332
291 300
292 373
292 463
294 397
294 431
295 343
296 361
296 424
297 416
298 481
299 399
301 391
302 486
303 353
306 432
306 470
307 355
311 466
312 422
313 400
313 419
314 395
315 372
317 326
317 403
319 333
321 488
323 494
326 384
327 425
329 423
330 360
330 454
332 342
334 383
335 342
335 365
336 482
340 477
343 386
344 393
345 475
347 389
351 368
354 356
361 379
362 435
363 371
364 497
369 476
370 414
372 419
373 421
381 398
384 458
387 443
390 494
392 460
393 441
394 433
399 453
402 499
404 443
407 437
412 451
418 439
420 474
425 480
426 438
427 482
430 442
435 474
441 478
447 491
449 487
449 496
457 484
472 481
476 485
490 498
500 368
501 169
-1 -1
5.71585
