1
0 336
0 460
1 130
1 363
2 246
2 416
3 46
3 108
4 53
4 298
5 9
5 240
6 268
6 285
7 35
7 248
8 20
8 354
9 342
10 11
10 448
11 232
12 231
12 499
13 370
13 415
14 168
14 310
15 65
15 281
16 164
16 387
17 18
17 356
18 251
19 324
19 463
20 94
21 442
21 459
22 221
22 328
23 316
23 451
24 54
24 427
25 58
25 194
26 153
26 431
27 240
27 460
28 95
28 256
29 256
29 258
30 173
30 214
31 446
31 465
32 124
32 388
33 147
33 257
34 160
34 442
35 320
36 394
36 417
37 288
37 431
38 89
38 153
39 98
39 141
40 215
40 341
41 124
41 158
42 64
42 114
43 180
43 317
44 368
44 410
45 102
45 278
46 328
47 266
47 477
48 178
48 295
49 191
49 244
50 229
50 374
51 95
51 296
52 248
52 435
53 163
54 402
55 300
55 369
56 238
56 302
57 161
57 401
58 433
59 339
59 421
60 291
60 484
61 92
61 171
62 114
62 315
63 131
63 154
64 159
65 187
66 125
66 408
67 280
67 355
68 96
68 351
69 289
69 472
70 211
70 404
71 143
71 444
72 157
72 233
73 88
73 395
74 257
74 338
75 86
75 135
76 185
76 280
77 327
77 428
78 183
78 340
79 322
79 454
80 357
80 485
81 126
81 241
82 160
82 354
83 364
83 466
84 352
84 358
85 201
85 283
86 238
87 106
87 377
88 458
89 415
90 166
90 461
91 105
91 371
93 223
93 345
94 276
96 334
97 143
97 254
98 469
99 176
99 380
100 196
100 385
101 127
101 479
102 250
103 214
103 398
104 226
104 437
105 273
106 425
107 261
107 274
108 286
109 165
109 332
110 234
110 327
111 241
111 263
112 346
112 454
113 125
113 144
115 249
115 300
116 249
116 269
117 186
117 404
118 260
118 464
119 439
119 443
120 180
120 373
121 170
121 311
122 263
122 370
123 314
123 495
126 209
127 498
128 271
128 499
129 429
129 472
130 462
131 139
132 213
132 381
133 353
133 474
134 161
134 420
135 445
136 197
136 265
137 365
137 481
138 284
138 496
139 299
140 323
140 456
141 429
142 185
142 193
144 396
145 399
145 434
146 362
146 366
147 220
148 258
148 419
149 444
149 480
150 387
150 439
151 290
151 392
152 205
152 479
154 197
155 397
155 475
156 228
156 384
157 163
158 281
159 212
162 305
162 462
164 285
165 408
166 306
167 211
167 306
168 316
169 179
169 233
170 438
171 450
172 333
172 348
173 335
174 199
174 385
175 361
175 457
176 237
177 222
177 282
178 493
179 451
181 287
181 400
182 307
182 308
183 397
184 204
184 336
186 488
187 246
188 344
188 362
189 414
189 440
190 376
190 468
191 221
192 219
192 267
193 474
194 380
195 391
195 405
196 335
198 245
198 337
199 393
200 207
200 230
201 260
202 284
202 407
203 262
203 286
204 294
205 262
206 395
206 416
207 478
208 250
208 485
209 420
210 228
210 475
212 382
213 358
215 272
216 303
216 401
217 350
217 452
218 347
218 436
219 288
220 382
222 349
223 422
224 230
224 441
225 273
225 363
226 403
227 337
227 373
229 450
231 297
232 428
234 261
235 243
235 308
236 356
236 381
237 491
239 277
239 369
242 293
242 487
243 494
244 455
245 367
247 349
247 352
251 403
252 413
252 486
253 360
253 423
254 388
255 426
255 448
259 389
259 482
264 386
264 414
265 492
266 389
267 331
268 481
269 465
270 383
270 423
271 359
272 305
274 400
275 355
275 399
276 407
277 340
279 392
279 441
282 318
283 430
287 409
289 315
290 426
291 341
292 351
292 368
293 313
294 483
295 299
296 317
297 309
298 469
301 344
301 412
302 489
303 309
304 378
304 445
307 483
310 447
311 338
312 456
312 461
313 330
314 318
319 372
319 413
320 329
321 457
321 496
322 486
323 396
324 339
325 402
325 484
326 398
326 406
329 374
330 417
331 497
332 410
333 366
334 473
342 367
343 393
343 463
345 433
346 492
347 427
348 443
350 383
353 471
357 471
359 449
360 482
361 364
365 440
371 386
372 491
375 435
375 493
376 377
378 409
379 390
379 446
384 494
390 411
391 430
394 453
405 436
406 432
411 418
412 422
418 432
419 458
421 455
424 453
424 470
425 490
434 480
437 464
438 488
447 477
449 487
452 498
459 497
466 467
467 495
468 476
470 490
473 489
476 478
500 92
501 278
-1 -1
61.5874
