4
0 188
0 52
1 14
1 249
2 287
2 101
3 89
3 12
4 193
4 285
5 259
5 195
6 121
6 276
7 180
7 222
8 246
8 269
9 96
9 117
10 216
10 85
11 129
11 161
12 33
13 280
13 165
14 98
15 139
15 117
16 179
16 175
17 289
17 120
18 66
18 54
19 204
19 69
20 228
20 78
21 83
21 59
22 153
22 251
23 183
24 147
24 245
25 208
25 118
26 104
26 224
27 45
27 103
28 129
28 251
29 177
29 202
30 149
30 223
31 171
31 55
32 173
32 110
33 53
34 50
34 229
35 157
35 47
36 107
36 131
37 281
37 166
38 150
38 259
39 227
39 119
40 154
40 132
41 236
41 206
42 88
42 110
43 58
43 299
44 242
44 138
45 69
46 200
46 107
47 214
48 64
48 275
49 273
49 211
50 199
51 152
51 89
52 98
53 115
54 240
55 247
56 130
56 127
57 135
57 87
58 152
59 286
60 193
60 177
61 266
61 94
62 128
62 277
64 212
65 298
65 220
66 209
67 194
67 72
68 197
68 111
70 80
70 104
71 171
71 241
72 103
73 144
73 229
74 116
74 121
75 181
75 206
76 250
77 142
77 274
78 155
79 170
79 101
80 204
81 160
81 279
82 225
82 185
83 192
84 164
84 292
85 256
86 210
86 184
87 217
88 99
90 232
90 288
91 92
91 285
92 283
93 272
93 147
94 265
95 263
95 137
96 284
97 135
97 142
99 292
100 244
100 109
102 256
102 156
105 106
105 254
106 261
108 192
108 213
109 183
111 134
112 278
112 207
113 249
113 237
114 146
114 234
115 221
116 268
118 136
120 269
122 197
122 191
123 176
123 158
124 290
124 237
125 233
125 227
126 299
126 143
127 182
128 282
130 174
131 218
132 170
133 258
133 270
134 198
136 295
137 176
138 283
139 235
140 293
140 175
141 179
141 166
143 151
144 273
145 162
145 255
146 255
148 225
148 164
149 290
150 159
151 260
153 216
154 297
155 293
156 181
157 257
158 265
159 274
160 207
161 263
162 210
163 275
163 233
165 232
167 262
167 254
168 257
168 231
169 264
169 267
172 224
172 209
173 228
174 286
178 217
178 245
180 240
182 208
184 223
185 271
186 241
186 294
187 261
187 268
188 271
189 226
189 220
190 246
190 238
191 281
194 258
195 266
196 201
196 291
198 248
199 230
200 239
201 221
202 252
203 296
203 295
205 234
211 250
212 260
213 214
215 243
215 231
218 294
219 287
219 230
222 242
226 296
235 243
236 247
238 264
239 291
244 252
248 277
253 278
253 262
267 270
272 282
276 284
280 289
297 298
300 63
300 119
300 205
300 279
301 23
301 63
301 76
301 288
-1 -1
0.387372
