1
0 444
0 561
1 40
1 672
2 201
2 655
3 80
3 266
4 207
4 446
5 591
5 688
6 195
6 264
7 420
7 560
8 256
8 538
9 481
9 547
10 133
10 578
11 231
11 698
12 235
12 262
13 200
13 568
14 110
14 142
15 345
15 409
16 87
16 655
17 495
17 610
18 519
18 589
19 59
19 270
20 108
20 687
21 336
21 681
22 242
22 493
23 49
24 136
24 460
25 494
25 674
26 265
26 691
27 417
27 563
28 361
28 365
29 379
29 524
30 125
30 596
31 47
31 294
32 272
32 596
33 282
33 614
34 370
34 378
35 394
35 504
36 542
36 631
37 44
37 372
38 305
38 685
39 95
39 128
40 258
41 98
41 549
42 421
42 694
43 201
43 386
44 365
45 528
45 572
46 68
46 475
47 418
48 193
48 253
49 661
50 319
50 658
51 114
51 346
52 60
52 654
53 397
53 425
54 456
54 595
55 290
55 583
56 234
56 253
57 156
57 220
58 344
58 357
59 562
60 330
61 388
61 509
62 287
62 438
63 147
63 627
64 97
64 369
65 82
65 128
66 214
66 260
67 257
67 430
68 468
69 626
69 637
70 174
70 699
71 462
71 683
72 123
72 298
73 102
73 643
74 215
74 572
75 93
75 601
76 85
76 349
77 83
77 353
78 268
78 656
79 213
79 275
80 494
81 515
81 690
82 383
83 443
84 636
84 641
85 559
86 505
86 608
87 149
88 151
88 527
89 126
89 211
90 230
90 520
91 190
91 252
92 379
92 469
93 408
94 349
94 659
95 566
96 254
96 463
97 120
98 556
99 115
99 680
100 329
100 433
101 186
101 319
102 441
103 134
103 507
104 579
104 669
105 263
105 511
106 485
106 491
107 158
107 195
108 384
109 500
109 663
110 534
111 347
111 593
112 116
112 573
113 150
113 481
114 692
115 459
116 603
117 484
117 682
118 119
118 565
119 283
120 561
121 314
121 356
122 601
122 696
123 248
124 183
124 414
125 178
126 328
127 223
127 237
129 212
129 324
130 409
130 670
131 421
131 536
132 509
132 640
133 180
134 220
135 274
135 307
136 629
137 160
137 327
138 203
138 402
139 251
139 479
140 167
140 675
141 279
141 309
142 413
143 453
143 609
144 364
144 529
145 259
145 668
146 287
146 580
147 685
148 168
148 317
149 522
150 657
151 617
152 516
152 672
153 244
153 618
154 489
154 677
155 199
155 376
156 181
157 489
157 651
158 424
159 658
160 584
161 249
161 359
162 340
162 567
163 184
163 436
164 417
164 518
165 383
165 511
166 268
166 429
167 401
168 332
169 206
169 660
170 506
170 528
171 548
171 575
172 426
172 482
173 348
173 457
174 499
175 241
175 607
176 433
176 537
177 361
177 436
178 402
179 251
179 333
180 329
181 643
182 250
182 335
183 208
184 676
185 300
185 451
186 456
187 557
187 664
188 339
188 342
189 239
189 566
190 590
191 525
191 634
192 382
192 626
193 575
194 307
194 418
196 291
196 431
197 662
197 682
198 372
198 547
199 332
200 334
202 553
202 667
203 487
204 302
204 422
205 278
205 375
206 295
207 318
208 335
209 486
209 539
210 476
210 593
211 406
212 577
213 444
214 233
215 243
216 483
216 674
217 530
217 587
218 458
218 615
219 293
219 598
221 276
221 687
222 229
222 408
223 369
224 296
224 488
225 406
225 624
226 297
226 425
227 498
227 678
228 434
228 488
229 250
230 647
231 367
232 267
232 533
233 613
234 544
235 371
236 586
236 638
237 338
238 400
238 455
239 582
240 320
240 325
241 603
242 294
243 430
244 598
245 252
245 368
246 367
246 663
247 364
247 394
248 688
249 673
254 651
255 500
255 540
256 352
257 455
258 557
259 599
260 467
261 407
261 695
262 570
263 315
264 554
265 342
266 301
267 645
269 339
269 490
270 567
271 526
271 609
272 649
273 415
273 545
274 530
275 388
276 404
277 582
277 618
278 506
279 526
280 467
280 679
281 558
281 576
282 299
283 330
284 540
284 586
285 322
285 549
286 358
286 552
288 358
288 666
289 398
289 478
290 357
291 426
292 380
292 546
293 301
295 692
296 504
297 673
298 328
299 693
300 600
302 306
303 355
303 454
304 385
304 654
305 424
306 608
308 531
308 595
309 477
310 462
310 491
311 535
311 659
312 370
312 461
313 351
313 464
314 569
315 362
316 625
316 652
317 607
318 627
320 414
321 333
321 631
322 451
323 422
323 448
324 537
325 452
326 594
326 633
327 548
331 512
331 539
334 660
336 403
337 374
337 556
338 381
340 427
341 351
341 543
343 446
343 453
344 569
345 531
346 579
347 435
348 563
350 432
350 573
352 686
353 558
354 473
354 483
355 423
356 513
359 360
360 604
362 439
363 443
363 560
366 527
366 693
368 420
371 413
373 398
373 639
374 551
375 442
376 377
377 382
378 474
380 559
381 485
384 570
385 501
386 510
387 546
387 646
389 440
389 594
390 478
390 602
391 449
391 571
392 588
392 616
393 472
393 590
395 411
395 544
396 574
396 614
397 521
399 440
399 638
400 604
401 669
403 551
404 623
405 434
405 629
407 574
410 429
410 666
411 495
412 515
412 640
415 630
416 541
416 635
419 505
419 514
423 437
427 662
428 523
428 636
431 599
432 497
435 522
437 476
438 472
439 628
441 680
442 585
445 448
445 591
447 498
447 698
449 555
450 508
450 617
452 605
454 665
457 486
458 664
459 475
460 683
461 584
463 699
464 656
465 621
465 628
466 473
466 564
468 611
469 577
470 562
470 694
471 553
471 592
474 523
477 668
479 496
480 565
480 677
482 516
484 503
487 633
490 552
492 521
492 684
493 697
496 681
497 695
499 611
501 622
502 619
502 646
503 542
507 581
508 630
510 592
512 637
513 536
514 538
517 545
517 588
518 678
519 665
520 623
524 647
525 691
529 585
532 612
532 671
533 644
534 653
535 587
541 648
543 581
550 597
550 620
554 632
555 675
564 619
568 597
571 657
576 689
578 645
580 624
583 671
589 600
602 676
605 644
606 650
606 689
610 613
612 622
615 641
616 652
620 679
621 634
625 661
632 635
639 684
642 690
642 696
648 670
649 686
650 697
653 667
700 159
701 23
-1 -1
1035.74
