300 2766
0 65
0 227
0 37
0 230
0 135
0 200
0 73
0 138
0 267
0 12
0 45
0 249
0 17
0 204
0 277
0 41
0 248
0 25
0 59
0 5
0 69
1 187
1 104
1 9
1 298
1 107
1 76
1 109
1 175
1 16
1 181
1 203
1 152
1 267
1 26
1 91
1 277
2 65
2 282
2 264
2 42
2 77
2 79
2 243
2 116
2 279
2 120
2 276
2 186
2 281
2 106
2 190
3 289
3 67
3 166
3 70
3 239
3 50
3 115
3 244
3 286
3 86
3 218
3 91
3 150
3 165
4 37
4 241
4 136
4 274
4 273
4 114
4 269
4 113
4 18
4 115
4 148
4 155
4 124
4 221
4 30
5 130
5 199
5 72
5 203
5 140
5 145
5 156
5 276
5 21
5 155
5 220
5 32
5 112
5 219
5 166
5 233
5 274
5 109
5 176
5 27
5 53
5 248
5 188
6 192
6 285
6 37
6 134
6 92
6 252
6 238
6 253
6 80
6 177
6 242
6 180
6 213
6 216
6 26
6 28
6 122
6 126
6 287
7 299
7 261
7 13
7 207
7 80
7 146
7 83
7 212
7 25
7 152
7 281
7 27
7 156
7 221
7 288
7 100
7 38
7 92
7 235
7 236
7 52
7 58
7 124
8 225
8 289
8 43
8 167
8 266
8 135
8 257
8 45
8 14
8 274
8 51
8 22
8 279
8 280
8 185
8 90
9 128
9 140
9 138
9 268
9 256
9 271
9 19
9 150
9 24
9 25
9 287
9 226
9 227
9 101
9 167
9 40
9 238
9 51
9 186
9 187
9 190
10 144
10 86
10 166
10 199
10 265
10 215
10 272
10 239
10 48
10 17
10 276
10 30
10 54
10 87
10 186
10 126
10 247
11 279
11 226
11 219
11 101
11 70
11 103
11 145
11 258
11 235
11 77
11 206
11 81
11 84
11 185
11 52
11 91
11 253
11 223
12 68
12 72
12 73
12 139
12 142
12 270
12 214
12 26
12 27
12 287
12 96
12 34
12 232
12 170
12 172
12 238
12 182
12 249
12 159
12 298
12 62
13 256
13 98
13 164
13 72
13 233
13 295
13 141
13 248
13 18
13 292
13 152
13 121
13 186
13 283
13 284
13 285
14 129
14 66
14 99
14 166
14 73
14 138
14 108
14 61
14 81
14 84
14 268
14 169
14 106
15 129
15 130
15 131
15 196
15 165
15 135
15 106
15 231
15 258
15 174
15 240
15 150
15 298
15 188
15 61
15 293
16 162
16 107
16 22
16 262
16 231
16 232
16 139
16 289
16 46
16 143
16 150
16 279
16 88
16 267
16 284
16 158
16 223
17 33
17 294
17 37
17 134
17 257
17 200
17 137
17 295
17 76
17 241
17 146
17 154
17 26
17 29
17 95
18 161
18 130
18 86
18 199
18 175
18 287
18 116
18 150
18 111
18 261
19 32
19 192
19 290
19 38
19 70
19 199
19 275
19 172
19 224
19 268
19 178
19 211
19 54
19 247
19 155
19 125
19 261
20 225
20 67
20 293
20 230
20 183
20 88
20 259
20 123
20 252
20 77
20 254
21 257
21 259
21 292
21 165
21 70
21 61
21 207
21 50
21 148
21 213
21 246
21 287
21 125
21 69
22 193
22 162
22 142
22 271
22 116
22 53
22 118
22 23
22 152
22 60
23 258
23 86
23 166
23 232
23 73
23 138
23 238
23 112
23 113
23 83
23 276
23 87
23 60
23 126
23 229
24 34
24 299
24 36
24 293
24 107
24 125
24 162
24 142
24 207
24 80
24 290
24 93
24 158
25 204
25 264
25 74
25 203
25 140
25 208
25 156
25 221
25 158
25 272
25 98
25 228
25 230
25 189
25 177
25 244
25 245
25 183
25 120
25 202
25 191
26 244
26 129
26 265
26 218
26 125
26 238
27 128
27 81
27 267
27 269
27 273
27 275
27 154
27 31
27 161
27 34
27 164
27 294
27 103
27 233
27 106
27 242
27 185
27 250
27 60
27 63
28 288
28 289
28 162
28 168
28 202
28 75
28 207
28 48
28 114
28 286
28 248
28 89
28 219
28 222
28 191
29 91
29 135
29 72
29 233
29 108
29 125
29 271
29 273
29 278
29 119
29 152
29 168
29 93
29 264
30 253
30 279
30 34
30 261
30 231
30 107
30 109
30 77
30 81
30 221
30 179
30 138
30 55
30 282
30 60
30 42
30 126
30 95
31 256
31 240
31 131
31 164
31 263
31 79
31 299
31 140
31 141
31 143
31 144
31 239
31 51
31 89
31 58
31 170
32 65
32 115
32 212
32 102
32 168
32 112
32 264
32 286
32 116
32 254
32 54
32 148
32 228
32 63
32 220
32 134
32 95
33 259
33 36
33 273
33 40
33 137
33 171
33 109
33 142
33 210
33 149
33 247
33 57
33 188
33 125
33 213
34 251
34 292
34 229
34 137
34 138
34 171
34 270
34 47
34 248
34 146
34 246
34 57
35 67
35 260
35 200
35 173
35 272
35 209
35 259
35 149
35 121
35 217
35 284
35 293
35 289
35 114
35 145
35 232
35 295
35 45
35 48
35 242
35 244
35 116
35 58
36 130
36 75
36 263
36 169
36 107
36 177
36 243
36 53
36 152
36 281
36 122
36 253
36 286
37 131
37 71
37 203
37 147
37 213
37 281
37 153
37 155
37 156
37 222
37 228
37 195
37 105
37 170
37 239
37 50
37 51
37 126
38 51
38 131
38 244
38 76
38 215
38 172
38 77
38 175
38 141
38 210
38 180
38 245
38 201
38 56
38 212
38 282
38 92
39 289
39 283
39 132
39 285
39 233
39 139
39 140
39 61
39 112
39 148
39 216
39 186
39 63
39 90
39 286
39 191
40 64
40 103
40 74
40 140
40 63
40 285
40 112
40 50
40 282
40 91
40 157
40 95
41 224
41 290
41 261
41 103
41 252
41 43
41 239
41 143
41 222
41 49
41 257
41 53
41 151
41 216
41 250
41 79
41 124
41 253
41 190
42 129
42 212
42 217
42 140
42 138
42 44
42 82
43 257
43 195
43 261
43 165
43 294
43 71
43 45
43 63
43 49
43 247
43 136
43 219
43 191
44 65
44 241
44 200
44 201
44 235
44 206
44 49
44 297
44 46
44 279
44 202
45 288
45 198
45 102
45 71
45 74
45 237
45 206
45 269
45 80
45 185
45 186
45 298
45 63
46 208
46 194
46 71
46 266
46 107
46 270
46 157
46 49
46 273
46 275
46 286
46 88
46 241
46 218
46 103
46 61
46 190
46 191
47 97
47 68
47 211
47 226
47 202
47 108
47 77
47 239
47 273
47 178
47 51
47 117
47 119
47 100
47 186
47 265
47 297
48 224
48 295
48 136
48 235
48 237
48 157
48 144
48 146
48 251
48 219
48 87
48 276
48 154
48 59
48 92
48 106
48 247
49 224
49 227
49 230
49 76
49 175
49 241
49 270
49 122
49 86
49 186
49 58
49 191
49 158
49 95
50 193
50 130
50 133
50 263
50 137
50 213
50 152
50 89
50 90
50 159
50 225
50 294
50 199
50 180
50 118
50 247
50 120
50 255
51 197
51 198
51 268
51 141
51 207
51 144
51 82
51 211
51 154
51 133
51 291
51 170
51 177
51 179
51 116
51 121
51 293
52 214
52 169
52 87
52 140
52 216
52 145
52 199
52 222
52 108
52 183
52 137
52 251
52 151
52 62
53 246
53 194
53 299
53 73
53 106
53 171
53 205
53 145
53 82
53 148
53 252
53 216
53 132
53 228
53 91
53 60
53 298
54 160
54 67
54 200
54 75
54 82
54 147
54 217
54 175
54 92
54 250
54 223
54 162
54 266
54 293
54 111
54 240
54 211
54 248
54 122
54 61
55 97
55 219
55 261
55 197
55 231
55 296
55 170
55 203
55 174
55 207
55 112
55 287
55 153
55 185
55 155
55 191
56 225
56 61
56 245
56 241
56 296
56 258
56 172
56 141
56 270
56 173
56 266
56 145
56 253
56 276
56 181
56 119
56 58
56 271
56 189
56 95
57 75
57 269
57 102
57 263
57 232
57 234
57 183
57 77
57 237
57 113
57 210
57 235
57 246
57 119
57 283
57 93
57 126
58 193
58 195
58 201
58 248
58 276
58 85
58 278
58 281
58 89
58 91
58 92
58 225
58 102
58 295
58 135
58 178
58 148
58 251
59 289
59 67
59 135
59 169
59 170
59 299
59 93
59 87
59 185
59 122
59 155
59 220
59 90
60 194
60 131
60 196
60 278
60 262
60 71
60 136
60 139
60 109
60 148
60 217
60 284
60 255
61 261
61 136
61 265
61 203
61 120
61 210
61 280
61 89
61 221
61 162
61 163
61 100
61 165
61 238
61 122
62 65
62 290
62 228
62 200
62 171
62 113
62 242
62 275
62 214
62 119
62 116
62 122
62 249
62 220
62 154
63 193
63 132
63 133
63 74
63 173
63 272
63 168
63 82
63 212
63 118
63 282
63 284
63 138
64 66
64 70
64 234
64 194
64 208
64 241
64 179
64 153
64 287
64 264
64 211
65 214
65 134
65 262
65 140
65 176
65 276
65 190
65 118
65 281
65 251
65 221
66 237
66 130
66 251
66 69
66 200
66 226
66 111
66 273
66 83
66 84
66 78
66 86
66 154
66 219
66 220
66 253
67 192
67 179
67 134
67 137
67 183
67 76
67 222
67 89
67 216
67 121
67 220
67 125
67 169
67 95
68 100
68 72
68 76
68 298
68 273
68 244
68 85
68 281
68 122
68 124
68 191
69 131
69 133
69 262
69 222
69 177
69 146
69 248
69 281
69 293
69 221
69 254
69 287
70 97
70 194
70 137
70 171
70 75
70 173
70 114
70 251
70 119
70 123
70 265
71 192
71 195
71 100
71 108
71 80
71 114
71 245
71 203
71 279
71 248
71 91
72 198
72 83
72 276
72 245
72 118
72 151
72 280
72 125
72 286
73 128
73 194
73 197
73 257
73 226
73 278
73 141
73 110
73 208
73 209
73 214
73 216
73 90
73 248
73 245
74 279
74 295
74 231
74 202
74 75
74 269
74 176
74 249
74 120
74 220
74 94
75 267
75 196
75 262
75 263
75 139
75 141
75 147
75 86
75 151
75 219
75 223
75 233
75 174
75 179
75 293
75 95
75 124
76 290
76 99
76 166
76 259
76 177
76 202
76 199
76 108
76 112
76 215
76 121
76 179
76 92
76 189
76 255
77 279
77 235
77 202
77 206
77 271
77 83
77 155
77 93
77 96
77 105
77 107
77 172
77 118
77 248
77 148
77 249
77 127
78 160
78 257
78 166
78 109
78 142
78 207
78 176
78 178
78 237
78 206
78 246
78 221
78 94
78 245
79 128
79 193
79 256
79 107
79 236
79 109
79 242
79 143
79 146
79 149
79 278
79 247
79 290
79 250
80 237
80 129
80 194
80 243
80 294
80 226
80 298
80 175
80 144
80 241
80 179
80 246
80 285
80 190
81 256
81 280
81 286
81 85
81 279
81 216
81 89
81 156
81 222
81 112
81 99
81 231
81 104
81 233
81 170
81 175
81 176
81 116
81 297
81 186
81 298
82 129
82 260
82 137
82 267
82 94
82 239
82 287
82 149
82 279
82 280
82 222
83 161
83 260
83 295
83 137
83 199
83 172
83 173
83 180
83 182
83 143
83 156
83 297
83 215
84 128
84 259
84 103
84 145
84 137
84 209
84 237
84 271
84 272
84 113
84 148
84 85
84 183
84 296
85 293
85 269
85 253
85 176
85 274
85 181
85 246
85 218
86 262
86 105
86 175
86 276
86 149
86 219
86 87
86 120
86 169
86 154
86 220
86 158
87 267
87 139
87 144
87 145
87 210
87 275
87 148
87 213
87 280
87 92
87 185
87 161
87 116
87 146
87 272
87 111
87 241
87 115
87 180
87 252
87 138
87 127
88 132
88 197
88 269
88 271
88 213
88 151
88 153
88 218
88 155
88 160
88 163
88 229
88 295
88 118
88 248
88 185
88 122
88 191
88 190
88 255
89 128
89 161
89 165
89 166
89 296
89 233
89 183
89 236
89 269
89 119
90 224
90 258
90 251
90 103
90 165
90 266
90 167
90 210
90 206
90 201
91 204
91 142
91 149
91 94
91 97
91 228
91 135
91 110
91 175
91 232
91 179
91 184
91 123
91 277
92 193
92 274
92 271
92 114
92 116
92 117
92 152
93 96
93 226
93 131
93 132
93 134
93 135
93 234
93 107
93 269
93 272
93 273
93 147
93 219
93 127
94 96
94 197
94 100
94 101
94 102
94 110
94 111
94 180
94 132
94 123
94 126
94 133
95 136
95 266
95 271
95 272
95 259
95 216
95 292
95 282
95 287
95 131
95 295
95 172
95 176
95 178
95 243
95 104
95 191
96 99
96 229
96 134
96 263
96 220
96 299
96 146
96 208
96 114
96 227
96 284
96 183
96 250
96 219
96 124
96 157
96 127
97 259
97 134
97 136
97 270
97 273
97 275
97 217
97 286
97 159
97 289
97 290
97 169
97 173
97 177
97 242
97 179
97 200
97 191
98 160
98 193
98 260
98 293
98 167
98 292
98 203
98 207
98 245
98 278
98 123
98 222
98 191
99 288
99 162
99 155
99 263
99 105
99 109
99 116
99 117
99 251
100 264
100 139
100 206
100 207
100 278
100 280
100 122
100 226
100 294
100 232
100 199
100 173
100 245
100 120
100 186
100 254
101 251
101 103
101 265
101 174
101 254
101 274
101 275
101 246
101 183
101 248
101 154
101 219
101 252
101 221
101 222
101 127
102 240
102 195
102 257
102 137
102 171
102 273
102 144
102 145
102 227
102 276
102 286
102 214
102 187
102 252
102 159
103 283
103 241
103 232
103 143
103 182
104 150
104 230
104 161
104 263
104 287
104 126
104 214
104 280
104 184
104 158
104 159
105 129
105 130
105 164
105 134
105 135
105 168
105 278
105 174
105 253
105 216
105 147
105 206
105 184
105 292
105 186
105 125
105 299
106 256
106 195
106 138
106 139
106 205
106 109
106 149
106 151
106 220
106 159
106 290
106 299
106 237
106 175
106 176
106 242
106 115
106 252
107 139
107 273
107 211
107 180
107 149
107 279
107 164
107 156
108 256
108 263
108 194
108 167
108 111
108 217
108 218
109 299
109 172
109 240
109 190
109 195
109 174
109 283
109 249
109 122
109 187
109 186
109 191
110 240
110 194
110 228
110 295
110 298
110 202
110 171
110 208
110 242
110 116
110 182
110 215
110 285
110 223
111 196
111 246
111 266
111 204
111 242
111 175
111 286
111 191
112 161
112 290
112 235
112 260
112 166
112 138
112 256
112 294
112 180
112 149
112 299
112 202
113 195
113 164
113 167
113 298
113 247
113 222
113 145
113 267
113 153
113 187
113 188
113 253
113 255
114 194
114 137
114 271
114 273
114 148
114 277
114 217
114 225
114 166
114 233
114 123
114 181
114 182
114 250
114 187
114 127
115 194
115 147
115 153
115 252
115 138
115 285
116 257
116 292
116 166
116 209
116 275
116 280
116 216
116 211
117 289
117 243
117 294
117 199
117 284
117 205
117 174
117 176
117 120
117 227
117 150
117 152
117 260
117 155
117 188
118 160
118 259
118 260
118 278
118 146
118 129
118 201
118 135
118 140
118 143
118 243
118 279
118 207
119 268
119 212
119 281
119 254
119 223
120 193
120 261
120 139
120 253
120 240
120 273
120 170
120 153
120 154
120 249
120 156
120 255
121 256
121 257
121 168
121 284
121 266
121 180
121 216
121 212
121 156
121 298
121 126
122 160
122 195
122 209
122 139
122 219
122 149
122 185
122 260
122 127
123 160
123 198
123 219
123 197
123 170
123 267
123 141
123 249
123 152
123 148
123 298
123 276
124 203
124 136
124 141
124 238
124 237
124 245
124 183
124 187
124 156
124 285
125 129
125 201
125 271
125 212
125 278
125 218
125 223
125 160
125 162
125 228
125 173
125 174
125 245
126 161
126 299
126 271
126 148
126 182
126 153
126 218
127 299
127 133
127 297
127 233
127 215
127 268
127 239
127 250
127 271
127 247
127 254
128 192
128 129
128 133
128 135
128 225
128 172
128 272
128 241
128 278
128 255
129 256
129 131
129 135
129 200
129 291
129 212
129 277
129 288
129 163
129 164
129 232
129 299
129 264
129 242
129 179
129 244
129 183
129 248
130 195
130 134
130 194
130 266
130 265
130 174
130 273
130 151
130 152
130 267
130 250
130 188
130 299
131 197
131 299
131 132
131 161
131 193
131 171
131 204
131 242
131 142
131 210
131 182
131 134
132 246
132 134
132 143
132 208
132 145
132 274
132 275
132 276
132 279
132 153
132 282
132 157
132 287
132 225
132 230
132 170
132 182
132 247
133 257
133 291
133 271
133 276
133 245
133 279
133 156
134 199
134 140
134 142
134 271
134 208
134 147
134 149
134 280
134 196
134 227
134 273
134 295
134 238
134 245
134 246
134 265
135 262
135 140
135 209
135 281
135 220
135 286
135 163
135 166
135 295
135 299
135 254
136 194
136 229
136 193
136 200
136 231
136 206
136 285
136 220
136 233
136 216
137 258
137 171
137 244
137 213
137 247
137 186
137 254
138 260
138 197
138 267
138 226
138 212
138 214
138 280
138 290
138 154
138 157
138 170
139 261
139 206
139 271
139 145
139 284
139 156
139 248
139 222
139 159
139 295
139 169
139 172
139 241
140 203
140 164
140 161
140 241
140 274
140 193
140 217
141 256
141 231
141 204
141 284
141 208
141 241
141 182
141 297
141 282
141 285
142 163
142 277
142 246
142 272
142 264
142 275
142 240
142 152
142 270
142 251
142 280
142 211
143 288
143 163
143 197
143 275
143 298
143 231
143 269
143 177
144 224
144 172
144 238
144 178
144 180
144 270
144 280
144 249
145 194
145 237
145 274
145 290
145 213
146 215
146 269
146 274
146 147
146 214
146 152
146 197
146 289
146 165
146 273
146 170
146 174
146 181
146 290
146 251
146 188
147 246
147 163
147 200
147 248
147 152
147 153
147 188
147 280
147 223
148 200
148 205
148 209
148 254
148 196
148 158
148 162
148 165
148 297
148 236
148 281
148 176
148 253
149 288
149 207
149 166
149 199
149 242
149 174
149 259
149 156
150 198
150 209
150 200
150 207
150 259
150 218
150 187
150 284
151 160
151 288
151 195
151 292
151 204
151 205
151 175
151 274
151 211
151 244
151 220
152 288
152 283
152 199
152 241
152 218
153 226
153 217
153 264
153 261
153 173
153 190
153 154
153 255
154 224
154 163
154 262
154 263
154 259
154 294
154 279
154 255
155 299
155 197
155 265
155 203
155 227
155 278
155 164
155 261
155 232
155 235
155 239
155 189
156 258
156 265
156 266
156 278
156 167
156 299
157 272
157 259
157 230
157 175
157 214
157 279
157 251
157 220
158 164
158 265
158 173
158 206
158 220
159 229
159 263
159 233
159 242
159 174
159 285
159 217
159 282
159 188
159 170
159 286
159 223
160 295
160 297
160 258
160 238
160 269
160 271
160 274
161 274
161 261
161 168
161 234
161 210
161 180
161 222
161 298
161 223
162 192
162 240
162 294
162 243
162 201
162 173
162 184
162 195
162 220
163 195
163 260
163 264
163 297
163 234
163 263
163 208
163 238
163 188
164 224
164 298
164 271
164 208
164 297
164 247
164 250
164 189
165 193
165 212
165 225
165 169
165 170
165 206
165 218
165 283
166 277
166 264
166 208
166 209
166 213
166 215
166 220
166 285
166 291
166 235
166 217
167 267
167 292
167 233
167 298
167 203
167 275
168 196
168 262
168 292
168 267
168 177
168 297
168 245
168 248
168 185
168 201
169 290
169 200
169 204
169 183
169 218
169 252
169 286
170 207
170 214
170 216
170 217
170 271
170 220
170 285
170 223
170 176
170 229
171 275
171 193
171 232
171 267
171 190
171 274
171 259
171 281
171 187
172 289
172 274
172 174
172 210
172 244
172 298
172 295
172 208
172 254
173 259
173 202
173 270
173 271
173 272
173 275
173 280
173 287
173 234
173 299
173 174
174 192
174 205
174 258
174 255
174 240
174 175
175 258
175 259
175 197
175 200
175 207
175 281
175 296
175 235
176 195
176 294
176 231
176 255
177 256
177 263
177 208
177 286
178 251
178 200
178 299
178 205
178 242
178 247
178 191
179 226
179 196
179 197
179 289
179 273
179 212
179 281
179 283
179 217
179 293
180 288
180 261
180 268
180 271
180 277
180 224
180 293
180 231
180 237
180 240
180 185
181 196
181 226
181 213
181 197
182 192
182 226
182 293
182 200
182 231
182 238
182 213
182 246
182 267
182 186
182 220
182 285
183 228
183 296
183 245
183 278
183 287
184 232
184 276
184 245
184 215
184 284
184 261
185 290
185 197
185 291
185 213
185 220
185 286
185 247
186 194
186 205
186 212
186 282
186 219
186 231
186 242
186 250
186 251
187 291
187 199
187 202
187 270
187 274
187 215
187 241
187 299
187 280
188 192
188 225
188 279
188 224
188 240
188 215
188 280
188 217
188 219
188 220
188 222
189 279
189 297
189 283
189 201
189 218
189 282
190 250
190 223
190 191
191 195
191 197
191 263
191 269
191 210
191 212
191 279
191 222
192 266
192 299
192 204
192 240
192 270
192 247
192 281
192 277
193 266
193 208
193 273
193 249
194 266
194 270
194 210
194 292
194 229
194 295
194 241
194 253
195 213
195 255
195 215
196 297
196 200
196 232
196 242
196 254
197 258
197 262
197 205
197 273
197 259
197 221
197 232
197 233
198 290
198 259
198 292
198 293
198 200
198 233
198 291
198 239
198 213
198 201
198 250
199 243
199 226
199 237
199 293
199 255
200 203
200 208
201 256
201 204
201 258
202 230
202 210
202 218
203 299
203 233
203 240
203 297
204 257
204 209
204 212
204 279
204 283
204 222
204 287
204 291
204 298
204 240
204 241
204 247
205 260
205 230
205 265
205 237
205 216
205 218
205 251
205 286
206 277
206 208
206 259
206 222
206 297
206 287
206 218
206 229
207 259
207 260
207 265
207 290
207 276
207 279
207 239
207 222
207 288
207 235
207 245
208 245
208 253
208 214
209 262
209 270
209 297
209 243
209 233
209 219
209 282
210 247
210 258
210 211
210 218
211 290
211 259
211 295
211 257
211 224
211 267
212 261
212 275
212 214
212 263
212 257
212 240
212 244
212 246
212 247
213 290
213 215
213 240
213 250
214 225
214 231
214 270
214 286
214 295
215 288
215 252
215 269
215 272
216 288
216 290
216 261
216 263
216 243
216 232
217 229
217 231
217 275
217 242
217 270
217 233
217 254
218 281
218 284
218 221
218 227
218 292
218 285
218 250
219 227
219 252
220 269
220 277
220 291
220 255
221 256
221 290
221 265
221 238
222 269
222 229
223 275
223 297
223 273
224 258
224 298
224 252
225 271
225 232
226 256
226 292
226 235
226 296
226 298
226 254
226 277
227 256
227 288
227 248
227 229
228 229
228 233
228 269
228 253
228 271
228 278
228 293
229 293
229 267
229 258
229 283
229 255
229 298
230 258
230 259
230 297
230 299
230 280
230 298
231 234
232 266
232 289
232 251
232 285
232 247
233 272
233 291
234 264
234 270
234 242
234 280
234 283
234 253
235 256
235 248
235 250
235 285
235 255
236 291
236 295
236 270
237 256
237 261
238 267
238 270
238 282
238 268
238 259
239 278
239 241
239 246
239 252
240 257
240 284
241 279
241 299
241 268
241 247
241 250
242 281
242 279
242 253
243 278
243 299
243 280
244 258
244 261
244 295
244 296
244 246
244 285
244 276
245 287
246 266
247 262
247 249
247 284
247 298
248 263
248 261
248 284
249 293
249 296
249 266
250 298
250 292
251 263
251 264
251 277
252 256
252 255
252 279
252 266
252 254
253 288
253 259
253 269
253 283
254 288
254 291
254 267
254 292
255 261
255 265
255 267
255 276
255 282
256 276
256 277
257 279
257 259
257 283
257 261
258 287
259 283
259 293
259 287
259 276
260 275
260 297
260 296
261 279
261 280
261 292
261 281
262 267
262 292
263 293
263 274
263 287
264 287
265 282
265 273
265 269
265 280
266 270
266 297
267 268
267 277
267 285
267 297
267 274
268 290
269 286
269 276
270 299
272 280
273 278
274 297
276 280
276 282
276 287
277 298
277 291
277 295
280 281
280 288
281 294
281 297
281 298
282 289
283 287
284 289
284 296
284 299
285 298
287 289
288 289
288 291
289 298
289 297
290 298
293 297
