300 2692
0 64
0 161
0 2
0 227
0 196
0 244
0 167
0 9
0 193
0 43
0 270
0 148
0 118
0 201
0 267
0 180
0 26
0 123
0 60
0 293
1 192
1 289
1 100
1 261
1 134
1 188
1 10
1 146
1 48
1 18
1 181
1 152
1 252
1 285
2 192
2 130
2 259
2 132
2 136
2 203
2 206
2 16
2 88
2 219
2 92
2 157
2 31
2 224
2 225
2 298
2 171
2 173
2 112
2 245
2 54
2 188
2 254
2 127
3 192
3 33
3 194
3 171
3 228
3 38
3 102
3 272
3 73
3 43
3 108
3 14
3 112
3 280
3 217
3 248
3 89
3 26
3 27
3 265
3 134
4 288
4 129
4 226
4 292
4 38
4 136
4 44
4 79
4 177
4 83
4 277
4 152
4 283
4 93
5 97
5 262
5 147
5 179
5 102
5 129
5 298
5 167
5 141
5 14
5 176
5 115
5 20
5 277
5 283
5 156
5 29
5 95
6 128
6 256
6 67
6 166
6 257
6 9
6 273
6 143
6 176
6 241
6 215
6 56
6 25
6 26
6 218
6 95
7 32
7 149
7 83
7 43
7 230
7 71
7 11
7 140
7 239
7 245
7 18
7 115
7 85
7 118
7 88
7 283
7 91
7 95
8 256
8 131
8 285
8 259
8 40
8 105
8 235
8 13
8 142
8 111
8 48
8 146
8 211
8 212
8 246
8 248
8 287
8 189
8 63
9 64
9 66
9 166
9 39
9 139
9 130
9 47
9 273
9 83
9 212
9 158
9 290
9 271
9 156
9 94
9 197
10 131
10 292
10 133
10 263
10 28
10 170
10 171
10 272
10 277
10 119
10 281
10 135
10 63
11 128
11 132
11 77
11 81
11 147
11 212
11 85
11 215
11 68
11 26
11 284
11 282
11 97
11 227
11 100
11 229
11 102
11 297
11 237
11 111
11 188
12 160
12 291
12 70
12 295
12 269
12 110
12 80
12 275
12 53
12 215
12 280
12 218
13 35
13 100
13 246
13 40
13 233
13 205
13 16
13 136
13 150
13 119
13 153
13 25
13 58
13 248
13 293
14 192
14 288
14 98
14 196
14 227
14 104
14 137
14 298
14 139
14 236
14 194
14 239
14 99
14 51
14 153
14 187
14 222
15 64
15 129
15 258
15 279
15 72
15 203
15 206
15 144
15 17
15 178
15 243
15 116
15 278
15 247
15 152
15 219
15 220
15 29
15 95
16 64
16 129
16 260
16 197
16 38
16 39
16 128
16 43
16 204
16 66
16 80
16 145
16 144
16 119
16 187
16 258
17 256
17 65
17 194
17 38
17 71
17 104
17 73
17 298
17 257
17 168
17 111
17 72
17 82
17 23
17 88
17 223
18 131
18 37
18 107
18 269
18 78
18 48
18 273
18 211
18 117
18 22
18 255
18 21
19 160
19 258
19 68
19 22
19 39
19 41
19 47
19 216
19 245
19 86
19 215
19 184
19 282
19 187
19 61
19 127
20 33
20 34
20 70
20 141
20 45
20 272
20 210
20 21
20 153
20 253
20 286
21 98
21 100
21 294
21 70
21 113
21 145
21 105
21 107
21 236
21 78
21 111
21 56
21 83
21 213
21 88
21 58
21 219
21 93
21 94
22 64
22 164
22 260
22 231
22 41
22 202
22 203
22 44
22 174
22 115
22 212
22 87
22 169
22 279
22 298
22 215
22 127
23 32
23 181
23 251
23 261
23 133
23 198
23 273
23 265
23 298
23 239
23 269
23 78
23 47
23 287
23 149
23 281
23 26
23 38
23 252
23 127
24 163
24 68
24 69
24 102
24 227
24 168
24 266
24 204
24 81
24 83
24 212
24 62
24 87
24 88
24 57
24 187
24 120
25 237
25 100
25 199
25 200
25 137
25 77
25 79
25 48
25 82
25 179
25 212
25 54
25 87
25 249
25 90
25 92
26 264
26 205
26 210
26 227
26 212
26 218
26 155
26 221
26 286
26 288
26 162
26 99
26 293
26 299
26 30
26 120
26 276
27 115
27 131
27 228
27 87
27 152
27 137
27 155
27 183
27 185
27 229
28 227
28 133
28 206
28 286
28 83
28 148
28 149
28 217
28 154
28 220
28 138
28 94
28 53
29 99
29 36
29 231
29 40
29 105
29 111
29 189
29 168
29 203
29 150
29 137
29 121
29 91
29 281
29 157
29 69
30 289
30 39
30 232
30 206
30 189
30 81
30 242
30 115
30 276
30 78
30 250
30 91
30 90
31 129
31 35
31 228
31 198
31 108
31 267
31 172
31 34
31 205
31 49
31 178
31 55
31 290
31 187
31 124
31 189
31 158
31 223
32 65
32 131
32 132
32 268
32 145
32 274
32 88
32 89
32 152
32 156
32 220
32 98
32 294
32 296
32 169
32 46
32 111
32 119
32 57
32 59
32 190
33 96
33 228
33 198
33 39
33 41
33 231
33 76
33 287
33 177
33 117
33 214
33 283
33 212
33 251
33 93
33 158
33 276
34 192
34 259
34 68
34 134
34 243
34 136
34 140
34 247
34 76
34 168
34 50
34 51
34 117
34 87
34 248
34 251
34 60
34 61
35 112
35 99
35 163
35 135
35 72
35 122
35 190
35 78
35 79
36 129
36 258
36 203
36 68
36 198
36 72
36 74
36 267
36 268
36 270
36 81
36 210
36 83
36 92
36 82
36 295
36 45
36 239
36 243
36 55
36 187
36 253
36 126
37 129
37 66
37 131
37 133
37 243
37 74
37 142
37 212
37 149
37 249
37 179
37 220
37 94
37 95
37 224
37 42
37 115
37 52
37 53
37 120
37 234
37 251
37 138
37 213
38 256
38 197
38 271
38 80
38 131
38 220
38 157
38 161
38 292
38 40
38 177
38 242
38 116
38 54
38 247
38 248
38 251
39 261
39 225
39 202
39 77
39 207
39 79
39 146
39 85
39 143
39 93
39 96
39 98
39 103
39 40
39 167
39 172
39 173
39 104
39 53
39 118
39 122
39 213
40 256
40 162
40 41
40 119
40 206
40 81
40 114
40 147
40 52
40 173
40 73
40 153
40 218
40 135
40 61
41 132
41 179
41 199
41 145
41 163
41 213
41 152
41 153
41 218
41 282
41 94
41 96
41 99
41 294
41 209
41 170
41 112
41 51
41 222
41 122
42 259
42 228
42 294
42 103
42 231
42 205
42 47
42 113
42 179
42 183
42 251
42 252
43 256
43 132
43 246
43 70
43 74
43 267
43 205
43 210
43 214
43 279
43 285
43 158
43 160
43 226
43 134
43 167
43 168
43 108
43 47
43 112
43 242
43 182
43 249
44 194
44 200
44 268
44 208
44 120
44 210
44 83
44 149
44 153
44 217
44 154
44 282
44 222
44 95
44 272
44 51
44 55
44 184
44 250
44 123
44 189
45 192
45 230
45 69
45 102
45 257
45 105
45 298
45 47
45 146
45 201
45 281
45 293
45 62
45 166
46 256
46 96
46 262
46 134
46 203
46 207
46 147
46 149
46 86
46 279
46 216
46 271
46 156
46 244
46 230
46 234
46 107
46 172
46 238
46 47
46 112
46 178
46 275
46 116
46 181
46 185
46 255
47 67
47 197
47 289
47 72
47 74
47 139
47 208
47 299
47 218
47 90
47 222
47 225
47 226
47 228
47 296
47 297
47 117
47 182
47 56
47 253
47 254
48 96
48 227
48 265
48 234
48 110
48 116
48 249
48 95
49 192
49 163
49 228
49 197
49 70
49 138
49 215
49 76
49 110
49 209
49 86
49 119
49 121
49 90
49 106
50 97
50 259
50 164
50 194
50 298
50 235
50 130
50 77
50 112
50 113
50 56
50 196
50 271
50 63
51 128
51 224
51 292
51 198
51 204
51 109
51 173
51 247
51 249
51 218
51 287
51 253
51 286
51 191
52 129
52 294
52 135
52 161
52 125
52 205
52 238
52 143
52 264
52 115
52 276
52 87
52 121
52 58
52 284
52 93
52 254
53 224
53 225
53 203
53 68
53 284
53 234
53 171
53 77
53 210
53 83
53 87
53 152
53 58
54 164
54 209
54 136
54 105
54 145
54 242
54 244
54 277
54 228
54 250
54 283
55 257
55 171
55 223
55 242
55 138
55 107
55 178
55 207
55 175
55 82
55 79
55 244
55 238
55 150
55 215
55 127
56 64
56 237
56 262
56 163
56 261
56 101
56 295
56 106
56 75
56 141
56 143
56 179
56 220
56 202
56 286
56 191
57 129
57 226
57 259
57 260
57 197
57 264
57 140
57 253
57 112
57 209
57 286
57 244
57 126
57 278
57 282
57 94
57 62
57 245
58 161
58 283
58 293
58 102
58 200
58 78
58 144
58 151
58 218
58 155
58 284
59 288
59 133
59 263
59 265
59 298
59 107
59 141
59 207
59 178
59 147
59 118
59 281
59 127
59 121
59 282
59 187
59 197
60 224
60 100
60 101
60 262
60 184
60 296
60 162
60 111
61 256
61 65
61 261
61 230
61 137
61 130
61 173
61 80
61 241
61 146
61 269
61 215
61 185
62 65
62 131
62 197
62 102
62 265
62 210
62 212
62 90
62 222
63 96
63 128
63 227
63 199
63 236
63 269
63 271
63 240
63 116
63 89
63 248
63 185
63 287
64 66
64 131
64 86
64 175
64 141
64 77
64 81
64 212
64 285
64 283
64 165
64 167
64 239
64 116
64 248
64 189
65 132
65 150
65 265
65 95
65 277
65 182
65 249
65 228
65 250
65 159
65 221
65 191
66 256
66 299
66 132
66 160
66 77
66 270
66 147
66 154
66 219
66 96
66 272
66 103
66 233
66 107
66 112
66 180
66 249
66 250
66 126
67 224
67 245
67 69
67 201
67 143
67 82
67 213
67 137
67 89
67 90
67 253
67 159
68 70
68 135
68 290
68 92
68 274
68 83
68 154
68 284
68 287
68 99
68 295
68 168
68 233
68 146
68 296
68 248
69 257
69 228
69 197
69 259
69 238
69 109
69 280
69 179
69 187
69 156
70 256
70 97
70 209
70 169
70 206
70 143
70 144
70 172
70 87
70 120
70 292
70 250
70 111
70 273
71 192
71 161
71 194
71 260
71 198
71 200
71 236
71 77
71 256
71 286
71 277
71 216
71 254
72 288
72 225
72 167
72 273
72 268
72 203
72 109
72 173
72 255
72 182
72 267
72 283
72 125
72 222
72 159
73 97
73 290
73 229
73 102
73 273
73 201
73 78
73 175
73 291
73 206
73 264
73 88
73 186
73 123
73 282
73 190
74 160
74 225
74 258
74 131
74 290
74 271
74 148
74 89
74 293
74 219
74 156
74 159
75 232
75 291
75 284
75 107
75 255
75 237
75 159
76 96
76 165
76 230
76 295
76 224
76 207
76 277
76 118
76 247
76 154
76 188
76 94
76 95
77 162
77 198
77 200
77 140
77 146
77 110
77 238
77 163
77 148
77 90
77 220
77 260
78 128
78 130
78 262
78 199
78 200
78 142
78 208
78 275
78 148
78 215
78 155
78 221
78 107
78 172
78 237
78 283
78 252
78 191
79 129
79 162
79 99
79 262
79 230
79 259
79 170
79 140
79 238
79 241
79 234
79 158
80 224
80 164
80 293
80 266
80 235
80 204
80 238
80 221
80 212
80 260
80 219
80 156
81 256
81 195
81 261
81 100
81 140
81 144
81 216
81 148
81 279
81 89
81 290
81 227
81 262
81 241
81 243
81 245
81 120
81 253
82 194
82 183
82 237
82 190
82 117
82 285
82 254
82 287
83 258
83 236
83 268
83 274
83 87
83 219
83 157
83 160
83 97
83 100
83 165
83 106
83 109
83 285
83 234
83 255
83 281
83 170
83 245
84 192
84 100
84 133
84 167
84 255
84 269
84 270
84 253
84 271
84 152
84 179
84 285
84 87
84 184
84 260
84 282
84 187
84 124
84 125
84 95
85 165
85 102
85 136
85 203
85 110
85 239
85 176
85 113
85 245
85 294
85 267
85 89
85 222
86 96
86 195
86 257
86 207
86 152
86 219
86 220
86 159
86 286
86 95
86 160
86 226
86 167
86 232
86 299
86 172
86 185
86 187
87 259
87 141
87 210
87 214
87 89
87 101
87 228
87 165
87 102
87 169
87 170
87 275
87 119
87 120
88 192
88 196
88 136
88 273
88 145
88 152
88 283
88 285
88 159
88 103
88 170
88 237
88 178
88 244
88 118
88 123
88 252
88 234
89 258
89 163
89 231
89 168
89 275
89 207
89 274
90 149
90 192
90 132
90 293
90 177
90 137
90 231
90 142
90 214
90 151
90 184
90 95
91 97
91 194
91 227
91 242
91 101
91 102
91 201
91 225
91 140
91 141
91 238
91 294
91 273
91 146
91 275
91 120
91 190
92 161
92 202
92 226
92 207
92 151
92 248
92 153
92 187
92 188
92 125
93 276
93 135
93 204
93 269
93 175
93 182
93 244
93 207
93 284
93 127
94 224
94 226
94 180
94 292
94 106
94 119
94 299
94 137
94 122
94 215
95 130
95 195
95 200
95 137
95 224
95 211
95 153
95 96
95 226
95 99
95 166
95 193
95 263
95 173
95 181
95 184
95 234
95 134
96 133
96 101
96 246
96 104
96 234
96 290
96 109
96 258
96 121
96 182
96 192
97 162
97 227
97 243
97 234
97 145
97 213
97 281
97 283
97 153
97 218
97 125
98 129
98 260
98 262
98 296
98 105
98 277
98 236
98 143
98 287
98 215
98 217
98 186
98 255
98 265
98 218
98 222
98 159
99 288
99 129
99 290
99 293
99 234
99 235
99 205
99 174
99 241
99 118
99 252
100 267
100 133
100 129
100 161
100 268
100 271
100 144
100 115
100 244
101 224
101 203
101 228
101 165
101 135
101 264
101 201
101 111
101 269
101 143
101 241
101 115
101 245
101 260
102 294
102 143
102 286
102 147
102 245
103 280
103 179
103 116
103 252
103 212
103 231
103 140
104 131
104 228
104 261
104 200
104 105
104 253
104 282
104 179
104 201
104 184
104 218
104 124
104 157
105 251
105 277
105 133
105 198
105 177
105 179
105 180
105 123
105 223
106 196
106 136
106 265
106 297
106 274
106 280
106 248
106 153
106 154
106 159
106 253
106 191
107 149
107 193
107 224
107 272
107 275
107 121
107 153
107 160
107 226
107 233
107 235
107 176
107 113
107 169
107 252
107 191
108 240
108 256
108 162
108 131
108 183
108 201
108 234
108 204
109 290
109 277
109 231
109 291
109 237
109 165
110 225
110 292
110 198
110 136
110 205
110 211
110 280
110 254
110 215
110 152
110 143
110 158
111 262
111 227
111 228
111 135
111 156
111 170
111 177
111 285
111 116
111 265
111 281
111 283
112 182
112 134
112 130
112 207
112 147
112 219
112 225
112 162
112 172
112 173
112 243
112 116
112 118
112 283
113 167
113 137
113 272
113 265
113 281
113 154
113 255
113 157
113 127
114 129
114 226
114 275
114 132
114 133
114 268
114 145
114 153
114 200
114 222
115 224
115 289
115 265
115 263
115 172
115 173
115 177
115 217
116 267
116 196
116 169
116 135
116 242
116 188
116 148
116 212
116 233
116 153
116 250
116 156
117 131
117 292
117 133
117 296
117 137
117 274
117 235
117 211
117 149
117 217
117 191
117 165
118 290
118 228
118 297
118 170
118 241
118 243
118 245
118 281
118 218
118 252
118 157
118 299
119 279
119 160
119 194
119 258
119 206
119 276
119 151
119 282
119 285
119 163
119 293
119 169
119 171
119 179
119 181
119 188
120 279
120 193
120 162
120 294
120 167
120 264
120 215
120 141
120 206
120 152
120 282
120 126
120 229
121 256
121 171
121 145
121 233
121 234
121 245
121 283
121 277
122 123
122 193
122 258
122 232
122 267
122 268
122 143
122 272
122 243
122 154
122 155
122 285
123 289
123 163
123 294
123 177
123 246
123 280
124 193
124 210
124 147
124 196
124 273
124 188
124 244
124 172
125 258
125 276
125 268
125 141
125 145
125 215
125 287
126 128
126 196
126 130
126 200
126 213
126 268
126 258
126 206
126 270
126 279
126 154
126 283
126 282
126 222
126 168
126 171
126 236
126 285
126 149
127 160
127 267
127 177
127 239
127 182
127 217
127 199
128 130
128 150
128 138
128 269
128 147
128 214
128 158
128 160
128 163
128 165
128 230
128 286
128 262
128 185
128 191
129 262
129 268
129 211
129 132
129 219
129 156
129 167
129 284
129 295
129 229
129 177
129 183
130 197
130 200
130 139
130 207
130 209
130 282
130 219
130 222
130 160
130 230
130 166
130 233
130 245
130 182
130 248
130 293
131 259
131 260
131 274
131 255
131 276
131 266
131 252
131 223
132 295
132 170
132 239
132 226
132 175
132 144
132 209
132 248
132 219
133 224
133 289
133 151
133 140
133 261
133 185
133 282
133 253
133 159
134 192
134 165
134 198
134 135
134 258
134 259
134 246
134 267
134 199
135 256
135 194
135 298
135 287
135 144
135 229
135 214
135 191
135 166
136 289
136 264
136 265
136 270
136 208
136 146
136 219
136 224
136 225
136 229
136 272
136 233
136 241
136 277
137 194
137 263
137 291
137 282
137 283
137 154
137 161
137 170
137 239
137 179
137 245
138 163
138 148
138 230
138 170
138 183
138 192
139 227
139 228
139 262
139 168
139 175
139 243
139 212
139 184
139 249
139 282
139 255
140 288
140 219
140 170
140 208
140 243
140 280
140 267
140 220
140 298
140 158
140 287
141 168
141 247
141 175
141 299
141 232
141 190
141 150
141 148
141 251
141 153
141 261
142 294
142 164
142 230
142 231
142 260
142 175
142 157
142 278
142 247
142 280
142 217
142 188
142 154
142 191
143 160
143 230
143 259
143 248
143 163
143 214
143 283
144 162
144 291
144 230
144 268
144 238
144 175
144 213
144 184
144 188
144 245
145 213
145 292
145 246
145 160
145 226
145 174
145 216
145 191
145 149
146 290
146 161
146 171
146 172
146 176
146 278
146 158
147 187
147 263
147 162
147 239
147 275
147 174
147 249
148 160
148 167
148 275
148 236
148 192
148 243
148 238
148 173
148 184
148 158
149 192
149 256
149 230
149 173
149 189
149 211
149 155
149 157
149 165
150 289
150 265
150 266
150 207
150 205
150 178
150 250
150 219
150 159
151 282
151 154
151 268
151 175
152 194
152 201
152 268
152 291
152 283
152 159
152 161
152 171
152 186
152 188
152 288
153 256
153 299
153 262
153 172
153 208
153 206
153 219
153 155
153 164
153 231
153 265
153 277
154 232
154 181
154 169
154 155
155 161
155 187
155 230
155 268
155 236
155 237
155 239
155 176
155 291
155 278
155 215
155 255
156 164
156 287
156 183
156 233
156 253
157 257
157 272
157 285
157 208
157 181
157 254
158 226
158 294
158 204
158 230
158 168
158 209
158 211
158 246
158 297
159 262
159 173
159 203
159 259
159 234
159 202
159 187
159 229
160 256
160 200
160 267
160 270
160 210
160 284
160 233
160 234
161 194
161 230
161 175
161 243
161 293
162 165
162 166
162 268
162 267
162 173
162 245
162 215
162 261
163 209
163 210
163 215
163 207
163 205
163 269
163 222
163 287
164 224
164 193
164 267
164 289
164 298
164 203
164 242
164 209
164 212
164 213
164 251
164 222
165 295
165 170
165 242
165 287
166 240
166 243
166 213
166 278
166 297
166 184
166 217
166 284
167 265
167 290
167 276
167 277
167 279
167 217
167 185
167 229
167 170
167 171
168 199
168 226
168 205
168 210
168 227
168 183
168 239
168 284
169 214
169 176
169 178
169 244
169 249
169 284
169 287
170 214
170 295
170 219
170 249
170 183
170 206
170 236
171 179
171 212
171 186
171 249
171 298
172 297
172 281
172 287
173 260
173 261
173 198
173 263
173 290
173 270
173 294
173 264
173 178
174 256
174 292
174 261
174 241
174 264
174 291
174 207
174 272
174 297
174 251
175 198
175 211
175 238
175 284
175 201
175 283
176 292
176 217
176 296
176 226
177 275
177 289
177 285
177 220
177 189
178 260
178 199
178 291
178 275
178 277
178 288
178 289
178 227
178 229
178 238
178 182
178 184
178 189
179 212
179 189
179 235
179 183
179 199
179 188
180 211
180 261
180 229
180 227
180 264
180 207
181 194
181 289
181 239
181 209
181 285
181 213
182 293
182 198
182 234
182 204
182 269
182 253
182 280
182 222
182 191
183 224
183 246
183 294
183 247
183 186
184 291
184 244
184 274
184 232
184 278
184 286
185 288
185 199
185 265
185 239
185 240
185 254
185 252
185 222
186 195
186 298
186 258
186 267
186 249
186 218
186 283
186 254
186 191
187 213
187 211
187 216
187 228
188 204
188 289
188 281
188 201
188 221
188 293
189 225
189 213
189 229
189 201
189 226
189 256
189 218
189 191
190 197
190 275
190 267
190 243
190 212
190 283
190 282
191 203
191 260
191 259
191 237
191 238
192 265
192 290
192 273
192 216
192 285
192 294
192 251
192 253
193 291
193 201
193 276
193 284
193 219
194 232
194 240
194 219
194 283
194 216
194 285
194 277
195 283
195 298
195 202
195 203
195 253
195 208
195 245
195 216
195 217
195 252
195 218
195 223
196 256
196 197
196 214
196 247
196 221
197 199
197 279
197 269
197 270
197 286
197 254
197 215
197 217
197 297
198 232
198 266
198 210
198 238
198 281
198 218
199 228
199 275
199 215
199 269
199 240
199 209
199 217
199 260
200 261
200 262
200 207
200 210
200 206
200 218
200 220
200 221
200 286
200 236
200 241
200 243
201 299
201 209
202 241
202 227
202 236
202 284
202 275
203 265
203 266
203 208
203 210
203 253
203 220
204 295
204 296
204 206
204 271
204 245
205 281
206 261
206 295
207 209
207 280
207 287
207 261
207 297
207 273
208 238
209 228
209 290
209 272
209 297
210 258
210 239
210 292
210 251
210 282
211 260
211 269
211 242
211 237
211 241
211 274
212 263
212 216
212 227
212 246
213 268
213 274
214 290
214 235
214 261
214 259
214 220
214 285
215 263
215 276
215 283
215 284
216 265
216 240
216 255
217 228
217 252
217 235
217 262
218 267
218 272
218 280
218 281
218 292
218 264
218 296
219 289
219 233
220 250
220 251
220 288
221 272
221 295
221 269
222 225
222 278
222 297
223 256
223 264
223 238
223 271
223 272
223 276
224 260
224 298
224 281
224 249
225 260
225 230
225 231
225 276
225 296
225 255
226 258
226 261
226 272
226 290
226 244
226 250
226 254
227 265
227 278
227 229
227 284
227 244
228 239
228 298
229 295
229 270
230 272
230 286
230 275
230 292
231 269
231 241
231 286
232 282
232 295
232 298
232 237
232 240
233 236
233 273
233 281
233 250
234 292
234 279
234 244
234 251
235 289
235 278
235 271
235 253
235 277
236 288
236 245
236 272
236 270
236 246
236 265
236 248
237 255
237 244
237 286
238 290
238 259
238 292
238 242
238 273
239 251
239 277
239 268
239 281
240 246
240 251
240 264
241 253
241 261
241 267
241 255
242 258
242 269
242 280
242 278
242 253
242 255
243 256
243 258
243 265
243 245
243 268
243 255
244 296
244 252
244 280
245 260
245 249
246 252
247 294
247 275
247 251
247 285
248 294
248 274
249 293
249 278
251 253
251 290
252 296
252 297
252 261
253 260
253 270
253 274
253 278
254 288
254 275
255 256
255 259
255 281
256 267
256 260
256 279
256 286
256 295
258 272
261 263
261 267
262 283
262 297
262 282
262 299
263 269
263 276
264 272
264 270
265 278
265 268
265 269
265 289
265 296
266 291
266 282
267 290
267 288
268 287
268 293
269 296
269 271
270 294
271 288
271 289
271 283
271 297
272 274
273 298
274 283
275 290
275 294
275 278
276 290
276 280
277 295
279 280
282 294
283 289
285 292
287 294
289 297
289 293
291 293
291 295
292 295
293 297
294 295
298 299
