3
0 10
1 83
1 86
2 8
2 32
3 18
3 54
4 68
4 78
5 26
5 27
6 81
6 82
7 55
7 46
8 18
9 37
9 70
10 75
11 34
11 50
12 95
12 77
13 49
13 87
14 54
14 39
15 45
15 53
16 42
16 95
17 72
17 58
19 56
19 93
20 50
20 38
21 34
21 29
22 94
22 43
23 80
23 92
24 51
24 60
25 28
25 31
26 90
27 49
28 74
29 48
30 64
30 69
31 68
32 89
33 73
33 69
35 97
35 91
36 52
36 57
37 84
38 99
39 82
40 98
40 77
41 65
41 83
42 58
43 72
44 85
44 57
45 75
46 48
47 88
47 94
51 97
52 96
53 85
55 62
56 90
59 78
59 62
60 86
61 80
61 67
63 64
63 87
65 67
66 71
66 92
71 74
73 88
79 96
81 99
84 89
91 98
100 70
100 76
100 79
101 0
101 76
101 93
-1 -1
0.007508
