1
0 117
0 239
1 52
1 163
2 220
2 264
3 106
3 196
4 13
4 267
5 75
5 153
6 42
6 136
7 62
7 116
8 92
8 204
9 192
9 197
10 70
10 87
11 15
11 97
12 152
12 219
13 90
14 89
14 126
15 72
16 19
16 145
17 65
17 295
18 127
18 273
19 293
20 260
20 298
21 100
21 189
22 124
22 271
23 150
23 259
24 59
24 213
25 107
25 228
26 41
26 279
27 60
27 127
28 222
28 283
29 161
29 227
30 88
30 204
31 119
31 294
32 240
32 255
33 205
33 247
34 177
34 247
35 185
35 251
36 129
36 278
37 224
37 241
38 114
38 203
39 74
39 288
40 44
40 218
41 274
42 115
43 100
43 154
44 151
45 70
45 138
46 120
46 207
47 83
47 135
48 196
48 243
49 121
49 297
50 113
50 157
51 131
51 211
52 95
53 63
53 132
54 182
54 255
55 83
55 253
56 140
56 292
57 146
57 265
58 214
58 235
59 147
60 217
61 91
61 198
62 199
63 94
64 233
64 284
65 159
66 73
66 298
67 173
67 290
68 142
68 203
69 71
69 274
71 98
72 243
73 79
74 186
75 253
76 176
76 238
77 263
77 287
78 179
78 191
79 105
80 170
80 230
81 112
81 270
82 150
82 169
84 180
84 193
85 213
85 296
86 222
86 242
87 160
88 283
89 139
90 190
91 202
92 191
93 94
93 125
95 275
96 106
96 254
97 104
98 114
99 126
99 239
101 136
101 290
102 158
102 284
103 256
103 276
104 111
105 280
107 173
108 157
108 296
109 193
110 216
110 258
111 192
112 261
113 280
115 116
117 206
118 231
118 232
119 235
120 164
121 232
122 244
122 258
123 146
123 215
124 209
125 237
128 137
128 188
129 134
130 141
130 208
131 286
132 266
133 178
133 282
134 264
135 279
137 252
138 271
139 174
140 153
141 195
142 285
143 145
143 210
144 184
144 190
147 226
148 175
148 240
149 159
149 200
151 251
152 200
154 273
155 180
155 277
156 225
156 256
158 227
160 269
161 249
162 223
162 281
163 166
164 267
165 182
165 189
166 238
167 183
167 265
168 266
168 268
169 291
170 245
171 261
171 277
172 289
172 292
174 252
175 282
176 194
177 202
178 248
179 272
181 234
181 272
183 245
184 263
185 215
186 219
187 211
187 218
188 221
194 249
195 246
197 234
198 241
199 288
201 217
201 236
205 276
206 236
207 268
208 248
209 212
210 299
212 270
214 229
216 231
220 242
221 260
223 289
224 228
225 281
226 275
229 299
230 262
233 294
237 257
244 257
246 287
250 278
254 295
259 297
262 293
269 291
285 286
300 109
301 250
-1 -1
4.09317
