1
0 26
0 65
1 172
1 228
2 105
2 272
3 159
3 271
4 66
4 243
5 71
5 239
6 16
6 43
7 78
7 136
8 109
8 289
9 45
9 64
10 282
10 298
11 59
11 179
12 112
12 291
13 103
13 294
14 102
14 190
15 72
15 148
16 292
17 77
17 285
18 164
18 219
19 28
19 93
20 64
20 195
21 172
21 213
22 95
22 111
23 96
23 173
24 118
24 263
25 62
25 113
26 184
27 122
27 171
28 150
29 148
29 251
30 188
30 200
31 56
31 141
32 81
32 135
33 255
33 298
34 144
34 266
35 38
35 135
36 44
36 252
37 54
37 61
38 146
39 184
39 278
40 65
40 297
41 161
41 162
42 93
42 276
43 185
44 121
45 241
46 201
46 267
47 108
47 289
48 133
48 270
49 129
49 146
50 72
50 254
51 203
51 273
52 123
52 191
53 212
53 268
54 193
55 95
55 185
56 211
57 244
57 247
58 88
58 137
59 218
60 174
60 232
61 69
62 89
63 109
63 222
66 157
67 98
67 192
68 82
68 85
69 225
70 84
70 241
71 282
73 181
73 279
74 88
74 143
75 155
75 273
76 174
76 204
77 230
78 141
79 207
79 274
80 198
80 243
81 173
82 106
83 128
83 186
84 142
85 179
86 137
86 224
87 132
87 286
89 162
90 115
90 140
91 219
91 234
92 123
92 156
94 191
94 208
96 130
97 129
97 239
98 198
99 175
99 180
100 166
100 277
101 121
101 290
102 212
103 203
104 138
104 151
105 266
106 183
107 283
107 287
108 293
110 150
110 232
111 126
112 209
113 208
114 144
114 262
115 292
116 119
116 277
117 149
117 170
118 205
119 130
120 287
120 296
122 216
124 233
124 259
125 147
125 227
126 229
127 128
127 180
131 227
131 296
132 197
133 276
134 190
134 250
136 164
138 223
139 215
139 260
140 253
142 143
145 163
145 177
147 295
149 291
151 240
152 178
153 182
153 252
154 193
154 259
155 260
156 283
157 196
158 178
158 262
159 248
160 169
160 244
161 226
163 220
165 176
165 206
166 175
167 183
167 274
168 246
168 281
169 202
170 275
171 297
176 280
177 236
181 211
182 195
186 284
187 237
187 246
188 257
189 200
189 250
192 235
194 210
194 255
196 265
197 240
199 214
199 269
201 269
202 249
204 249
205 261
206 247
207 224
209 258
210 270
213 245
214 286
215 290
216 231
217 288
217 299
218 223
220 248
221 275
221 280
222 278
225 268
226 264
228 279
229 261
230 253
231 242
233 288
234 293
235 256
236 299
237 238
238 271
242 256
245 254
251 263
257 295
258 285
264 284
265 267
272 281
300 294
301 152
-1 -1
2.06471
