1
0 292
0 582
1 334
1 464
2 298
2 517
3 195
3 436
4 169
4 502
5 150
5 383
6 281
6 442
7 51
7 146
8 245
8 402
9 27
9 305
10 247
10 484
11 39
11 163
12 127
12 463
13 201
13 462
14 411
14 440
15 263
15 333
16 157
16 387
17 248
17 594
18 63
18 268
19 229
19 531
20 445
20 453
21 454
21 532
22 49
22 543
23 36
23 362
24 65
24 471
25 269
25 393
26 151
26 443
27 299
28 423
28 507
29 34
29 365
30 77
30 452
31 129
31 366
32 106
32 572
33 112
33 166
34 449
35 105
35 358
36 121
37 138
37 479
38 139
38 353
39 398
40 304
40 309
41 345
41 595
42 432
42 464
43 313
43 428
44 209
44 597
45 212
45 389
46 225
46 556
47 426
47 547
48 52
48 400
49 508
50 230
50 290
51 533
52 216
53 59
53 574
54 121
54 429
55 277
55 491
56 146
56 197
57 324
57 472
58 199
58 580
59 136
60 186
60 510
61 79
61 520
62 89
62 476
63 68
64 245
64 546
65 460
66 133
66 195
67 504
67 523
68 216
69 70
69 159
70 372
71 92
71 174
72 376
72 537
73 237
73 329
74 205
74 320
75 119
75 408
76 317
76 417
77 411
78 111
78 598
79 311
80 194
80 213
81 89
81 240
82 210
82 291
83 530
83 538
84 190
84 238
85 235
85 580
86 111
86 115
87 403
87 477
88 196
88 244
90 425
90 475
91 270
91 385
92 219
93 395
93 522
94 318
94 518
95 246
95 266
96 167
96 320
97 282
97 541
98 174
98 288
99 116
99 184
100 117
100 588
101 529
101 562
102 223
102 407
103 109
103 487
104 152
104 178
105 435
106 584
107 325
107 447
108 171
108 224
109 564
110 276
110 363
112 572
113 266
113 380
114 162
114 290
115 209
116 123
117 232
118 175
118 352
119 225
120 130
120 278
122 257
122 328
123 198
124 206
124 481
125 126
125 361
126 169
127 535
128 456
128 528
129 217
130 449
131 370
131 569
132 160
132 421
133 299
134 312
134 520
135 381
135 550
136 368
137 253
137 504
138 199
139 255
140 214
140 379
141 319
141 558
142 517
142 579
143 450
143 506
144 336
144 340
145 488
145 539
147 341
147 409
148 410
148 534
149 269
149 451
150 598
151 481
152 431
153 283
153 306
154 175
154 296
155 513
155 552
156 258
156 463
157 241
158 253
158 318
159 439
160 322
161 380
161 406
162 589
163 431
164 185
164 460
165 286
165 305
166 506
167 490
168 326
168 461
170 284
170 401
171 392
172 200
172 573
173 273
173 364
176 486
176 519
177 240
177 390
178 496
179 313
179 321
180 191
180 551
181 194
181 350
182 231
182 330
183 348
183 397
184 524
185 241
186 193
187 283
187 571
188 446
188 497
189 264
189 465
190 388
191 300
192 412
192 597
193 323
196 274
197 552
198 437
200 493
201 399
202 417
202 518
203 267
203 307
204 295
204 498
205 423
206 415
207 231
207 495
208 448
208 511
210 594
211 229
211 468
212 334
213 501
214 525
215 335
215 420
217 450
218 396
218 523
219 445
220 444
220 483
221 264
221 549
222 282
222 581
223 532
224 352
226 251
226 494
227 421
227 500
228 356
228 536
230 354
232 521
233 325
233 570
234 274
234 592
235 342
236 256
236 362
237 405
238 573
239 418
239 586
242 330
242 541
243 327
243 516
244 498
246 268
247 373
248 513
249 262
249 271
250 285
250 512
251 403
252 351
252 535
254 492
254 562
255 263
256 550
257 525
258 284
259 271
259 469
260 280
260 378
261 530
261 577
262 275
265 466
265 548
267 574
270 544
272 279
272 404
273 419
275 474
276 396
277 377
278 509
279 337
280 365
281 308
285 487
286 389
287 291
287 528
289 416
289 561
292 379
293 306
293 582
294 439
294 548
295 490
296 553
297 302
297 533
298 424
300 508
301 436
301 437
302 489
303 309
303 385
304 466
307 447
308 578
310 446
310 558
311 384
312 560
314 402
314 571
315 457
315 531
316 399
316 499
317 422
319 331
321 472
322 353
323 542
324 343
326 338
327 507
328 412
329 430
331 347
332 433
332 478
333 382
335 480
336 515
337 526
338 357
339 478
339 586
340 360
341 458
342 581
343 470
344 458
344 542
345 591
346 428
346 554
347 386
348 373
349 358
349 565
350 578
351 497
354 457
355 397
355 410
356 566
357 455
359 434
359 546
360 475
361 559
363 569
364 469
366 563
367 390
367 441
368 486
369 371
369 426
370 568
371 488
372 584
374 492
374 560
375 441
375 479
376 414
377 384
378 456
381 416
382 418
383 540
386 496
387 393
388 404
391 443
391 473
392 405
394 434
394 501
395 564
398 515
400 424
401 567
406 510
407 551
408 587
409 566
413 429
413 514
414 540
415 512
419 567
420 425
422 502
427 435
427 593
430 555
432 503
433 568
438 554
438 557
440 500
442 527
444 559
448 553
451 477
452 595
453 599
454 516
455 544
459 482
459 596
461 561
462 585
465 483
467 485
467 522
468 505
470 495
471 514
473 570
474 587
476 583
480 591
482 534
484 590
485 493
489 491
494 511
499 519
503 563
505 596
509 521
524 593
526 583
527 547
529 565
536 577
537 599
538 557
539 585
543 545
545 576
549 555
556 579
575 592
576 589
588 590
600 575
601 288
-1 -1
6.98559
