1
0 30
0 266
1 54
1 209
2 120
2 190
3 146
3 677
4 11
4 409
5 422
5 447
6 186
6 547
7 670
7 421
8 534
8 544
9 309
10 109
10 252
11 679
12 250
12 402
13 61
13 552
14 628
14 334
15 107
15 625
16 19
16 496
17 681
17 367
18 34
18 495
19 123
20 388
20 578
21 185
21 665
22 174
22 389
23 286
23 369
24 669
24 316
25 633
25 414
26 607
26 675
27 191
27 256
28 264
28 375
29 342
29 586
30 239
31 55
31 336
32 627
32 554
33 111
33 151
34 50
35 299
35 357
36 513
36 682
37 45
37 639
38 664
38 412
39 114
39 327
40 100
40 143
41 659
41 466
42 566
42 292
43 120
43 504
44 588
44 212
45 273
46 194
46 397
47 670
47 656
48 117
48 279
49 270
49 276
50 253
51 256
51 352
52 324
52 327
53 396
53 426
54 315
55 64
56 195
56 473
57 557
57 190
58 647
58 330
59 129
59 329
60 556
60 402
61 582
62 108
62 447
63 520
63 405
64 624
65 685
65 653
66 619
66 345
67 144
67 280
68 318
68 374
69 534
69 104
70 335
70 371
71 585
71 593
72 665
72 343
73 526
73 311
74 293
74 433
75 154
75 157
76 127
76 178
77 614
77 594
78 208
78 328
79 82
79 384
80 205
80 329
81 671
81 437
82 308
83 177
83 443
84 690
84 391
85 414
85 444
86 699
86 461
87 693
87 629
88 206
88 503
89 516
89 681
90 370
90 398
91 620
91 441
92 148
92 547
93 606
93 673
94 158
94 476
95 189
95 281
96 556
96 201
97 306
97 500
98 233
98 362
99 610
99 591
100 263
101 200
101 498
102 141
102 333
103 668
103 373
104 236
105 691
105 458
106 161
106 532
107 215
108 171
109 236
110 336
110 433
111 624
112 408
112 666
113 421
113 452
114 400
115 121
115 564
116 125
116 224
117 658
118 123
118 354
119 173
119 281
121 488
122 138
122 247
124 283
124 457
125 509
126 463
126 489
127 475
128 168
128 237
129 288
130 407
130 502
131 519
131 169
132 522
132 694
133 211
133 291
134 546
134 678
135 243
135 304
136 620
136 149
137 635
137 232
138 555
139 525
139 308
140 685
140 231
141 381
142 423
142 577
143 561
144 360
145 598
145 302
146 563
147 532
147 203
148 604
149 645
150 218
150 296
151 213
152 292
152 430
153 544
153 290
154 653
155 253
155 425
156 192
156 365
157 333
158 350
159 225
159 269
160 260
160 311
161 435
162 621
162 272
163 523
163 431
164 583
164 365
165 535
165 351
166 271
166 388
167 529
167 392
168 174
169 496
170 573
170 229
171 499
172 340
172 499
173 629
175 668
175 479
176 549
176 199
177 437
178 519
179 697
179 452
180 688
180 252
181 185
181 353
182 504
182 510
183 616
183 450
184 240
184 471
186 338
187 591
187 646
188 693
188 393
189 535
191 485
192 298
193 644
193 232
194 454
195 417
196 219
196 330
197 634
197 661
198 492
198 503
199 254
200 383
201 533
202 521
202 553
203 459
204 235
204 479
205 632
206 579
207 403
207 497
208 319
209 307
210 559
210 390
211 527
212 460
213 241
214 278
214 282
215 295
216 664
216 603
217 584
217 436
218 483
219 266
220 662
220 445
221 275
221 323
222 599
222 660
223 586
223 482
224 426
225 239
226 465
226 474
227 541
227 238
228 677
228 378
229 667
230 550
230 481
231 446
233 658
234 622
234 382
235 246
237 618
238 554
240 348
241 555
242 622
242 394
243 651
244 396
244 468
245 375
245 471
246 415
247 255
248 652
248 373
249 277
249 574
250 529
251 391
251 500
254 674
255 320
257 571
257 638
258 359
258 378
259 538
259 612
260 428
261 306
261 326
262 616
262 277
263 669
264 514
265 572
265 480
267 271
267 420
268 657
268 364
269 502
270 350
272 661
273 618
274 298
274 492
275 694
276 341
278 613
279 578
280 548
282 361
283 598
284 418
284 501
285 349
285 432
286 406
287 636
287 294
288 417
289 584
289 472
290 367
291 575
293 672
294 563
295 672
296 539
297 524
297 411
299 395
300 545
300 666
301 314
301 567
302 540
303 404
303 466
304 505
305 467
305 490
307 494
309 351
310 410
310 462
312 683
312 684
313 460
313 630
314 461
315 642
316 585
317 692
317 486
318 640
319 695
320 676
321 423
321 443
322 363
322 441
323 328
324 541
325 639
325 369
326 467
331 600
331 537
332 614
332 679
334 609
335 478
337 550
337 498
338 523
339 648
339 343
340 491
341 456
342 403
344 562
344 590
345 445
346 628
346 631
347 434
347 459
348 489
349 576
352 464
353 448
354 493
355 601
355 571
356 615
356 468
357 399
358 412
358 696
359 506
360 654
361 687
362 553
363 608
364 515
366 574
366 469
368 567
368 413
370 451
371 641
372 397
372 407
374 636
376 623
376 678
377 551
377 453
379 649
379 495
380 617
380 536
381 419
382 457
383 673
384 411
385 552
385 470
386 610
386 551
387 648
387 654
389 518
390 565
392 393
394 509
395 699
398 536
399 497
400 424
401 611
401 458
404 637
405 507
406 692
408 520
409 438
410 473
413 508
415 650
416 662
416 597
418 596
419 604
420 675
422 454
424 436
425 435
427 474
427 484
428 655
429 637
429 573
430 493
431 487
432 510
434 583
438 581
439 608
439 455
440 515
440 559
442 521
442 568
444 477
446 478
448 463
449 602
449 688
450 494
451 601
453 569
455 635
456 589
462 587
464 482
465 607
469 697
470 634
472 531
475 644
476 508
480 641
481 524
483 643
484 506
485 595
486 530
487 528
488 558
490 684
491 543
501 528
505 525
507 617
511 517
511 645
512 689
512 568
513 613
514 680
516 590
517 594
518 522
526 686
527 632
530 549
531 691
533 557
537 579
538 587
539 652
540 647
542 593
542 625
543 663
545 631
546 674
548 562
558 596
560 599
560 659
561 564
565 602
566 687
569 689
570 611
570 657
572 640
575 603
576 619
577 581
580 609
580 671
582 592
588 600
589 626
592 606
595 656
597 655
605 621
605 667
612 615
623 660
626 633
627 690
630 680
638 649
642 696
643 695
646 698
650 663
651 698
676 682
683 686
700 477
701 9
-1 -1
145.214
