1
0 195
0 680
1 580
1 477
2 638
2 453
3 694
3 210
4 396
4 506
5 42
5 280
6 121
6 136
7 116
7 387
8 75
8 114
9 57
9 130
10 113
11 694
11 476
12 219
12 591
13 81
13 157
14 143
14 395
15 558
15 349
16 624
16 404
17 631
17 553
18 604
18 390
19 263
19 309
20 231
20 541
21 31
21 581
22 527
22 222
23 376
23 481
24 46
24 86
25 605
25 281
26 53
26 543
27 285
27 354
28 585
28 490
29 308
29 413
30 684
30 675
31 268
32 621
32 238
33 63
33 697
34 44
34 473
35 152
35 445
36 450
36 501
37 474
37 492
38 331
38 453
39 106
39 309
40 134
40 460
41 58
41 615
42 622
43 685
43 434
44 291
45 116
45 442
46 689
47 65
47 625
48 682
48 222
49 276
49 445
50 139
50 167
51 246
51 298
52 232
52 290
53 509
54 555
54 164
55 88
55 391
56 542
56 329
57 528
58 68
59 80
59 87
60 252
60 410
61 570
61 174
62 372
62 383
63 520
64 101
64 401
65 648
66 691
66 383
67 561
67 665
68 71
69 516
69 378
70 602
70 679
71 515
72 282
72 372
73 90
73 503
74 333
74 357
75 213
76 214
76 403
77 143
77 213
78 84
78 247
79 683
79 639
80 302
81 652
82 578
82 235
83 276
83 511
84 528
85 524
85 307
86 662
87 543
88 123
89 402
89 616
90 695
91 554
91 161
92 542
92 413
93 98
93 170
94 326
94 355
95 523
95 478
96 107
96 324
97 624
97 504
98 162
99 171
99 455
100 209
100 640
101 340
102 317
102 412
103 217
103 356
104 230
104 409
105 665
105 484
106 392
107 258
108 584
108 696
109 339
109 446
110 654
110 418
111 131
111 415
112 245
112 630
113 142
114 614
115 221
115 470
117 202
117 371
118 184
118 247
119 254
119 416
120 522
120 337
121 301
122 563
122 260
123 144
124 169
124 571
125 574
125 288
126 553
126 205
127 208
127 426
128 538
128 315
129 137
129 262
130 397
131 545
132 199
132 493
133 255
133 425
134 334
135 264
135 424
136 426
137 489
138 666
138 379
139 685
140 403
140 502
141 656
141 328
142 496
144 534
145 682
145 176
146 517
146 342
147 557
147 438
148 351
148 417
149 163
149 436
150 608
150 475
151 341
151 482
152 429
153 219
153 336
154 564
154 166
155 602
155 377
156 378
156 461
157 655
158 673
158 183
159 686
159 497
160 581
160 347
161 650
162 373
163 249
164 243
165 464
165 480
166 399
167 175
168 198
168 494
169 381
170 214
171 617
172 513
172 283
173 645
173 327
174 559
175 459
176 394
177 690
177 480
178 669
178 649
179 287
179 322
180 253
180 407
181 303
181 388
182 419
182 595
183 439
184 318
185 640
185 500
186 638
186 562
187 582
187 676
188 296
188 302
189 696
189 400
190 373
190 405
191 346
191 466
192 658
192 545
193 265
193 573
194 629
194 422
195 619
196 199
196 670
197 647
197 229
198 427
200 600
200 343
201 549
201 440
202 400
203 579
203 608
204 330
204 458
205 485
206 387
206 488
207 538
207 559
208 216
209 284
210 486
211 287
211 350
212 303
212 409
215 350
215 662
216 677
217 461
218 526
218 334
220 565
220 338
221 298
223 589
223 568
224 533
224 314
225 254
225 384
226 271
226 367
227 635
227 633
228 421
228 592
229 546
230 525
231 368
232 550
233 537
233 583
234 547
234 451
235 477
236 469
236 597
237 275
237 506
238 587
239 423
239 429
240 310
240 457
241 693
241 597
242 321
242 437
243 509
244 575
244 393
245 589
246 402
248 285
248 363
249 448
250 626
250 593
251 698
251 367
252 620
253 678
255 468
256 639
256 332
257 657
257 450
258 523
259 650
259 364
260 658
261 582
261 540
262 550
263 634
264 481
265 564
266 674
266 395
267 512
267 370
268 456
269 560
269 306
270 539
270 388
271 647
272 316
272 440
273 520
273 430
274 312
274 389
275 504
277 607
277 557
278 664
278 419
279 615
279 611
280 369
281 364
282 606
283 462
284 627
286 522
286 435
288 519
289 532
289 454
290 325
291 502
292 304
292 495
293 521
293 423
294 517
294 631
295 583
295 697
296 345
297 328
297 391
299 676
299 554
300 531
300 575
301 577
304 569
305 657
305 663
306 374
307 451
308 467
310 673
311 652
311 688
312 475
313 646
313 487
314 659
315 381
316 431
317 459
318 485
319 539
319 321
320 397
320 500
322 619
323 547
323 471
324 507
325 393
326 496
327 448
329 659
330 667
331 529
332 666
333 603
335 601
335 489
336 428
337 552
338 560
339 472
340 570
341 598
342 698
343 655
344 627
344 544
345 382
346 611
347 518
348 524
348 484
349 687
351 428
352 565
352 386
353 644
353 488
354 366
355 516
356 385
357 407
358 656
358 452
359 636
359 476
360 530
361 618
361 695
362 680
362 568
363 541
365 532
365 642
366 527
368 556
369 467
370 552
371 648
374 379
375 561
375 664
376 427
377 508
380 609
380 439
382 443
384 408
385 641
386 405
389 441
390 668
392 483
394 585
396 497
398 417
398 603
399 473
401 645
404 586
406 551
406 435
408 551
410 492
411 670
411 478
412 508
414 613
414 586
415 654
416 584
418 446
420 600
420 578
421 641
422 689
424 642
425 512
430 614
431 493
432 514
432 444
433 629
433 637
434 610
436 601
437 449
438 503
441 691
442 464
443 576
444 548
447 587
447 457
449 604
452 491
454 681
455 469
456 637
458 498
460 465
462 681
463 588
463 483
465 692
466 474
468 596
470 486
471 644
472 634
479 595
479 507
482 683
487 567
490 671
491 661
494 596
495 660
498 599
499 519
499 632
501 511
505 606
505 693
510 540
510 668
513 571
514 688
515 660
518 623
521 526
525 675
529 577
530 622
531 572
533 623
534 635
535 643
535 593
536 566
536 632
537 677
544 672
546 653
548 591
549 579
555 556
558 620
562 669
563 628
566 692
567 661
569 613
572 630
573 612
574 590
576 633
580 646
588 678
590 618
592 690
594 649
594 651
598 687
599 609
605 699
607 671
610 616
612 672
617 699
621 626
625 667
628 653
636 663
643 674
651 686
679 684
700 10
701 360
-1 -1
178.121
