1
0 49
0 623
1 347
1 597
2 631
2 384
3 90
3 643
4 664
4 217
5 106
5 248
6 531
6 610
7 211
7 395
8 536
8 607
9 52
9 197
10 655
10 357
11 29
11 630
12 141
12 363
13 660
13 329
14 37
14 608
15 155
15 295
16 455
16 675
17 95
17 136
18 284
18 467
19 602
19 169
20 635
20 439
21 337
21 481
22 548
22 361
23 168
23 500
24 212
24 522
25 301
25 474
26 544
26 136
27 513
27 595
28 88
28 479
29 151
30 623
30 341
31 167
31 454
32 61
32 410
33 335
33 429
34 696
34 632
35 252
35 271
36 463
36 465
37 520
38 281
38 295
39 43
39 538
40 693
40 389
41 296
41 347
42 280
42 437
43 412
44 449
44 472
45 516
45 219
46 566
46 567
47 50
47 385
48 241
48 298
49 368
50 447
51 539
51 352
52 258
53 104
53 249
54 549
54 307
55 138
55 499
56 83
56 688
57 419
57 446
58 534
58 451
59 252
59 443
60 157
60 294
61 277
62 592
62 379
63 207
63 457
64 174
64 303
65 524
65 461
66 634
66 250
67 605
67 345
68 682
68 291
69 692
69 275
70 130
70 222
71 159
71 507
72 101
72 672
73 133
73 444
74 586
74 270
75 536
75 419
76 279
76 389
77 189
77 206
78 352
78 450
79 161
79 255
80 162
80 678
81 644
81 229
82 665
82 422
83 679
84 538
84 247
85 519
85 179
86 601
86 434
87 617
87 333
88 664
89 200
89 358
90 311
91 158
91 303
92 331
92 488
93 627
93 488
94 551
94 425
95 642
96 215
96 257
97 265
97 366
98 210
98 651
99 293
99 506
100 112
100 310
101 690
102 525
102 494
103 239
103 346
104 569
105 274
105 290
106 470
107 616
107 477
108 361
108 510
109 667
109 498
110 618
110 480
111 428
111 503
112 591
113 563
113 491
114 613
114 500
115 692
115 669
116 234
116 454
117 598
117 448
118 238
118 442
119 615
119 590
120 582
120 646
121 636
121 236
122 292
122 496
123 185
123 250
124 300
124 364
125 640
125 685
126 571
127 663
127 455
128 259
128 353
129 213
129 344
130 135
131 691
131 376
132 323
132 652
133 416
134 168
134 555
135 147
137 686
137 188
138 473
139 513
139 657
140 665
140 330
141 376
142 424
142 482
143 306
143 308
144 565
144 358
145 269
145 433
146 175
146 690
147 414
148 237
148 427
149 324
149 573
150 523
150 568
151 415
152 582
152 167
153 625
153 449
154 578
154 180
155 258
156 557
156 639
157 654
158 525
159 411
160 637
160 400
161 593
162 248
163 325
163 466
164 635
164 360
165 184
165 224
166 426
166 442
169 382
170 649
170 240
171 696
171 427
172 214
172 343
173 647
173 191
174 583
175 644
176 210
176 286
177 533
177 285
178 585
178 593
179 441
180 546
181 243
181 340
182 686
182 404
183 423
183 478
184 261
185 408
186 680
186 554
187 646
187 195
188 310
189 656
190 534
190 380
191 631
192 596
192 240
193 560
193 313
194 546
194 237
195 649
196 394
196 414
197 205
198 695
198 209
199 554
199 291
200 434
201 367
201 369
202 633
202 502
203 676
203 556
204 578
204 509
205 251
206 288
207 392
208 655
208 548
209 225
211 610
212 244
213 628
214 260
215 563
216 266
216 382
217 618
218 304
218 680
219 338
220 626
220 416
221 515
221 512
222 328
223 653
223 496
224 490
225 484
226 634
226 265
227 598
227 269
228 411
228 435
229 261
230 235
230 499
231 575
231 403
232 244
232 288
233 438
233 493
234 374
235 371
236 365
238 612
239 514
241 469
242 256
242 349
243 275
245 466
245 478
246 412
246 492
247 530
249 359
251 521
253 284
253 375
254 697
254 294
255 267
256 331
257 515
259 395
260 490
262 421
262 459
263 529
263 650
264 666
264 438
266 348
267 408
268 360
268 628
270 354
271 572
272 611
272 383
273 351
273 461
274 462
276 350
276 390
277 594
278 325
278 349
279 321
280 464
281 286
282 576
282 662
283 443
283 487
285 607
287 305
287 334
289 380
289 473
290 647
292 669
293 302
296 530
297 645
297 379
298 595
299 334
299 401
300 624
301 377
302 402
304 592
305 393
306 599
307 632
308 486
309 574
309 605
311 674
312 656
312 421
313 606
314 614
314 440
315 684
315 679
316 317
316 322
317 575
318 638
318 559
319 541
319 321
320 543
320 579
322 577
323 627
324 373
326 388
326 503
327 619
327 458
328 567
329 494
330 485
332 539
332 357
333 375
335 505
336 362
336 445
337 600
338 470
339 565
339 422
340 589
341 540
342 370
342 436
343 487
344 464
345 524
346 460
348 557
350 495
351 681
353 677
354 613
355 364
355 368
356 615
359 532
362 429
363 387
365 535
366 596
367 573
369 498
370 600
371 657
372 558
372 378
373 471
374 437
377 658
378 633
381 576
381 629
383 695
384 603
385 553
386 453
386 483
387 640
388 663
390 501
391 543
391 693
392 481
393 660
394 641
396 420
396 508
397 675
397 456
398 526
398 432
399 594
399 497
400 648
401 617
402 433
403 486
404 439
405 579
405 476
406 608
406 666
407 651
407 479
409 537
409 621
410 477
413 699
413 504
415 550
417 609
417 697
418 532
418 570
420 611
423 505
424 616
425 511
426 654
428 430
430 668
431 553
431 572
432 622
435 683
436 517
440 441
444 574
445 585
446 602
447 681
448 564
450 550
451 569
452 517
452 471
453 535
456 661
457 661
458 637
459 467
460 552
462 562
463 620
465 612
468 588
468 619
469 489
472 501
474 603
475 528
475 601
476 495
480 510
482 541
483 614
484 589
485 568
489 676
491 552
492 581
493 521
497 516
502 544
504 653
506 570
507 659
508 537
509 584
511 688
512 638
514 685
518 519
518 561
520 662
522 588
523 642
526 683
527 597
527 699
528 559
529 689
531 648
533 673
540 687
542 547
542 545
545 583
547 691
549 645
551 620
555 561
556 629
558 562
560 599
564 672
566 590
571 586
577 587
580 698
580 670
581 673
584 698
587 671
591 682
604 606
604 670
609 667
621 641
622 624
625 668
626 694
630 674
636 677
639 678
643 671
650 684
652 687
658 694
659 689
700 126
701 356
-1 -1
30.2758
