400 782
1 309
1 118
1 23
1 312
1 315
1 93
1 318
2 114
2 266
2 221
2 62
2 359
3 282
3 343
3 37
3 261
4 196
5 298
6 169
6 75
7 264
7 34
7 363
7 394
8 236
8 231
9 280
9 376
9 210
9 269
10 145
10 323
10 251
11 376
11 58
11 215
11 142
11 151
12 304
12 339
13 194
13 298
13 30
13 367
14 241
14 173
14 223
15 332
15 76
15 293
15 345
15 343
16 161
16 69
17 339
17 127
18 269
18 254
18 383
19 33
19 28
19 334
20 386
21 348
21 169
21 266
21 284
22 48
22 338
22 197
22 374
23 200
23 369
23 70
23 97
24 160
26 146
26 213
26 168
26 395
26 398
26 261
27 265
27 58
27 109
27 313
28 132
28 72
28 355
28 154
28 59
28 364
28 237
29 244
29 189
29 367
30 336
30 289
30 199
31 264
32 184
32 306
32 254
32 46
33 178
33 69
33 373
33 168
33 77
33 366
33 79
34 217
34 127
34 135
34 134
35 228
35 167
35 344
35 42
35 301
35 190
35 159
36 307
36 292
36 47
37 115
37 388
37 182
37 78
38 160
38 168
38 258
38 205
38 190
39 145
39 260
39 310
39 279
39 108
39 254
40 122
40 314
40 342
42 370
42 78
42 230
42 172
42 94
43 97
43 172
43 108
43 230
44 52
44 269
45 113
45 291
45 247
46 281
46 164
46 360
47 80
47 208
47 323
47 276
47 362
47 396
47 317
47 239
48 104
48 200
48 283
49 359
49 331
49 85
49 143
50 359
50 235
50 222
50 143
51 266
51 257
51 82
51 259
51 130
52 193
52 392
52 90
52 138
52 334
53 155
53 84
53 86
54 233
54 146
54 134
54 87
55 192
55 306
55 354
56 203
56 252
56 182
56 191
57 159
58 128
58 380
58 63
59 373
59 142
60 283
60 169
60 155
60 233
61 365
62 259
62 99
62 246
63 286
64 233
64 202
64 259
64 116
64 94
65 393
65 213
65 327
65 120
65 105
65 271
66 395
66 294
66 169
66 137
66 186
66 314
66 237
67 208
67 310
67 249
67 105
67 108
67 77
68 128
68 194
69 316
69 209
70 72
70 217
70 378
70 394
71 240
71 278
71 131
71 214
71 78
72 128
72 345
72 341
73 287
74 168
74 121
74 139
75 97
75 264
75 120
75 286
75 360
76 103
77 156
77 113
78 200
78 138
78 94
78 341
79 396
79 301
79 310
79 143
80 347
80 196
81 83
81 263
82 236
82 159
83 160
83 180
83 204
83 326
84 208
84 202
84 261
85 384
85 181
85 247
85 378
85 191
86 216
86 277
87 356
87 110
88 114
88 326
89 92
89 358
89 127
90 232
90 261
91 163
91 220
91 243
91 223
92 176
92 193
92 322
92 195
92 363
92 110
93 96
93 325
93 134
93 264
93 297
93 349
93 382
93 143
94 178
94 324
94 119
95 375
95 239
95 229
95 103
96 331
96 294
96 155
96 188
96 317
97 370
98 180
98 253
98 349
98 319
99 145
99 322
100 272
100 281
100 154
100 236
100 357
101 169
101 367
101 215
102 289
102 115
102 297
103 369
103 386
103 211
104 364
104 244
106 369
107 320
107 257
107 118
109 168
110 226
110 296
110 380
110 269
111 152
111 250
111 291
111 246
112 307
112 115
112 165
112 119
113 194
113 119
113 375
113 318
114 297
115 163
116 132
116 382
117 280
117 156
118 269
118 366
119 208
119 257
120 147
120 223
121 134
122 234
122 189
122 254
123 155
123 223
123 199
123 151
124 304
124 131
124 397
124 270
125 224
125 361
125 230
125 206
125 399
126 227
126 348
126 294
127 129
127 267
128 368
128 305
128 195
128 234
129 243
130 290
130 324
130 282
130 332
130 318
130 303
131 397
132 387
132 141
132 230
133 167
134 259
134 300
134 351
135 307
135 356
135 341
135 310
135 372
136 339
136 267
137 145
137 295
138 167
139 336
139 174
140 282
140 143
141 178
141 293
141 326
142 258
142 172
142 382
143 308
144 176
144 239
145 241
145 230
145 269
146 185
146 221
146 313
147 250
147 251
147 292
147 399
148 248
148 265
148 397
149 153
149 386
149 293
149 302
149 265
151 209
151 182
152 161
152 370
152 273
153 353
153 234
153 219
154 395
156 317
156 196
157 312
157 376
157 380
157 327
158 209
158 337
159 181
160 223
161 226
161 195
161 287
163 278
164 354
164 366
164 270
165 243
165 308
166 331
166 319
167 306
167 209
168 186
168 255
169 277
169 266
170 264
170 218
172 321
172 359
172 311
172 174
174 216
174 275
174 223
175 329
175 243
175 285
175 319
176 185
176 369
176 300
177 194
177 377
177 188
177 282
177 331
177 364
179 331
181 390
182 338
182 374
182 345
182 271
183 313
183 205
184 328
185 243
185 349
186 267
186 383
187 320
187 321
187 360
187 303
188 308
188 209
188 248
188 263
188 221
188 238
189 253
190 290
190 279
191 306
191 276
191 263
191 247
191 357
192 320
192 352
192 342
193 373
193 204
193 285
194 195
194 252
195 331
195 196
195 261
195 372
195 283
196 290
196 293
196 313
196 398
197 371
197 267
198 200
198 396
198 263
199 202
199 370
200 224
200 220
200 301
201 323
202 280
202 221
203 356
204 298
204 341
205 293
206 233
206 255
206 223
207 377
207 314
209 258
209 285
210 276
210 293
212 296
212 299
212 227
212 391
213 387
214 272
214 265
214 303
215 259
216 258
216 378
217 308
217 262
218 338
218 243
218 357
218 226
218 269
221 226
222 353
222 372
222 229
222 358
223 272
223 245
224 278
225 296
225 285
225 333
226 297
226 348
227 307
227 333
227 253
227 269
230 322
230 314
232 250
232 333
232 239
234 321
234 354
234 340
234 283
235 325
236 382
237 328
238 368
238 323
240 335
241 369
241 337
242 373
242 278
242 263
243 343
243 325
243 295
243 285
244 367
244 390
244 277
245 276
245 246
246 266
247 391
248 278
248 249
249 308
251 256
251 304
251 343
252 306
253 295
255 350
256 339
257 392
257 380
258 351
258 271
259 342
261 298
263 283
264 344
264 396
264 394
265 390
266 347
266 284
267 297
267 397
271 353
272 347
272 343
273 291
275 280
275 320
275 309
275 333
276 320
277 349
279 378
279 372
281 288
281 348
281 379
286 360
286 297
286 383
287 376
287 358
289 324
291 296
292 351
293 385
293 314
294 322
295 297
297 325
298 346
298 334
299 384
299 378
299 334
299 327
301 369
301 306
301 390
301 317
303 334
305 391
306 379
308 388
311 365
313 369
315 365
317 395
320 326
320 397
322 329
322 389
323 337
325 384
325 337
325 356
325 389
326 356
327 374
330 396
330 357
331 347
332 359
332 382
334 352
334 338
336 354
336 342
337 384
338 364
338 397
339 355
339 346
341 343
342 357
344 361
344 368
350 393
350 364
356 377
358 376
358 396
363 393
363 380
387 394
394 396
