300 911
0 16
0 51
0 67
0 165
0 294
0 137
0 186
1 48
1 144
1 2
1 132
1 249
1 180
1 154
2 66
2 20
2 182
2 177
2 264
2 210
2 206
3 249
3 298
3 183
4 120
4 258
4 11
4 155
4 30
5 200
5 106
5 282
5 146
5 127
6 104
6 19
6 264
6 227
6 8
6 234
6 139
6 238
7 167
7 280
7 26
7 12
7 77
7 62
7 253
8 208
8 100
8 87
8 173
8 111
9 252
9 213
9 30
10 48
10 257
10 130
10 51
10 244
10 149
10 272
10 216
10 94
10 15
11 147
11 94
11 235
11 100
11 59
11 76
11 30
11 15
12 34
12 147
12 37
12 267
12 171
12 60
12 290
13 294
14 264
14 52
14 117
14 119
14 184
14 249
14 59
14 45
14 287
15 41
15 52
16 168
16 276
17 196
17 166
17 134
18 224
18 89
18 203
18 86
19 256
19 260
19 266
19 141
19 173
19 81
19 84
19 279
19 120
19 187
19 60
20 187
20 239
20 117
20 151
21 186
21 235
21 228
21 77
21 263
22 235
22 255
23 144
23 97
23 196
23 53
23 215
23 264
23 228
23 107
23 265
23 221
23 237
24 130
24 243
24 133
24 54
24 41
24 242
24 110
25 177
25 98
25 163
25 101
25 54
25 119
25 202
25 241
25 273
26 83
26 227
26 150
26 134
26 103
26 179
26 44
26 158
27 292
27 101
27 102
27 39
28 265
28 255
28 228
28 245
28 207
29 65
29 298
29 150
30 33
30 291
30 38
30 102
30 40
30 42
30 82
30 116
30 119
30 186
30 134
31 42
31 164
31 90
31 182
32 82
32 203
32 204
32 45
32 254
33 288
33 280
33 98
33 116
33 117
33 137
33 56
33 52
33 190
34 108
34 283
35 114
35 44
35 206
36 49
36 210
36 150
36 102
36 39
37 220
37 255
38 254
38 181
38 198
38 199
38 296
38 202
38 155
39 52
39 169
40 299
40 290
40 235
41 160
41 287
41 242
41 164
41 53
41 137
41 45
41 47
42 251
42 154
42 187
42 238
43 58
43 239
43 246
43 230
43 119
44 99
44 252
44 98
45 149
45 102
45 86
45 257
45 279
45 174
45 63
46 208
46 146
46 197
46 286
46 90
46 59
46 255
46 298
46 126
46 229
47 161
47 277
47 278
47 167
47 298
47 74
47 287
47 221
47 239
48 68
48 198
48 244
48 107
49 274
49 178
49 211
49 101
49 169
49 106
49 194
49 223
50 56
50 152
50 133
50 190
50 111
51 192
51 99
51 207
52 100
52 65
52 105
52 282
52 265
53 98
53 136
53 186
53 234
53 175
54 242
54 229
54 73
54 107
55 126
55 279
55 220
55 268
55 254
55 127
56 179
56 243
56 124
56 290
56 222
57 184
57 129
57 235
57 191
58 99
58 138
58 226
58 158
59 64
59 144
59 292
59 206
59 233
59 169
59 75
60 245
60 161
60 165
60 246
60 72
60 266
60 124
60 275
60 207
61 161
61 162
61 102
61 225
61 120
61 218
61 107
61 226
61 63
62 244
62 69
62 234
62 123
62 126
63 115
63 293
63 221
63 110
63 159
64 259
64 233
64 189
64 289
65 194
66 233
66 101
66 146
66 71
67 228
67 262
67 230
67 204
67 285
67 191
68 89
68 218
69 264
69 177
69 292
70 89
70 202
70 268
70 165
71 208
71 245
71 104
71 92
71 221
72 272
72 97
72 222
73 99
73 229
73 231
74 144
74 198
74 132
74 86
74 182
74 260
74 268
75 148
75 270
75 255
76 272
76 236
76 127
77 242
77 271
77 134
78 257
78 178
78 229
78 150
78 218
78 236
78 254
78 111
79 295
79 147
79 239
79 149
79 223
80 179
80 110
81 128
81 268
81 140
81 167
82 159
83 163
83 119
83 248
83 265
83 123
83 92
84 114
84 101
84 268
84 169
84 252
84 270
84 204
84 142
85 165
85 135
85 216
85 87
85 156
85 142
86 124
87 128
87 115
87 268
87 229
88 121
88 171
88 126
88 169
89 209
89 179
89 121
89 105
89 299
90 257
90 292
90 239
90 191
91 193
91 138
91 266
91 245
92 163
92 133
92 275
92 187
92 226
93 176
93 243
93 197
93 262
93 275
93 140
94 251
94 296
94 105
94 154
94 298
94 223
95 138
95 237
95 279
96 152
96 105
96 160
96 100
96 247
97 293
97 237
97 174
97 205
98 121
99 112
100 168
100 155
100 246
100 267
100 124
101 209
101 184
101 125
102 291
102 149
102 261
103 208
103 258
103 179
103 227
103 135
103 228
103 207
103 143
104 130
104 292
104 249
104 205
105 219
106 202
106 135
107 261
107 264
107 265
107 298
107 277
108 137
108 244
108 170
109 201
109 186
110 264
110 219
110 158
110 175
111 241
111 150
111 242
111 187
111 210
112 132
112 198
112 219
112 156
112 255
113 259
113 178
113 215
113 135
114 260
114 278
114 232
114 275
116 163
116 245
116 281
117 130
117 273
117 201
117 162
118 163
118 169
118 186
118 123
118 298
118 206
119 292
120 161
120 211
120 185
120 123
121 240
121 275
121 137
121 295
121 127
122 161
122 203
122 273
123 248
123 258
123 164
123 182
123 202
123 293
124 272
124 220
124 139
125 161
125 238
125 217
125 154
125 190
126 226
126 148
126 185
126 249
126 157
127 205
127 253
129 162
129 267
129 252
130 224
130 215
130 257
130 143
131 154
131 133
131 261
132 243
132 245
132 166
132 152
132 232
132 277
133 257
133 210
133 170
133 146
134 239
135 178
135 262
135 220
135 215
135 140
135 285
136 137
136 154
136 284
136 173
136 222
137 229
137 192
138 209
138 171
138 166
138 238
139 180
139 234
139 187
140 176
140 266
140 192
141 179
141 229
142 245
142 151
142 297
142 250
143 160
143 244
143 210
144 228
144 250
145 151
146 226
147 272
147 184
147 153
148 277
148 150
148 199
149 259
149 170
149 153
149 254
150 192
150 241
150 237
150 266
150 201
151 282
152 184
152 203
153 216
153 288
153 230
154 236
155 272
155 209
155 259
155 165
155 295
155 235
155 286
155 229
156 208
156 259
156 292
156 241
156 264
156 224
156 287
157 276
157 238
158 200
158 265
159 275
159 164
159 278
159 195
160 208
160 197
160 224
160 174
161 253
161 243
161 261
161 275
162 270
163 279
163 260
164 256
164 284
164 255
165 290
165 202
165 287
166 272
166 263
166 172
166 223
168 196
168 212
168 200
169 194
169 185
170 248
171 177
171 228
171 229
171 188
172 232
172 190
172 231
173 260
173 231
173 263
173 280
174 290
174 260
174 269
175 278
175 179
176 230
176 266
176 222
177 263
177 229
178 290
178 235
178 229
178 265
178 242
178 299
178 251
178 222
179 287
179 195
179 247
180 228
180 279
181 201
182 219
182 293
182 232
183 274
183 196
183 290
183 214
184 259
184 227
184 266
184 237
184 271
185 238
185 297
186 203
187 214
187 275
188 233
188 229
188 230
189 248
190 257
190 200
190 298
190 254
191 258
192 269
193 208
194 292
194 249
194 269
195 223
196 263
196 201
196 247
197 225
197 199
197 231
197 221
198 276
199 242
199 217
199 204
200 271
201 227
201 212
201 284
202 241
202 278
202 263
203 299
203 293
203 219
203 238
204 224
204 260
204 256
204 239
205 276
207 277
208 211
208 217
209 287
209 277
210 290
212 227
212 217
213 289
213 279
214 244
214 269
215 289
216 252
217 226
218 219
219 277
219 296
220 289
220 245
221 246
222 289
222 234
222 238
223 262
226 232
227 277
227 236
227 293
228 249
228 236
229 264
230 248
231 240
231 233
231 282
232 289
233 271
235 258
236 240
236 246
237 274
237 293
237 252
238 267
238 285
239 293
239 296
241 256
241 273
241 252
242 271
242 268
246 265
248 289
248 297
249 288
249 296
250 281
251 296
252 275
252 282
255 287
259 284
262 293
264 271
265 293
265 298
266 271
269 293
269 281
269 299
270 272
270 274
275 297
277 290
279 294
283 289
283 298
290 298
