300 869
0 120
0 187
0 167
0 104
0 225
0 107
0 296
0 221
0 231
1 147
1 93
1 78
1 189
2 96
2 249
2 10
2 82
3 240
3 33
3 83
3 278
3 22
3 249
3 220
3 157
4 274
4 285
4 134
5 82
5 227
5 130
5 191
6 226
6 139
6 36
6 232
6 123
6 141
6 127
7 192
7 33
7 178
7 147
7 180
7 117
7 247
7 217
7 60
7 297
7 270
8 165
8 199
8 73
8 74
8 268
8 112
8 179
8 148
8 249
8 123
8 28
8 293
9 65
9 132
9 54
9 295
9 186
9 284
10 17
10 132
10 53
10 42
10 219
10 76
11 161
11 220
11 207
12 288
12 36
12 150
12 39
12 59
12 140
13 289
13 69
13 270
13 157
14 60
15 97
15 258
15 259
15 279
15 72
15 154
15 190
16 192
16 210
16 147
16 221
16 110
16 269
17 264
17 278
17 165
17 54
18 128
18 272
18 294
19 88
19 73
19 130
19 39
20 86
20 40
20 42
20 220
20 170
20 222
21 32
21 259
21 196
21 71
21 89
21 108
22 51
22 97
22 153
22 41
22 91
22 76
22 158
23 136
23 184
23 277
23 175
24 84
24 181
24 70
24 91
24 220
24 93
25 112
25 49
25 84
25 165
25 288
25 189
25 30
25 271
26 73
26 108
26 229
26 102
27 32
27 145
27 82
27 99
27 84
27 158
27 291
27 123
27 108
27 62
28 294
28 291
28 37
28 54
28 238
29 32
29 260
29 69
29 294
29 87
29 212
29 295
30 56
30 254
30 177
31 208
31 162
31 131
31 133
31 102
31 280
31 268
31 219
31 92
32 205
32 153
32 248
32 105
32 85
33 241
33 265
33 58
33 155
33 63
34 123
34 177
34 99
34 46
34 199
35 112
35 36
35 157
35 262
36 117
36 39
36 284
36 269
36 209
36 53
36 278
36 188
36 191
37 96
37 130
37 299
37 297
37 283
37 92
38 119
38 200
38 42
38 125
38 122
38 78
38 93
39 97
39 163
39 132
39 165
39 104
39 138
39 206
39 47
39 164
39 115
39 121
39 239
39 170
40 228
40 252
40 61
40 233
41 99
41 102
41 137
41 45
41 150
41 85
42 144
42 209
42 162
42 166
42 280
42 169
42 298
42 191
43 65
43 118
43 120
43 217
43 108
43 173
43 206
44 112
44 193
44 219
44 60
44 270
44 287
45 48
45 56
45 146
45 209
45 168
45 274
45 241
45 269
46 117
46 138
46 189
47 299
47 147
47 167
48 291
48 276
48 245
48 270
48 63
49 113
49 83
49 180
49 86
49 231
49 95
50 192
50 119
50 111
51 114
51 137
51 250
51 123
51 111
52 222
53 286
53 62
53 296
53 228
53 94
53 175
54 244
54 117
54 284
54 90
55 130
55 251
55 154
55 253
56 135
56 71
56 219
56 223
57 238
57 70
58 66
58 116
58 70
58 265
58 220
59 180
59 242
59 165
60 145
60 68
60 261
60 185
60 293
60 91
60 205
60 221
61 209
61 210
61 285
62 257
62 228
62 118
62 263
62 232
62 132
62 250
62 254
63 268
63 106
63 156
63 158
64 294
64 77
64 246
64 205
65 229
65 137
65 122
65 202
65 223
66 67
66 76
66 98
66 126
67 260
67 213
67 86
67 297
67 254
68 145
68 243
68 86
68 177
68 120
68 124
69 146
69 219
69 181
69 86
69 178
69 74
69 215
70 213
71 105
71 252
71 95
72 90
72 98
72 198
73 208
73 241
73 108
73 110
74 232
74 266
74 283
75 242
75 143
76 199
76 175
77 196
78 132
78 193
78 186
78 266
79 228
79 229
80 153
80 228
80 277
81 228
81 231
82 96
82 273
82 267
82 226
82 142
83 214
83 102
83 247
83 121
83 154
84 290
84 195
84 164
84 133
84 281
84 228
84 213
85 274
85 187
85 238
85 171
85 206
86 198
86 209
86 241
86 142
86 197
87 264
87 227
87 119
87 120
87 189
88 291
88 155
88 205
88 277
89 273
89 213
89 231
89 249
89 188
89 141
90 220
90 243
90 180
91 148
91 255
92 298
92 270
93 208
93 151
93 185
93 123
93 220
94 208
94 131
94 100
94 109
95 264
95 164
96 161
96 221
97 170
97 187
98 176
98 100
98 185
98 105
98 154
98 156
99 244
99 294
99 190
100 112
100 195
100 196
100 268
101 136
101 273
101 196
102 160
102 208
102 162
103 281
104 195
104 228
104 218
104 235
104 206
105 234
106 145
106 219
106 109
106 169
107 280
107 284
107 173
107 135
108 282
108 275
108 250
108 174
108 293
109 224
109 296
109 120
109 204
110 242
110 254
110 153
110 156
110 221
110 158
111 282
111 162
112 276
112 202
112 159
113 272
113 290
113 245
113 280
113 184
113 216
113 237
113 158
114 115
114 145
114 252
115 272
115 129
115 260
115 265
115 258
116 144
116 221
116 207
117 230
117 251
118 256
118 161
118 212
118 276
118 244
119 139
119 175
120 279
120 155
120 182
120 135
120 288
121 299
121 266
121 163
122 187
122 276
122 161
123 177
123 180
123 260
123 175
124 129
124 214
124 257
124 296
124 140
124 287
125 250
125 259
125 298
126 290
126 171
126 149
127 251
127 246
128 194
128 131
128 233
128 291
128 173
129 288
129 242
129 280
129 287
129 156
129 223
130 181
130 156
131 281
132 185
132 260
133 188
133 273
134 136
134 201
135 288
136 225
136 242
136 292
136 183
136 186
136 223
136 159
137 240
137 146
137 242
137 288
138 188
139 184
139 276
140 154
140 211
140 258
141 297
141 169
141 249
141 155
141 156
141 265
142 268
143 267
143 265
143 280
144 156
145 220
145 213
145 215
145 169
145 250
146 180
146 149
146 287
146 270
147 228
147 239
147 288
148 260
149 160
149 193
149 291
149 258
150 277
151 262
151 277
151 222
151 269
152 162
152 222
152 158
153 227
153 286
154 232
154 269
154 222
155 288
155 292
155 299
155 287
156 163
156 229
156 286
157 180
157 299
157 236
157 190
158 224
158 292
158 222
158 252
159 164
159 165
159 284
160 168
160 278
160 228
161 202
161 286
162 171
162 275
163 180
163 245
163 252
163 283
163 269
163 175
164 271
164 235
164 173
165 270
166 257
166 187
167 242
167 229
167 215
167 254
168 257
168 196
168 170
168 236
168 190
169 264
169 299
170 297
172 210
172 195
172 213
172 231
172 265
172 255
172 222
172 191
173 296
174 248
174 237
175 227
175 215
175 229
176 222
177 289
177 254
178 208
178 268
178 180
179 192
180 224
181 237
181 183
182 283
182 213
182 206
183 186
183 261
184 262
184 237
184 239
185 240
186 194
187 228
188 265
189 226
189 277
189 234
190 257
190 258
190 219
191 224
191 290
191 296
191 237
191 238
192 229
192 219
193 298
194 261
195 258
195 236
195 215
195 267
196 237
196 250
197 290
199 269
199 254
200 208
200 225
200 205
201 208
201 269
202 267
203 270
204 280
205 225
206 226
207 210
207 247
208 296
208 283
209 219
210 241
210 291
210 229
210 287
211 234
211 251
214 250
214 245
215 280
215 266
216 294
218 249
219 221
219 294
221 275
222 232
222 246
223 229
224 257
224 279
227 257
227 289
229 252
231 293
232 272
232 262
232 282
234 274
235 263
236 281
236 274
237 276
239 267
240 256
240 288
240 266
241 263
243 283
243 245
245 284
245 263
245 257
245 288
246 286
246 254
247 262
247 254
248 256
248 252
249 277
249 287
250 265
252 283
253 298
255 258
256 262
257 270
257 263
257 267
262 294
265 279
268 296
269 283
269 298
270 295
273 294
275 299
276 280
279 293
279 282
290 295
290 298
291 298
