1
0 208
0 756
1 229
1 581
2 283
2 664
3 169
3 343
4 328
4 397
5 577
5 631
6 78
6 354
7 365
7 667
8 361
8 556
9 371
9 579
10 403
10 608
11 29
11 450
12 271
12 402
13 381
13 555
14 29
14 218
15 151
15 430
16 139
16 606
17 136
17 485
18 711
18 734
19 48
19 784
20 273
20 545
21 341
21 587
22 162
22 274
23 68
23 502
24 152
24 299
25 642
25 682
26 188
26 581
27 41
27 521
28 81
28 718
30 431
30 619
31 424
31 436
32 374
32 583
33 518
33 707
34 147
34 715
35 84
35 485
36 503
36 517
37 125
37 500
38 516
38 738
39 147
39 753
40 535
40 617
41 372
42 148
42 160
43 338
43 462
44 357
44 603
45 345
45 453
46 584
46 751
47 373
47 420
48 542
49 130
49 723
50 610
50 717
51 104
51 237
52 359
52 673
53 227
53 283
54 408
54 535
55 570
55 658
56 79
56 342
57 521
57 645
58 338
58 491
59 189
59 211
60 474
60 532
61 456
61 595
62 349
62 706
63 146
63 586
64 96
64 460
65 379
65 749
66 112
66 323
67 102
67 422
68 652
69 486
69 782
70 144
70 199
71 498
71 641
72 83
72 732
73 194
73 234
74 613
74 683
75 159
75 382
76 104
76 400
77 350
77 529
78 628
79 407
80 519
80 714
81 536
82 93
82 272
83 411
84 615
85 184
85 458
86 311
86 438
87 118
87 605
88 565
88 717
89 146
89 791
90 739
90 783
91 530
91 694
92 544
92 650
93 238
94 390
94 523
95 625
95 774
96 618
97 692
97 712
98 524
98 739
99 379
99 708
100 108
100 759
101 162
101 476
102 516
103 153
103 208
105 237
105 265
106 210
106 466
107 179
107 596
108 113
109 258
109 411
110 213
110 432
111 197
111 553
112 293
113 356
114 326
114 618
115 318
115 580
116 127
116 623
117 377
117 637
118 291
119 431
119 743
120 154
120 305
121 182
121 368
122 531
122 539
123 183
123 671
124 178
124 507
125 284
126 262
126 528
127 523
128 313
128 602
129 161
129 434
130 451
131 251
131 730
132 318
132 522
133 141
133 219
134 158
134 286
135 298
135 477
136 356
137 222
137 669
138 232
138 613
139 716
140 468
140 632
141 591
142 344
142 755
143 438
143 549
144 772
145 179
145 473
148 688
149 552
149 668
150 533
150 689
151 454
152 315
153 679
154 796
155 243
155 330
156 262
156 280
157 399
157 540
158 174
159 226
160 752
161 300
163 325
163 352
164 216
164 305
165 368
165 729
166 568
166 788
167 422
167 690
168 269
168 501
169 661
170 323
170 465
171 385
171 741
172 554
172 693
173 182
173 737
174 698
175 593
175 605
176 184
176 390
177 561
177 715
178 654
180 316
180 340
181 748
181 788
183 660
185 300
185 310
186 355
186 569
187 217
187 304
188 244
189 279
190 207
190 762
191 228
191 449
192 275
192 447
193 221
193 481
194 726
195 439
195 589
196 483
196 597
197 472
198 345
198 585
199 776
200 440
200 722
201 571
201 707
202 261
202 348
203 511
203 539
204 537
204 615
205 259
205 376
206 426
206 775
207 589
209 249
209 441
210 746
211 680
212 223
212 514
213 635
214 245
214 277
215 458
215 681
216 644
217 489
218 651
219 319
220 559
220 574
221 766
222 230
223 778
224 302
224 661
225 339
225 608
226 319
227 496
228 424
229 690
230 770
231 386
231 476
232 525
233 436
233 674
234 786
235 266
235 383
236 277
236 587
238 701
239 409
239 727
240 417
240 761
241 514
241 543
242 317
242 701
243 659
244 385
245 607
246 515
246 620
247 502
247 646
248 576
248 781
249 388
250 331
250 643
251 626
252 463
252 775
253 467
253 658
254 340
254 371
255 491
255 545
256 575
256 614
257 268
257 493
258 622
259 316
260 493
260 551
261 790
263 565
263 722
264 372
264 563
265 785
266 578
267 268
267 492
269 270
270 421
271 387
272 289
273 355
274 509
275 430
276 520
276 549
278 328
278 396
279 797
280 314
281 442
281 506
282 292
282 455
284 420
285 656
285 795
286 480
287 457
287 733
288 478
288 742
289 388
290 448
290 776
291 636
292 351
293 731
294 333
294 789
295 744
295 773
296 696
296 725
297 600
297 678
298 550
299 617
301 413
301 507
302 425
303 472
303 734
304 524
306 380
306 392
307 573
307 704
308 361
308 609
309 333
309 429
310 532
311 494
312 547
312 729
313 510
314 647
315 381
317 479
320 676
320 785
321 488
321 665
322 467
322 637
324 363
324 380
325 711
326 662
327 527
327 574
329 495
329 612
330 620
331 412
332 461
332 534
334 398
334 490
335 560
335 676
336 389
336 688
337 586
337 684
339 731
341 655
342 696
343 501
344 364
346 655
346 710
347 537
347 746
348 594
349 562
350 513
351 678
352 576
353 629
353 728
354 393
357 471
358 638
358 660
359 481
360 591
360 757
362 446
362 664
363 384
364 562
365 747
366 460
366 653
367 401
367 528
369 657
369 732
370 602
370 630
373 404
374 406
375 767
375 786
376 727
377 780
378 522
378 700
382 697
383 764
384 440
386 457
387 650
389 601
391 670
391 777
392 742
393 654
394 719
394 723
395 504
395 598
396 798
397 519
398 680
399 454
400 784
401 778
402 416
403 583
404 699
405 448
405 622
406 668
407 744
408 452
409 705
410 534
410 612
412 720
413 570
414 461
414 695
415 677
415 765
416 427
417 740
418 435
418 484
419 580
419 793
421 564
423 473
423 672
425 787
426 437
427 498
428 700
428 795
429 606
432 611
433 604
433 667
434 504
435 634
437 643
439 663
441 463
442 477
443 560
443 590
444 529
444 568
445 691
445 754
446 603
447 611
449 635
450 642
451 713
452 645
453 760
455 538
456 588
459 465
459 677
462 750
464 513
464 590
466 651
468 741
469 553
469 791
470 500
470 538
471 510
474 541
475 597
475 756
478 640
479 763
480 600
482 714
482 796
483 515
484 639
486 792
487 573
487 728
488 749
489 575
490 520
492 506
494 653
495 757
496 624
497 518
497 625
499 533
499 640
503 774
505 536
505 750
508 517
508 623
509 629
511 768
512 659
512 694
525 546
526 548
526 773
527 725
530 685
531 555
540 630
541 718
542 754
543 595
544 709
546 554
547 627
548 558
550 648
551 740
552 777
556 566
557 596
557 736
558 702
559 704
561 636
563 582
564 572
566 671
567 666
567 762
569 706
571 679
572 649
577 794
578 771
579 592
582 626
584 733
585 772
588 758
592 716
593 693
594 687
598 738
599 709
599 752
601 646
604 675
607 683
609 760
610 799
614 730
616 639
616 705
619 686
621 699
621 768
624 721
627 644
628 769
631 771
632 769
633 751
633 794
634 764
638 697
641 766
647 793
648 736
649 665
652 790
656 692
657 719
662 687
663 682
666 712
669 721
670 681
672 689
673 675
674 761
684 726
685 724
686 780
691 745
695 698
702 783
703 765
703 787
708 770
710 724
720 759
735 737
735 763
743 745
747 782
748 767
753 779
758 781
779 789
792 798
797 799
800 713
801 755
-1 -1
13.6703
