1
0 144
0 467
1 515
1 350
2 365
2 181
3 119
3 648
4 647
4 453
5 145
5 477
6 65
6 533
7 80
7 668
8 691
8 641
9 31
9 370
10 135
10 276
11 500
11 317
12 166
12 588
13 659
13 60
14 35
14 117
15 365
15 436
16 137
16 461
17 361
17 636
18 535
18 38
19 247
19 54
20 258
20 622
21 521
21 334
22 526
22 553
23 329
23 504
24 570
24 446
25 97
25 444
26 95
26 276
27 321
27 243
28 81
28 691
29 499
29 638
30 377
30 491
31 262
32 478
32 522
33 620
33 567
34 238
34 575
35 385
36 47
36 697
37 325
37 660
38 686
39 225
39 490
40 294
40 428
41 432
41 445
42 367
42 508
43 91
43 85
44 614
44 594
45 659
45 625
46 410
46 427
47 501
48 322
48 685
49 692
49 284
50 394
50 198
51 311
51 623
52 185
52 486
53 655
53 299
54 197
55 166
55 170
56 121
56 58
57 390
57 139
58 258
59 408
59 122
60 145
61 72
61 494
62 352
62 490
63 523
63 250
64 593
64 301
65 491
66 228
66 108
67 133
67 376
68 669
68 143
69 259
69 591
70 151
70 357
71 470
71 111
72 349
73 457
73 376
74 661
74 224
75 514
75 372
76 452
76 497
77 418
77 122
78 531
78 149
79 204
79 159
80 118
81 456
82 272
82 598
83 403
83 443
84 458
84 300
85 512
86 589
86 594
87 132
87 321
88 162
88 572
89 275
89 98
90 630
90 310
91 191
92 599
92 380
93 334
93 543
94 526
94 667
95 220
96 529
96 309
97 434
98 484
99 671
99 366
100 341
100 232
101 143
101 657
102 522
102 318
103 528
103 467
104 483
104 346
105 661
105 539
106 292
106 293
107 587
107 695
108 309
109 417
109 478
110 642
110 572
111 689
112 345
112 381
113 530
113 475
114 649
114 624
115 425
115 552
116 416
116 693
117 303
118 671
119 524
120 233
120 297
121 628
123 158
123 163
124 389
124 557
125 195
125 205
126 278
126 379
127 208
127 149
128 624
128 316
129 146
129 511
130 684
130 336
131 566
131 232
132 315
133 392
134 653
134 357
135 480
136 679
136 596
137 221
138 450
138 460
139 586
140 400
140 559
141 533
141 559
142 518
142 627
144 191
146 682
147 265
147 398
148 529
148 672
150 655
150 355
151 229
152 332
152 462
153 156
153 181
154 218
154 316
155 193
155 427
156 667
157 464
157 184
158 227
159 634
160 422
160 233
161 484
161 235
162 256
163 292
164 287
164 364
165 431
165 498
167 589
167 629
168 328
168 312
169 532
169 371
170 275
171 527
171 485
172 669
172 495
173 472
173 220
174 291
174 200
175 541
175 592
176 190
176 635
177 571
177 271
178 556
178 639
179 273
179 658
180 579
180 650
182 430
182 369
183 210
183 302
184 251
185 465
186 601
186 613
187 272
187 229
188 428
188 561
189 643
189 274
190 374
192 678
192 245
193 286
194 459
194 396
195 536
196 568
196 353
197 342
198 677
199 458
199 442
200 239
201 413
201 451
202 216
202 684
203 614
203 434
204 445
205 621
206 407
206 631
207 403
207 606
208 399
209 544
209 230
210 485
211 426
211 658
212 664
212 226
213 563
213 315
214 674
214 621
215 519
215 339
216 358
217 250
217 322
218 465
219 320
219 493
221 656
222 401
222 616
223 405
223 335
224 317
225 580
226 475
227 380
228 507
230 393
231 414
231 454
234 378
234 597
235 676
236 546
236 360
237 354
237 495
238 288
239 440
240 293
240 343
241 412
241 630
242 296
242 596
243 646
244 650
244 368
245 575
246 520
246 464
247 576
248 584
248 337
249 608
249 383
251 515
252 680
252 364
253 268
253 351
254 603
254 296
255 304
255 440
256 585
257 536
257 308
259 413
260 307
260 628
261 278
261 584
262 673
263 373
263 639
264 401
264 547
265 447
266 423
266 619
267 327
267 692
268 641
269 289
269 456
270 600
270 311
271 618
273 597
274 288
277 463
277 573
279 577
279 454
280 672
280 426
281 337
281 632
282 303
282 473
283 305
283 320
284 656
285 551
285 591
286 521
287 363
289 448
290 418
290 662
291 543
294 558
295 524
295 446
297 308
298 670
298 438
299 629
300 304
301 665
302 582
305 510
306 449
306 555
307 331
310 644
312 441
313 474
313 612
314 327
314 560
318 420
319 398
319 399
323 562
323 471
324 362
324 505
325 355
326 662
326 423
328 330
329 489
330 696
331 419
332 344
333 384
333 675
335 607
336 608
338 644
338 626
339 395
340 611
340 470
341 688
342 609
343 675
344 576
345 562
346 534
347 480
348 625
348 408
349 615
350 657
351 455
352 663
353 406
354 525
356 640
356 391
358 528
359 557
359 439
360 617
361 689
362 580
363 579
366 421
367 463
368 459
369 466
370 605
371 537
372 637
373 379
374 544
375 513
375 564
377 554
378 541
381 450
382 631
382 697
383 605
384 690
385 504
386 603
386 618
387 429
387 472
388 395
388 548
389 493
390 604
391 601
392 592
393 535
394 581
396 437
397 651
397 593
400 487
402 665
402 696
404 583
404 647
405 602
406 635
407 503
409 435
409 632
410 645
411 424
411 488
412 507
414 570
415 516
415 460
416 420
417 679
419 588
421 651
422 606
424 678
425 545
429 583
430 567
431 538
432 677
433 453
433 546
435 645
436 506
437 474
438 477
439 616
441 550
442 681
443 649
444 503
447 573
448 564
449 509
451 542
452 476
455 666
457 609
461 532
462 492
466 542
468 642
468 626
469 518
469 482
471 571
473 563
476 685
479 523
479 560
481 530
481 615
482 487
483 699
486 500
488 604
489 496
492 627
494 499
496 590
497 654
498 549
501 550
502 556
502 561
505 574
506 568
508 553
509 590
510 676
511 619
512 686
513 694
514 690
516 620
517 695
517 600
519 520
525 633
527 577
531 607
534 578
537 551
538 670
539 652
540 693
540 638
545 569
547 687
548 582
549 699
552 612
554 574
555 595
558 668
565 581
565 664
566 687
569 663
578 623
585 688
586 680
587 666
595 611
598 622
599 674
602 683
610 648
610 637
613 617
633 634
636 698
640 646
652 673
653 683
654 682
660 694
681 698
700 643
701 347
-1 -1
8.00265
