3
0 140
0 437
1 27
1 211
2 142
2 555
3 417
3 597
4 73
4 523
5 270
5 390
6 36
6 581
7 177
7 194
8 157
8 332
9 466
9 469
10 111
10 115
11 97
11 342
12 65
12 498
13 29
13 316
14 167
14 507
15 169
15 390
16 224
16 378
17 36
17 176
18 333
18 403
19 58
19 146
20 229
21 327
21 532
22 195
22 454
23 50
23 56
24 251
24 474
25 32
25 328
26 454
26 476
27 131
28 191
28 529
29 44
30 256
30 493
31 214
31 237
32 592
33 570
33 595
34 189
34 560
35 92
35 259
37 233
37 242
38 152
38 357
39 335
39 412
40 122
40 193
41 387
41 568
42 81
42 170
43 210
43 236
44 373
45 105
45 472
46 64
46 211
47 153
47 193
48 113
48 243
49 291
49 457
50 323
51 220
51 304
52 54
52 318
53 289
53 481
54 407
55 69
55 408
56 541
57 271
57 308
58 91
59 257
59 555
60 250
60 567
61 137
61 570
62 423
62 561
63 212
63 297
64 401
65 585
66 182
66 313
67 259
67 322
68 235
68 508
69 539
70 196
70 542
71 128
71 309
72 188
72 545
73 295
74 440
74 580
75 196
75 529
76 180
76 314
77 339
77 413
78 305
78 596
79 422
79 567
80 87
80 186
81 520
82 88
82 371
83 142
83 400
84 306
84 353
85 310
85 363
86 283
86 591
87 272
88 490
89 150
89 564
90 250
90 322
91 151
92 414
93 421
93 443
94 319
94 359
95 118
95 388
96 329
96 458
97 498
98 236
98 312
99 512
99 559
100 241
100 475
101 157
101 212
102 244
102 415
103 107
103 528
104 308
104 587
105 431
106 393
106 503
107 190
108 328
108 405
109 326
109 491
110 299
110 471
111 441
112 248
112 277
113 316
114 190
114 563
115 598
116 120
116 208
117 352
117 525
118 469
119 444
119 480
120 186
121 325
121 331
122 557
123 249
123 256
124 515
124 531
125 376
125 538
126 168
126 547
127 144
127 203
128 301
129 438
129 441
130 140
130 510
131 468
132 458
132 462
133 253
133 379
134 265
134 321
135 338
135 357
136 279
136 478
137 424
138 299
138 412
139 408
139 584
141 149
141 566
143 294
143 430
144 502
145 452
145 471
146 301
147 230
147 495
148 335
148 515
149 286
150 562
151 489
152 181
153 397
154 160
154 280
155 267
155 589
156 200
156 255
158 179
158 311
159 170
159 201
160 389
161 472
161 487
162 500
162 546
163 360
163 587
164 468
165 426
165 517
166 370
166 389
167 549
168 509
169 182
171 354
171 466
172 406
172 443
173 482
173 575
174 404
174 406
175 420
175 486
176 383
177 415
178 179
178 209
180 365
181 536
183 534
183 561
184 292
184 300
185 447
185 449
187 352
187 416
188 421
189 321
191 548
192 378
192 544
194 520
195 571
197 206
197 594
198 439
198 494
199 387
199 495
200 584
201 545
202 225
202 504
203 437
204 450
204 519
205 228
205 431
206 228
207 240
207 377
208 405
209 306
210 451
213 215
213 593
214 231
215 505
216 343
216 543
217 537
217 576
218 531
218 538
219 327
219 547
220 258
221 446
221 540
222 285
222 356
223 572
223 597
224 350
225 237
226 452
226 473
227 384
227 445
229 282
230 449
231 565
232 282
232 330
233 252
234 483
234 546
235 518
238 358
238 556
239 315
239 386
240 398
241 278
242 586
243 482
244 391
245 329
245 381
246 552
246 575
247 263
247 287
248 549
249 414
251 502
252 470
253 265
254 398
254 499
255 284
257 342
258 351
260 314
260 475
261 281
261 349
262 444
262 582
263 300
264 384
264 464
266 341
267 340
268 382
268 416
269 506
269 565
271 377
272 374
273 278
273 497
274 366
274 419
275 423
275 523
276 460
276 467
277 550
279 536
280 576
281 350
283 356
284 596
285 311
286 305
287 459
288 562
288 581
289 572
290 525
290 527
291 373
292 372
293 464
293 509
294 375
295 430
296 436
296 447
297 457
298 323
298 380
302 324
302 418
303 330
303 506
304 488
307 386
307 553
309 442
310 333
312 419
313 551
315 455
317 320
317 364
318 507
319 331
320 409
324 354
325 432
326 375
332 558
334 539
334 557
336 394
336 450
337 367
337 410
338 513
339 487
340 362
341 422
343 579
344 403
344 582
345 460
345 489
346 439
346 532
347 493
347 594
348 456
348 533
349 497
351 463
353 568
355 432
355 533
358 391
359 380
360 589
361 461
361 496
362 577
363 396
364 438
365 478
366 381
367 554
368 512
368 577
369 479
369 573
370 505
371 428
372 456
374 434
376 442
379 548
382 522
383 514
385 491
385 530
388 409
392 411
392 476
393 477
394 578
395 401
395 470
396 574
397 542
399 463
399 543
400 593
402 484
402 492
404 433
407 474
410 558
413 426
417 448
418 446
420 544
424 521
425 477
425 556
427 434
427 522
428 599
429 451
429 598
433 554
435 510
435 599
436 496
440 571
445 524
448 504
453 465
453 590
455 591
459 499
461 488
462 500
465 579
467 586
473 494
479 513
480 583
481 526
483 485
484 516
485 595
486 588
490 564
492 528
501 518
501 559
503 519
508 511
511 535
514 516
517 550
521 563
524 534
526 560
527 569
530 590
535 569
537 588
541 585
551 566
552 580
553 592
573 583
574 578
600 20
600 266
600 270
601 164
601 411
601 540
-1 -1
0.408289
