2
0 376
0 405
1 561
1 579
2 33
2 235
3 335
3 396
4 525
4 574
5 275
5 435
6 122
6 529
7 44
7 120
8 13
8 478
9 298
9 488
10 355
10 491
11 315
11 331
12 46
12 55
13 77
14 45
14 168
15 264
15 306
16 115
16 406
17 528
17 566
18 21
18 42
19 26
19 325
20 308
20 412
21 332
22 314
22 317
23 359
23 444
24 100
24 269
25 77
25 389
26 171
27 352
27 429
28 69
28 299
29 341
29 517
30 154
30 330
31 47
31 581
32 53
32 286
33 137
34 71
34 504
35 40
35 191
36 133
36 191
37 446
37 454
38 234
38 343
39 385
39 470
40 484
41 418
41 566
42 206
43 220
43 463
44 176
45 312
46 443
47 350
48 260
48 322
49 173
49 271
50 97
50 496
51 128
51 369
52 149
52 288
53 221
54 321
54 447
55 121
56 211
56 276
57 428
57 593
58 335
58 520
59 448
59 512
60 121
60 311
61 392
61 451
62 215
62 299
63 119
63 408
64 76
64 576
65 546
65 563
66 229
66 325
67 342
67 578
68 95
68 240
69 222
70 151
70 457
71 468
72 518
72 575
73 272
73 474
74 339
74 471
75 169
75 218
76 193
78 314
78 355
79 167
79 375
80 289
80 450
81 429
81 544
82 187
82 433
83 208
83 542
84 255
84 349
85 110
85 582
86 320
86 562
87 345
87 398
88 264
88 391
89 492
89 549
90 396
90 549
91 103
91 426
92 127
92 384
93 197
93 582
94 226
94 576
95 438
96 220
96 552
97 242
98 158
98 319
99 174
99 459
100 368
101 318
101 348
102 309
102 357
103 403
104 215
104 251
105 119
105 319
106 433
106 502
107 118
107 404
108 393
108 407
109 268
109 439
110 420
111 209
111 225
112 403
112 565
113 372
113 373
114 294
114 583
115 170
116 506
116 579
117 517
117 550
118 548
120 523
122 131
123 388
123 453
124 272
124 428
125 140
125 300
126 340
126 451
127 281
128 247
129 270
129 588
130 499
130 596
131 348
132 136
132 243
133 288
134 339
134 344
135 254
135 311
136 160
137 464
138 337
138 536
139 434
139 561
140 591
141 438
141 541
142 334
142 572
143 490
143 587
144 162
144 387
145 146
145 245
146 153
147 244
147 503
148 413
148 547
149 546
150 305
150 383
151 366
152 300
152 316
153 483
154 394
155 343
155 442
156 252
156 531
157 271
157 594
158 491
159 182
159 353
160 506
161 390
161 434
162 201
163 255
163 261
164 323
164 458
165 505
165 593
166 201
166 432
167 386
168 202
169 216
170 508
171 371
172 177
172 197
173 301
174 554
175 227
175 559
176 328
177 489
178 397
178 519
179 257
180 455
180 485
181 493
181 532
182 393
183 269
183 436
184 370
184 375
185 293
185 362
186 342
186 581
187 419
188 331
188 477
189 283
189 310
190 351
190 466
192 251
192 364
193 219
194 205
194 216
195 303
195 568
196 458
196 599
198 401
198 402
199 241
199 336
200 290
200 382
202 551
203 426
203 457
204 337
204 527
205 486
206 239
207 369
207 598
209 539
210 262
210 497
211 249
212 365
212 420
213 246
213 430
214 409
214 574
217 354
217 423
218 390
219 248
221 265
222 540
223 312
223 318
224 413
224 414
225 379
226 333
227 240
228 238
228 241
229 544
230 290
230 543
231 425
231 474
232 374
232 511
233 441
233 450
234 425
235 552
236 239
236 471
237 363
237 441
238 436
242 464
243 307
244 513
245 511
246 360
247 316
248 327
249 501
250 525
250 570
252 449
253 526
253 586
254 374
256 560
256 597
257 592
258 421
258 586
259 333
259 401
260 338
261 472
262 477
263 569
263 595
265 545
266 473
266 521
267 500
267 573
268 588
270 481
273 323
273 580
274 388
274 485
275 432
276 553
277 366
277 487
278 516
278 592
279 340
279 372
280 404
280 524
281 309
282 479
282 537
283 498
284 472
284 492
285 353
285 452
286 597
287 514
287 585
289 545
291 301
291 358
292 410
292 415
293 440
294 537
295 461
295 523
296 542
296 584
297 302
297 362
298 386
302 559
303 315
304 389
304 460
305 580
306 519
307 456
308 326
310 510
313 400
313 596
317 556
320 526
321 440
322 407
324 367
324 527
326 487
327 567
328 476
329 378
329 516
330 469
332 589
334 402
336 446
338 520
341 414
344 498
345 452
346 465
346 503
347 522
347 573
349 564
350 417
351 481
352 548
354 518
356 462
356 567
357 469
358 371
359 514
360 555
361 409
361 416
363 493
364 490
365 509
367 543
368 568
370 427
373 480
376 397
377 494
377 571
378 408
379 431
380 421
380 515
381 398
381 499
382 572
383 497
384 515
385 400
387 415
391 439
392 455
394 529
395 419
395 456
399 437
399 449
405 547
406 535
410 507
411 500
411 556
412 466
416 501
417 496
418 463
422 550
422 585
423 494
424 461
424 502
427 513
430 587
431 577
435 509
437 540
442 473
443 462
444 541
445 495
445 528
447 589
448 565
453 598
454 571
459 591
465 530
467 475
467 530
468 562
470 521
475 595
476 482
478 489
479 564
480 599
482 583
483 532
484 551
486 534
488 557
495 539
504 507
505 533
510 560
512 569
522 533
524 577
531 557
534 535
536 538
538 558
553 578
554 584
555 594
558 563
570 590
575 590
600 208
600 508
601 179
601 460
-1 -1
0.195954
