1
0 154
0 894
1 354
1 455
2 399
2 752
3 156
3 203
4 155
4 758
5 401
5 843
6 664
6 847
7 56
7 330
8 213
8 686
9 315
9 802
10 570
10 602
11 32
11 329
12 160
12 723
13 25
13 108
14 78
14 853
15 104
15 613
16 391
16 644
17 35
17 114
18 158
18 688
19 206
19 353
20 48
20 146
21 627
21 869
22 634
22 751
23 553
23 864
24 228
24 590
25 235
26 660
26 733
27 314
27 409
28 192
28 414
29 85
29 493
30 243
30 377
31 95
31 191
32 656
33 764
33 803
34 151
34 161
35 828
36 571
36 578
37 617
37 635
38 76
38 91
39 333
39 416
40 641
40 662
41 65
41 746
42 328
42 888
43 531
43 618
44 185
44 662
45 751
45 883
46 323
46 877
47 253
47 765
48 758
49 665
49 691
50 142
50 721
51 200
51 427
52 241
52 632
53 168
53 892
54 93
54 874
55 493
55 814
56 790
57 600
57 794
58 156
58 405
59 502
59 524
60 584
60 690
61 367
61 375
62 140
62 228
63 226
63 734
64 604
64 794
65 597
66 73
66 129
67 498
67 661
68 127
68 484
69 263
69 766
70 537
70 641
71 651
71 829
72 86
72 690
73 370
74 497
74 688
75 89
75 460
76 107
77 209
77 486
78 566
79 126
79 857
80 485
80 630
81 275
81 291
82 145
82 801
83 461
83 711
84 754
84 777
85 378
86 625
87 479
87 684
88 328
88 857
89 872
90 432
90 622
91 897
92 177
92 761
93 828
94 421
94 548
95 427
96 240
96 368
97 512
97 552
98 198
98 823
99 189
99 322
100 475
100 523
101 205
101 304
102 282
102 763
103 396
103 598
104 557
105 246
105 389
106 257
106 348
107 551
108 865
109 393
109 772
110 501
110 608
111 522
111 347
112 375
112 785
113 121
113 546
114 334
115 321
115 577
116 162
116 886
117 129
117 616
118 873
118 196
119 419
119 445
120 462
120 892
121 650
122 324
122 449
123 769
123 800
124 259
124 872
125 561
125 773
126 681
127 398
128 192
128 425
130 298
130 634
131 172
131 332
132 505
132 575
133 291
133 463
134 548
134 718
135 717
135 363
136 371
136 573
137 780
137 341
138 536
138 816
139 400
139 496
140 496
141 349
141 645
142 607
143 642
143 745
144 173
144 876
145 170
146 468
147 301
147 559
148 359
148 596
149 784
149 419
150 567
150 578
151 571
152 360
152 652
153 208
153 543
154 609
155 849
157 377
157 798
158 615
159 334
159 418
160 468
161 818
162 730
163 205
163 565
164 248
164 495
165 324
165 379
166 519
166 616
167 894
167 583
168 252
169 394
169 623
170 525
171 352
171 354
172 480
173 426
174 367
174 888
175 180
175 542
176 345
176 729
177 404
178 544
178 312
179 478
179 816
180 527
181 451
181 760
182 457
182 640
183 383
183 898
184 365
184 659
185 366
186 441
186 725
187 316
187 562
188 226
188 487
189 221
190 305
190 726
191 506
193 657
193 748
194 458
194 617
195 385
195 801
196 433
197 249
197 783
198 766
199 778
199 827
200 310
201 549
201 653
202 415
202 494
203 722
204 443
204 750
206 445
207 241
207 601
208 429
209 827
210 680
210 796
211 539
211 563
212 556
212 783
213 896
214 603
214 717
215 452
215 499
216 817
216 878
217 302
217 876
218 325
218 627
219 485
219 753
220 591
220 830
221 639
222 518
222 889
223 237
223 759
224 254
224 535
225 307
225 779
227 573
227 773
229 270
229 704
230 331
230 534
231 368
231 574
232 558
232 606
233 532
233 882
234 667
234 784
235 708
236 454
236 757
237 481
238 343
238 390
239 614
239 326
240 582
242 740
242 836
243 589
244 635
244 743
245 314
245 879
246 646
247 295
247 724
248 535
249 778
250 470
250 754
251 411
251 668
252 741
253 810
254 470
255 356
255 787
256 258
256 691
257 479
258 382
259 350
260 599
260 775
261 410
261 446
262 426
262 464
263 709
264 624
264 732
265 356
265 694
266 790
266 303
267 575
267 632
268 781
268 826
269 443
269 658
270 611
271 318
271 521
272 435
272 669
273 293
273 432
274 725
274 891
275 510
276 808
276 862
277 392
277 407
278 520
278 678
279 439
279 471
280 712
280 839
281 313
281 565
282 284
283 387
283 409
284 654
285 562
285 805
286 309
286 703
287 436
287 785
288 466
288 669
289 764
289 430
290 303
290 537
292 549
292 760
293 886
294 742
294 822
295 715
296 489
296 506
297 568
297 614
298 332
299 768
299 832
300 318
300 336
301 867
302 611
304 862
305 676
306 508
306 761
307 463
308 411
308 883
309 472
310 473
311 586
311 856
312 874
313 812
315 469
316 517
317 716
317 799
319 593
319 865
320 718
320 451
321 362
322 603
323 556
325 403
326 502
327 572
327 577
329 424
330 357
331 386
333 734
335 510
335 597
336 807
337 467
337 744
338 673
338 819
339 824
339 406
340 553
340 837
341 462
342 615
342 879
343 361
344 526
344 646
345 626
346 472
346 841
347 655
348 799
349 893
350 552
351 699
351 728
352 440
353 564
355 804
355 698
357 843
358 371
358 397
359 704
360 527
361 589
362 820
363 677
364 532
364 570
365 863
366 446
369 737
369 466
370 560
372 776
372 812
373 431
373 679
374 412
374 475
376 541
376 710
378 477
379 814
380 664
380 738
381 450
381 749
382 628
383 868
384 629
384 796
385 697
386 834
387 631
388 733
388 861
389 875
390 481
391 542
392 547
393 471
394 460
395 401
395 554
396 809
397 637
398 585
399 441
400 421
402 639
402 767
403 444
404 863
405 852
406 819
407 881
408 588
408 607
410 592
412 840
413 587
413 640
414 540
415 663
416 806
417 633
417 847
418 582
420 666
420 825
422 526
422 596
423 621
423 848
424 695
425 728
428 512
428 771
429 710
430 440
431 437
433 747
434 648
434 898
435 738
436 554
437 840
438 489
438 855
439 483
442 645
442 486
444 705
447 501
447 572
448 702
449 538
450 508
452 837
453 628
453 698
454 880
455 884
456 719
456 882
457 861
458 731
459 476
459 859
461 776
464 714
465 735
465 792
467 877
469 858
473 579
474 536
474 895
476 515
477 811
478 519
480 516
482 763
482 826
483 620
487 488
488 529
490 700
490 498
491 609
491 694
492 651
492 631
494 594
495 870
497 815
499 509
500 566
500 856
503 774
503 821
504 555
504 795
505 576
507 561
507 684
509 528
511 530
511 712
513 675
513 748
514 625
514 786
515 545
516 848
517 822
518 668
520 623
521 649
522 659
523 868
524 731
525 678
528 791
529 803
530 587
531 671
533 838
533 859
534 833
538 835
539 846
540 701
541 723
543 850
544 885
545 739
546 777
547 770
550 744
550 897
551 676
555 588
557 636
558 742
559 817
560 595
563 745
564 622
567 720
568 762
569 647
569 660
574 581
576 887
579 871
580 713
580 791
581 755
583 762
584 873
585 844
586 746
590 692
591 720
592 699
593 895
594 806
595 821
598 657
599 683
600 709
601 851
602 700
604 706
605 795
605 815
606 656
608 890
610 706
610 854
612 869
612 797
613 870
618 732
619 644
619 890
620 792
621 721
624 689
626 829
629 813
630 807
633 679
636 708
637 845
638 689
638 825
642 707
643 805
643 854
647 757
648 831
649 789
650 711
652 833
653 681
654 727
655 747
658 787
661 680
663 811
665 860
666 853
667 696
670 756
670 802
671 875
672 724
672 793
673 899
674 782
674 881
675 835
677 793
682 866
682 891
683 867
685 693
685 722
686 788
687 752
687 786
692 800
693 889
695 702
696 864
697 850
701 765
703 755
705 771
707 774
713 740
714 855
715 878
716 885
719 753
726 839
727 884
729 831
730 887
735 739
736 775
736 834
737 841
741 860
743 813
749 809
750 836
756 769
759 844
767 823
768 866
770 846
772 798
779 789
780 818
781 852
782 820
788 845
797 871
804 808
810 842
824 858
830 880
832 899
838 842
849 896
851 893
900 484
901 448
-1 -1
71.7223
