1
0 190
0 294
1 269
1 726
2 532
2 885
3 497
3 682
4 51
4 655
5 170
5 400
6 28
6 491
7 135
7 474
8 155
8 889
9 896
9 482
10 67
10 452
11 522
11 804
12 30
12 882
13 163
13 394
14 116
14 714
15 66
15 426
16 566
16 838
17 330
17 718
18 309
18 503
19 450
19 495
20 234
20 459
21 343
21 760
22 562
22 303
23 192
23 892
24 285
24 598
25 139
25 470
26 292
26 657
27 589
27 780
28 174
29 622
29 894
30 321
31 335
31 753
32 525
32 840
33 58
33 66
34 511
34 546
35 388
35 842
36 332
36 402
37 56
37 715
38 692
38 824
39 513
39 835
40 421
40 845
41 254
41 578
42 387
42 718
43 330
43 760
44 240
44 426
45 119
45 460
46 145
46 841
47 263
47 312
48 95
48 869
49 195
49 772
50 532
50 769
51 383
52 106
52 511
53 216
53 318
54 88
54 273
55 105
55 289
56 783
57 217
57 247
58 77
59 414
59 684
60 370
60 723
61 695
61 184
62 235
62 555
63 597
63 808
64 653
64 729
65 608
65 129
67 889
68 139
68 265
69 461
69 881
70 507
70 802
71 498
71 820
72 161
72 768
73 713
73 714
74 396
74 821
75 251
75 369
76 468
76 667
77 552
78 333
78 680
79 178
79 633
80 531
80 696
81 372
81 618
82 602
82 720
83 211
83 500
84 599
84 642
85 359
85 648
86 451
86 702
87 716
87 811
88 223
89 254
89 866
90 219
90 605
91 271
91 686
92 723
92 873
93 831
93 867
94 155
94 488
95 381
96 181
96 829
97 579
97 871
98 631
98 158
99 422
99 517
100 201
100 741
101 702
101 806
102 268
102 384
103 178
103 259
104 179
104 236
105 160
106 495
107 543
107 534
108 216
108 798
109 226
109 362
110 299
110 601
111 197
111 871
112 152
112 282
113 333
113 382
114 593
114 730
115 555
115 595
116 138
117 298
117 372
118 237
118 242
119 733
120 421
120 449
121 422
121 676
122 383
122 673
123 809
123 824
124 628
124 841
125 533
125 716
126 172
126 399
127 144
127 326
128 676
128 734
129 786
130 286
130 319
131 478
131 856
132 656
132 695
133 406
133 612
134 463
134 891
135 367
136 428
136 429
137 158
137 445
138 430
140 207
140 442
141 486
141 710
142 634
142 784
143 512
143 860
144 236
145 498
146 701
146 877
147 486
147 724
148 338
148 378
149 547
149 896
150 354
150 707
151 689
151 224
152 317
153 251
153 331
154 171
154 353
156 283
156 816
157 407
157 548
159 834
159 884
160 596
161 477
162 729
162 835
163 744
164 550
164 564
165 277
165 494
166 336
166 789
167 288
167 408
168 622
168 709
169 183
169 456
170 294
171 371
172 394
173 559
173 205
174 530
175 214
175 451
176 806
176 483
177 527
177 661
179 235
180 199
180 267
181 845
182 460
182 557
183 860
184 480
185 279
185 873
186 700
186 879
187 397
187 577
188 392
188 395
189 395
189 842
190 590
191 317
191 450
192 787
193 355
193 513
194 591
194 755
195 863
196 646
196 279
197 268
198 411
198 448
199 361
200 804
200 876
201 743
202 433
202 684
203 516
203 694
204 545
204 623
205 215
206 311
206 782
207 878
208 861
208 433
209 348
209 794
210 785
210 890
211 869
212 271
212 434
213 752
213 568
214 425
215 732
217 788
218 249
218 264
219 823
220 324
220 693
221 351
221 621
222 313
222 615
223 258
224 664
225 260
225 398
226 322
227 381
227 736
228 629
228 717
229 497
229 691
230 244
230 485
231 376
231 594
232 270
232 822
233 263
233 828
234 662
237 636
238 358
238 484
239 489
239 660
240 250
241 533
241 665
242 816
243 357
243 726
244 742
245 306
245 603
246 318
246 321
247 309
248 342
248 521
249 587
250 638
252 323
252 710
253 357
253 614
255 342
255 890
256 361
256 470
257 463
257 728
258 647
259 799
260 407
261 556
261 701
262 517
262 621
264 580
265 898
266 673
266 872
267 289
269 500
270 814
272 358
272 755
273 355
274 278
274 329
275 365
275 761
276 409
276 788
277 885
278 857
280 546
280 328
281 314
281 843
282 404
283 616
284 400
284 452
285 474
286 435
287 496
287 646
288 878
290 354
290 598
291 356
291 899
292 510
293 771
293 859
295 405
295 514
296 302
296 345
297 572
297 662
298 899
299 606
300 306
300 316
301 337
301 592
302 698
303 366
304 564
304 446
305 308
305 851
307 833
307 427
308 553
310 604
310 683
311 504
312 464
313 658
314 538
315 547
315 787
316 376
319 753
320 476
320 592
322 499
323 850
324 375
325 337
325 504
326 749
327 807
327 877
328 410
329 657
331 846
332 446
334 405
334 747
335 833
336 782
338 739
339 430
339 485
340 492
340 712
341 484
341 831
343 781
344 565
344 884
345 411
346 715
346 510
347 390
347 521
348 568
349 864
349 663
350 737
350 756
351 639
352 431
352 540
353 807
356 720
359 705
360 388
360 763
362 683
363 366
363 379
364 677
364 779
365 762
367 822
368 589
368 828
369 509
370 478
371 489
373 424
373 863
374 396
374 494
375 437
377 545
377 690
378 618
379 457
380 623
380 844
382 757
384 874
385 737
385 819
386 799
386 765
387 675
389 625
389 797
390 692
391 487
391 740
392 843
393 659
393 893
397 779
398 874
399 410
401 479
401 549
402 444
403 630
403 848
404 685
406 823
408 600
409 458
412 418
412 481
413 559
413 675
414 830
415 439
415 866
416 492
416 784
417 595
417 632
418 792
419 530
419 699
420 790
420 836
423 518
423 638
424 734
425 728
427 454
428 578
429 812
431 454
432 443
432 792
434 551
435 898
436 542
436 605
437 670
438 698
438 797
439 722
440 524
440 658
441 548
441 838
442 633
443 526
444 859
445 556
447 561
447 712
448 743
449 601
453 832
453 880
455 707
455 721
456 747
457 815
458 742
459 745
461 515
462 693
462 705
464 661
465 541
465 864
466 687
466 795
467 575
467 647
468 857
469 536
469 813
471 635
471 730
472 539
472 827
473 544
473 766
475 531
475 789
476 482
477 635
479 825
480 745
481 805
483 536
487 534
488 579
490 544
490 624
491 627
493 587
493 800
496 643
499 593
501 549
501 774
502 643
502 750
503 774
505 512
505 887
506 550
506 681
507 537
508 615
508 780
509 603
514 516
515 855
518 820
519 713
519 881
520 565
520 825
522 706
523 771
523 840
524 641
525 781
526 830
527 766
528 610
528 855
529 557
529 609
535 553
535 808
537 759
538 567
539 732
540 660
541 778
542 750
543 850
551 685
552 580
554 704
554 765
558 696
558 891
560 810
560 827
561 677
562 758
563 686
563 758
566 870
567 645
569 594
569 668
570 656
570 851
571 581
571 600
572 609
573 628
573 894
574 654
574 703
575 583
576 813
576 815
577 700
581 671
582 641
582 812
583 604
584 682
584 634
585 590
585 717
586 607
586 664
588 794
588 805
591 773
596 674
597 663
599 875
602 834
606 764
607 722
608 882
610 694
611 801
611 870
612 875
613 756
613 853
614 883
616 627
617 639
617 819
619 640
619 670
620 724
620 867
624 793
625 736
626 703
626 880
629 768
630 640
631 690
632 811
636 719
637 653
637 706
642 868
644 776
644 856
645 821
648 727
649 719
649 886
650 652
650 689
651 681
651 887
652 844
654 814
655 868
659 790
665 763
666 783
666 817
667 711
668 893
669 735
669 776
671 674
672 786
672 883
678 837
678 680
679 769
679 793
687 711
688 739
688 861
691 748
697 748
697 762
699 746
704 773
708 853
708 767
709 725
721 817
725 837
727 798
731 777
731 847
733 754
735 826
738 872
738 888
740 897
741 895
744 751
746 757
749 785
751 801
752 791
754 888
759 876
761 892
764 810
767 847
770 846
770 849
772 839
775 795
775 852
777 809
778 802
791 848
796 803
796 879
800 803
818 852
818 897
826 865
829 832
836 862
839 862
849 865
854 895
858 886
900 854
901 858
-1 -1
13.2824
