1
0 266
0 217
1 33
1 54
2 194
2 147
3 4
3 253
4 118
5 320
5 173
6 395
6 301
7 14
8 199
8 185
9 15
9 219
10 181
10 189
11 399
11 271
12 301
12 241
13 14
13 297
15 239
16 352
16 246
17 130
17 110
18 373
18 280
19 162
19 260
20 384
20 385
21 207
21 158
22 219
22 315
23 69
23 302
24 370
24 263
25 255
25 307
26 97
26 93
27 386
27 378
28 102
28 63
29 272
29 90
30 326
30 259
31 67
31 278
32 203
32 397
33 66
34 310
34 398
35 225
35 391
36 391
36 317
37 251
37 63
38 192
38 202
39 291
39 156
40 244
40 113
41 113
41 319
42 197
42 228
43 290
43 338
44 330
44 287
45 171
45 117
46 59
46 75
47 313
47 312
48 242
48 204
49 177
49 306
50 144
50 95
51 392
51 100
52 151
52 141
53 353
53 347
54 132
55 376
55 332
56 353
56 238
57 197
57 81
58 237
58 308
59 295
60 212
60 61
61 116
62 176
62 379
64 334
64 82
65 105
65 354
66 218
67 331
68 299
68 241
69 232
70 330
70 108
71 290
71 201
72 352
72 335
73 215
73 135
74 244
74 341
75 126
76 101
76 149
77 186
77 286
78 155
78 126
79 329
79 240
80 163
80 254
81 136
82 115
83 99
83 387
84 284
84 102
85 256
85 143
86 109
86 145
87 169
87 314
88 160
88 152
89 289
89 213
90 285
91 282
91 366
92 245
92 222
93 231
94 192
94 256
95 255
96 279
96 300
97 368
98 234
98 302
99 142
100 375
101 291
103 305
103 131
104 148
104 143
105 212
106 148
106 157
107 136
107 296
108 182
109 369
110 233
111 195
111 297
112 276
112 316
114 161
114 321
115 172
116 382
117 389
118 276
119 358
119 249
120 130
120 184
121 235
121 183
122 363
122 347
123 337
123 200
124 345
124 207
125 318
125 201
127 135
127 342
128 268
128 399
129 327
129 243
131 360
132 243
133 365
133 350
134 278
134 346
137 393
137 158
138 310
138 374
139 364
139 377
140 311
140 153
141 389
142 204
144 190
145 387
146 393
146 209
147 208
149 337
150 168
150 178
151 200
152 245
153 166
154 202
154 371
155 379
156 179
157 397
159 327
159 237
160 178
161 313
162 165
163 324
164 235
164 173
165 198
166 395
167 331
167 250
168 218
169 220
170 183
170 343
171 381
172 368
174 246
174 378
175 360
175 232
176 267
177 388
179 193
180 341
180 298
181 354
182 296
184 300
185 217
186 390
187 209
187 247
188 324
188 346
189 334
190 370
191 288
191 230
193 364
194 273
195 304
196 309
196 248
198 293
199 227
203 223
205 326
205 394
206 259
206 263
208 284
210 275
210 338
211 390
211 274
213 277
214 303
214 283
215 252
216 372
216 285
220 240
221 351
221 336
222 325
223 362
224 383
224 366
225 264
226 322
226 275
227 355
228 380
229 236
229 315
230 311
231 367
233 247
234 292
236 266
238 257
239 372
242 371
248 314
249 388
250 365
251 333
252 321
253 298
254 269
257 270
258 322
258 344
260 373
261 265
261 348
262 318
262 345
264 267
265 304
268 367
269 272
270 289
271 294
273 280
277 325
279 351
281 316
281 383
282 336
283 342
286 358
287 328
288 355
292 294
293 357
295 375
299 312
303 335
305 343
306 329
307 348
308 394
309 350
317 381
319 323
320 369
323 332
328 344
333 374
339 363
339 362
340 384
340 377
349 396
349 380
356 396
356 357
359 376
359 385
361 386
361 392
382 398
400 7
401 274
-1 -1
1.82357
