200 300
0 16
0 107
0 166
1 88
1 136
1 86
2 49
2 20
2 97
3 192
3 48
3 174
4 69
4 190
4 15
5 16
5 77
5 174
6 60
6 197
6 14
7 186
7 100
7 103
8 185
8 165
8 183
9 140
9 118
9 199
10 97
10 66
10 115
11 117
11 30
11 157
12 163
12 164
12 125
13 144
13 49
13 198
14 40
14 103
15 141
15 183
16 150
17 92
17 84
17 188
18 60
18 195
18 155
19 136
19 58
19 55
20 192
20 27
21 146
21 173
21 87
22 82
22 149
22 110
23 99
23 53
23 126
24 168
24 28
24 174
25 72
25 26
25 94
26 162
26 124
27 184
27 199
28 48
28 102
29 80
29 112
29 76
30 98
30 108
31 168
31 146
31 175
32 105
32 44
32 181
33 96
33 172
33 142
34 104
34 86
34 191
35 170
35 165
35 142
36 152
36 156
36 158
37 120
37 187
37 63
38 44
38 67
38 131
39 81
39 159
39 71
40 185
40 170
41 112
41 82
41 183
42 68
42 148
42 150
43 81
43 138
43 93
44 89
45 154
45 84
45 198
46 106
46 139
46 188
47 116
47 59
47 172
48 110
49 164
50 65
50 195
50 133
51 187
51 84
51 127
52 144
52 120
52 55
53 121
53 70
54 161
54 66
54 68
55 58
56 170
56 101
56 118
57 161
57 130
57 196
58 113
59 176
59 95
60 83
61 169
61 67
61 95
62 107
62 109
62 199
63 148
63 149
64 154
64 179
64 117
65 137
65 149
66 119
67 128
68 180
69 195
69 134
70 131
70 132
71 97
71 187
72 184
72 178
73 123
73 147
73 157
74 88
74 191
74 79
75 92
75 126
75 143
76 136
76 147
77 190
77 157
78 177
78 139
78 125
79 121
79 124
80 116
80 119
81 151
82 117
83 112
83 191
85 180
85 125
85 167
86 150
87 121
87 181
88 104
89 173
89 167
90 152
90 106
90 93
91 176
91 169
91 129
92 197
93 101
94 106
94 153
95 189
96 130
96 158
98 113
98 115
99 194
99 178
100 193
100 164
101 135
102 107
102 103
104 122
105 193
105 194
108 176
108 140
109 177
109 169
110 143
111 192
111 196
111 175
113 130
114 186
114 147
114 171
115 146
116 184
118 141
119 189
120 159
122 160
122 141
123 148
123 126
124 153
127 165
127 198
128 193
128 167
129 138
129 182
131 135
132 145
132 166
133 144
133 177
134 168
134 186
135 190
137 163
137 145
138 159
139 172
140 152
142 182
143 185
145 151
151 179
153 156
154 162
155 173
155 197
156 175
158 166
160 179
160 163
161 188
162 171
171 178
180 182
181 189
194 196
