200 300
0 40
0 134
0 79
1 61
1 173
1 55
2 153
2 69
2 126
3 159
3 166
3 151
4 16
4 138
4 85
5 125
5 158
5 133
6 115
6 35
6 92
7 40
7 178
7 101
8 145
8 45
8 134
9 128
9 68
9 31
10 25
10 165
10 110
11 104
11 162
11 62
12 140
12 189
12 135
13 180
13 100
13 129
14 64
14 116
14 85
15 144
15 65
15 84
16 172
16 171
17 163
17 44
17 63
18 32
18 93
18 167
19 97
19 178
19 182
20 162
20 140
20 38
21 112
21 30
21 79
22 138
22 59
22 194
23 24
23 157
23 53
24 161
24 194
25 116
25 149
26 64
26 160
26 31
27 192
27 196
27 101
28 104
28 168
28 75
29 123
29 102
29 87
30 160
30 33
31 48
32 128
32 93
33 83
33 131
34 108
34 117
34 198
35 160
35 49
36 89
36 146
36 111
37 153
37 179
37 159
38 109
38 94
39 114
39 66
39 135
40 80
41 152
41 91
41 77
42 195
42 189
42 47
43 96
43 177
43 101
44 177
44 157
45 107
45 182
46 113
46 162
46 181
47 60
47 158
48 53
48 166
49 124
49 62
50 152
50 57
50 187
51 188
51 107
51 164
52 120
52 186
52 180
53 190
54 153
54 138
54 95
55 89
55 147
56 193
56 69
56 63
57 73
57 158
58 136
58 99
58 182
59 144
59 169
60 168
60 174
61 86
61 142
62 126
63 165
64 190
65 132
65 197
66 111
66 116
67 169
67 147
67 94
68 89
68 75
69 170
70 184
70 177
70 76
71 121
71 132
71 157
72 152
72 74
72 109
73 187
73 164
74 109
74 183
75 117
76 179
76 142
77 99
77 105
78 90
78 124
78 173
79 137
80 144
80 155
81 185
81 107
81 180
82 139
82 196
82 117
83 171
83 149
84 120
84 197
85 191
86 176
86 140
87 128
87 141
88 136
88 181
88 110
90 155
90 102
91 155
91 113
92 129
92 103
93 174
94 151
95 154
95 111
96 172
96 165
97 118
97 199
98 122
98 125
98 190
99 163
100 123
100 118
102 148
103 133
103 142
104 143
105 146
105 143
106 112
106 179
106 198
108 125
108 119
110 124
112 196
113 186
114 127
114 167
115 194
115 131
118 154
119 120
119 156
121 136
121 145
122 130
122 166
123 183
126 161
127 198
127 174
129 148
130 188
130 199
131 139
132 175
133 150
134 185
135 169
137 145
137 159
139 184
141 164
141 149
143 185
146 176
147 181
148 150
150 197
151 176
154 191
156 192
156 195
161 183
163 195
167 192
168 170
170 184
171 172
173 187
175 193
175 189
178 188
186 191
193 199
