1
0 13
0 791
1 675
1 316
2 181
2 472
3 145
3 786
4 151
4 354
5 177
5 353
6 665
6 791
7 175
7 346
8 174
8 176
9 23
9 232
10 49
10 756
11 56
11 545
12 710
12 400
13 215
14 518
14 583
15 687
15 797
16 625
16 725
17 66
17 376
18 57
18 153
19 395
19 478
20 771
20 61
21 550
21 154
22 640
22 184
23 765
24 222
24 342
25 568
25 719
26 247
26 447
27 340
27 462
28 600
28 790
29 538
29 320
30 64
30 614
31 762
31 509
32 569
32 230
33 60
33 476
34 40
34 690
35 514
35 482
36 315
36 484
37 580
37 613
38 141
38 679
39 220
39 444
40 661
41 552
41 453
42 484
42 500
43 777
43 267
44 98
44 611
45 247
45 440
46 530
46 203
47 219
47 418
48 280
48 324
49 746
50 638
51 372
51 493
52 659
52 296
53 699
53 636
54 272
54 506
55 462
55 505
56 129
57 756
58 93
58 302
59 553
59 418
60 86
61 604
62 732
62 466
63 556
63 88
64 421
65 706
65 423
66 123
67 165
67 510
68 536
68 521
69 113
69 147
70 82
70 464
71 385
71 504
72 667
72 748
73 674
73 743
74 253
74 775
75 716
75 333
76 107
76 488
77 792
77 734
78 91
78 195
79 130
79 192
80 322
80 361
81 164
81 178
82 773
83 772
83 567
84 190
84 707
85 139
85 748
86 632
87 778
87 397
88 264
89 262
89 398
90 279
90 429
91 146
92 128
92 733
93 730
94 728
94 738
95 661
95 472
96 155
96 728
97 637
97 210
98 698
99 554
99 402
100 575
100 219
101 767
101 267
102 145
102 668
103 158
103 264
104 585
104 374
105 330
105 454
106 523
106 700
107 312
108 139
108 712
109 537
109 594
110 123
110 761
111 168
111 170
112 149
112 234
113 271
114 626
114 491
115 512
115 784
116 119
116 679
117 177
117 470
118 527
118 367
119 565
120 244
120 408
121 522
121 647
122 442
122 469
124 282
124 422
125 269
125 411
126 516
126 150
127 724
127 450
128 332
129 343
130 417
131 620
131 213
132 236
132 347
133 683
133 766
134 656
134 283
135 279
135 393
136 551
136 506
137 403
137 496
138 682
138 336
140 581
140 390
141 184
142 477
142 502
143 249
143 341
144 562
144 365
146 212
147 277
148 727
148 341
149 255
150 709
151 424
152 575
152 338
153 182
154 373
155 512
156 655
156 449
157 366
157 477
158 606
159 672
159 204
160 646
160 236
161 180
161 423
162 757
162 399
163 200
163 235
164 402
165 258
166 513
166 627
167 665
167 780
168 487
169 546
169 248
170 480
171 515
171 662
172 292
172 714
173 249
173 761
174 259
175 252
176 796
178 446
179 737
179 350
180 496
181 669
182 577
183 764
183 448
185 735
185 511
186 635
186 642
187 730
187 608
188 250
188 369
189 734
189 437
190 233
191 266
191 300
192 301
193 629
193 274
194 254
194 782
195 446
196 627
196 793
197 598
197 359
198 295
198 486
199 537
199 302
200 436
201 732
201 442
202 371
202 473
203 717
204 216
205 764
205 443
206 529
206 592
207 576
207 719
208 578
208 363
209 742
209 558
210 654
211 782
211 416
212 287
213 329
214 708
214 731
215 238
216 630
217 431
217 336
218 619
218 631
220 459
221 578
221 319
222 487
223 543
223 351
224 769
224 420
225 715
225 242
226 373
226 461
227 350
227 359
228 650
228 424
229 625
229 502
230 457
231 257
231 339
232 507
233 678
234 357
235 524
237 729
237 508
238 602
239 586
239 465
240 711
240 495
241 568
241 682
242 356
243 520
243 368
244 689
245 781
245 440
246 540
246 759
248 274
250 718
251 660
251 713
252 329
253 505
254 668
255 535
256 634
256 626
257 691
258 473
259 630
260 612
260 662
261 607
261 455
262 349
263 640
263 375
265 388
265 769
266 609
268 686
268 433
269 516
270 587
270 666
271 586
272 433
273 751
273 422
275 624
275 299
276 637
276 283
277 577
278 528
278 387
280 362
281 708
281 565
282 685
284 787
284 481
285 413
285 762
286 574
286 687
287 596
288 294
288 757
289 623
289 294
290 549
290 443
291 611
291 651
292 739
293 343
293 412
295 553
296 526
297 567
297 563
298 379
298 428
299 513
300 772
301 427
303 768
303 304
304 797
305 624
305 742
306 589
306 347
307 720
307 482
308 544
308 648
309 323
309 415
310 318
310 432
311 620
311 459
312 696
313 741
313 357
314 607
314 426
315 685
316 694
317 713
317 792
318 416
319 550
320 695
321 552
321 609
322 571
323 430
324 639
325 677
325 731
326 641
326 386
327 788
327 479
328 535
328 417
330 400
331 644
331 673
332 439
333 407
334 584
334 798
335 383
335 392
337 648
337 796
338 531
339 426
340 718
342 542
344 561
344 526
345 654
345 790
346 415
348 356
348 370
349 435
351 659
352 749
352 366
353 556
354 727
355 779
355 387
358 688
358 444
360 545
360 476
361 588
362 390
363 755
364 736
364 767
365 569
367 621
368 391
369 688
370 740
371 705
372 631
374 405
375 632
376 448
377 427
377 464
378 649
378 511
379 723
380 701
380 675
381 781
381 439
382 515
382 441
383 616
384 670
384 749
385 389
386 572
388 562
389 695
391 453
392 785
393 587
394 520
394 656
395 414
396 605
396 789
397 573
398 582
399 633
401 593
401 783
403 747
404 564
404 635
405 636
406 591
406 701
407 445
408 703
409 534
409 676
410 596
410 653
411 595
412 599
413 450
414 485
419 613
419 799
420 603
421 539
425 629
425 760
428 524
429 779
430 795
431 564
432 725
434 663
434 735
435 714
436 752
437 532
438 706
438 760
441 507
445 488
447 669
449 519
451 604
451 489
452 590
452 469
454 557
455 540
456 717
456 460
457 753
458 633
458 598
460 474
461 518
463 647
463 738
465 480
466 673
467 776
467 745
468 527
468 788
470 555
471 544
471 618
474 560
475 600
475 655
478 605
479 666
483 566
483 692
485 651
486 581
489 601
490 590
490 747
491 678
492 720
492 497
493 755
494 541
494 680
495 690
497 698
498 663
498 794
499 741
499 509
500 619
501 517
501 532
503 649
503 610
504 572
508 643
510 795
514 563
517 744
519 710
521 739
522 628
523 543
525 652
525 681
528 601
529 704
530 612
531 628
533 780
533 534
536 660
538 670
539 602
541 570
542 566
546 786
547 551
547 652
548 579
548 672
549 579
554 642
555 693
557 595
558 754
559 585
559 694
560 677
561 639
570 758
571 699
573 689
574 646
576 608
580 721
582 770
583 674
584 750
588 643
589 593
591 774
592 657
594 645
597 709
597 733
599 787
603 752
606 622
610 722
614 736
615 691
615 789
616 771
617 716
617 763
618 721
621 773
622 644
623 680
634 641
638 794
645 770
650 784
653 658
657 664
658 667
664 693
671 745
671 750
676 737
681 777
683 768
684 692
684 712
686 766
696 759
697 700
697 754
702 775
702 744
703 758
704 724
705 743
707 765
711 726
715 751
722 753
723 740
726 798
729 785
746 763
774 793
776 778
783 799
800 481
801 50
-1 -1
167.629
