1
0 440
0 454
1 17
1 572
2 28
2 42
3 81
3 419
4 50
4 62
5 51
5 287
6 22
6 426
7 90
7 651
8 517
8 523
9 31
9 309
10 85
10 331
11 25
11 82
12 241
12 268
13 47
13 664
14 15
14 115
15 109
16 65
16 247
17 75
18 205
18 334
19 34
19 735
20 601
20 576
21 656
21 147
22 346
23 599
23 650
24 310
24 366
25 434
26 693
26 490
27 347
27 422
28 55
29 136
29 215
30 597
30 767
31 430
32 34
32 627
33 90
33 480
35 61
35 294
36 41
36 706
37 612
37 126
38 53
38 64
39 621
39 763
40 426
40 436
41 257
42 534
43 754
43 281
44 714
44 738
45 87
45 706
46 73
46 735
47 279
48 622
48 347
49 624
49 774
50 314
51 280
52 88
52 313
53 123
54 790
54 476
55 460
56 337
56 357
57 117
57 688
58 570
58 792
59 204
59 395
60 101
60 687
61 237
62 356
63 696
63 285
64 153
65 223
66 537
66 417
67 528
67 752
68 311
68 471
69 513
69 341
70 630
70 664
71 516
71 150
72 148
72 402
73 779
74 646
74 322
75 203
76 526
76 483
77 293
77 494
78 799
78 374
79 661
79 212
80 321
80 467
81 125
82 530
83 94
83 349
84 758
84 774
85 578
86 736
86 235
87 186
88 487
89 368
89 500
91 224
91 463
92 753
92 497
93 751
93 592
94 238
95 688
95 449
96 98
96 168
97 744
97 468
98 600
99 784
99 283
100 590
100 554
101 437
102 176
102 280
103 352
103 371
104 571
104 509
105 776
105 473
106 629
106 740
107 148
107 349
108 217
108 459
109 732
110 398
110 673
111 564
111 325
112 691
112 721
113 731
113 503
114 234
114 505
115 116
116 393
117 413
118 694
118 223
119 719
119 278
120 536
120 653
121 432
121 502
122 189
122 443
123 216
124 701
124 251
125 369
126 726
127 623
127 339
128 199
128 208
129 195
129 207
130 170
130 408
131 660
131 488
132 140
132 367
133 653
133 707
134 663
134 240
135 602
135 509
136 383
137 615
137 197
138 520
138 733
139 648
139 313
140 791
141 224
141 493
142 715
142 546
143 183
143 543
144 542
144 463
145 537
145 779
146 239
146 254
147 303
149 562
149 402
150 380
151 459
151 469
152 565
152 375
153 184
154 599
154 242
155 739
155 762
156 290
156 389
157 444
157 768
158 595
158 436
159 410
159 787
160 574
160 579
161 229
161 429
162 579
162 255
163 753
163 797
164 178
164 222
165 200
165 363
166 660
166 305
167 179
167 387
168 710
169 312
169 711
170 593
171 522
171 367
172 554
172 578
173 620
173 492
174 681
174 727
175 555
175 335
176 407
177 741
177 787
178 523
179 307
180 521
180 729
181 200
181 359
182 725
182 360
183 485
184 686
185 461
185 462
186 442
187 604
187 667
188 638
188 457
189 330
190 229
190 388
191 790
191 375
192 683
192 470
193 533
193 602
194 518
194 581
195 265
196 251
196 317
197 320
198 692
198 297
199 641
201 281
201 304
202 658
202 489
203 355
204 633
205 332
206 773
206 452
207 539
208 372
209 591
209 740
210 636
210 385
211 710
211 481
212 458
213 548
213 586
214 727
214 421
215 381
216 295
217 466
218 584
218 256
219 635
219 382
220 222
220 467
221 389
221 456
225 639
225 791
226 625
226 749
227 769
227 289
228 551
228 350
230 565
230 491
231 516
231 775
232 438
232 478
233 625
233 797
234 440
235 373
236 252
236 768
237 472
238 670
239 521
240 674
241 793
242 669
243 655
243 451
244 327
244 416
245 556
245 318
246 747
246 682
247 261
248 255
248 360
249 609
249 470
250 647
250 415
252 448
253 571
253 769
254 626
256 475
257 668
258 687
258 377
259 545
259 405
260 429
260 473
261 697
262 623
262 355
263 703
263 564
264 756
264 781
265 686
266 540
266 409
267 575
267 445
268 456
269 637
269 761
270 403
270 503
271 648
271 333
272 659
272 312
273 709
273 720
274 783
274 321
275 373
275 390
276 614
276 452
277 618
277 372
278 359
279 354
282 540
282 510
283 785
284 320
284 765
285 645
286 526
286 511
287 736
288 535
288 704
289 781
290 746
291 597
291 778
292 780
292 345
293 474
294 645
295 495
296 541
296 782
297 560
298 368
298 507
299 722
299 406
300 605
300 562
301 626
301 748
302 689
302 416
303 328
304 777
305 450
306 568
306 563
307 773
308 458
308 492
310 770
311 583
314 593
315 572
315 666
316 517
316 420
317 356
318 339
319 639
319 742
322 610
323 683
323 737
324 699
324 728
325 771
326 587
326 643
327 438
328 584
329 598
329 337
330 533
331 738
332 468
333 573
334 569
335 617
336 534
336 365
338 544
338 640
340 573
340 715
341 657
342 722
342 343
343 585
344 690
344 718
345 531
346 788
348 550
348 723
350 752
351 613
351 764
352 749
353 377
353 427
354 739
357 496
358 764
358 397
361 616
361 405
362 617
362 400
363 775
364 560
364 518
365 728
366 622
369 729
370 519
370 628
371 447
374 447
376 642
376 794
378 708
378 741
379 766
379 796
380 634
381 411
382 689
383 642
384 595
384 520
385 694
386 630
386 483
387 611
388 647
390 656
391 524
391 690
392 651
392 724
393 606
394 634
394 671
395 620
396 770
396 695
397 755
398 462
399 539
399 448
400 594
401 604
401 713
403 567
404 725
404 487
406 666
407 545
408 603
409 700
410 681
411 471
412 654
412 693
413 594
414 568
414 504
415 618
417 746
418 632
418 469
419 792
420 514
421 714
422 629
423 619
423 498
424 616
424 508
425 644
425 745
427 724
428 641
428 747
430 650
431 789
431 751
432 577
433 592
433 608
434 543
435 750
435 673
437 750
439 601
439 697
441 566
441 591
442 481
443 552
444 636
445 485
446 532
446 547
449 498
450 454
451 698
453 552
453 605
455 662
455 677
457 743
460 465
461 558
464 669
464 757
465 486
466 549
472 662
474 633
475 550
476 676
477 644
477 582
478 723
479 606
479 731
480 525
482 544
482 708
484 528
484 721
486 754
488 691
489 631
490 672
491 777
493 716
494 737
495 600
496 748
497 713
499 783
499 628
500 588
501 674
501 709
502 716
504 766
505 609
506 692
506 757
507 759
508 538
510 761
511 795
512 659
512 763
513 663
514 649
515 613
515 657
519 596
522 658
524 785
525 582
527 718
527 772
529 561
529 569
530 553
531 700
532 621
535 762
536 734
538 680
541 759
542 743
546 615
547 556
548 717
549 575
551 720
553 638
555 567
557 696
557 603
558 586
559 771
559 795
561 611
563 627
566 798
570 643
574 712
576 640
577 705
580 670
580 675
581 705
583 655
585 607
587 755
588 684
589 624
589 794
590 796
598 649
607 702
608 799
610 703
612 733
614 682
619 788
631 646
632 742
635 698
637 667
652 680
652 702
654 707
661 732
665 701
665 745
668 734
671 767
672 679
675 678
676 677
678 695
679 786
684 730
685 711
685 726
699 704
712 778
717 756
719 760
730 786
744 793
758 789
760 782
765 784
772 780
776 798
800 596
801 309
-1 -1
4.52551
