1
0 61
0 74
1 30
1 600
2 21
2 438
3 77
3 449
4 57
4 620
5 53
5 449
6 12
6 619
7 411
7 450
8 22
8 38
9 31
9 360
10 25
10 43
11 315
11 423
12 28
13 68
13 412
14 146
14 385
15 179
15 380
16 67
16 378
17 692
17 207
18 304
18 374
19 453
19 457
20 75
20 197
21 49
22 46
23 536
23 154
24 336
24 456
25 146
26 520
26 440
27 41
27 159
28 604
29 47
29 268
30 170
31 333
32 413
32 508
33 51
33 52
34 167
34 386
35 39
35 219
36 712
36 223
37 439
37 452
38 437
39 54
40 70
40 463
41 785
42 47
42 565
43 572
44 778
44 484
45 753
45 450
46 652
48 769
48 674
49 196
50 188
50 687
51 742
52 740
53 707
54 390
55 278
55 337
56 577
56 782
57 655
58 455
58 482
59 690
59 418
60 576
60 723
61 788
62 534
62 472
63 76
63 258
64 142
64 300
65 147
65 224
66 654
66 259
67 681
68 737
69 518
69 413
70 409
71 691
71 98
72 665
72 785
73 781
73 424
74 685
75 497
76 598
77 331
78 666
78 478
79 225
79 417
80 458
80 471
81 150
81 432
82 776
82 766
83 652
83 488
84 269
84 460
85 539
85 780
86 726
86 239
87 541
87 363
88 344
88 403
89 336
89 350
90 613
90 764
91 515
91 611
92 677
92 181
93 106
93 467
94 544
94 419
95 534
95 487
96 110
96 321
97 658
97 463
98 653
99 647
99 779
100 159
100 379
101 119
101 120
102 694
102 616
103 130
103 379
104 578
104 666
105 190
105 417
106 303
107 126
107 401
108 526
108 270
109 719
109 326
110 758
111 266
111 654
112 121
112 710
113 118
114 629
114 138
115 677
115 281
116 558
116 431
117 189
117 332
118 682
119 631
120 492
121 475
122 610
122 152
123 623
123 327
124 543
124 441
125 188
125 506
126 305
127 221
127 591
128 718
128 560
129 170
129 203
130 680
131 541
131 402
132 579
132 299
133 614
133 339
134 296
134 483
135 346
135 479
136 626
136 322
137 274
137 795
138 575
139 516
139 369
140 253
140 359
141 540
141 688
142 586
143 700
143 280
144 740
144 378
145 255
145 653
147 465
148 520
148 758
149 626
149 309
150 570
151 247
151 400
152 522
153 317
153 580
154 223
155 606
155 189
156 595
156 395
157 708
157 481
158 330
158 465
160 523
160 458
161 546
161 187
162 362
162 428
163 175
163 778
164 249
164 294
165 773
165 272
166 177
166 788
167 657
168 690
168 793
169 790
169 469
171 598
171 721
172 244
172 495
173 243
173 796
174 786
174 448
175 347
176 373
176 501
177 455
178 787
178 564
179 629
180 553
180 427
181 400
182 405
182 678
183 204
184 519
184 457
185 354
185 410
186 733
186 420
187 507
190 199
191 614
191 490
192 569
192 478
193 642
193 749
194 524
194 715
195 601
195 771
196 349
197 575
198 538
198 311
199 473
200 797
200 415
201 209
201 304
202 419
202 425
203 254
204 670
205 622
205 367
206 227
206 338
207 694
208 790
208 337
209 420
210 521
210 213
211 595
211 722
212 624
212 558
213 671
214 248
214 508
215 312
215 313
216 723
216 476
217 721
217 428
218 705
218 249
219 657
220 229
220 775
221 377
222 761
222 319
224 387
225 448
226 689
226 493
227 484
228 531
228 367
229 608
230 432
230 480
231 739
231 240
232 267
232 289
233 645
233 739
234 634
234 681
235 691
235 366
236 253
236 352
237 686
237 356
238 630
238 292
239 770
240 799
241 549
241 447
242 425
242 493
243 551
244 327
245 557
245 291
246 716
246 257
247 684
248 292
250 580
250 505
251 289
251 397
252 732
252 343
254 722
255 500
256 775
256 264
257 506
258 675
259 355
260 763
260 408
261 399
261 403
262 699
262 738
263 587
263 359
264 611
265 701
265 490
266 462
267 284
268 271
269 496
270 471
271 294
272 556
273 702
273 583
274 566
275 618
275 430
276 300
276 613
277 513
277 759
278 354
279 426
279 464
280 650
281 768
282 701
282 698
283 616
283 355
284 445
285 693
285 660
286 693
286 344
287 535
287 394
288 745
288 491
290 669
290 765
291 528
293 527
293 649
295 676
295 486
296 590
297 725
297 427
298 656
298 717
299 405
301 397
301 637
302 603
302 730
303 612
305 382
306 573
306 381
307 391
307 500
308 341
308 440
309 412
310 566
310 414
311 792
312 407
313 373
314 720
314 332
315 348
316 544
316 371
317 431
318 727
318 795
319 529
320 651
320 630
321 348
322 748
323 773
323 429
324 752
324 511
325 726
325 410
326 396
328 390
328 442
329 698
329 392
330 488
331 368
333 770
334 736
334 750
335 703
335 772
338 529
339 347
340 542
340 404
341 640
342 706
342 368
343 383
345 523
345 656
346 728
349 632
350 389
351 655
351 358
352 643
353 791
353 479
356 589
357 547
357 581
358 757
360 771
361 718
361 734
362 468
363 551
364 735
364 510
365 618
365 646
366 578
369 436
370 633
370 398
371 499
372 572
372 762
374 532
375 634
375 533
376 570
376 779
377 434
380 635
381 536
382 527
383 601
384 682
384 741
385 472
386 592
387 422
388 599
388 509
389 760
391 559
392 489
393 404
393 486
394 470
395 650
396 494
398 497
399 502
401 659
402 696
406 521
406 602
407 585
408 592
409 651
411 633
414 747
415 567
416 517
416 749
418 752
421 423
421 456
422 696
424 673
426 474
429 704
430 533
433 757
433 503
434 627
435 555
435 439
436 540
437 584
438 747
441 711
442 742
443 591
443 746
444 625
444 548
445 504
446 545
446 667
447 588
451 636
451 494
452 675
453 776
454 727
454 460
459 531
459 649
461 582
461 672
462 781
464 549
466 699
466 485
467 676
468 621
469 556
470 526
473 607
474 769
475 714
476 648
477 557
477 559
480 568
481 672
482 768
483 499
485 700
487 709
489 783
491 729
492 784
495 667
496 687
498 545
498 686
501 663
502 683
503 705
504 517
505 587
507 550
509 697
510 793
511 759
512 738
512 750
513 703
514 638
514 744
515 537
516 567
518 553
519 751
522 792
524 668
525 728
525 671
528 562
530 622
530 548
532 605
535 624
537 577
538 679
539 590
542 695
543 638
546 554
547 748
550 767
552 712
552 799
554 714
555 615
560 713
561 674
561 707
562 782
563 648
563 602
564 621
565 796
568 617
569 794
571 786
571 689
573 610
574 588
574 767
576 640
579 593
581 628
582 639
583 659
584 647
585 746
586 594
589 720
593 755
594 731
596 661
596 604
597 745
597 761
599 730
600 798
603 642
605 764
606 678
607 789
608 789
609 754
609 777
612 762
615 797
617 685
619 664
620 731
623 635
625 798
627 783
628 697
631 743
632 641
636 662
637 716
639 668
641 777
643 751
644 710
644 784
645 735
646 684
658 774
660 729
661 708
662 763
663 741
664 734
665 704
669 760
670 736
673 756
679 725
680 717
683 774
688 713
692 732
695 791
702 724
706 711
709 787
715 766
719 744
724 754
733 794
737 780
743 753
755 756
765 772
800 113
801 183
-1 -1
35.1103
