1
0 523
0 539
1 635
1 236
2 6
2 419
3 610
3 106
4 157
4 759
5 209
5 413
6 543
7 170
7 480
8 788
8 425
9 740
9 406
10 155
10 402
11 21
11 351
12 321
12 574
13 93
13 329
14 575
14 252
15 334
15 391
16 744
16 345
17 378
17 465
18 547
18 563
19 51
19 141
20 592
20 502
21 53
22 130
22 216
23 366
23 382
24 74
24 436
25 548
25 213
26 615
26 423
27 596
27 496
28 581
28 550
29 212
29 427
30 283
30 326
31 702
31 227
32 70
32 210
33 533
33 404
34 772
34 749
35 760
35 474
36 69
36 722
37 760
37 470
38 669
38 713
39 107
39 636
40 572
40 695
41 83
41 304
42 51
42 453
43 532
43 315
44 332
44 435
45 159
45 346
46 299
46 570
47 81
47 787
48 531
48 719
49 704
49 612
50 524
50 655
52 359
52 510
53 593
54 656
54 145
55 548
55 109
56 71
56 327
57 517
57 133
58 600
58 100
59 627
59 380
60 733
60 311
61 598
61 227
62 679
62 475
63 318
63 405
64 182
64 450
65 97
65 571
66 650
66 446
67 704
67 508
68 521
68 428
69 754
70 716
71 151
72 639
72 774
73 557
73 340
74 545
75 319
75 465
76 675
76 705
77 149
77 371
78 281
78 314
79 790
79 406
80 775
80 423
81 144
82 343
82 447
83 357
84 611
84 756
85 776
85 500
86 153
86 158
87 609
87 323
88 604
88 764
89 277
89 485
90 555
90 230
91 731
91 309
92 701
92 490
93 418
94 125
94 439
95 598
95 657
96 684
96 218
97 618
98 678
98 224
99 708
99 647
100 364
101 154
101 302
102 780
102 358
103 701
103 284
104 167
104 551
105 541
105 370
106 742
107 129
108 564
108 255
109 261
110 609
110 478
111 206
111 452
112 674
112 342
113 786
113 286
114 570
114 268
115 515
115 434
116 262
116 319
117 142
117 426
118 632
118 207
119 781
119 376
120 599
120 279
121 219
121 766
122 167
122 411
123 196
123 337
124 651
124 456
125 148
126 700
126 686
127 388
127 492
128 535
128 289
129 314
131 517
131 685
132 208
132 255
133 692
134 455
134 483
135 586
135 706
136 190
136 488
137 686
137 743
138 646
138 333
139 690
139 428
140 748
140 560
141 408
142 775
143 700
143 375
144 444
145 632
146 617
146 189
147 616
147 672
148 180
149 349
150 741
150 457
151 531
152 222
152 788
153 396
154 272
155 707
156 397
156 486
157 190
158 629
159 626
160 593
160 421
161 688
161 705
162 687
162 430
163 180
163 429
164 514
164 362
165 730
165 661
166 189
166 490
168 660
168 489
169 748
169 444
170 797
171 526
171 449
172 696
172 501
173 250
173 356
174 272
174 378
175 285
175 420
176 551
176 323
177 242
177 365
178 792
178 397
179 512
179 197
181 608
181 263
182 528
183 567
183 344
184 799
184 597
185 325
185 353
186 625
186 199
187 716
187 497
188 743
188 422
191 600
191 379
192 371
192 585
193 771
193 481
194 725
194 481
195 677
195 291
196 492
197 286
198 579
198 529
199 724
200 352
200 478
201 237
201 755
202 512
202 224
203 665
203 374
204 649
204 216
205 524
205 712
206 427
207 630
208 306
209 394
210 416
211 662
211 245
212 379
213 657
214 715
214 317
215 274
215 337
217 239
217 467
218 355
219 729
220 229
220 399
221 624
221 463
222 236
223 279
223 471
225 573
225 491
226 739
226 392
228 393
228 445
229 415
230 355
231 557
231 422
232 694
232 789
233 556
233 591
234 516
234 434
235 682
235 691
237 784
238 633
238 262
239 636
240 547
240 671
241 344
241 429
242 303
243 795
243 440
244 709
244 454
245 518
246 618
246 467
247 642
247 507
248 616
248 670
249 769
249 485
250 264
251 635
251 494
252 670
253 720
253 482
254 791
254 672
256 624
256 394
257 737
257 368
258 642
258 667
259 568
259 298
260 613
260 794
261 510
263 431
264 577
265 522
265 408
266 633
266 685
267 590
267 648
268 420
269 710
269 477
270 277
270 283
271 386
271 750
273 288
273 410
274 526
275 652
275 345
276 713
276 666
278 329
278 715
280 702
280 667
281 410
282 620
282 747
284 322
285 589
287 327
287 387
288 659
289 714
290 762
290 506
291 569
292 578
292 448
293 584
293 734
294 519
294 583
295 590
295 783
296 605
296 610
297 351
297 482
298 658
299 740
300 771
300 322
301 755
301 499
302 466
303 584
304 663
305 721
305 454
306 747
307 568
307 696
308 356
308 424
309 328
310 522
310 727
311 469
312 535
312 680
313 536
313 404
315 342
316 409
316 448
317 758
318 336
320 549
320 606
321 582
324 565
324 588
325 659
326 798
328 754
330 521
330 617
331 645
331 662
332 556
333 349
334 745
335 442
335 494
336 666
338 369
338 474
339 558
339 441
340 563
341 620
341 402
343 390
346 435
347 765
347 348
348 496
350 555
350 604
352 553
353 758
354 544
354 762
357 542
358 615
359 712
360 507
360 511
361 781
361 440
362 653
363 384
363 484
364 639
365 484
366 509
367 790
367 653
368 735
369 528
370 794
372 675
372 718
373 785
373 655
374 668
375 746
376 606
377 527
377 571
380 631
381 538
381 728
382 445
383 671
383 458
384 476
385 565
385 459
386 587
387 544
388 697
389 595
389 412
390 407
391 640
392 730
393 460
395 561
395 594
396 533
398 761
398 756
399 786
400 772
400 562
401 682
401 737
403 545
403 736
405 761
407 766
409 471
411 576
412 698
413 433
414 602
414 438
415 516
416 619
417 768
417 607
418 634
419 569
421 691
424 793
425 529
426 707
430 558
431 503
432 439
432 447
433 688
436 641
437 680
437 723
438 782
441 541
442 567
443 796
443 466
446 763
449 462
450 643
451 693
452 537
453 711
455 502
456 750
457 559
458 587
459 629
460 774
461 752
461 799
462 640
463 493
464 651
464 777
468 723
468 776
469 683
470 501
472 486
472 498
473 560
473 637
475 681
476 621
477 753
479 572
479 719
480 676
483 677
487 543
487 724
488 539
489 638
491 605
493 744
495 623
495 734
497 656
498 654
499 532
500 626
503 785
504 711
504 735
505 703
505 732
506 745
508 575
509 534
511 647
513 603
513 718
514 668
515 752
518 757
519 681
520 603
520 622
523 673
525 614
525 641
527 559
530 738
530 787
534 798
536 561
537 621
538 645
540 595
540 591
542 714
546 628
546 726
549 573
550 652
552 607
552 585
553 579
554 697
554 749
562 693
564 650
566 683
566 725
574 646
576 580
577 619
578 703
580 728
581 684
582 648
583 592
586 674
588 710
589 773
594 782
596 663
597 601
599 631
601 695
602 614
608 759
611 751
612 699
613 736
622 638
623 634
625 769
627 773
628 763
630 717
637 779
643 741
644 768
644 664
649 757
654 746
658 731
660 678
661 708
664 709
665 687
669 727
673 706
676 738
679 764
689 784
689 795
690 791
692 770
694 777
698 699
717 796
720 739
721 793
722 767
726 753
729 751
732 779
733 778
742 789
765 783
767 778
770 797
780 792
800 130
801 451
-1 -1
252.692
