1
0 11
0 300
1 746
1 422
2 536
2 661
3 520
3 603
4 19
4 467
5 777
5 213
6 109
6 628
7 354
7 412
8 31
8 87
9 684
9 96
10 79
10 600
11 353
12 72
12 74
13 340
13 421
14 794
14 580
15 114
15 312
16 275
16 698
17 551
17 309
18 94
18 484
19 461
20 620
20 193
21 611
21 184
22 134
22 227
23 596
23 478
24 556
25 250
25 475
26 526
26 590
27 30
27 454
28 44
28 417
29 751
29 492
30 510
31 586
32 561
32 435
33 541
33 352
34 93
34 477
35 47
35 715
36 92
36 605
37 39
37 755
38 727
38 283
39 127
40 721
40 321
41 174
41 201
42 50
42 732
43 532
43 121
44 283
45 436
45 255
46 177
46 254
47 425
48 91
48 277
49 635
49 652
50 63
51 173
52 708
52 426
53 630
53 585
54 528
54 650
55 647
55 719
56 78
56 362
57 80
57 648
58 521
58 73
59 561
59 341
60 399
60 501
61 119
61 651
62 517
62 582
63 198
64 279
64 458
65 576
65 159
66 327
66 478
67 629
67 692
68 714
68 491
69 158
69 308
70 772
70 427
71 128
71 629
72 572
73 516
74 443
75 523
75 175
76 516
76 349
77 148
77 261
78 183
79 420
80 604
81 717
81 720
82 565
82 202
83 705
83 506
84 530
84 351
85 411
85 431
86 368
86 623
87 145
88 656
88 378
89 152
89 764
90 573
90 217
91 664
92 200
93 655
94 345
95 798
95 445
96 739
97 745
97 401
98 256
98 313
99 792
99 670
100 572
100 182
101 658
101 246
102 413
102 450
103 651
103 741
104 233
104 778
105 207
105 409
106 711
106 216
107 548
107 346
108 170
108 451
109 456
110 236
110 252
111 792
111 434
112 439
112 779
113 579
113 450
114 243
115 602
115 136
116 687
116 440
117 123
117 201
118 591
118 414
119 282
120 169
120 221
121 245
122 305
122 455
123 216
124 643
124 742
125 774
125 474
126 564
126 339
127 714
128 562
129 696
129 500
130 672
130 199
131 197
131 215
132 562
132 723
133 261
133 391
134 437
135 656
135 787
136 416
137 735
137 351
138 333
138 511
139 364
139 449
140 599
140 693
141 577
141 539
142 631
142 504
143 326
143 455
144 660
144 258
145 214
146 615
146 770
147 622
147 398
148 556
149 538
149 783
150 482
150 594
151 228
151 423
152 776
153 239
153 395
154 518
154 237
155 675
155 752
156 419
156 500
157 744
157 439
158 405
159 667
160 679
160 395
161 688
161 784
162 723
162 255
163 335
163 410
164 181
164 315
165 613
165 293
166 559
166 369
167 208
167 752
168 624
168 722
169 652
170 617
171 623
171 776
172 770
172 563
173 553
174 311
175 555
176 727
176 499
177 613
178 734
178 388
179 713
179 760
180 635
180 287
181 721
182 461
183 194
184 621
185 525
185 610
186 209
186 224
187 349
187 457
188 769
188 509
189 574
189 429
190 558
190 570
191 348
191 470
192 543
192 413
193 764
194 681
195 725
195 356
196 597
196 373
197 511
198 550
199 367
200 441
202 266
203 548
203 633
204 619
204 753
205 781
205 678
206 435
206 462
207 599
208 343
209 473
210 774
210 510
211 526
211 387
212 575
212 488
213 294
214 336
215 789
217 424
218 675
218 366
219 761
219 338
220 733
220 392
221 310
222 692
222 732
223 278
223 286
224 364
225 763
225 329
226 634
226 506
227 479
228 725
229 531
229 641
230 459
230 490
231 370
231 391
232 689
232 598
233 682
234 771
234 765
235 446
235 507
236 365
237 493
238 614
238 497
239 762
240 291
240 543
241 607
241 641
242 749
242 361
243 519
244 531
244 673
245 284
246 785
247 514
247 743
248 567
248 628
249 557
249 797
250 399
251 638
251 680
252 601
253 768
253 394
254 398
256 471
257 639
257 451
258 428
259 707
259 476
260 590
260 657
262 621
262 594
263 606
263 452
264 632
264 355
265 579
265 423
266 616
267 793
267 330
268 622
268 795
269 573
269 745
270 665
270 681
271 630
271 739
272 379
272 472
273 317
273 477
274 746
274 796
275 689
276 534
276 702
277 382
278 452
279 791
280 325
280 486
281 666
281 671
282 400
284 546
285 536
285 426
286 677
287 385
288 305
288 307
289 756
289 321
290 394
290 396
291 724
292 535
292 615
293 566
294 631
295 320
295 337
296 717
296 411
297 588
297 718
298 568
298 583
299 465
299 503
300 649
301 604
301 661
302 315
302 468
303 600
303 544
304 557
304 662
306 636
306 678
307 502
308 377
309 582
310 679
311 335
312 463
313 332
314 380
314 403
316 334
316 659
317 378
318 587
318 740
319 718
319 339
320 694
322 704
322 773
323 757
323 383
324 384
324 472
325 676
326 438
327 366
328 357
328 508
329 787
330 406
331 644
331 419
332 593
333 389
334 487
336 611
337 586
338 766
340 731
341 424
342 580
342 347
343 578
344 527
344 422
345 666
346 445
347 489
348 512
350 712
350 497
352 783
353 640
354 402
355 637
356 602
357 686
358 708
358 474
359 683
359 785
360 646
360 418
361 409
362 427
363 529
363 617
365 571
367 601
368 741
369 546
370 401
371 589
371 632
372 695
372 560
373 468
374 703
374 748
375 453
375 559
376 587
376 491
377 484
379 756
380 522
381 407
381 447
382 707
383 473
384 658
385 585
386 537
386 460
387 693
388 554
389 475
390 418
390 466
392 793
393 525
393 482
396 513
397 408
397 436
400 767
402 444
403 486
404 553
404 597
405 412
406 663
407 547
408 453
410 747
414 457
415 713
415 448
416 669
417 784
420 440
421 683
425 618
428 642
429 577
430 605
430 754
431 449
432 544
432 655
433 581
433 701
434 654
437 489
438 532
441 467
442 682
442 731
443 775
444 566
446 660
447 646
448 716
454 735
456 552
458 743
459 545
460 471
462 487
463 686
464 595
464 480
465 775
466 624
469 637
469 706
470 560
476 654
479 685
480 574
481 733
481 672
483 680
483 695
485 592
485 710
488 650
490 517
492 493
494 612
494 722
495 737
495 653
496 523
496 698
498 518
498 669
499 603
501 539
502 799
503 772
504 584
505 625
505 788
507 762
508 664
509 547
512 618
513 533
514 538
515 687
515 705
519 563
520 779
521 747
522 608
524 627
524 767
527 690
528 645
529 729
530 726
533 761
534 798
535 569
537 676
540 555
540 780
541 545
542 645
542 758
549 716
549 619
550 568
551 644
552 642
554 750
558 638
564 662
565 673
567 788
569 738
570 729
571 699
575 701
576 677
578 789
581 648
583 755
584 659
588 668
589 782
591 657
592 790
593 633
595 688
596 797
598 769
606 730
607 726
608 740
609 749
609 777
610 753
612 663
614 760
616 709
620 737
625 734
626 795
626 728
627 736
634 700
636 674
639 709
640 751
643 759
647 791
649 786
653 778
665 691
667 668
670 773
671 790
674 697
684 736
685 748
690 799
691 758
694 715
696 738
697 763
699 704
700 750
702 703
706 724
710 794
711 768
712 759
719 765
720 728
730 796
742 782
744 766
754 771
757 786
780 781
800 51
801 24
-1 -1
23.4861
