34
0 10
0 52
1 73
1 93
2 67
2 23
3 36
3 15
4 13
4 54
5 40
5 85
6 94
6 37
7 9
7 55
8 78
10 89
11 64
11 20
12 33
12 39
14 87
15 16
16 29
17 96
17 71
18 62
20 65
21 42
22 86
23 53
25 82
25 61
26 49
26 58
27 69
29 34
30 31
33 80
34 50
35 94
35 54
36 76
37 84
38 45
38 77
39 60
42 56
45 96
47 82
52 60
53 86
56 59
57 93
57 79
58 89
61 69
62 87
66 68
67 79
68 80
73 92
75 85
77 95
78 99
100 13
100 14
100 18
100 19
100 24
100 28
100 31
100 32
100 40
100 41
100 43
100 44
100 46
100 47
100 48
100 49
100 50
100 51
100 55
100 63
100 70
100 71
100 72
100 74
100 75
100 81
100 83
100 88
100 90
100 91
100 95
100 97
100 98
100 99
101 8
101 9
101 19
101 21
101 22
101 24
101 27
101 28
101 30
101 32
101 41
101 43
101 44
101 46
101 48
101 51
101 59
101 63
101 64
101 65
101 66
101 70
101 72
101 74
101 76
101 81
101 83
101 84
101 88
101 90
101 91
101 92
101 97
101 98
-1 -1
0.003072
