1
0 36
0 66
1 239
1 725
2 81
2 842
3 323
3 607
4 382
4 482
5 400
5 770
6 482
6 493
7 478
7 788
8 444
8 583
9 202
9 244
10 55
10 721
11 134
11 696
12 205
12 398
13 504
13 533
14 129
14 389
15 348
15 607
16 694
16 742
17 285
17 416
18 180
18 263
19 136
19 269
20 196
20 771
21 425
21 575
22 332
22 553
23 275
23 624
24 550
24 578
25 806
25 857
26 36
26 458
27 412
27 799
28 104
28 108
29 404
29 685
30 71
30 519
31 365
31 704
32 118
32 248
33 430
33 467
34 79
34 302
35 417
35 662
37 260
37 477
38 567
38 798
39 440
39 539
40 324
40 383
41 228
41 353
42 350
42 450
43 169
43 652
44 535
44 702
45 301
45 487
46 252
46 819
47 496
47 573
48 262
48 888
49 415
49 612
50 259
50 337
51 756
51 758
52 384
52 763
53 397
53 690
54 181
54 591
55 86
56 374
56 641
57 74
57 195
58 72
58 771
59 225
59 585
60 789
60 801
61 590
61 899
62 781
62 811
63 89
63 885
64 386
64 476
65 128
65 517
66 500
67 548
67 852
68 743
68 841
69 554
69 894
70 392
70 864
71 200
72 506
73 548
73 754
74 435
75 188
75 290
76 138
76 377
77 190
77 797
78 309
78 549
79 143
80 264
80 732
81 278
82 136
82 442
83 512
83 600
84 401
84 534
85 638
85 731
86 246
87 270
87 527
88 572
88 666
89 512
90 338
90 462
91 485
91 758
92 367
92 446
93 197
93 669
94 159
94 344
95 439
95 515
96 290
96 298
97 318
97 439
98 122
98 403
99 106
99 380
100 327
100 649
101 312
101 532
102 162
102 494
103 555
103 780
104 236
105 144
105 701
106 682
107 322
107 667
108 283
109 377
109 381
110 166
110 764
111 708
111 864
112 232
112 600
113 703
113 795
114 682
115 314
115 710
116 576
116 588
117 506
117 604
118 877
119 651
119 768
120 428
120 786
121 237
121 840
122 296
123 543
123 675
124 464
124 764
125 380
125 718
126 683
126 886
127 140
127 426
128 597
129 179
130 546
130 561
131 182
131 655
132 137
132 594
133 311
133 659
134 699
135 787
135 853
137 687
138 422
139 177
139 564
140 255
141 709
141 846
142 423
142 580
143 762
144 170
145 292
145 420
146 678
146 880
147 200
147 536
148 191
148 643
149 304
149 529
150 410
150 856
151 296
151 648
152 318
152 627
153 495
153 863
154 421
154 638
155 438
155 700
156 707
156 827
157 293
157 490
158 319
158 413
159 687
160 492
160 708
161 217
161 740
162 605
163 320
163 550
164 331
164 784
165 427
165 874
166 630
167 489
167 570
168 248
168 660
169 740
170 222
171 669
171 697
172 297
172 768
173 371
173 547
174 402
174 626
175 752
175 891
176 453
176 887
177 253
178 424
178 447
179 783
180 277
181 457
182 805
183 357
183 467
184 272
184 510
185 507
185 528
186 288
186 702
187 804
187 820
188 245
189 609
189 621
190 602
191 640
192 522
192 619
193 399
193 463
194 348
194 717
195 501
196 243
197 303
198 611
198 670
199 659
199 712
201 644
201 753
202 341
203 330
203 678
204 427
204 446
205 646
206 358
206 511
207 345
207 581
208 475
208 893
209 355
209 776
210 655
210 838
211 261
211 340
212 582
212 751
213 283
213 403
214 693
214 719
215 555
215 695
216 470
216 518
217 330
218 387
218 808
219 244
219 727
220 257
220 491
221 370
221 817
222 465
223 258
223 276
224 313
224 632
225 688
226 808
226 889
227 484
227 589
228 833
229 389
229 716
230 577
230 893
231 470
231 769
232 680
233 700
233 825
234 664
234 670
235 445
235 839
236 280
237 240
238 396
238 734
239 848
240 407
241 456
241 711
242 525
242 763
243 469
245 568
246 810
247 466
247 579
249 450
249 554
250 262
250 567
251 459
251 772
252 571
253 767
254 451
254 562
255 796
256 375
256 828
257 445
258 272
259 316
260 309
261 744
263 390
264 473
265 777
265 785
266 306
266 549
267 303
267 665
268 685
268 736
269 578
270 672
271 479
271 597
273 731
273 794
274 514
274 520
275 612
276 558
277 433
278 885
279 326
279 584
280 833
281 441
281 509
282 565
282 592
284 304
284 441
285 497
286 365
286 809
287 563
287 835
288 627
289 519
289 540
291 369
291 486
292 730
293 737
294 381
294 440
295 736
295 876
297 531
298 828
299 415
299 644
300 581
300 881
301 800
302 569
305 815
305 884
306 356
307 537
307 883
308 329
308 793
310 617
310 695
311 516
312 559
313 898
314 601
315 326
315 629
316 712
317 723
317 890
319 746
320 569
321 654
321 790
322 539
323 325
324 671
325 754
327 713
328 431
328 861
329 529
331 852
332 847
333 725
333 733
334 595
334 898
335 383
335 631
336 844
336 845
337 376
338 843
339 442
339 508
340 418
341 614
342 566
342 889
343 761
343 831
344 673
345 870
346 444
346 452
347 407
347 573
349 681
349 765
350 351
351 474
352 686
352 749
353 883
354 518
354 869
355 746
356 586
357 887
358 663
359 432
359 815
360 611
360 656
361 410
361 720
362 557
362 694
363 481
363 801
364 551
364 641
366 720
366 770
367 452
368 822
368 843
369 547
370 451
371 543
372 516
372 841
373 472
373 851
374 526
375 803
376 417
378 469
378 842
379 525
379 818
382 490
384 598
385 844
385 897
386 622
387 461
388 546
388 657
390 395
391 577
391 824
392 509
393 633
393 726
394 654
394 719
395 867
396 865
397 862
398 514
399 698
400 696
401 443
402 780
404 458
405 531
405 541
406 849
406 881
408 556
408 595
409 419
409 528
411 437
411 727
412 858
413 680
414 493
414 804
416 632
418 829
419 649
420 551
421 882
422 699
423 803
424 428
425 880
426 703
429 618
429 848
430 691
431 489
432 665
433 615
434 471
434 620
435 831
436 583
436 825
437 653
438 660
443 728
447 475
448 701
448 813
449 561
449 734
453 766
454 523
454 849
455 571
455 705
456 624
457 724
459 648
460 474
460 579
461 677
462 480
463 552
464 515
465 748
466 483
468 524
468 713
471 826
472 511
473 858
476 755
477 668
478 747
479 705
480 556
481 513
483 538
484 661
485 806
486 590
487 751
488 568
488 728
491 809
492 715
494 527
495 892
496 823
497 890
498 674
498 892
499 698
499 814
500 562
501 837
502 738
502 834
503 613
503 683
504 899
505 542
505 876
507 689
508 870
510 832
513 640
517 667
520 784
521 646
521 675
522 606
523 552
524 636
526 840
530 601
530 836
532 761
533 541
534 830
535 588
536 679
537 570
538 879
540 574
542 732
544 576
544 631
545 651
545 816
553 877
557 628
558 836
559 853
560 642
560 724
563 861
564 874
565 722
566 614
572 879
574 658
575 850
580 759
582 748
584 653
585 625
586 603
587 637
587 872
589 686
591 863
592 735
593 623
593 650
594 692
596 629
596 729
598 760
599 647
599 778
602 896
603 865
604 610
605 647
606 785
608 625
608 710
609 662
610 797
613 884
615 762
616 829
616 856
617 739
618 871
619 807
620 635
621 692
622 794
623 846
626 793
628 868
630 875
633 854
634 747
634 813
635 704
636 737
637 878
639 716
639 745
642 822
643 743
645 773
645 782
650 757
652 714
656 788
657 773
658 888
661 792
663 860
664 755
666 750
668 868
671 859
672 869
673 783
674 799
676 697
676 767
677 810
679 681
684 691
684 693
688 772
689 706
690 855
706 791
707 735
709 816
711 866
714 775
715 866
717 798
718 834
721 895
722 821
723 776
726 741
729 774
730 786
733 811
738 839
739 845
741 781
742 787
744 778
745 795
749 878
750 824
752 766
753 819
756 896
757 821
759 854
760 855
765 789
769 792
774 812
775 791
777 860
779 805
779 857
782 812
790 897
796 873
800 850
802 818
802 867
814 820
817 837
823 873
826 832
827 871
830 875
835 891
838 872
847 882
851 894
859 862
886 895
900 114
901 807
-1 -1
4.30437
