0 1 0
0 4 0
0 5 0
0 7 0
0 9 0
0 10 0
0 11 0
0 12 0
0 14 0
0 16 0
0 17 0
0 18 0
0 19 0
0 20 0
0 23 1
0 24 0
0 25 0
0 26 0
0 28 0
0 29 0
0 30 0
0 33 0
0 34 0
0 35 0
0 36 0
0 37 0
0 38 0
1 2 1
1 6 0
1 8 0
1 9 0
1 10 0
1 11 0
1 13 0
1 16 0
1 18 0
1 19 0
1 21 0
1 22 0
1 23 0
1 25 0
1 27 0
1 28 0
1 30 0
1 31 0
1 32 0
1 33 0
1 34 0
1 35 0
1 37 0
1 39 0
2 32 0
2 35 0
2 36 0
2 6 0
2 33 0
2 8 0
2 10 0
2 11 0
2 19 0
2 20 0
2 21 0
2 24 0
2 29 0
2 30 0
2 31 0
3 33 0
3 34 0
3 35 0
3 4 0
3 5 0
3 6 0
3 38 0
3 9 0
3 12 0
3 13 0
3 20 0
3 21 0
3 22 0
3 23 0
3 25 0
3 27 1
3 28 0
3 29 0
3 30 0
3 31 0
4 32 0
4 34 0
4 36 0
4 5 0
4 6 0
4 39 0
4 8 0
4 14 0
4 15 0
4 16 0
4 37 1
4 21 0
4 22 0
4 24 0
4 25 0
4 27 0
4 29 0
4 30 0
4 31 0
5 33 0
5 37 0
5 6 0
5 39 0
5 8 0
5 9 0
5 10 0
5 11 0
5 12 0
5 13 0
5 15 0
5 16 1
5 20 0
5 22 0
5 24 0
5 29 0
5 30 0
5 31 0
6 7 0
6 8 0
6 9 0
6 10 0
6 13 0
6 15 0
6 16 0
6 17 0
6 18 0
6 19 0
6 21 0
6 22 1
6 23 0
6 25 0
6 27 0
6 28 0
6 29 0
6 30 0
6 33 0
6 34 0
6 35 0
6 36 0
6 37 0
6 38 0
7 33 0
7 34 0
7 36 1
7 37 0
7 10 0
7 12 0
7 13 0
7 14 0
7 15 0
7 16 0
7 19 0
7 24 0
7 26 0
7 27 0
7 28 0
7 29 0
7 30 0
8 34 0
8 39 0
8 10 0
8 12 0
8 13 0
8 14 0
8 17 0
8 18 0
8 20 0
8 21 0
8 22 0
8 24 1
8 26 0
8 28 0
8 29 0
8 30 0
9 10 0
9 13 0
9 14 1
9 15 0
9 16 0
9 17 0
9 18 0
9 19 0
9 20 0
9 21 0
9 22 0
9 23 0
9 26 0
9 31 0
9 32 0
9 33 0
9 35 0
9 36 0
9 38 0
9 39 0
10 11 0
10 13 1
10 14 0
10 18 0
10 20 0
10 22 0
10 27 0
10 28 0
10 29 0
10 30 0
10 31 0
10 34 0
10 36 0
10 37 0
10 39 0
11 36 0
11 33 0
11 39 0
11 12 1
11 13 0
11 17 0
11 18 0
11 19 0
11 20 0
11 21 0
11 22 0
11 25 0
11 26 0
12 13 0
12 16 0
12 17 0
12 20 0
12 21 0
12 22 0
12 24 0
12 25 0
12 26 0
12 27 0
12 29 0
12 30 0
12 32 0
12 33 0
12 34 0
12 35 0
12 36 0
12 38 0
13 14 0
13 15 0
13 16 0
13 17 0
13 18 0
13 23 0
13 24 0
13 26 0
13 27 0
13 29 0
13 30 0
13 31 0
13 33 0
13 35 0
13 37 0
13 38 0
14 16 0
14 17 0
14 18 0
14 19 0
14 20 0
14 21 0
14 22 0
14 23 0
14 24 0
14 26 0
14 27 0
14 30 0
14 32 0
14 34 0
14 35 0
14 36 0
14 38 0
15 32 0
15 34 0
15 35 1
15 39 0
15 16 0
15 17 0
15 21 0
15 22 0
15 24 0
15 27 0
15 28 0
15 30 0
15 31 0
16 17 0
16 18 0
16 19 0
16 20 0
16 22 0
16 24 0
16 25 0
16 26 0
16 28 0
16 29 0
16 30 0
16 31 0
16 33 0
16 34 0
16 37 0
16 38 0
16 39 0
17 18 0
17 20 0
17 21 0
17 24 0
17 25 0
17 26 0
17 29 0
17 30 1
17 33 0
17 34 0
17 36 0
17 37 0
17 39 0
18 19 0
18 20 0
18 21 0
18 23 0
18 24 0
18 25 0
18 26 0
18 28 0
18 29 0
18 33 1
18 36 0
18 37 0
18 39 0
19 20 1
19 21 0
19 22 0
19 25 0
19 26 0
19 27 0
19 28 0
19 29 0
19 30 0
19 32 0
19 34 0
19 35 0
19 36 0
19 37 0
20 21 0
20 23 0
20 24 0
20 25 0
20 26 0
20 29 0
20 30 0
20 31 0
20 32 0
20 33 0
20 36 0
20 37 0
20 38 0
20 39 0
21 23 0
21 25 0
21 27 0
21 29 1
21 30 0
21 31 0
21 32 0
21 33 0
21 36 0
21 37 0
22 24 0
22 25 0
22 27 0
22 28 0
22 29 0
22 30 0
22 31 0
22 32 0
22 34 0
22 35 0
22 36 0
22 37 0
22 39 0
23 33 0
23 32 0
23 38 0
23 35 0
23 26 0
23 27 0
23 28 0
23 30 0
23 31 0
24 26 0
24 27 0
24 28 0
24 29 0
24 31 0
24 32 0
24 33 0
24 34 0
24 35 0
24 36 0
24 37 0
24 38 0
24 39 0
25 26 1
25 28 0
25 29 0
25 30 0
25 32 0
25 36 0
25 37 0
25 38 0
25 39 0
26 28 0
26 29 0
26 31 0
26 34 0
26 37 0
26 38 0
26 39 0
27 28 0
27 29 0
27 32 0
27 33 0
27 35 0
27 37 0
27 39 0
28 30 0
28 31 1
28 32 0
28 34 0
28 37 0
28 38 0
28 39 0
29 31 0
29 33 0
29 35 0
29 37 0
30 32 0
30 34 0
30 35 0
30 36 0
30 37 0
31 32 0
31 34 0
31 35 0
31 37 0
31 38 0
31 39 0
32 34 1
32 36 0
32 37 0
32 39 0
33 37 0
33 38 0
33 39 0
34 38 0
34 39 0
35 36 0
35 37 0
35 39 0
36 37 0
37 39 0
38 39 1
