1
0 521
0 882
1 414
1 530
2 548
2 897
3 415
3 558
4 45
4 179
5 43
5 362
6 101
6 765
7 269
7 497
8 40
8 191
9 343
9 667
10 14
10 122
11 111
11 631
12 52
12 706
13 171
13 675
14 61
15 39
15 338
16 666
16 836
17 36
17 362
18 177
18 837
19 45
19 579
20 374
20 868
21 564
21 647
22 835
22 894
23 389
23 589
24 141
24 360
25 203
25 812
26 78
26 207
27 503
27 621
28 29
28 870
29 296
30 315
30 355
31 363
31 857
32 328
32 747
33 159
33 507
34 242
34 752
35 561
35 801
36 86
37 711
37 865
38 220
38 329
39 122
40 325
41 162
41 862
42 133
42 721
43 450
44 151
44 250
46 165
46 194
47 208
47 474
48 823
48 880
49 303
49 495
50 672
50 686
51 79
51 127
52 287
53 645
53 890
54 284
54 293
55 503
55 879
56 223
56 488
57 237
57 615
58 296
58 615
59 757
59 325
60 440
60 497
61 776
62 303
62 400
63 236
63 637
64 590
64 698
65 638
65 854
66 345
66 726
67 182
67 708
68 389
68 762
69 527
69 536
70 418
70 754
71 357
71 674
72 352
72 541
73 149
73 702
74 238
74 397
75 330
75 679
76 110
76 769
77 582
77 606
78 265
79 301
80 254
80 534
81 617
81 218
82 423
82 724
83 761
83 777
84 529
84 832
85 322
85 818
86 142
87 202
87 433
88 528
88 746
89 351
89 849
90 178
90 815
91 140
91 146
92 360
92 656
93 418
93 887
94 551
94 841
95 118
95 186
96 707
96 878
97 375
97 447
98 266
98 750
99 413
99 875
100 327
100 814
101 694
102 454
102 618
103 433
103 882
104 146
104 378
105 294
105 633
106 117
106 614
107 794
107 796
108 168
108 850
109 545
109 209
110 210
111 453
112 356
112 889
113 516
113 676
114 278
114 660
115 501
115 817
116 856
116 603
117 502
118 304
119 229
119 454
120 480
120 767
121 570
121 780
123 506
123 570
124 224
124 273
125 364
125 514
126 522
126 783
127 328
128 399
128 481
129 135
129 666
130 329
130 895
131 728
131 848
132 290
132 833
133 481
134 231
134 712
135 510
136 445
136 801
137 780
137 858
138 420
138 506
139 412
139 527
140 828
141 155
142 640
143 279
143 443
144 432
144 558
145 492
145 633
147 632
147 649
148 549
148 587
149 857
150 540
150 708
151 416
152 213
152 721
153 434
153 805
154 291
154 682
155 519
156 535
156 671
157 752
157 789
158 628
158 793
159 669
160 750
160 771
161 682
161 249
162 487
163 193
163 730
164 297
164 543
165 863
166 460
166 500
167 563
167 586
168 485
169 768
169 402
170 473
170 867
171 846
172 507
172 547
173 216
173 393
174 422
174 813
175 185
175 811
176 619
176 886
177 600
178 493
179 256
180 206
180 440
181 361
181 735
182 711
183 243
183 369
184 316
184 779
185 286
186 674
187 529
187 531
188 819
188 873
189 309
189 459
190 217
190 518
191 347
192 691
192 803
193 525
194 475
195 243
195 505
196 247
196 459
197 359
197 844
198 352
198 731
199 209
199 598
200 461
200 753
201 464
201 742
202 498
203 447
204 317
204 342
205 213
205 556
206 426
207 249
208 779
210 311
211 673
211 883
212 232
212 734
214 620
214 847
215 368
215 402
216 581
217 887
218 613
219 637
219 229
220 460
221 308
221 333
222 398
222 643
223 700
224 563
225 598
225 720
226 340
226 385
227 230
227 369
228 407
228 827
230 546
231 680
232 588
233 681
233 869
234 384
234 442
235 624
235 555
236 466
237 415
238 372
239 845
239 859
240 346
240 649
241 277
241 524
242 879
244 485
244 701
245 473
245 715
246 428
246 732
247 276
248 543
248 667
250 744
251 383
251 697
252 442
252 636
253 315
253 472
254 786
255 484
255 501
256 760
257 307
257 861
258 484
258 764
259 557
259 825
260 377
260 831
261 434
261 687
262 441
262 859
263 790
263 886
264 522
264 538
265 665
266 361
267 764
267 895
268 312
268 416
269 463
270 404
270 575
271 652
271 784
272 677
272 680
273 326
274 648
274 811
275 458
275 739
276 888
277 851
278 710
279 491
280 740
280 722
281 657
281 861
282 435
282 535
283 306
283 613
284 483
285 490
285 646
286 583
287 622
288 451
288 643
289 655
289 896
290 486
291 730
292 627
292 695
293 628
294 651
295 685
295 869
297 348
298 594
298 844
299 863
299 866
300 474
300 478
301 560
302 710
302 679
304 791
305 306
305 884
307 846
308 770
309 471
310 421
310 504
311 664
312 822
313 549
313 653
314 642
314 336
316 707
317 356
318 461
318 849
319 480
319 824
320 357
320 559
321 524
321 896
322 774
323 580
323 850
324 417
324 867
326 358
327 738
330 490
331 410
331 544
332 576
332 657
333 390
334 445
334 775
335 520
335 634
336 595
337 515
337 703
338 576
339 491
339 498
340 547
341 552
341 736
342 621
343 658
344 358
344 880
345 843
346 426
347 408
348 439
349 569
349 638
350 520
350 798
351 762
353 810
353 815
354 483
354 494
355 771
359 690
363 427
364 640
365 366
365 534
366 810
367 629
367 808
368 668
370 528
370 818
371 414
371 802
372 630
373 607
373 853
374 398
375 456
376 788
376 889
377 745
378 737
379 449
379 583
380 693
380 775
381 537
381 890
382 410
382 729
383 807
384 681
385 631
386 582
386 699
387 607
387 731
388 465
388 471
390 769
391 479
391 768
392 431
392 678
393 476
394 530
394 746
395 688
395 856
396 425
396 806
397 435
399 438
400 469
401 635
401 403
403 596
404 804
405 636
405 755
406 709
406 834
407 874
408 578
409 555
409 709
411 795
412 860
413 668
417 586
419 672
419 876
420 469
421 448
422 552
423 897
424 559
424 806
425 519
427 508
428 717
429 512
429 662
430 617
430 650
431 690
432 600
436 504
436 845
437 624
437 669
438 648
439 830
441 778
443 684
444 455
444 860
446 614
446 785
448 847
449 839
450 843
451 511
452 462
452 888
453 687
455 883
456 467
457 716
457 885
458 487
462 741
463 702
464 704
465 675
466 665
467 579
468 804
468 852
470 612
470 884
472 554
475 809
476 799
477 833
477 864
478 595
479 841
482 510
482 739
486 782
488 848
489 564
489 574
492 623
493 567
494 523
495 748
496 573
496 832
499 589
499 641
500 611
502 753
505 799
508 781
509 713
509 760
511 808
512 706
513 693
513 776
514 796
515 767
516 678
517 625
517 878
518 785
521 592
523 542
525 626
526 749
526 855
531 683
532 550
532 737
533 664
533 816
536 578
537 797
538 654
539 612
539 751
540 819
541 569
542 659
544 568
545 800
546 685
548 821
550 593
551 692
553 568
554 817
556 893
557 773
560 574
561 603
562 691
562 792
565 566
565 597
566 812
567 822
571 704
571 743
572 697
572 744
573 599
575 893
577 616
577 671
580 809
581 599
584 743
584 802
585 699
585 881
587 601
588 718
590 634
591 623
591 630
592 854
593 852
594 723
596 794
597 823
601 748
602 793
602 874
604 686
604 652
605 673
605 696
606 783
608 632
608 663
609 661
609 766
610 645
610 877
611 720
616 800
618 734
619 650
620 875
622 876
625 758
626 786
627 872
629 798
635 714
639 676
639 763
641 872
642 757
644 877
644 659
646 787
647 715
651 870
653 899
654 736
655 777
656 726
658 803
660 842
661 821
662 816
663 716
670 826
670 838
677 792
683 759
684 733
688 727
689 718
689 723
692 891
694 772
695 820
696 871
698 789
700 713
701 862
703 719
705 840
705 866
712 842
714 759
717 725
719 873
722 724
725 855
727 778
728 853
729 899
732 835
733 755
735 805
738 756
740 790
741 898
742 782
745 774
747 765
749 891
751 892
754 864
756 837
758 829
761 763
766 830
770 813
772 824
773 839
781 828
784 840
787 797
788 838
791 858
795 825
807 826
814 831
820 851
827 868
829 894
834 881
836 871
865 892
885 898
900 553
901 411
-1 -1
202.697
