500 2495
0 90
0 105
0 229
0 285
0 413
0 456
1 10
1 38
1 106
1 108
1 121
1 173
1 200
1 210
1 214
1 219
1 227
1 248
1 304
1 313
1 369
1 379
2 81
2 127
2 246
2 258
2 301
2 338
2 368
2 423
2 433
3 62
3 71
3 191
3 420
3 451
3 492
3 494
4 21
4 83
4 185
4 218
4 231
4 253
4 303
4 327
4 328
4 358
5 257
5 310
5 348
5 418
5 421
5 432
5 476
6 74
6 87
6 94
6 262
6 311
6 378
6 406
6 432
6 437
6 496
7 25
7 47
7 64
7 92
7 203
7 228
7 242
7 267
7 269
7 295
7 327
7 343
7 369
7 380
7 394
7 431
7 437
7 486
8 44
8 69
8 217
8 305
8 337
9 60
9 84
9 124
9 125
9 228
9 272
9 356
9 367
9 384
9 440
10 12
10 79
10 94
10 108
10 162
10 191
10 307
10 492
11 24
11 110
11 122
11 277
11 289
11 340
11 446
11 454
11 489
12 33
12 54
12 67
12 68
12 152
12 284
12 337
12 419
12 425
12 461
13 118
13 122
13 171
13 206
13 246
13 306
13 471
14 42
14 103
14 117
14 134
14 136
14 165
14 174
14 358
14 367
14 441
15 54
15 74
15 86
15 169
15 199
15 217
15 242
15 266
15 270
15 350
15 351
15 407
15 494
16 97
16 225
16 247
16 305
16 318
16 361
16 388
16 448
17 54
17 63
17 247
17 319
17 333
17 400
17 410
17 475
18 21
18 27
18 152
18 248
18 262
18 299
18 316
18 392
19 48
19 63
19 69
19 84
19 122
19 144
19 221
19 240
19 332
19 354
19 358
19 433
19 441
19 470
20 32
20 61
20 89
20 133
20 155
20 158
20 185
20 231
20 241
20 327
20 417
21 115
21 190
21 210
21 258
21 284
21 317
21 340
21 376
21 381
21 384
21 395
21 421
21 428
21 435
21 449
22 79
22 131
22 133
22 184
22 342
22 431
22 442
22 454
23 77
23 162
23 241
23 263
23 289
23 337
23 465
23 494
24 25
24 128
24 142
24 253
24 404
24 485
25 62
25 132
25 134
25 137
25 165
25 241
25 416
25 429
25 439
25 444
25 449
25 456
25 496
26 150
26 221
26 287
26 290
26 325
26 331
26 340
26 483
27 110
27 125
27 160
27 190
27 229
27 305
27 354
27 389
27 442
27 460
27 488
28 33
28 39
28 45
28 108
28 165
28 295
28 399
29 254
29 260
29 269
29 392
29 499
30 164
30 193
30 360
30 365
30 396
30 450
30 470
31 39
31 60
31 103
31 113
31 130
31 176
31 178
31 195
31 478
31 498
32 62
32 69
32 180
32 230
32 236
32 323
32 329
32 333
32 496
33 76
33 144
33 167
33 274
33 277
33 323
33 383
33 397
33 411
34 116
34 122
34 189
34 205
34 230
34 231
34 281
34 287
34 357
34 451
34 476
35 38
35 80
35 181
35 195
35 250
35 258
35 336
35 395
35 467
36 71
36 95
36 272
36 346
36 357
36 376
36 394
36 492
37 166
37 167
37 240
37 254
37 259
37 323
37 364
37 384
37 431
38 46
38 59
38 90
38 154
38 160
38 202
38 281
38 293
38 311
38 348
38 418
38 449
38 459
39 81
39 167
39 334
39 364
39 376
40 72
40 119
40 132
40 175
40 276
40 316
41 224
41 226
41 255
41 280
41 290
41 352
41 373
42 70
42 112
42 155
42 170
42 198
42 271
42 279
42 299
42 305
42 316
42 466
42 470
43 98
43 185
43 208
43 227
43 292
43 359
43 372
43 373
43 458
43 472
44 93
44 150
44 155
44 191
44 367
44 383
44 397
44 413
44 431
44 446
44 464
44 491
44 492
45 55
45 201
45 214
45 216
45 239
45 299
45 356
45 379
45 389
45 412
45 483
46 95
46 274
46 364
46 399
46 431
46 455
46 463
47 49
47 75
47 141
47 155
47 161
47 166
47 220
47 249
47 277
47 295
47 349
47 370
47 399
47 440
47 453
47 456
48 55
48 66
48 86
48 103
48 120
48 124
48 159
48 214
48 226
48 279
48 282
48 312
48 384
48 407
48 445
48 491
49 78
49 93
49 99
49 103
49 185
49 226
49 289
49 296
49 319
49 384
49 394
49 451
49 482
50 65
50 88
50 107
50 270
50 282
50 347
50 437
50 451
50 488
51 81
51 83
51 100
51 414
52 121
52 149
52 150
52 332
53 65
53 156
53 231
53 278
53 293
53 294
53 305
53 405
53 453
53 481
54 102
54 120
54 148
54 156
54 173
54 201
54 477
55 104
55 172
55 237
55 247
55 308
55 356
55 362
55 426
55 441
55 465
55 498
56 61
56 203
56 214
56 308
56 313
56 326
56 436
57 118
57 126
57 166
57 198
57 279
57 294
57 322
57 401
58 69
58 143
58 155
58 167
58 311
58 316
58 354
58 361
58 424
58 454
59 97
59 193
59 309
59 339
59 387
59 407
59 424
59 427
59 454
60 73
60 190
60 224
60 250
60 254
60 321
60 350
60 487
61 77
61 86
61 156
61 189
61 199
61 311
61 312
61 340
61 360
61 361
62 71
62 73
62 90
62 91
62 108
62 121
62 246
62 273
62 287
62 306
62 418
63 82
63 264
63 321
63 344
63 380
63 454
63 482
64 93
64 112
64 122
64 148
64 201
64 270
64 354
64 420
64 435
64 444
65 97
65 113
65 157
65 255
65 280
65 352
65 365
65 439
65 453
66 114
66 130
66 159
66 234
66 272
66 347
66 362
67 70
67 310
67 314
67 353
67 365
67 400
67 411
67 418
67 449
68 72
68 110
68 111
68 310
68 329
68 330
68 388
68 428
69 100
69 127
69 150
69 191
69 225
69 299
69 331
69 372
69 446
70 72
70 119
70 152
70 220
70 242
70 310
70 430
70 493
70 495
70 498
71 273
71 334
71 423
71 452
71 485
72 190
72 205
72 257
72 313
72 394
72 464
72 468
73 206
73 222
73 272
73 279
73 290
73 341
73 433
73 475
74 95
74 122
74 391
74 482
75 109
75 135
75 244
75 245
75 413
75 434
75 447
75 489
75 497
76 132
76 137
76 195
76 271
76 321
76 335
76 347
76 471
77 94
77 167
77 335
77 348
77 350
77 351
77 378
77 413
77 427
77 463
78 86
78 308
78 331
78 361
78 397
78 429
79 87
79 110
79 175
79 209
79 241
79 251
79 271
79 314
79 413
79 489
80 94
80 123
80 132
80 167
80 309
80 337
80 340
80 384
80 396
81 147
81 181
81 272
81 315
81 419
81 451
81 475
82 128
82 152
82 204
82 311
82 345
82 383
82 425
82 479
83 165
83 191
83 195
83 199
83 205
83 287
83 314
83 410
83 420
84 333
84 341
84 367
85 166
85 183
85 329
85 347
86 406
86 478
86 484
87 109
87 143
87 224
87 298
87 304
87 391
87 420
87 461
88 121
88 136
88 351
88 363
88 405
88 440
89 144
89 316
89 318
89 331
89 441
90 136
90 140
90 200
90 246
90 268
90 321
90 497
91 128
91 132
91 154
91 155
91 285
91 297
91 306
91 307
91 400
91 410
91 431
91 448
91 454
91 468
91 498
92 103
92 203
92 389
93 148
93 212
93 220
93 236
93 290
93 390
93 421
93 462
93 471
94 119
94 192
94 193
94 206
94 215
94 234
94 466
94 468
95 138
95 243
95 261
95 290
95 347
95 369
95 385
95 388
95 457
95 465
95 491
96 139
96 333
96 348
96 385
96 430
96 451
96 496
97 98
97 170
97 263
97 278
97 338
97 393
97 421
97 486
98 204
98 229
98 247
98 341
98 345
98 406
98 440
98 470
98 473
98 477
98 499
99 133
99 158
99 227
99 228
99 316
99 324
99 331
100 148
100 165
100 278
100 279
100 296
100 328
100 350
100 478
100 499
101 162
101 164
101 265
101 365
101 473
101 478
102 113
102 164
102 181
102 245
102 330
102 362
102 372
102 375
102 388
102 452
102 469
102 488
103 194
103 322
103 358
103 378
103 420
103 450
103 464
103 469
103 470
104 197
104 290
104 384
104 443
104 454
104 459
104 476
105 108
105 210
105 219
105 241
105 243
105 303
105 326
105 362
105 403
105 430
105 432
105 485
105 497
106 184
106 197
106 217
106 244
106 249
106 274
106 307
106 331
106 342
106 407
106 417
106 420
106 422
106 431
106 474
106 488
107 138
107 164
107 177
107 246
107 306
107 361
107 414
108 148
108 207
108 246
108 272
108 310
108 340
108 361
108 441
108 449
109 159
109 213
109 257
109 369
109 374
109 419
109 435
109 457
109 495
110 205
110 245
110 270
110 320
110 379
110 455
111 162
111 231
111 238
111 416
112 137
112 141
112 178
112 249
112 254
112 284
112 294
112 385
112 485
113 264
113 324
113 328
113 347
113 368
113 499
114 282
114 291
114 329
114 384
114 404
114 473
114 486
114 492
115 159
115 333
115 465
116 119
116 129
116 179
116 284
116 314
116 324
116 335
116 434
116 437
116 463
116 486
116 493
117 189
117 219
117 269
117 285
117 314
117 378
117 383
117 395
118 175
118 189
118 195
118 298
118 327
118 435
118 448
119 124
119 144
119 185
119 208
119 235
119 245
119 260
119 356
119 462
120 125
120 184
120 220
120 222
120 285
120 289
120 334
120 386
120 454
120 462
121 168
121 170
121 188
121 207
121 253
121 268
121 336
121 497
122 140
122 162
122 186
122 310
123 198
123 286
123 417
123 485
124 234
124 260
124 319
124 414
124 436
124 457
124 467
124 499
125 166
125 225
125 265
125 292
125 306
125 315
125 432
126 145
126 146
126 163
126 174
126 293
126 341
126 359
126 381
126 441
126 454
127 130
127 198
127 210
127 287
127 301
127 366
127 429
127 434
127 481
128 221
128 319
128 321
128 364
128 430
129 135
129 147
129 173
129 206
129 256
129 362
129 370
129 413
129 434
130 141
130 176
130 303
130 422
130 423
130 446
130 470
131 158
131 185
131 187
131 255
131 333
131 336
131 345
131 405
131 406
131 421
131 427
131 482
132 141
132 217
132 261
132 287
132 411
133 338
133 355
133 498
134 192
134 232
134 294
134 367
134 373
134 378
134 462
134 489
134 492
135 202
135 225
135 237
135 268
135 296
135 308
135 354
135 361
135 440
135 457
135 476
136 200
136 226
136 325
136 383
136 443
136 473
137 244
137 247
137 257
137 329
138 159
138 191
138 230
138 290
138 312
138 314
138 347
138 429
139 146
139 149
139 203
139 275
139 375
139 380
139 405
139 442
139 449
140 306
140 428
140 484
140 497
140 499
141 185
141 253
141 334
141 347
141 350
141 456
142 161
142 164
142 198
142 211
142 263
142 434
142 495
143 203
143 291
143 330
143 371
143 399
143 416
144 181
144 207
144 312
144 410
144 458
145 253
145 254
145 348
145 411
145 452
146 206
146 264
146 316
146 436
146 447
146 457
147 184
147 272
147 295
147 341
147 351
148 191
148 273
148 302
148 331
148 348
148 378
148 424
148 427
148 479
149 159
149 170
149 220
149 259
149 276
149 374
150 176
150 217
150 220
150 227
150 333
150 342
150 370
150 376
150 384
150 424
150 433
150 445
150 479
150 484
151 201
151 285
151 372
151 400
151 452
152 178
152 225
152 244
152 264
152 384
152 432
152 436
153 223
153 303
153 316
153 376
153 396
153 456
154 186
154 253
154 299
154 343
154 354
155 232
155 266
155 423
156 158
156 177
156 220
156 222
156 223
156 258
156 263
156 364
156 425
156 429
157 186
157 273
158 240
158 242
158 269
158 273
158 392
159 184
159 221
159 339
159 376
159 409
159 448
159 466
159 475
160 169
160 199
160 230
160 306
160 360
160 421
160 460
160 484
160 487
160 490
160 494
161 226
161 236
161 350
161 386
161 403
161 449
162 199
162 359
162 460
162 476
162 493
163 218
163 219
163 225
163 290
163 334
163 357
163 363
163 400
163 449
163 456
163 457
163 460
164 274
164 277
164 286
164 301
164 392
164 488
164 494
165 201
165 243
165 288
165 309
165 435
165 454
165 477
165 497
166 490
167 169
167 178
167 197
167 265
167 303
167 342
167 383
167 408
167 412
167 424
168 175
168 179
168 210
168 225
168 235
168 251
168 256
168 261
168 304
168 322
168 355
169 178
169 180
169 189
169 239
169 335
169 419
169 458
169 462
169 488
169 498
170 171
170 240
170 299
170 406
170 419
170 453
171 190
171 193
171 215
171 229
171 255
171 315
171 327
171 345
171 385
171 400
172 203
172 311
172 316
172 369
172 389
172 482
173 192
173 236
173 240
173 361
173 462
173 490
174 229
174 240
174 280
174 425
174 426
175 181
175 198
175 221
175 232
175 314
175 370
175 401
176 180
176 282
176 347
176 361
176 437
176 449
176 472
177 210
177 286
177 324
177 402
177 454
177 479
178 239
178 275
178 297
178 337
178 424
179 228
179 230
179 447
180 183
180 237
180 285
180 329
180 333
180 339
180 408
181 195
181 197
181 223
181 344
181 410
181 419
181 450
182 202
182 367
182 406
182 475
183 240
183 245
183 247
183 275
183 298
183 335
183 391
183 393
183 403
183 463
183 467
183 487
184 230
184 287
184 377
184 436
184 484
185 198
185 216
185 243
185 277
185 292
185 333
185 343
185 443
185 460
186 283
186 400
186 463
186 479
187 305
187 381
187 415
187 422
187 484
188 206
188 233
188 299
188 397
188 457
189 200
189 337
189 345
190 227
190 250
190 256
190 261
190 278
190 326
190 377
190 429
190 432
190 458
191 326
191 330
191 383
191 401
191 479
192 251
192 323
192 491
193 301
193 344
193 391
193 402
193 405
193 457
193 475
193 497
194 299
194 311
194 332
194 410
194 443
194 452
194 458
195 214
195 279
195 283
195 319
195 395
195 466
196 210
196 334
196 372
196 476
196 486
197 199
197 346
197 351
197 456
197 457
197 492
198 315
198 394
199 222
199 309
199 319
199 347
199 388
199 393
199 402
199 412
199 422
199 435
199 450
199 480
199 486
200 201
200 221
200 371
201 208
201 341
201 375
201 377
201 419
201 440
201 460
201 486
202 227
202 253
202 291
202 305
202 467
202 491
203 229
203 252
203 298
203 365
204 222
204 263
204 272
204 304
204 396
204 413
204 432
204 465
205 215
205 257
205 284
205 295
205 357
205 380
205 387
205 429
205 439
206 275
206 286
206 487
206 493
207 251
207 253
207 262
207 293
207 330
207 339
207 414
207 429
207 443
207 494
208 249
208 285
208 304
208 309
208 417
208 429
208 449
208 478
209 375
209 482
210 337
210 347
210 376
211 334
211 396
211 426
211 430
211 483
212 297
212 307
212 353
212 408
212 438
212 453
213 251
213 381
213 404
214 345
214 348
214 410
214 413
214 494
215 360
215 450
215 495
216 294
216 329
216 332
216 428
216 465
217 279
217 363
217 391
217 450
217 497
218 249
218 268
218 305
218 322
218 402
218 446
219 301
219 321
219 388
219 390
220 245
220 257
220 287
220 372
220 441
220 472
221 235
221 237
221 273
221 293
221 354
221 402
221 405
221 428
221 488
222 235
222 268
222 388
222 421
222 434
222 462
223 255
223 326
223 343
223 377
223 470
223 483
224 385
224 441
224 498
225 227
225 240
225 248
225 266
225 308
225 352
225 416
225 437
226 319
226 382
226 430
226 457
226 475
227 274
227 307
227 330
227 422
228 229
228 313
228 373
228 387
228 452
228 470
229 444
229 456
229 480
230 247
230 267
230 279
230 280
230 319
230 390
230 473
231 255
231 319
231 334
231 379
231 405
231 431
231 475
231 487
232 299
232 329
232 331
232 435
233 247
233 265
233 295
233 296
233 355
233 377
233 414
233 433
233 455
233 462
234 240
234 241
234 301
234 343
234 376
235 293
235 362
235 424
236 285
236 358
236 365
236 425
236 493
237 263
237 360
238 299
238 327
238 350
238 369
238 433
239 260
239 298
239 377
239 379
239 423
239 437
239 450
239 485
240 277
240 329
240 338
240 392
240 432
240 481
241 366
241 375
241 491
241 494
242 367
242 475
243 298
243 308
243 317
243 323
243 356
243 406
243 454
244 339
244 351
244 398
244 434
244 446
245 277
245 394
245 411
245 450
246 260
246 325
246 329
246 485
247 257
247 349
247 397
247 448
247 482
248 304
248 409
248 418
248 459
248 498
249 353
249 459
250 271
250 321
250 334
250 450
250 476
250 477
251 370
251 449
252 253
252 263
252 334
252 377
252 398
252 447
252 461
252 481
253 273
253 395
253 475
253 476
253 482
254 308
254 331
254 346
254 445
254 497
255 261
255 405
255 431
255 463
256 307
256 397
256 489
257 264
257 292
257 304
257 381
257 416
257 452
257 481
259 279
259 364
259 394
259 464
259 476
260 284
260 411
260 440
261 286
261 293
261 386
261 442
261 443
262 297
262 384
262 450
263 275
263 282
263 307
263 350
263 412
263 426
263 464
264 311
264 410
264 440
264 448
264 453
265 349
265 353
265 440
266 358
266 396
266 403
266 418
267 311
267 333
267 334
267 362
267 406
267 447
267 455
268 319
268 382
268 438
268 460
268 494
269 297
269 321
269 334
269 339
269 428
269 477
270 292
270 306
270 319
270 328
270 351
270 360
271 272
271 295
271 353
271 398
271 407
271 440
271 487
272 301
272 306
272 317
273 298
273 404
273 495
274 300
274 315
274 334
274 448
274 478
275 294
275 393
276 288
276 323
276 412
276 424
276 432
277 297
277 307
277 322
277 398
277 442
278 376
278 405
278 454
278 469
279 317
279 334
279 358
279 375
279 379
279 424
280 286
280 311
280 325
280 329
280 359
280 363
280 428
280 435
280 474
281 300
281 381
281 492
282 285
282 294
282 301
282 403
282 421
282 451
282 499
283 341
283 350
284 361
284 446
284 449
284 452
285 350
285 357
285 409
285 430
286 373
286 434
286 477
287 353
287 356
287 470
288 289
288 329
288 370
288 382
288 393
288 450
289 291
289 295
289 403
289 416
289 438
290 305
290 339
290 408
291 320
291 341
291 357
291 413
291 441
291 491
292 345
292 404
292 447
293 314
293 403
293 427
294 296
294 305
295 307
295 326
295 422
295 429
295 434
295 464
295 472
296 434
296 498
297 322
297 431
297 463
297 472
298 308
298 332
298 392
298 397
298 487
299 322
299 358
299 372
299 393
299 415
299 498
300 330
300 416
300 487
300 499
301 381
301 385
301 459
301 464
301 494
302 388
302 404
303 445
304 321
304 327
304 346
304 352
304 357
304 362
304 398
304 499
305 311
305 322
305 350
305 356
305 406
305 459
306 377
306 403
306 471
307 340
307 370
307 447
308 421
308 453
308 462
309 357
309 370
309 378
309 396
309 430
309 451
309 453
310 425
311 325
311 440
311 441
311 444
311 479
311 492
312 330
312 335
312 359
312 363
312 416
312 433
312 452
312 480
312 481
312 482
313 321
313 394
313 431
314 381
314 382
314 409
315 413
315 473
316 347
316 410
316 476
317 366
317 378
317 383
317 494
318 369
319 383
319 432
319 479
320 323
320 426
320 477
320 479
321 326
321 346
321 387
321 405
321 412
321 423
321 471
322 430
322 449
323 439
323 455
325 332
325 351
325 412
325 453
325 461
326 329
326 337
326 348
326 385
326 387
326 394
326 405
326 413
327 381
327 392
327 407
327 429
327 447
328 392
328 456
328 463
328 475
329 382
329 459
329 499
330 395
330 399
330 431
330 443
331 344
331 449
331 470
331 478
332 339
332 371
332 433
332 451
332 453
332 481
333 371
333 443
333 451
334 360
334 380
334 412
334 437
335 353
335 410
335 456
335 483
335 491
336 340
336 349
336 357
337 348
337 377
337 419
337 433
338 381
338 407
338 424
338 466
339 415
339 423
339 431
339 438
339 471
340 366
340 402
340 446
341 457
342 388
342 417
343 402
343 417
343 425
343 437
344 379
344 402
344 415
344 429
344 430
345 348
345 385
345 414
345 419
345 435
346 366
346 412
346 416
346 418
346 468
347 376
347 410
347 416
347 444
347 472
347 477
348 367
348 385
348 425
348 446
349 379
349 409
349 410
349 423
349 464
349 486
350 369
350 439
351 368
351 462
351 484
352 379
353 369
353 378
353 401
353 411
353 456
353 496
354 411
355 474
355 487
356 392
356 405
356 423
356 466
356 497
357 408
358 484
359 368
360 373
360 375
360 438
360 487
361 364
361 417
361 461
361 473
361 487
362 367
362 462
363 435
364 385
364 398
364 456
364 465
365 385
365 441
365 462
366 469
367 414
368 371
368 413
368 479
369 380
369 449
370 444
371 397
371 420
372 386
372 457
372 491
373 388
373 399
373 401
373 421
373 480
374 428
374 454
374 497
375 399
376 396
377 471
379 441
379 479
379 481
380 427
380 480
381 402
381 496
382 421
382 425
382 453
383 469
383 470
383 495
384 470
385 426
386 413
386 493
387 408
387 443
387 491
387 492
388 390
388 480
389 416
389 418
390 409
390 443
390 467
391 406
391 428
391 498
392 486
392 496
393 397
393 410
393 471
393 488
394 404
395 468
396 473
396 488
397 415
399 401
399 426
399 431
400 412
400 416
400 456
401 421
401 468
402 439
402 450
402 452
402 455
403 432
403 439
404 438
405 423
405 471
405 492
407 445
407 490
407 493
408 485
408 488
409 457
410 413
410 427
412 425
412 441
413 428
413 434
414 431
414 448
415 488
415 489
416 434
416 440
418 436
418 458
418 486
420 445
421 442
421 453
422 442
424 452
426 439
427 472
427 483
427 490
428 456
428 489
429 493
430 439
430 487
430 489
431 468
431 487
432 434
432 460
433 439
434 474
434 480
434 490
434 496
435 462
435 475
435 487
436 446
436 482
436 490
436 496
436 499
438 439
438 461
438 474
438 494
441 474
443 447
443 457
444 499
445 450
445 490
446 459
448 453
449 466
449 479
450 487
452 453
452 466
453 474
453 476
454 463
455 498
457 461
457 470
460 493
463 484
465 485
467 492
469 493
471 472
474 482
475 496
479 495
482 493
483 486
486 493
488 499
490 497
