1
0 311
0 534
1 220
1 706
2 147
2 300
3 331
3 352
4 581
4 631
5 35
5 118
6 350
6 456
7 112
7 265
8 76
8 417
9 91
9 605
10 524
10 676
11 96
11 499
12 435
12 741
13 327
13 529
14 242
14 334
15 322
15 569
16 585
16 790
17 44
17 274
18 238
19 291
19 399
20 201
20 366
21 134
21 609
22 226
22 334
23 644
23 700
24 48
24 446
25 173
25 175
26 32
26 508
27 631
27 757
28 460
28 750
29 393
29 408
30 370
30 507
31 388
31 407
32 612
33 404
33 744
34 253
34 754
35 380
36 344
36 459
37 138
37 554
38 280
38 737
39 570
39 612
40 110
40 492
41 430
41 678
42 93
42 383
43 176
43 626
44 140
45 374
45 658
46 208
46 228
47 258
47 261
48 735
49 172
49 415
50 356
50 362
51 206
51 387
52 636
52 652
53 217
53 250
54 250
54 502
55 588
55 742
56 248
56 799
57 169
57 677
58 260
58 651
59 460
59 763
60 183
60 562
61 213
61 313
62 431
62 647
63 284
63 771
64 255
64 649
65 107
65 155
66 515
66 764
67 372
67 520
68 294
68 704
69 87
69 462
70 510
70 724
71 265
71 696
72 209
72 296
73 277
73 453
74 747
74 785
75 171
75 271
76 613
77 438
77 648
78 267
78 475
79 156
79 638
80 102
80 368
81 369
81 555
82 531
82 669
83 216
83 764
84 324
84 483
85 136
85 595
86 528
86 667
87 113
88 524
88 642
89 202
89 400
90 143
90 285
91 267
92 448
92 614
93 791
94 149
94 247
95 401
95 587
96 386
97 173
97 281
98 114
98 489
99 146
99 359
100 709
100 717
101 147
101 661
102 456
103 197
103 427
104 289
104 734
105 153
105 770
106 246
106 543
107 729
108 348
108 522
109 602
109 741
110 526
111 323
111 424
112 402
113 387
114 164
115 459
115 772
116 698
116 786
117 204
117 308
118 196
119 576
119 670
120 341
120 641
121 135
121 658
122 489
122 632
123 478
123 574
124 500
124 767
125 179
125 191
126 282
126 515
127 494
127 765
128 735
128 780
129 465
129 590
130 371
130 608
131 372
131 664
132 227
132 342
133 208
133 270
134 497
135 531
136 214
137 174
137 252
138 162
139 457
139 697
140 392
141 175
141 551
142 266
142 447
143 490
144 428
144 637
145 171
145 559
146 629
148 224
148 550
149 702
150 699
150 736
151 298
151 503
152 181
152 234
153 167
154 692
154 711
155 415
156 791
157 517
157 732
158 709
158 730
159 418
159 512
160 442
160 662
161 424
161 749
162 732
163 280
163 505
164 437
165 585
165 633
166 553
166 638
167 443
168 330
168 388
169 349
170 580
170 668
172 353
174 730
176 601
177 218
177 733
178 287
178 419
179 411
180 423
180 708
181 225
182 240
182 719
183 220
184 222
184 227
185 536
185 728
186 670
186 680
187 503
187 682
188 583
188 731
189 578
189 723
190 443
190 567
191 517
192 416
192 453
193 286
193 467
194 652
194 675
195 213
195 403
196 545
197 584
198 410
198 739
199 201
199 715
200 349
200 634
202 684
203 405
203 444
204 470
205 363
205 748
206 577
207 551
207 745
209 309
210 588
210 640
211 463
211 678
212 340
212 761
214 322
215 282
215 686
216 593
217 241
218 751
219 338
219 473
221 307
221 484
222 511
223 778
223 798
224 784
225 507
226 455
228 721
229 488
229 645
230 249
230 483
231 314
231 461
232 499
232 563
233 381
233 513
234 689
235 429
235 785
236 689
236 740
237 521
237 557
238 395
239 606
239 687
240 769
241 284
242 305
243 341
243 371
244 596
244 608
245 508
245 707
246 495
247 625
248 710
249 396
251 298
251 642
252 520
253 409
254 350
254 634
255 488
256 272
256 598
257 717
257 760
258 629
259 264
259 386
260 617
261 753
262 455
262 705
263 356
263 498
264 484
266 535
268 479
268 491
269 718
269 721
270 449
271 360
272 743
273 643
273 767
274 610
275 278
275 672
276 445
276 546
277 723
278 357
279 446
279 628
281 611
283 470
283 757
285 679
286 493
287 725
288 291
288 599
289 606
290 408
290 474
292 325
292 747
293 694
293 704
294 501
295 716
295 774
296 477
297 309
297 692
299 439
299 565
300 685
301 457
301 711
302 564
302 727
303 405
303 674
304 382
304 641
305 379
306 315
306 621
307 663
308 346
310 399
310 469
311 452
312 391
312 762
313 406
314 421
315 679
316 578
316 684
317 544
317 743
318 614
318 654
319 532
319 663
320 467
320 780
321 433
321 575
323 595
324 358
325 511
326 366
326 587
327 575
328 561
328 573
329 577
329 656
330 600
331 693
332 616
332 644
333 620
333 716
335 344
335 640
336 549
336 702
337 345
337 435
338 429
339 695
339 773
340 361
342 552
343 463
343 509
345 598
346 572
347 359
347 530
348 710
351 428
351 789
352 533
353 548
354 392
354 719
355 547
355 683
357 592
358 519
360 751
361 671
362 494
363 516
364 540
364 783
365 605
365 703
367 413
367 712
368 688
369 653
370 571
373 422
373 657
374 637
375 440
375 773
376 385
376 707
377 604
377 766
378 476
378 742
379 613
380 496
381 617
382 762
383 604
384 571
384 627
385 560
389 450
389 532
390 426
390 792
391 486
393 477
394 569
394 722
395 777
396 768
397 615
397 616
398 574
398 635
400 558
401 682
402 434
403 556
404 685
406 534
407 648
409 632
410 622
411 552
412 491
412 795
413 519
414 504
414 660
416 672
417 462
418 521
419 472
420 458
420 718
421 441
422 796
423 594
425 539
425 618
426 763
427 481
430 655
431 464
432 536
432 671
433 666
434 589
436 627
436 782
437 662
438 487
439 783
440 583
441 633
442 731
444 615
445 542
447 582
448 768
449 597
450 538
451 528
451 596
452 590
454 580
454 782
458 533
461 555
464 466
465 733
466 589
468 516
468 673
469 586
471 703
471 797
472 686
473 786
474 562
475 504
476 624
478 755
479 530
480 485
480 774
481 573
482 657
482 781
485 553
486 724
487 635
490 745
492 540
493 756
495 673
496 752
497 500
498 698
501 510
502 681
505 539
506 659
506 761
509 696
512 527
513 677
514 599
514 705
518 636
518 777
522 525
523 566
523 597
525 726
526 794
527 775
529 639
535 789
537 544
537 758
538 611
541 591
541 694
542 787
543 559
545 626
546 713
547 797
548 695
549 738
550 766
554 755
556 691
557 584
558 649
560 659
561 715
563 567
564 669
565 675
566 579
568 665
568 750
570 607
572 753
576 593
579 778
581 607
582 712
586 674
591 655
592 769
594 771
600 603
601 779
602 744
603 714
609 728
610 701
618 727
619 654
619 748
620 668
621 651
622 793
623 700
623 779
624 759
625 714
628 734
630 726
630 775
639 713
643 788
645 765
646 701
646 799
650 697
650 729
653 664
656 722
660 790
661 706
665 688
666 776
667 760
676 736
680 708
681 772
683 690
687 725
690 691
693 752
699 793
720 759
720 781
737 798
738 788
739 749
740 776
746 787
746 795
754 770
756 794
758 796
784 792
800 647
801 18
-1 -1
4.11162
