1
0 114
0 397
1 227
1 633
2 562
2 761
3 256
3 612
4 158
4 477
5 93
5 732
6 148
6 225
7 47
7 180
8 150
8 384
9 33
9 186
10 172
10 188
11 95
11 307
12 373
12 546
13 398
13 493
14 235
14 252
15 254
15 697
16 268
16 525
17 91
17 488
18 415
18 688
19 39
19 318
20 40
20 331
21 284
21 604
22 83
22 428
23 538
23 585
24 278
24 647
25 387
25 458
26 315
26 378
27 334
27 539
28 106
28 528
29 113
29 292
30 72
30 751
31 292
31 612
32 217
32 521
33 514
34 83
34 770
35 275
35 449
36 635
36 689
37 679
37 684
38 165
38 712
39 281
40 535
41 304
41 385
42 478
42 622
43 100
43 236
44 177
44 519
45 51
46 143
46 375
47 582
48 248
48 454
49 358
49 793
50 453
50 721
51 338
52 103
52 512
53 637
53 749
54 85
54 393
55 654
55 699
56 148
56 536
57 169
57 644
58 115
58 473
59 76
59 723
60 681
60 783
61 468
61 552
62 79
62 306
63 349
63 705
64 359
64 599
65 345
65 605
66 413
66 453
67 96
67 638
68 207
68 562
69 352
69 386
70 543
70 677
71 639
71 657
72 674
73 618
73 739
74 175
74 238
75 303
75 516
76 162
77 104
77 753
78 260
78 735
79 656
80 237
80 305
81 360
81 665
82 250
82 715
84 789
84 795
85 414
86 163
86 560
87 123
87 781
88 141
88 243
89 423
89 774
90 302
90 671
91 480
92 658
92 721
93 454
94 135
94 382
95 616
96 183
97 531
97 792
98 126
98 214
99 523
99 651
100 313
101 527
101 697
102 436
102 711
103 518
104 203
105 124
105 170
106 344
107 477
107 539
108 581
108 749
109 256
109 655
110 121
110 459
111 264
111 270
112 417
112 556
113 229
114 369
115 195
116 630
116 733
117 177
117 474
118 615
118 665
119 183
119 473
120 522
120 524
121 495
122 281
122 634
123 442
124 363
125 280
125 510
126 187
127 155
127 529
128 152
128 668
129 404
129 588
130 330
130 443
131 390
131 455
132 659
132 794
133 289
133 513
134 767
134 784
135 642
136 325
136 776
137 451
137 557
138 191
138 620
139 211
139 630
140 492
140 653
141 714
142 601
142 742
143 610
144 586
144 741
145 464
145 591
146 350
146 419
147 456
147 672
149 156
149 280
150 759
151 522
151 787
152 447
153 293
153 507
154 200
154 710
155 465
156 326
157 204
157 296
158 771
159 192
159 779
160 398
160 422
161 531
161 713
162 702
163 547
164 377
164 434
165 371
166 239
166 503
167 205
167 573
168 396
168 546
169 573
170 360
171 215
171 785
172 487
173 371
173 460
174 191
174 521
175 686
176 326
176 589
178 415
178 622
179 202
179 583
180 434
181 184
181 414
182 322
182 783
184 372
185 265
185 372
186 654
187 368
188 498
189 456
189 705
190 243
190 598
192 738
193 287
193 476
194 247
194 426
195 233
196 472
196 786
197 333
197 758
198 361
198 385
199 338
199 445
200 479
201 471
201 537
202 765
203 517
204 552
205 496
206 609
206 769
207 604
208 274
208 565
209 443
209 461
210 220
210 683
211 708
212 619
212 673
213 314
213 320
214 651
215 699
216 486
216 791
217 351
218 300
218 594
219 299
219 794
220 777
221 701
221 725
222 545
222 729
223 362
223 780
224 437
224 595
225 700
226 279
226 507
227 255
228 229
228 378
230 511
230 557
231 244
231 603
232 329
232 410
233 659
234 250
234 296
235 431
236 773
237 648
238 481
239 720
240 276
240 464
241 333
241 405
242 401
242 591
244 763
245 253
245 736
246 528
246 530
247 662
248 561
249 675
249 683
251 601
251 627
252 748
253 724
254 391
255 599
257 286
257 620
258 542
258 754
259 282
259 548
260 412
261 301
261 563
262 466
262 479
263 400
263 751
264 315
265 277
266 514
266 727
267 444
267 515
268 395
269 293
269 502
270 549
271 558
271 645
272 698
272 798
273 354
273 485
274 432
275 587
276 303
277 505
278 570
279 388
282 688
283 725
283 768
284 745
285 432
285 582
286 769
287 606
288 361
288 481
289 785
290 365
290 380
291 484
291 489
294 391
294 624
295 353
295 550
297 321
297 624
298 564
298 707
299 346
300 760
301 364
302 739
304 500
305 459
306 400
307 492
308 508
308 759
309 475
309 565
310 347
310 530
311 328
311 584
312 646
312 797
313 483
314 569
316 541
316 734
317 368
317 581
318 613
319 468
319 483
320 559
321 694
322 395
323 510
323 743
324 494
324 706
325 452
327 469
327 764
328 502
329 376
330 407
331 668
332 540
332 605
334 411
335 561
335 586
336 600
336 671
337 623
337 773
339 682
339 710
340 444
340 693
341 386
341 796
342 348
342 379
343 534
343 796
344 518
345 733
346 536
347 425
348 389
349 775
350 504
351 626
352 656
353 362
354 695
355 425
355 698
356 370
356 762
357 364
357 590
358 580
359 798
363 670
365 786
366 525
366 717
367 421
367 457
369 409
370 729
373 778
374 449
374 646
375 379
376 503
377 648
380 593
381 716
381 795
382 442
383 636
383 650
384 504
387 465
388 491
389 719
390 450
392 416
392 462
393 625
394 401
394 548
396 772
397 613
399 482
399 719
402 641
402 747
403 572
403 574
404 618
405 672
406 422
406 526
407 740
408 660
408 690
409 593
410 653
411 460
412 538
413 596
416 730
417 607
418 617
418 716
419 448
420 435
420 741
421 643
423 674
424 704
424 750
426 575
427 568
427 600
428 799
429 730
429 767
430 497
430 799
431 728
433 541
433 762
435 537
436 634
437 597
438 643
438 670
439 469
439 707
440 499
440 780
441 549
441 778
445 567
446 652
446 782
447 587
448 676
450 775
451 718
452 768
455 734
457 467
458 478
461 585
462 571
463 540
463 788
466 784
467 498
470 570
470 709
471 696
472 476
474 650
475 744
480 673
482 568
484 714
485 679
486 747
487 494
488 702
489 583
490 667
490 746
491 771
493 655
495 632
496 602
497 680
499 602
500 682
501 703
501 765
505 621
506 685
506 742
508 756
509 578
509 779
511 621
512 753
513 726
515 722
516 628
517 544
519 625
520 637
520 664
523 703
524 735
526 564
527 728
529 736
532 574
532 641
533 738
533 758
534 755
535 609
542 692
543 592
544 752
547 572
550 757
551 626
551 640
553 554
553 766
554 757
555 649
555 662
556 706
558 566
559 596
560 754
563 675
566 642
567 657
569 774
571 594
575 664
576 608
576 616
577 589
577 614
578 640
579 590
579 731
580 755
584 661
588 691
592 764
595 713
597 718
598 694
603 766
606 614
607 727
608 695
610 647
611 644
611 685
615 790
617 792
619 772
623 690
627 712
628 770
629 638
629 669
631 635
631 686
632 745
633 726
636 793
639 687
645 649
652 692
658 752
660 797
661 709
663 687
663 720
666 701
666 744
667 676
669 750
677 782
678 684
678 693
680 722
681 781
689 790
691 737
696 711
700 740
704 777
708 787
715 789
717 760
723 776
724 761
731 748
732 746
737 791
743 763
756 788
800 545
801 45
-1 -1
2.41432
