1
0 795
0 505
1 2
1 9
2 5
3 679
3 434
4 106
4 634
5 231
6 102
6 642
7 75
7 366
8 544
8 753
9 215
10 471
10 625
11 565
11 448
12 457
12 775
13 533
13 736
14 64
14 574
15 105
15 127
16 593
16 487
17 586
17 762
18 533
18 128
19 123
19 197
20 226
20 733
21 519
21 263
22 715
22 562
23 646
23 216
24 174
24 396
25 690
25 778
26 349
26 571
27 530
27 415
28 201
28 673
29 203
29 553
30 164
30 794
31 39
31 225
32 66
32 771
33 703
33 564
34 61
34 274
35 790
35 329
36 575
36 556
37 583
37 691
38 594
38 304
39 462
40 674
40 405
41 438
41 494
42 550
42 762
43 599
43 676
44 532
44 711
45 218
45 328
46 55
46 718
47 632
47 737
48 275
48 431
49 118
49 242
50 364
50 367
51 785
51 497
52 68
52 245
53 637
53 761
54 156
54 186
55 373
56 200
56 664
57 124
57 143
58 768
58 215
59 152
59 680
60 582
60 391
61 784
62 189
62 456
63 205
63 647
64 610
65 418
65 508
66 470
67 151
67 332
68 619
69 333
69 467
70 76
70 342
71 739
71 787
72 622
72 461
73 565
73 290
74 660
74 436
75 154
76 180
77 153
77 492
78 119
78 379
79 699
79 344
80 252
80 262
81 760
81 531
82 555
82 368
83 641
83 485
84 187
84 233
85 331
85 408
86 600
86 159
87 283
87 305
88 125
88 689
89 287
89 663
90 384
90 441
91 223
91 477
92 301
92 678
93 595
93 636
94 650
94 494
95 569
95 244
96 146
96 314
97 230
97 769
98 593
98 777
99 541
99 581
100 111
100 226
101 573
101 241
102 692
103 195
103 339
104 257
104 407
105 576
106 488
107 201
107 325
108 145
108 347
109 386
109 670
110 338
110 468
111 720
112 266
112 321
113 227
113 235
114 515
114 794
115 476
115 493
116 241
116 296
117 191
117 752
118 556
119 160
120 162
120 365
121 776
121 681
122 606
122 668
123 328
124 748
125 681
126 546
126 210
127 297
128 701
129 527
129 194
130 672
130 411
131 605
131 654
132 360
133 198
133 754
134 151
134 193
135 611
135 537
136 741
136 436
137 722
137 374
138 557
138 478
139 554
139 756
140 708
140 517
141 615
141 640
142 526
142 757
143 507
144 528
144 746
145 448
146 153
147 615
147 353
148 315
148 440
149 727
149 502
150 388
150 496
152 594
154 264
155 296
155 393
156 406
157 516
157 495
158 644
158 490
159 611
160 732
161 756
161 447
162 588
163 346
163 353
164 729
165 261
165 317
166 623
166 483
167 512
167 653
168 773
168 711
169 616
169 687
170 173
170 185
171 721
171 482
172 787
172 337
173 574
174 771
175 684
175 753
176 795
176 391
177 609
177 623
178 789
178 796
179 539
179 784
180 184
181 667
181 299
182 522
182 318
183 585
183 375
184 259
185 781
186 397
187 340
188 570
188 342
189 339
190 219
190 240
191 772
192 512
192 651
193 277
194 286
195 256
196 319
196 502
197 745
198 654
199 551
199 508
200 432
202 732
202 302
203 290
204 499
204 606
205 461
206 357
206 363
207 541
207 402
208 742
208 501
209 765
209 455
210 748
211 755
211 571
212 385
212 387
213 697
213 724
214 722
214 423
216 727
217 737
217 337
218 424
219 576
220 351
220 399
221 307
221 354
222 691
222 723
223 282
224 320
224 473
225 509
227 443
228 573
228 289
229 686
229 511
230 526
231 454
232 602
232 777
233 698
234 422
234 469
235 680
236 265
236 341
237 721
237 285
238 781
238 355
239 286
239 523
240 766
242 725
243 582
243 788
244 649
245 666
246 590
246 555
247 264
247 268
248 579
248 661
249 617
249 398
250 312
250 472
251 718
251 382
252 633
253 597
253 490
254 702
254 710
255 750
255 438
256 749
257 371
258 719
258 430
259 609
260 334
260 763
261 747
262 485
263 720
265 549
266 759
267 558
267 489
268 701
269 607
269 298
270 638
270 782
271 531
271 557
272 709
272 577
273 626
273 682
274 336
275 563
276 704
276 433
277 688
278 417
278 428
279 341
279 349
280 291
280 454
281 293
281 395
282 361
283 799
284 697
284 477
285 333
287 354
288 584
288 742
289 460
291 783
292 702
292 324
293 308
294 687
294 598
295 667
295 648
297 403
298 314
299 478
300 558
300 378
301 747
302 393
303 598
303 425
304 378
305 668
306 589
306 480
307 700
308 520
309 614
309 618
310 714
310 789
311 566
311 665
312 729
313 370
313 507
315 738
316 684
316 758
318 652
319 786
320 416
321 392
322 382
322 430
323 326
323 491
324 421
325 749
326 548
327 630
327 434
329 752
330 429
330 596
331 673
332 412
334 760
335 443
335 444
336 638
338 360
340 501
343 376
343 480
344 601
345 564
345 396
346 428
347 479
348 662
348 456
350 612
350 420
351 589
352 453
352 458
355 380
356 751
356 394
357 669
358 659
358 763
359 547
359 500
361 504
362 774
362 463
363 700
364 655
365 520
366 588
367 514
368 466
369 751
369 435
370 683
371 644
372 728
372 470
373 435
374 452
375 622
376 580
377 607
377 453
379 427
380 776
381 385
381 400
383 544
383 717
384 651
386 581
387 734
388 433
389 587
389 559
390 575
390 690
392 744
394 671
395 471
397 648
398 464
399 683
400 676
401 786
401 714
402 726
403 414
404 569
404 504
405 578
406 618
407 791
408 621
409 695
409 447
410 779
410 463
411 525
412 717
413 517
413 658
414 539
415 783
416 755
417 491
418 657
419 530
419 735
420 560
421 459
422 775
423 536
424 767
425 445
426 550
426 694
427 630
429 442
431 591
432 449
437 764
437 578
439 656
439 736
440 568
441 455
442 579
444 534
445 568
446 540
446 591
449 671
450 583
450 488
451 545
451 643
452 791
457 518
458 612
459 619
460 745
462 761
464 693
465 610
465 469
466 724
467 596
468 499
472 796
473 754
474 521
474 484
475 621
475 716
476 603
479 639
481 766
481 509
482 629
483 601
484 693
486 602
486 675
487 694
489 592
492 708
493 740
495 532
496 584
497 506
498 613
498 516
500 713
503 677
503 655
505 634
506 625
510 636
510 739
511 529
513 793
513 559
514 678
515 705
518 603
519 572
521 547
522 572
523 770
524 545
524 793
525 797
527 548
528 734
529 580
534 632
535 635
535 640
536 677
537 563
538 608
538 782
540 561
542 798
542 767
543 645
543 650
546 746
549 710
551 764
552 759
552 662
553 703
554 723
560 790
561 798
562 731
566 765
567 631
567 726
570 624
577 788
585 792
586 692
587 620
590 774
592 679
595 631
597 647
599 604
600 704
604 658
605 706
608 653
613 635
614 785
616 780
617 779
620 715
624 695
626 664
627 738
627 743
628 670
628 641
629 773
633 659
637 643
639 797
642 660
645 712
646 696
649 657
652 716
656 706
661 768
663 674
665 743
666 712
669 735
672 689
675 696
682 733
685 750
685 758
686 770
688 741
698 728
699 778
705 707
707 713
709 740
719 799
725 744
730 769
730 731
757 772
780 792
800 317
801 132
-1 -1
123.014
