1
0 189
0 278
1 597
1 725
2 617
2 534
3 56
3 214
4 44
4 445
5 583
5 495
6 206
6 599
7 10
7 746
8 145
8 423
9 153
9 716
10 268
11 130
11 464
12 532
12 684
13 590
13 217
14 164
14 187
15 554
15 300
16 738
16 505
17 783
17 349
18 265
18 281
19 116
19 771
20 528
20 471
21 740
21 388
22 274
22 362
23 696
23 429
24 791
24 502
25 68
25 201
26 419
26 450
27 41
27 275
28 171
28 482
29 779
29 456
30 95
30 194
31 582
31 91
32 296
32 449
33 148
33 388
34 207
34 420
35 261
35 333
36 585
37 625
37 206
38 512
38 518
39 275
39 416
40 108
40 602
41 312
42 157
42 328
43 144
43 535
44 415
45 742
45 281
46 49
46 445
47 605
47 245
48 119
48 784
49 374
50 574
50 543
51 386
51 394
52 615
52 719
53 256
53 429
54 276
54 368
55 513
55 723
56 151
57 248
57 343
58 115
58 504
59 219
59 440
60 640
60 347
61 782
61 425
62 596
62 644
63 631
63 417
64 261
64 324
65 724
65 309
66 692
66 267
67 134
67 139
68 121
69 709
69 502
70 735
70 647
71 159
71 787
72 409
72 561
73 781
73 456
74 620
74 288
75 570
75 269
76 338
76 348
77 128
77 423
78 192
78 330
79 205
79 372
80 131
80 150
81 778
81 482
82 204
82 373
83 105
83 486
84 598
84 122
85 626
85 310
86 364
86 378
87 558
87 514
88 168
88 731
89 361
89 691
90 248
90 599
91 221
92 604
92 260
93 105
93 655
94 188
94 350
95 581
96 623
96 394
97 533
97 178
98 732
98 455
99 282
99 705
100 616
100 236
101 660
101 313
102 187
102 491
103 392
103 767
104 277
104 783
106 517
106 513
107 619
107 166
108 596
109 113
109 167
110 216
110 307
111 329
111 501
112 430
112 510
113 628
114 252
114 431
115 168
116 575
117 185
117 201
118 552
118 479
119 311
120 578
120 764
121 139
122 637
123 734
123 470
124 287
124 303
125 531
125 272
126 679
127 412
127 773
128 409
129 598
129 476
130 154
131 743
132 380
132 398
133 648
133 351
134 294
135 161
135 691
136 448
136 675
137 238
137 266
138 737
138 283
140 229
140 434
141 526
141 610
142 170
142 745
143 215
143 499
144 739
145 447
146 692
146 237
147 536
147 320
148 795
149 170
149 506
150 286
151 365
152 741
152 733
153 566
154 474
155 512
155 698
156 520
156 588
157 799
158 618
158 670
159 721
160 630
160 490
161 682
162 600
162 714
163 515
163 471
164 346
165 646
165 466
166 743
167 222
169 547
169 538
171 483
172 181
172 223
173 576
173 794
174 229
174 316
175 610
175 351
176 794
176 381
177 212
177 508
178 627
179 239
179 487
180 531
180 475
181 462
182 601
182 284
183 326
183 366
184 784
184 496
185 619
186 593
186 748
188 697
189 249
190 749
190 768
191 573
191 463
192 332
193 527
193 469
194 757
195 623
195 342
196 583
196 216
197 556
197 498
198 582
198 279
199 316
199 397
200 699
200 424
202 687
202 538
203 750
203 363
204 560
205 514
207 453
208 730
208 401
209 638
209 666
210 387
210 414
211 642
211 643
212 371
213 422
213 457
214 726
215 427
217 649
218 302
218 385
219 609
220 293
220 301
221 337
222 231
223 379
224 291
224 636
225 666
225 467
226 602
226 392
227 720
227 797
228 283
228 488
230 271
230 480
231 545
232 308
232 492
233 592
233 320
234 522
234 440
235 629
235 325
236 772
237 525
238 329
239 559
240 751
240 661
241 664
241 271
242 732
242 273
243 540
243 561
244 562
244 393
245 617
246 771
246 319
247 430
247 442
249 707
250 516
250 441
251 488
251 554
252 334
253 650
253 371
254 595
254 341
255 433
255 472
256 681
257 537
257 416
258 464
258 565
259 758
259 663
260 497
262 548
262 712
263 562
263 796
264 653
264 451
265 626
266 270
267 566
268 284
269 656
270 509
272 606
273 530
274 443
276 774
277 424
278 433
279 408
280 565
280 678
282 403
285 675
285 439
286 779
287 353
288 671
289 793
289 385
290 442
290 446
291 432
292 708
292 777
293 435
294 674
295 352
295 681
296 722
297 555
297 326
298 786
298 396
299 590
299 313
300 426
301 331
302 367
303 473
304 778
304 402
305 389
305 404
306 629
306 654
307 417
308 591
309 766
310 494
311 663
312 678
314 791
314 369
315 798
315 677
317 795
317 592
318 799
318 730
319 373
321 504
321 694
322 719
322 363
323 641
323 736
324 762
325 543
327 697
327 537
328 435
330 726
331 500
332 633
333 645
334 479
335 710
335 483
336 735
336 354
337 668
338 757
339 407
339 501
340 441
340 484
341 557
342 519
343 477
344 635
344 462
345 628
345 484
346 717
347 518
348 640
349 724
350 798
352 587
353 413
354 376
355 711
355 564
356 528
356 383
357 591
357 454
358 731
358 584
359 529
359 638
360 621
360 752
361 676
362 772
364 744
365 684
366 520
367 541
368 669
369 406
370 558
370 480
372 472
374 400
375 378
375 765
376 496
377 703
377 756
379 770
380 390
381 595
382 606
382 621
383 481
384 674
384 780
386 437
387 459
389 563
390 676
391 611
391 729
393 568
395 622
395 634
396 517
397 614
398 463
399 693
399 612
400 490
401 665
402 419
403 662
404 588
405 614
405 763
406 569
407 753
408 696
410 723
410 421
411 645
411 493
412 503
413 761
414 587
415 688
418 516
418 567
420 569
421 720
422 524
425 690
426 668
427 474
428 736
428 788
431 452
432 722
434 643
436 552
436 589
437 776
438 477
438 766
439 694
443 515
444 789
444 508
446 658
447 550
448 765
449 493
450 745
451 632
452 716
453 604
454 683
455 647
457 787
458 796
458 680
459 792
460 549
460 653
461 725
461 649
465 727
465 774
466 790
467 785
468 686
468 729
469 607
470 780
473 670
475 759
476 700
478 711
478 712
481 486
485 740
485 572
487 667
489 750
489 492
491 704
494 700
495 755
497 616
498 690
499 715
500 652
503 594
505 764
506 527
507 646
507 603
509 701
510 553
511 533
511 703
519 775
521 551
521 556
522 797
523 546
523 760
524 579
525 758
526 594
529 620
530 600
532 788
534 739
535 747
536 664
539 608
539 673
540 702
541 682
542 570
542 789
544 611
544 639
545 665
546 708
547 618
548 744
549 550
551 642
553 672
555 695
557 746
559 607
560 578
563 654
564 660
567 698
568 639
571 651
571 612
572 601
573 580
574 586
575 742
576 659
577 673
577 613
579 693
580 677
581 584
585 686
586 704
589 624
593 718
597 775
603 768
605 721
608 705
609 631
613 702
615 760
622 714
624 683
625 793
627 687
630 756
632 641
633 699
634 710
635 755
636 763
637 773
644 741
648 769
650 737
651 728
652 727
655 657
656 777
657 685
658 754
659 671
661 709
662 672
667 785
669 695
679 761
680 713
685 717
688 715
689 706
689 781
701 728
706 713
707 776
718 752
733 769
734 767
738 770
747 790
748 754
749 786
751 759
753 762
782 792
800 126
801 36
-1 -1
34.3074
