1
0 16
0 18
1 19
1 624
2 107
2 443
3 574
3 738
4 774
4 646
5 743
5 245
6 575
6 122
7 567
7 214
8 120
8 556
9 60
9 143
10 515
11 570
11 672
12 665
12 405
13 534
13 256
14 160
14 166
15 232
15 758
16 491
17 82
17 671
18 396
19 450
20 296
20 298
21 614
21 135
22 461
22 494
23 212
23 456
24 514
24 72
25 762
25 471
26 551
26 443
27 37
27 257
28 210
28 226
29 202
29 788
30 192
30 794
31 295
31 298
32 105
32 235
33 653
33 236
34 740
34 756
35 688
35 415
36 640
36 700
37 269
38 515
38 781
39 302
39 426
40 739
40 248
41 141
41 497
42 89
42 691
43 96
43 450
44 701
44 261
45 142
45 761
46 174
46 539
47 611
47 321
48 549
48 782
49 187
49 196
50 528
50 309
51 97
51 310
52 211
52 403
53 643
53 306
54 548
54 364
55 724
55 461
56 317
56 410
57 690
57 262
58 361
58 377
59 81
59 109
60 559
61 279
61 397
62 626
62 280
63 88
63 255
64 463
64 707
65 532
65 795
66 153
66 201
67 69
67 184
68 517
68 565
69 152
70 668
70 447
71 126
71 306
72 531
73 129
73 194
74 192
74 385
75 517
75 352
76 615
76 788
77 512
77 417
78 542
78 775
79 578
79 176
80 595
80 585
81 640
82 399
83 645
83 180
84 742
84 766
85 683
85 156
86 311
86 413
87 183
87 319
88 330
89 375
90 607
90 749
91 213
91 462
92 721
92 772
93 335
93 500
94 676
94 481
95 161
95 429
96 121
97 456
98 267
98 488
99 408
99 749
100 598
100 308
101 186
101 259
102 561
102 473
103 137
103 303
104 589
104 169
105 553
106 776
106 311
107 689
108 726
108 440
109 612
110 148
110 216
111 768
111 387
112 744
112 787
113 275
113 319
114 159
114 299
115 266
115 275
116 581
116 446
117 518
117 594
118 261
118 794
119 595
119 235
120 391
121 209
122 647
123 150
123 368
124 600
124 191
125 584
125 138
126 705
127 400
127 439
128 336
128 434
129 726
130 730
130 431
131 249
131 791
132 164
132 343
133 691
133 473
134 706
134 563
135 421
136 764
136 671
137 783
138 445
139 777
139 659
140 279
140 438
141 626
142 425
143 444
144 684
144 753
145 548
145 389
146 602
146 223
147 732
147 316
148 427
149 277
149 468
150 616
151 377
151 394
152 497
153 407
154 600
154 292
155 342
155 466
156 162
157 178
157 772
158 623
158 483
159 633
160 519
161 476
162 415
163 634
163 777
164 643
165 292
165 424
166 215
167 710
167 613
168 658
168 603
169 479
170 636
170 260
171 374
171 430
172 288
172 379
173 202
173 767
174 327
175 217
175 488
176 342
177 627
177 363
178 681
179 744
179 394
180 629
181 735
181 504
182 787
182 498
183 723
184 662
185 215
185 238
186 667
187 287
188 617
188 694
189 307
189 329
190 750
190 416
191 481
193 544
193 759
194 676
195 301
195 446
196 293
197 287
197 457
198 647
198 423
199 618
199 795
200 234
200 482
201 605
203 465
203 790
204 347
204 384
205 623
205 255
206 258
206 361
207 682
207 716
208 612
208 391
209 754
210 480
211 418
212 239
213 439
214 489
216 414
217 406
218 782
218 411
219 546
219 359
220 734
220 436
221 328
221 350
222 522
222 718
223 759
224 758
224 572
225 699
225 751
226 490
227 366
227 541
228 683
228 550
229 596
229 309
230 695
230 579
231 362
231 492
232 705
233 648
233 463
234 621
236 381
237 798
237 341
238 697
239 290
240 712
240 465
241 660
241 468
242 678
242 385
243 276
243 389
244 670
244 649
245 610
246 702
246 597
247 545
247 584
248 564
249 710
250 689
250 348
251 534
251 670
252 714
252 409
253 536
253 419
254 719
254 477
256 496
257 562
258 340
259 541
260 400
262 773
263 302
263 442
264 343
264 384
265 386
265 521
266 355
267 578
268 638
268 297
269 747
270 672
270 458
271 276
271 355
272 679
272 414
273 677
273 753
274 737
274 453
277 766
278 314
278 429
280 532
281 390
281 449
282 307
282 580
283 551
283 663
284 741
284 799
285 632
285 344
286 520
286 360
288 606
289 324
289 663
290 555
291 582
291 484
293 369
294 305
294 420
295 763
296 716
297 339
299 557
300 378
300 432
301 762
303 694
304 709
304 729
305 678
308 370
310 624
312 664
312 365
313 652
313 346
314 356
315 424
315 494
316 633
317 464
318 512
318 692
320 327
321 567
322 329
322 588
323 751
323 363
324 601
325 722
325 748
326 530
326 493
328 371
330 721
331 657
331 682
332 344
332 778
333 604
333 560
334 697
334 487
335 520
336 774
337 399
337 437
338 644
338 537
339 554
340 704
341 527
345 570
345 492
346 581
347 544
348 358
349 589
349 628
350 410
351 433
351 472
352 555
353 746
353 693
354 540
354 764
356 428
357 757
357 499
358 727
359 526
360 547
362 631
364 557
365 586
366 411
367 568
367 651
368 720
369 442
370 656
371 432
372 507
372 731
373 376
373 594
374 500
375 717
376 673
378 606
379 755
380 632
380 412
381 504
382 636
382 692
383 524
383 441
386 593
387 519
388 714
388 760
390 761
392 552
392 395
393 583
393 654
395 509
396 700
397 472
398 575
398 419
401 523
401 470
402 770
402 719
403 713
404 771
404 412
405 598
406 476
407 437
408 475
409 680
413 577
416 698
417 482
418 582
420 784
421 750
422 514
422 702
423 522
425 625
426 735
427 467
428 454
430 609
431 742
433 756
434 438
435 668
435 781
436 709
440 596
441 745
444 552
445 620
447 516
448 590
448 495
449 571
451 525
451 713
452 556
452 631
453 785
454 654
455 531
455 659
457 572
458 611
459 789
459 510
460 558
460 592
462 660
464 712
466 796
467 507
469 614
469 536
470 793
471 650
474 629
474 641
475 718
477 599
478 708
478 784
479 740
480 752
483 658
484 715
485 728
485 763
486 688
486 609
487 687
489 747
490 591
491 717
493 775
495 765
496 679
498 723
499 704
501 540
501 573
502 527
502 610
503 699
503 786
505 569
505 743
506 637
506 733
508 666
508 769
509 748
510 586
511 569
511 696
513 546
513 797
516 681
518 627
521 630
523 760
524 653
525 645
526 528
529 604
529 590
530 711
533 684
533 737
535 655
535 736
537 607
538 576
538 790
539 731
542 722
543 562
543 634
545 736
547 797
549 675
550 576
553 608
554 573
558 799
559 715
560 701
561 779
563 770
564 690
565 585
566 706
566 674
568 776
571 641
574 635
577 639
579 605
580 703
583 769
587 642
587 630
588 657
591 620
592 792
593 757
597 637
599 779
601 739
602 615
603 695
608 680
613 771
616 685
617 789
618 765
619 667
619 767
621 752
622 778
622 745
625 724
628 746
635 673
638 732
639 711
642 675
644 686
646 786
648 720
649 708
650 785
651 725
652 655
656 729
661 698
661 674
662 666
664 707
665 768
669 685
669 728
677 798
686 796
687 693
696 754
703 727
725 741
730 755
733 780
734 793
738 791
773 780
783 792
800 320
801 10
-1 -1
13.2811
