1
0 61
0 643
1 225
1 653
2 8
2 358
3 254
3 541
4 68
4 572
5 346
6 81
6 527
7 350
7 636
8 244
9 423
9 659
10 84
10 368
11 67
11 644
12 29
12 47
13 73
13 166
14 269
14 306
15 467
15 669
16 74
16 290
17 369
17 508
18 302
18 670
19 650
19 671
20 36
20 550
21 340
21 397
22 251
22 387
23 261
23 484
24 132
24 569
25 50
25 623
26 135
26 616
27 172
27 676
28 309
28 447
29 88
30 655
30 661
31 239
31 343
32 277
32 530
33 320
33 482
34 146
34 377
35 267
35 668
36 320
37 494
37 585
38 279
38 431
39 400
39 600
40 441
40 544
41 300
41 429
42 349
42 528
43 109
43 114
44 480
44 684
45 324
45 633
46 648
46 685
47 325
48 395
48 561
49 144
49 599
50 377
51 494
51 518
52 348
52 375
53 381
53 407
54 486
54 565
55 444
55 605
56 291
56 426
57 258
57 275
58 101
58 436
59 73
59 603
60 331
60 513
61 556
62 115
62 283
63 408
63 625
64 446
64 467
65 141
65 273
66 212
66 614
67 119
68 474
69 499
69 517
70 250
70 273
71 287
71 438
72 248
72 427
74 427
75 392
75 502
76 305
76 512
77 441
77 678
78 488
78 581
79 588
79 666
80 447
80 652
81 680
82 187
82 197
83 264
83 272
84 318
85 586
85 618
86 450
86 607
87 96
87 198
88 445
89 93
89 191
90 163
90 362
91 473
91 591
92 339
92 685
93 475
94 109
94 521
95 133
95 452
96 405
97 223
97 693
98 235
98 647
99 274
99 337
100 156
100 368
101 571
102 411
102 674
103 207
103 524
104 110
104 167
105 134
105 430
106 179
106 407
107 159
107 176
108 538
108 650
110 205
111 244
111 247
112 474
112 672
113 507
113 619
114 535
115 406
116 439
116 536
117 190
117 253
118 370
118 599
119 601
120 139
120 240
121 325
121 385
122 257
122 578
123 478
123 629
124 227
124 321
125 493
125 681
126 351
126 577
127 460
127 658
128 414
128 468
129 308
129 496
130 183
130 565
131 380
131 476
132 276
133 638
134 617
135 160
136 176
136 338
137 481
137 636
138 322
138 619
139 613
140 537
140 564
141 307
142 374
142 546
143 471
143 523
144 506
145 330
145 464
146 359
147 149
147 511
148 341
148 346
149 287
150 457
150 699
151 363
151 411
152 401
152 677
153 435
153 612
154 210
154 288
155 206
155 552
156 242
157 380
157 688
158 211
158 311
159 519
160 367
161 204
161 652
162 422
162 504
163 424
164 433
164 695
165 214
165 435
166 690
167 352
168 239
168 635
169 323
169 482
170 209
170 366
171 486
171 500
172 274
173 183
173 416
174 301
174 455
175 236
175 518
177 606
177 664
178 480
178 592
179 445
180 306
180 501
181 413
181 556
182 617
182 648
184 386
184 596
185 395
185 589
186 597
186 603
187 292
188 229
188 546
189 533
189 642
190 614
191 379
192 222
192 464
193 284
193 340
194 534
194 626
195 316
195 568
196 200
196 213
197 612
198 688
199 415
199 547
200 254
201 414
201 484
202 683
202 697
203 415
203 629
204 665
205 532
206 594
207 453
208 448
208 653
209 307
210 291
211 360
212 317
213 310
214 226
215 442
215 631
216 221
216 587
217 248
217 502
218 358
218 640
219 451
219 651
220 353
220 390
221 423
222 588
223 545
224 334
224 513
225 649
226 314
227 510
228 388
228 590
229 276
230 260
230 661
231 462
231 634
232 385
232 406
233 595
233 654
234 404
234 457
235 587
236 542
237 258
237 356
238 657
238 686
240 487
241 453
241 615
242 315
243 351
243 579
245 573
245 585
246 663
246 675
247 382
249 694
249 699
250 319
251 647
252 419
252 660
253 419
255 472
255 610
256 454
256 510
257 443
259 454
259 678
260 567
261 410
262 456
262 608
263 396
263 552
264 285
265 266
265 670
266 610
267 578
268 297
268 478
269 408
270 337
270 525
271 327
271 362
272 511
275 399
277 506
278 505
278 554
279 590
280 516
280 553
281 360
281 514
282 461
282 681
283 298
284 566
285 428
286 364
286 446
288 297
289 420
289 472
290 387
292 613
293 389
293 440
294 312
294 334
295 469
295 521
296 363
296 449
298 503
299 605
299 659
300 432
301 620
302 656
303 557
303 569
304 329
304 646
305 625
308 485
309 384
310 365
311 598
312 434
313 559
313 576
314 388
315 403
316 691
317 649
318 330
319 432
321 444
322 497
323 557
324 586
326 400
326 658
327 543
328 488
328 611
329 343
331 634
332 582
332 696
333 364
333 425
335 553
335 567
336 465
336 690
338 597
339 466
341 489
342 373
342 602
344 604
344 667
345 350
345 402
347 394
347 504
348 526
349 630
352 460
353 525
354 676
354 692
355 398
355 463
357 531
357 640
359 528
361 373
361 563
365 369
366 642
367 643
370 631
371 413
371 621
372 459
372 492
374 646
375 607
376 512
376 522
378 616
378 698
379 665
381 383
382 397
383 390
384 671
386 639
389 620
391 431
391 656
392 583
393 473
393 686
394 600
396 489
398 602
399 524
401 562
402 580
403 458
404 507
405 577
409 641
409 675
410 466
412 536
412 654
416 589
417 609
417 623
418 425
418 459
420 621
421 452
421 523
422 694
424 539
426 455
428 559
429 490
430 583
433 451
434 544
436 551
437 448
437 687
438 660
439 566
440 477
442 592
443 594
449 481
450 679
456 493
458 570
461 470
462 563
463 516
465 479
468 576
469 575
470 626
471 570
475 595
476 568
477 596
479 549
483 571
483 669
485 562
487 662
490 639
491 611
491 666
492 575
495 540
495 698
496 593
497 549
498 572
498 673
499 522
500 695
501 545
503 560
505 515
508 515
509 548
509 664
514 574
517 584
519 672
520 584
520 673
526 535
527 534
529 609
529 684
530 697
531 622
532 677
533 630
537 555
538 601
539 644
540 638
541 627
542 645
543 547
548 624
550 632
551 606
554 561
555 608
558 628
558 655
560 682
564 663
573 637
574 628
579 693
580 687
581 615
582 637
591 683
593 604
598 667
618 674
622 635
624 668
627 682
632 633
641 662
645 689
651 691
657 689
679 696
680 692
700 356
701 5
-1 -1
43.7175
