1
0 293
0 689
1 561
1 605
2 578
2 632
3 29
3 65
4 224
4 234
5 31
5 360
6 321
6 354
7 360
7 486
8 303
8 664
9 474
9 547
10 69
10 162
11 212
11 448
12 40
12 197
13 363
13 404
14 16
14 103
15 562
15 641
16 181
17 361
17 445
18 101
18 260
19 97
19 227
20 470
20 657
21 111
21 696
22 393
22 418
23 299
23 589
24 222
24 616
25 450
25 615
26 352
26 415
27 197
27 422
28 515
28 685
29 209
30 581
30 680
31 216
32 134
32 648
33 521
33 555
34 278
34 635
35 156
35 346
36 440
36 687
37 135
37 674
38 425
38 698
39 295
39 407
40 450
41 44
41 340
42 127
42 231
43 119
43 408
44 692
45 495
45 498
46 602
46 694
47 255
47 645
48 144
48 639
49 155
49 487
50 63
50 482
51 133
51 564
52 118
52 391
53 62
53 587
54 186
54 238
55 535
55 631
56 377
56 613
57 418
57 656
58 64
58 638
59 257
59 424
60 174
60 276
61 265
61 273
62 422
63 322
64 210
65 635
66 347
66 458
67 464
67 654
68 146
68 532
69 80
70 597
70 673
71 151
71 665
72 153
72 213
73 329
73 677
74 89
74 677
75 136
75 164
76 278
76 492
77 158
77 599
78 182
78 285
79 88
79 121
80 282
81 165
81 623
82 100
82 112
83 126
83 177
84 414
84 574
85 428
85 480
86 129
86 134
87 243
87 427
88 652
89 691
90 185
90 256
91 225
91 560
92 386
92 539
93 281
93 380
94 148
94 584
95 548
95 575
96 543
96 643
97 439
98 523
98 623
99 323
99 426
100 685
101 523
102 116
102 348
103 330
104 239
104 433
105 175
105 626
106 464
106 502
107 142
107 469
108 510
108 569
109 129
109 630
110 147
110 356
111 150
112 226
113 415
113 479
114 120
114 655
115 345
115 533
116 514
117 462
117 631
118 455
119 542
120 286
121 416
122 492
122 578
123 256
123 562
124 153
124 583
125 391
125 611
126 315
127 189
128 579
128 684
130 413
130 665
131 335
131 682
132 516
132 612
133 688
135 359
136 280
137 266
137 400
138 240
138 609
139 603
139 612
140 219
140 299
141 336
141 600
142 427
143 342
143 507
144 619
145 305
145 661
146 694
147 276
148 289
149 237
149 655
150 204
151 342
152 215
152 488
154 322
154 452
155 292
156 670
157 218
157 592
158 695
159 301
159 650
160 270
160 637
161 413
161 603
162 420
163 398
163 654
164 338
165 537
166 385
166 569
167 192
167 598
168 454
168 634
169 214
169 519
170 328
170 643
171 303
171 551
172 429
172 542
173 178
173 367
175 642
176 489
176 628
177 692
178 403
179 356
179 371
180 582
180 667
181 288
182 333
183 350
183 382
184 438
184 549
185 470
186 403
187 198
187 429
188 233
188 451
189 394
190 229
190 556
191 194
191 495
192 287
193 596
193 607
194 651
195 548
195 661
196 229
196 452
198 628
199 647
199 690
200 520
200 546
201 344
201 638
202 215
202 490
203 554
203 660
204 586
205 498
205 609
206 261
206 675
207 286
207 585
208 327
208 479
209 524
210 316
211 321
211 499
212 525
213 487
214 424
216 436
217 282
217 558
218 590
219 228
220 581
220 684
221 380
221 437
222 490
223 383
223 395
224 253
225 589
226 339
227 228
230 232
230 681
231 555
232 420
233 544
234 588
235 242
235 669
236 442
236 633
237 250
238 574
239 658
240 306
241 305
241 528
242 407
243 618
244 404
244 529
245 341
245 650
246 658
246 682
247 469
247 480
248 325
248 644
249 691
249 697
250 332
251 405
251 467
252 462
252 642
253 695
254 447
254 473
255 598
257 558
258 505
258 689
259 290
259 364
260 573
261 389
262 309
262 666
263 431
263 699
264 336
264 410
265 666
266 311
267 448
267 449
268 455
268 595
269 441
269 657
270 553
271 468
271 483
272 534
272 617
273 616
274 310
274 662
275 294
275 592
277 326
277 572
279 529
279 551
280 334
281 531
283 629
283 662
284 611
284 668
285 395
287 547
288 433
289 406
290 522
291 475
291 669
292 557
293 565
294 572
295 346
296 531
296 608
297 432
297 680
298 444
298 601
300 660
300 672
301 545
302 585
302 679
304 416
304 459
306 399
307 373
307 441
308 472
308 494
309 652
310 591
311 634
312 411
312 571
313 315
313 686
314 367
314 384
316 499
317 543
317 624
318 383
318 649
319 484
319 663
320 394
320 614
323 511
324 349
324 477
325 401
326 434
327 344
328 331
329 527
330 565
331 641
332 566
333 683
334 632
335 417
337 466
337 559
338 497
339 527
340 364
341 697
343 549
343 554
345 504
347 538
348 601
349 409
350 481
351 354
351 443
352 486
353 510
353 671
355 460
355 571
357 446
357 647
358 627
359 398
361 672
362 368
362 593
363 417
365 454
365 481
366 385
366 570
368 580
369 474
369 576
370 511
370 534
371 675
372 390
372 552
373 400
374 532
374 659
375 506
375 605
376 377
376 664
378 576
378 693
379 411
379 425
381 396
381 593
382 539
384 491
386 478
387 388
387 405
388 683
389 648
390 421
392 537
392 570
393 541
396 513
397 419
397 536
399 496
401 500
402 535
402 629
406 688
408 526
409 431
410 575
412 488
412 678
414 432
419 503
421 423
423 520
426 513
428 557
430 540
430 563
434 617
435 493
435 698
436 519
437 659
438 444
439 594
440 512
442 503
443 540
445 553
446 622
447 482
449 544
451 485
453 484
453 491
456 521
456 607
457 567
457 579
458 595
459 591
460 516
461 483
461 494
463 465
463 497
465 686
466 653
467 530
468 526
471 566
471 600
472 501
473 630
475 646
476 577
476 653
477 646
478 573
485 512
489 496
493 590
500 687
501 559
502 636
504 550
505 608
506 507
508 522
508 610
509 533
509 546
514 636
515 567
517 599
517 625
518 525
518 545
524 622
528 663
530 673
536 690
538 596
541 587
550 667
552 696
556 676
560 588
561 586
563 656
564 621
568 583
568 610
577 604
580 651
582 614
584 620
594 627
597 619
602 644
604 640
606 679
606 693
613 625
615 676
618 674
620 637
621 699
624 670
626 633
639 668
640 678
645 649
671 681
700 174
701 358
-1 -1
152.849
