1
0 129
0 145
1 115
1 248
2 57
2 618
3 47
3 162
4 107
4 630
5 356
5 593
6 80
6 592
7 180
7 455
8 475
8 595
9 414
9 489
10 79
10 265
11 490
11 613
12 98
12 460
13 221
13 332
14 400
14 569
15 437
15 620
16 564
16 697
17 128
17 179
18 159
18 539
19 195
19 564
20 111
20 610
21 398
21 610
22 47
22 325
23 33
23 322
24 427
24 507
25 292
25 577
26 161
26 412
27 527
27 587
28 178
28 290
29 173
29 494
30 424
30 615
31 147
31 580
32 39
32 532
33 34
34 145
35 118
35 171
36 57
36 143
37 433
37 485
38 75
38 331
39 174
40 441
40 479
41 358
41 383
42 413
42 658
43 44
43 625
45 306
45 320
46 477
46 674
48 272
48 372
49 299
49 401
50 219
50 521
51 165
51 308
52 220
52 530
53 139
53 328
54 422
54 629
55 69
55 317
56 143
56 183
58 70
58 120
59 390
59 416
60 185
60 551
61 161
62 261
62 608
63 78
63 339
64 580
64 622
65 138
65 255
66 616
66 624
67 210
67 505
68 75
68 245
69 671
70 77
71 153
71 683
72 419
72 502
73 154
73 230
74 267
74 594
76 83
76 365
77 482
78 283
79 669
80 251
81 233
81 314
82 327
82 432
83 512
84 122
84 202
85 112
85 346
86 156
86 371
87 330
87 482
88 464
88 623
89 100
89 443
90 398
90 425
91 504
91 579
92 341
92 476
93 462
93 646
94 147
94 282
95 131
95 257
96 231
96 652
97 235
97 449
98 133
99 198
99 596
100 645
101 182
101 586
102 186
102 586
103 408
103 523
104 454
104 640
105 116
105 307
106 155
106 395
107 120
108 333
108 456
109 254
109 431
110 471
110 596
111 633
112 635
113 264
113 673
114 409
114 655
115 309
116 230
117 431
117 525
118 375
119 602
119 649
121 457
121 647
122 275
123 469
123 550
124 292
124 588
125 146
125 525
126 301
126 633
127 209
127 275
128 158
129 618
130 388
130 573
131 144
132 315
132 439
133 488
134 382
134 434
135 420
135 639
136 259
136 582
137 162
137 597
138 269
139 298
140 411
140 453
141 523
141 634
142 556
142 651
144 357
146 418
148 227
148 575
149 552
149 606
150 625
150 665
151 333
151 495
152 329
152 433
153 663
154 524
155 219
156 362
157 290
157 344
158 604
159 465
160 249
160 605
163 310
163 477
164 423
164 570
165 581
166 225
166 567
167 360
167 638
168 291
168 695
169 286
169 528
170 480
170 668
171 540
172 222
172 558
173 247
174 441
175 297
175 663
176 276
176 349
177 451
177 609
178 583
179 218
180 500
181 391
181 568
182 576
183 681
184 522
184 695
185 653
186 208
187 371
187 578
188 206
188 673
189 326
189 646
190 344
190 365
191 256
191 579
192 474
192 661
193 280
193 534
194 359
194 428
195 450
196 254
196 271
197 236
197 483
198 506
199 478
199 511
200 338
200 446
201 622
201 691
202 313
203 305
203 429
204 216
204 407
205 368
205 629
206 526
207 256
207 578
208 384
209 284
210 529
211 467
211 609
212 340
212 355
213 405
213 480
214 246
214 430
215 391
215 396
216 262
217 430
217 486
218 554
220 563
221 360
222 393
223 374
223 496
224 315
224 571
225 334
226 474
226 626
227 558
228 448
228 515
229 241
229 270
231 282
232 331
232 386
233 636
234 378
234 611
235 676
236 619
237 389
237 500
238 303
238 699
239 352
239 614
240 561
240 681
241 454
242 314
242 472
243 428
243 559
244 345
244 351
245 455
246 692
247 468
248 370
249 532
250 484
250 593
251 393
252 355
252 642
253 510
253 577
255 498
257 440
258 556
258 594
259 497
260 481
260 639
261 379
262 470
263 473
263 550
264 628
265 518
266 278
266 552
267 347
268 662
268 682
269 526
270 513
271 281
272 448
273 436
273 483
274 513
274 679
276 415
277 515
277 583
278 447
279 412
279 656
280 524
281 634
283 643
284 538
285 404
285 685
286 559
287 363
287 698
288 322
288 349
289 354
289 576
291 555
293 497
293 561
294 630
294 664
295 415
295 640
296 426
296 450
297 342
298 493
299 453
300 601
300 679
301 388
302 530
302 615
303 535
304 385
304 547
305 436
306 687
307 616
308 416
309 600
310 694
311 465
311 512
312 503
312 699
313 652
316 351
316 479
317 478
318 338
318 570
319 438
319 657
320 340
321 540
321 572
323 432
323 571
324 520
324 603
325 498
326 359
327 565
328 375
329 584
330 458
332 442
334 692
335 519
335 538
336 419
336 546
337 452
337 462
339 353
341 459
342 537
343 476
343 648
345 429
346 417
347 392
348 460
348 472
350 361
350 599
352 392
353 414
354 587
356 491
357 403
358 367
361 619
362 547
363 647
364 422
364 446
366 519
366 671
367 611
368 518
369 554
369 569
370 505
372 502
373 566
373 590
374 670
376 405
376 617
377 544
377 653
378 655
379 510
380 656
380 687
381 440
381 528
382 632
383 410
384 542
385 627
386 591
387 445
387 591
389 669
390 541
394 495
394 662
395 533
396 403
397 411
397 520
399 404
399 488
400 635
401 672
402 572
402 644
406 444
406 688
407 665
408 539
409 459
410 620
413 648
417 675
418 503
420 694
421 499
421 592
423 511
424 645
425 599
426 509
427 461
434 463
435 456
435 489
437 546
438 445
439 466
442 541
443 590
444 602
447 549
449 601
451 574
452 614
457 660
458 667
461 553
463 545
464 632
466 492
467 573
468 557
469 688
470 562
471 568
473 659
475 691
481 605
484 680
485 529
486 612
487 608
487 631
490 494
491 626
492 514
493 582
496 696
499 636
501 531
501 563
504 621
506 676
507 670
508 678
508 689
509 613
514 536
516 680
516 684
517 562
517 585
521 661
522 675
527 685
531 698
533 696
534 683
535 650
536 598
537 644
542 545
543 544
543 643
548 627
548 638
549 637
551 654
553 697
555 575
557 560
560 584
565 585
566 659
567 628
574 581
588 693
589 650
589 686
595 612
597 672
598 657
600 642
603 658
604 682
606 607
607 664
617 690
621 677
623 631
624 689
637 677
641 651
641 684
649 686
654 678
660 668
666 667
666 693
674 690
700 44
701 61
-1 -1
203.233
