1
0 302
0 634
1 11
1 307
2 296
2 349
3 130
3 405
4 303
4 617
5 184
5 661
6 326
6 660
7 198
7 432
8 372
8 602
9 27
9 98
10 25
10 219
11 50
12 161
12 567
13 353
13 679
14 401
15 625
15 648
16 104
16 108
17 189
17 655
18 149
18 220
19 665
19 681
20 346
20 550
21 284
21 594
22 223
22 665
23 280
23 581
24 286
24 511
25 336
26 178
26 486
27 603
28 289
28 553
29 239
29 606
30 260
30 525
31 119
31 470
32 212
32 560
33 212
33 548
34 263
34 479
35 90
35 519
36 123
36 172
37 169
37 184
38 197
38 332
39 168
39 295
40 216
40 697
41 106
41 160
42 275
42 431
43 524
43 609
44 227
44 681
45 312
45 516
46 148
46 544
47 391
47 639
48 370
48 415
49 196
49 259
50 257
51 318
51 475
52 541
52 688
53 124
53 592
54 430
54 658
55 598
55 677
56 187
56 492
57 111
57 300
58 122
58 555
59 195
59 282
60 268
60 455
61 221
61 400
62 89
62 451
63 135
63 635
64 390
64 607
65 248
65 564
66 151
66 178
67 529
67 621
68 201
68 510
69 245
69 297
70 73
70 81
71 323
71 379
72 144
72 520
73 272
74 358
74 640
75 154
75 576
76 148
76 616
77 96
77 595
78 315
78 469
79 309
79 441
80 644
80 694
81 96
82 640
82 656
83 145
83 620
84 100
84 112
85 102
85 343
86 177
86 435
87 194
87 588
88 182
88 201
89 433
90 560
91 390
91 511
92 140
92 356
93 501
93 542
94 513
94 672
95 509
95 653
97 142
97 642
98 468
99 152
99 447
100 104
101 424
101 692
102 122
103 324
103 562
105 364
105 479
106 379
107 159
107 586
108 504
109 210
109 544
110 398
110 510
111 325
112 495
113 322
113 438
114 366
114 614
115 293
115 582
116 121
116 606
117 298
117 540
118 387
118 457
119 494
120 345
120 440
121 263
123 533
124 381
125 236
125 291
126 530
126 546
127 656
127 658
128 153
128 430
129 235
129 488
130 481
131 244
131 645
132 163
132 358
133 176
133 467
134 233
134 466
135 652
136 499
136 502
137 314
137 641
138 484
138 512
139 528
139 531
140 283
141 192
141 539
142 636
143 626
143 638
144 173
145 215
146 334
146 410
147 506
147 531
149 653
150 323
150 355
151 369
152 248
153 191
154 489
155 521
155 561
156 426
156 632
157 270
157 383
158 327
158 537
159 425
160 375
161 532
162 179
162 659
163 384
164 596
164 647
165 249
165 477
166 419
166 547
167 598
167 690
168 293
169 398
170 542
170 570
171 536
171 675
172 250
173 426
174 179
174 230
175 493
175 579
176 315
177 217
180 414
180 629
181 309
181 569
182 362
183 226
183 450
185 619
185 663
186 318
186 342
187 462
188 476
188 621
189 516
190 298
190 633
191 306
192 618
193 207
193 444
194 303
195 419
196 696
197 403
198 445
199 397
199 431
200 296
200 351
202 326
202 615
203 306
203 639
204 338
205 429
205 684
206 378
206 509
207 357
208 357
208 418
209 490
209 533
210 505
211 474
211 540
213 489
213 573
214 231
214 311
215 469
216 492
217 654
218 258
218 395
219 252
220 520
221 269
222 525
222 682
223 287
224 567
224 615
225 332
225 562
226 454
227 233
228 346
228 412
229 383
229 566
230 623
231 437
232 421
232 508
234 329
234 371
235 452
236 251
237 369
237 472
238 617
238 671
239 416
240 446
240 630
241 247
241 348
242 575
242 696
243 557
243 561
244 527
245 291
246 267
246 302
247 487
249 591
250 406
251 461
252 666
253 543
253 679
254 407
254 535
255 384
255 572
256 473
256 644
257 266
258 392
259 491
260 370
261 283
261 292
262 556
262 595
264 498
264 539
265 388
265 673
266 278
267 365
268 304
269 499
270 662
271 397
271 586
272 343
273 497
273 613
274 587
274 620
275 631
276 394
276 402
277 413
277 447
278 600
279 339
279 459
280 377
281 416
281 649
282 392
284 380
285 493
285 624
286 680
287 487
288 603
288 607
289 448
290 555
290 585
292 699
294 452
294 471
295 513
297 549
299 359
299 604
300 480
301 399
301 500
304 605
305 420
305 472
307 514
308 321
308 333
310 409
310 625
311 478
312 341
313 352
313 580
314 534
316 462
316 630
317 352
317 563
319 340
319 556
320 558
320 588
321 616
322 547
324 482
325 627
327 409
328 518
328 608
329 576
330 389
330 463
331 374
331 428
333 463
334 568
335 355
335 584
336 521
337 519
337 583
338 350
339 458
340 503
341 453
342 391
344 602
344 670
345 458
347 496
347 504
348 599
349 522
350 577
351 534
353 650
354 404
354 548
356 541
359 659
360 566
360 589
361 434
361 691
362 612
363 648
363 676
364 647
365 554
366 373
367 578
367 593
368 378
368 460
371 434
372 689
373 597
374 440
375 526
376 664
376 676
377 590
380 661
381 610
382 443
382 480
385 442
385 600
386 424
386 551
387 635
388 546
389 695
393 407
393 643
394 404
395 655
396 427
396 583
399 503
400 685
401 526
402 651
403 674
405 674
406 444
408 418
408 514
410 697
411 523
411 664
412 522
413 538
414 417
415 477
417 636
420 427
421 649
422 476
422 673
423 490
423 505
425 515
428 597
429 453
432 439
433 613
435 687
436 589
436 657
437 637
438 627
439 574
441 591
442 460
443 569
445 456
446 466
448 545
449 587
449 670
450 651
451 570
454 667
455 680
456 686
457 498
459 693
461 482
464 638
464 645
465 678
465 699
467 695
468 559
470 501
471 657
473 599
474 558
475 669
478 609
481 537
483 552
483 684
484 619
485 614
485 686
486 594
488 689
491 577
494 698
495 506
496 524
497 528
500 611
502 538
507 530
507 610
508 580
512 568
515 605
517 579
517 631
518 698
523 663
527 601
529 678
532 582
535 667
536 666
543 671
545 628
549 669
550 691
551 593
552 608
553 687
554 646
557 662
559 632
563 584
564 654
565 573
565 692
571 585
571 668
572 637
574 646
575 601
578 685
581 633
590 596
592 634
604 628
611 683
612 641
618 642
622 623
622 672
624 690
626 643
629 660
650 668
652 677
675 694
682 693
683 688
700 204
701 14
-1 -1
282.799
