1
0 142
0 187
1 101
1 261
2 25
2 125
3 111
3 222
4 148
4 221
5 186
5 197
6 221
6 257
7 75
7 216
8 25
8 292
9 117
9 160
10 209
11 26
11 263
12 20
12 185
13 92
13 294
14 96
14 219
15 107
15 222
16 140
16 287
17 130
17 165
18 61
18 72
19 67
19 274
20 178
21 143
21 245
22 87
22 127
23 85
23 286
24 139
24 270
26 156
27 122
27 157
28 104
28 293
29 121
29 196
30 37
30 299
31 60
31 150
32 72
32 233
33 38
33 138
34 228
34 258
35 74
35 111
36 68
36 128
37 105
38 186
39 76
39 98
40 48
40 105
41 69
41 236
42 66
42 219
43 65
43 299
44 174
44 267
45 86
45 174
46 205
46 217
47 59
47 157
48 158
49 177
49 185
50 85
50 129
51 269
52 162
52 243
53 55
53 290
54 181
54 253
55 57
56 195
56 207
57 272
58 143
58 291
59 150
60 192
61 199
62 67
62 249
63 101
63 264
64 82
64 170
65 248
66 238
68 102
69 178
70 250
70 275
71 201
71 293
73 230
73 297
74 184
75 124
76 294
77 97
77 170
78 112
78 160
79 252
79 279
80 81
80 89
81 183
82 138
83 198
83 276
84 217
84 247
86 182
87 161
88 108
88 203
89 200
90 142
90 240
91 184
91 202
92 226
93 120
93 224
94 225
94 244
95 144
95 192
96 148
97 212
98 199
99 265
99 282
100 110
100 171
102 254
103 141
103 210
104 213
106 114
106 119
107 115
108 218
109 257
109 259
110 295
112 283
113 283
113 288
114 188
115 159
116 173
116 214
117 158
118 229
118 261
119 130
120 231
121 284
122 254
123 255
123 276
124 272
125 213
126 176
126 295
127 220
128 206
129 133
131 134
131 270
132 167
132 235
133 200
134 137
135 197
135 260
136 155
136 252
137 277
139 278
140 194
141 271
144 296
145 151
145 206
146 159
146 182
147 177
147 281
149 247
149 286
151 277
152 195
152 214
153 212
153 269
154 175
154 281
155 298
156 280
161 238
162 203
163 218
163 232
164 215
164 258
165 265
166 250
166 287
167 289
168 264
168 296
169 227
169 243
171 179
172 224
172 256
173 211
175 279
176 268
179 193
180 208
180 292
181 259
183 237
187 193
188 201
189 211
189 285
190 220
190 237
191 246
191 267
194 298
196 226
198 242
202 208
204 210
204 246
205 262
207 260
209 263
215 284
216 266
223 227
223 290
225 255
228 273
229 268
230 278
231 244
232 289
233 271
234 253
234 266
235 241
236 248
239 242
239 280
240 245
241 251
249 285
251 256
262 273
274 291
275 282
288 297
300 51
301 10
-1 -1
0.813175
