1
0 114
0 215
1 66
1 275
2 65
2 142
3 79
3 269
4 154
4 167
5 65
5 108
6 23
6 115
7 27
7 69
8 53
8 284
9 123
9 292
10 152
10 170
11 70
11 135
12 178
12 288
13 25
13 129
14 19
14 138
15 119
15 171
16 38
16 123
17 22
17 139
18 94
18 190
19 287
20 161
20 280
21 160
21 225
22 216
23 230
24 253
24 280
25 78
26 73
26 110
27 251
28 34
28 234
29 42
29 101
30 48
30 141
31 149
31 176
32 148
32 235
33 55
33 201
34 268
35 42
35 103
36 177
36 246
37 122
37 221
38 222
39 167
39 293
40 164
40 271
41 85
41 173
43 174
43 229
44 92
44 131
45 260
45 273
46 226
46 235
47 55
47 58
48 225
49 77
50 250
50 259
51 54
51 214
52 90
52 289
53 175
54 298
56 155
56 192
57 98
57 185
58 169
59 63
59 103
60 150
60 217
61 92
61 239
62 264
62 269
63 76
64 79
64 276
66 211
67 188
67 272
68 125
68 194
69 121
70 192
71 151
71 172
72 202
72 254
73 75
74 210
74 245
75 195
76 112
77 180
78 183
80 115
80 218
81 234
81 297
82 144
82 241
83 93
83 113
84 230
84 299
85 273
86 145
86 294
87 213
87 248
88 201
88 203
89 238
89 285
90 245
91 128
91 251
93 117
94 107
95 239
95 291
96 144
96 220
97 163
97 265
98 176
99 160
99 198
100 161
100 168
101 215
102 163
102 286
104 153
104 207
105 227
105 233
106 120
106 145
107 166
108 179
109 149
109 292
110 266
111 196
111 227
112 159
113 188
114 243
116 199
116 267
117 288
118 121
118 162
119 120
122 194
124 189
124 285
125 138
126 150
126 237
127 223
127 263
128 252
129 290
130 261
130 276
131 181
132 204
132 263
133 213
133 289
134 156
134 166
135 293
136 191
136 295
137 222
137 270
139 195
140 191
140 256
141 228
142 287
143 210
143 275
146 208
146 250
147 242
147 243
148 168
151 267
152 219
153 189
154 165
155 217
156 208
157 174
157 204
158 165
158 270
159 274
162 277
164 249
169 282
170 221
171 264
172 237
173 200
175 226
177 207
178 205
179 183
180 257
181 187
182 187
182 265
184 223
184 282
185 202
186 224
186 256
190 236
193 197
193 281
196 238
197 228
198 244
199 249
200 214
203 283
205 291
206 262
206 297
209 272
209 290
211 246
212 218
212 244
216 279
219 255
220 258
224 233
229 299
231 277
231 295
232 274
232 286
236 278
240 258
240 283
241 268
242 294
247 271
248 259
252 281
253 262
254 261
255 279
257 296
260 278
266 298
284 296
300 247
301 49
-1 -1
1.17408
