1
0 108
0 782
1 251
1 343
2 54
2 587
3 91
3 281
4 14
4 160
5 675
5 765
6 231
6 326
7 160
7 306
8 247
8 383
9 372
9 404
10 122
10 412
11 57
11 367
12 131
12 727
13 398
13 794
14 215
15 106
15 479
16 20
16 644
17 311
17 740
18 343
18 637
19 186
19 224
20 532
21 219
21 743
22 177
22 260
23 163
23 566
24 147
24 399
25 339
25 577
26 90
26 389
27 461
27 560
28 609
28 694
29 118
29 223
30 520
30 768
31 608
31 763
32 209
32 396
33 422
33 633
34 293
34 552
35 586
35 780
36 112
36 142
37 340
37 416
38 49
38 574
39 360
39 687
40 84
40 433
41 100
41 558
42 475
42 568
43 161
43 167
44 275
44 590
45 451
45 510
46 110
46 349
47 393
47 589
48 392
48 709
49 446
50 66
50 571
51 334
51 490
52 232
52 623
53 287
53 652
54 692
55 509
55 644
56 168
56 471
57 150
58 278
58 681
59 601
59 646
60 86
60 113
61 262
61 267
62 148
62 305
63 449
63 784
64 338
64 550
65 80
65 357
66 496
67 198
67 327
68 235
68 291
69 720
69 721
70 358
70 535
71 641
71 789
72 410
72 414
73 245
73 310
74 502
74 753
75 157
75 208
76 167
76 640
77 309
77 480
78 98
78 330
79 170
79 786
80 688
81 348
81 475
82 107
82 185
83 298
83 791
84 767
85 88
85 245
86 420
87 133
87 180
88 299
89 105
89 386
90 158
91 798
92 129
92 427
93 362
93 616
94 469
94 491
95 191
95 622
96 394
96 512
97 606
97 793
98 255
99 267
99 673
100 258
101 458
101 480
102 279
102 364
103 500
103 725
104 319
104 686
105 651
106 465
107 639
108 700
109 350
109 599
110 111
111 161
112 586
113 194
114 257
114 299
115 618
115 659
116 417
116 771
117 202
117 372
118 668
119 370
119 401
120 741
120 748
121 662
121 783
122 336
123 197
123 241
124 511
124 588
125 615
125 657
126 599
126 736
127 458
127 751
128 141
128 706
129 541
130 456
130 517
131 498
132 393
132 521
133 648
134 270
134 780
135 518
135 645
136 192
136 451
137 438
137 533
138 313
138 675
139 332
139 435
140 499
140 664
141 766
142 525
143 476
143 799
144 745
144 758
145 440
145 724
146 461
146 485
147 223
148 361
149 234
149 259
150 773
151 280
151 456
152 224
152 760
153 562
153 606
154 323
154 392
155 283
155 655
156 363
156 533
157 701
158 336
159 181
159 524
162 216
162 505
163 476
164 750
164 758
165 568
165 720
166 209
166 489
168 221
169 264
169 575
170 693
171 250
171 381
172 368
172 776
173 442
173 495
174 192
174 462
175 378
175 561
176 543
176 563
177 722
178 185
178 390
179 402
179 647
180 495
181 424
182 331
182 683
183 613
183 695
184 203
184 689
186 602
187 211
187 642
188 512
188 540
189 339
189 747
190 324
190 641
191 286
193 247
193 687
194 244
195 210
195 455
196 241
196 404
197 716
198 356
199 619
199 760
200 486
200 490
201 471
201 663
202 660
203 569
204 653
204 705
205 243
205 311
206 444
206 645
207 239
207 603
210 248
211 680
212 506
212 549
213 411
213 447
214 255
214 673
215 346
216 658
217 580
217 786
218 261
218 746
219 547
220 375
220 672
221 419
222 678
222 787
225 244
225 498
226 379
226 529
227 493
227 526
228 551
228 696
229 487
229 494
230 266
230 306
231 330
232 707
233 530
233 621
234 555
235 628
236 403
236 428
237 297
237 788
238 329
238 365
239 407
240 465
240 534
242 271
242 605
243 550
246 506
246 527
248 788
249 558
249 715
250 416
251 738
252 440
252 730
253 346
253 531
254 717
254 775
256 354
256 441
257 717
258 611
259 635
260 785
261 583
262 535
263 653
263 762
264 710
265 772
265 799
266 666
268 658
268 739
269 457
269 538
270 425
271 636
272 605
272 751
273 479
273 572
274 371
274 431
275 414
276 377
276 624
277 470
277 732
278 729
279 578
280 315
281 338
282 622
282 797
283 697
284 607
284 688
285 464
285 696
286 712
287 752
288 685
288 763
289 303
289 718
290 301
290 731
291 576
292 528
292 681
293 382
294 741
294 769
295 580
295 677
296 469
296 534
297 753
298 646
300 385
300 737
301 749
302 539
302 632
303 590
304 504
304 706
305 650
307 369
307 661
308 522
308 595
309 347
310 782
312 402
312 511
313 437
314 355
314 669
315 602
316 531
316 692
317 523
317 638
318 342
318 631
319 610
320 501
320 711
321 523
321 779
322 326
322 725
323 714
324 443
325 755
325 757
327 671
328 519
328 721
329 384
331 388
332 699
333 496
333 596
334 740
335 363
335 385
337 654
337 713
340 453
341 344
341 585
342 749
344 431
345 549
345 769
347 445
348 405
349 362
350 762
351 509
351 676
352 593
352 596
353 481
353 670
354 423
355 474
356 510
357 660
358 744
359 546
359 723
360 417
361 589
364 754
365 598
366 474
366 702
367 697
368 485
369 570
370 559
371 711
373 544
373 656
374 542
374 728
375 518
376 472
376 551
377 470
378 598
379 792
380 388
380 698
381 425
382 691
383 628
384 694
386 702
387 427
387 600
389 613
390 463
391 532
391 604
394 467
395 436
395 528
396 759
397 437
397 773
398 418
399 466
400 408
400 483
401 573
403 486
405 701
406 539
406 588
407 621
408 524
409 565
409 683
410 620
411 483
412 492
413 618
413 689
415 678
415 795
418 748
419 655
420 424
421 547
421 652
422 775
423 632
426 536
426 742
428 719
429 441
429 759
430 695
430 764
432 507
432 611
433 712
434 567
434 732
435 735
436 752
438 503
439 497
439 612
442 597
443 649
444 734
445 700
446 730
447 664
448 575
448 607
449 457
450 501
450 750
452 649
452 710
453 541
454 617
454 795
455 603
459 466
459 793
460 462
460 502
463 481
464 671
467 581
468 556
468 716
472 742
473 743
477 484
477 601
478 517
478 778
482 584
482 614
484 545
487 529
488 522
488 684
489 573
491 797
492 630
493 629
494 761
497 620
499 572
500 738
503 648
504 708
505 555
507 784
508 554
508 576
513 574
513 746
514 656
514 672
515 665
515 747
516 530
516 633
519 767
520 542
521 796
525 581
526 625
527 727
536 623
537 585
537 736
538 679
540 791
543 561
544 661
545 744
546 691
548 553
548 704
552 570
553 770
554 609
556 564
557 635
557 779
559 643
560 647
562 731
563 674
564 634
565 597
566 713
567 582
569 662
571 778
577 685
578 718
579 630
579 755
582 790
583 667
584 703
587 699
591 625
591 704
592 705
592 798
593 756
594 642
594 676
595 604
600 796
608 719
610 626
612 679
614 761
615 785
616 768
617 765
619 714
624 754
626 659
627 651
627 724
629 684
631 783
634 639
636 709
637 690
638 745
640 680
643 792
650 777
654 771
657 663
665 715
666 726
667 789
668 787
669 703
670 733
674 698
677 729
682 722
682 776
686 766
690 728
693 764
707 735
708 794
723 774
726 790
733 781
734 756
737 739
757 772
770 774
777 781
800 473
801 208
-1 -1
223.171
