1
0 64
0 560
1 376
1 722
2 557
2 682
3 13
3 45
4 199
4 575
5 56
5 774
6 375
6 701
7 300
7 605
8 124
8 315
9 290
9 345
10 156
10 279
11 63
11 601
12 216
12 328
13 435
14 382
14 550
15 274
15 308
16 504
16 553
17 68
17 402
18 237
18 788
19 105
19 419
20 29
20 80
21 405
21 564
22 663
22 791
23 190
23 354
24 260
24 630
25 379
25 625
26 447
26 469
27 66
27 446
28 355
28 702
29 689
30 335
30 585
31 168
31 798
32 178
32 411
33 390
33 512
34 574
34 773
35 655
35 742
36 317
36 461
37 335
37 433
38 88
38 541
39 102
39 491
40 258
40 593
41 81
41 215
42 338
42 439
43 640
43 648
44 416
44 581
45 122
46 412
46 481
47 333
47 692
48 369
48 521
49 443
49 562
50 73
50 515
51 499
51 752
52 774
52 793
53 403
53 436
54 447
54 614
55 385
55 730
56 663
57 410
57 536
58 114
58 367
59 642
59 697
60 595
60 733
61 219
61 374
62 147
62 687
63 168
64 555
65 608
65 678
66 710
67 368
67 470
68 771
69 110
69 395
70 135
70 757
71 315
71 640
72 596
72 748
73 600
74 139
74 628
75 203
75 286
76 500
76 719
77 590
77 747
78 302
78 628
79 331
79 750
80 704
81 304
82 702
82 718
83 544
83 638
84 275
84 655
85 624
85 707
86 123
86 664
87 360
87 752
88 164
89 179
89 485
90 203
90 684
91 383
91 551
92 188
92 348
93 333
93 334
94 293
94 669
95 466
95 602
96 267
96 522
97 608
97 760
98 220
98 252
99 107
99 743
100 120
100 758
101 183
101 214
102 456
103 292
103 563
104 264
104 390
105 643
106 480
106 573
107 576
108 160
108 310
109 418
109 761
110 794
111 364
111 457
112 306
112 463
113 254
113 584
114 641
115 289
115 666
116 339
116 775
117 586
117 692
118 298
118 792
119 256
119 670
120 738
121 241
121 457
122 537
123 235
124 252
125 465
125 675
126 127
126 611
127 510
128 148
128 543
129 559
129 633
130 162
130 459
131 471
131 651
132 196
132 367
133 426
133 682
134 175
134 294
135 140
136 207
136 549
137 195
137 387
138 170
138 528
139 462
140 336
141 183
141 209
142 324
142 753
143 686
143 723
144 187
144 190
145 403
145 767
146 421
146 580
147 246
148 251
149 566
149 735
150 658
150 675
151 449
151 657
152 401
152 618
153 310
153 568
154 284
154 437
155 400
155 661
156 478
157 626
157 645
158 441
158 790
159 534
159 603
160 266
161 185
161 631
162 341
163 377
163 597
164 230
165 523
165 703
166 562
166 654
167 218
167 278
169 634
169 714
170 589
171 322
171 765
172 247
172 540
173 227
173 576
174 339
174 545
175 223
176 604
176 613
177 746
177 784
178 213
179 648
180 320
180 729
181 439
181 674
182 195
182 560
184 499
184 578
185 673
186 344
186 381
187 273
188 444
189 647
189 650
191 301
191 361
192 268
192 455
193 299
193 440
194 417
194 799
196 392
197 559
197 700
198 204
198 330
199 631
200 287
200 758
201 296
201 491
202 215
202 442
204 206
205 327
205 695
206 706
207 269
208 518
208 619
209 329
210 359
210 505
211 363
211 526
212 349
212 373
213 525
214 249
216 302
217 434
217 612
218 738
219 314
220 247
221 434
221 529
222 516
222 584
223 395
224 268
224 653
225 238
225 422
226 677
226 741
227 417
228 451
228 461
229 282
229 740
230 371
231 290
231 476
232 623
232 672
233 728
233 798
234 667
234 724
235 694
236 611
236 730
237 438
238 277
239 365
239 484
240 259
240 365
241 727
242 520
242 687
243 438
243 709
244 567
244 627
245 253
245 773
246 301
248 398
248 639
249 459
250 448
250 697
251 517
253 497
254 426
255 388
255 679
257 297
257 359
258 392
259 739
260 711
261 293
261 690
262 309
262 424
263 388
263 712
264 389
265 313
265 665
266 617
267 345
269 720
270 415
270 516
271 591
271 734
272 688
272 731
273 456
274 620
275 696
276 332
276 355
277 292
278 694
279 768
280 632
280 708
281 490
281 649
282 309
283 658
283 747
284 583
285 676
285 718
286 727
287 610
288 637
288 706
289 418
291 343
291 568
294 580
295 625
295 656
296 668
297 470
298 572
299 460
300 728
303 528
303 776
304 661
305 737
305 756
306 469
307 386
307 536
308 384
311 508
311 713
312 351
312 771
313 569
314 497
316 362
316 614
317 762
318 651
318 775
319 433
319 695
320 494
321 504
321 531
322 380
323 594
323 677
324 466
325 740
325 751
326 763
326 780
327 617
328 450
329 772
330 732
331 386
332 346
334 683
336 574
337 437
337 587
338 350
340 348
340 547
341 493
342 710
342 750
343 454
344 493
346 552
347 725
347 785
349 795
350 492
351 669
352 513
352 780
353 354
353 458
356 708
356 787
357 397
357 678
358 442
358 733
360 545
361 473
362 406
363 464
364 393
366 420
366 676
368 731
369 517
370 471
370 623
371 554
372 449
372 725
373 782
374 508
375 548
376 622
377 525
378 533
378 586
379 495
380 767
381 537
382 547
383 506
384 448
385 502
387 549
389 513
391 754
391 765
393 664
394 502
394 571
396 490
396 712
397 795
398 641
399 424
399 510
400 419
401 622
402 511
404 423
404 784
405 551
406 748
407 616
407 689
408 475
408 588
409 555
409 729
410 587
411 693
412 413
413 616
414 481
414 789
415 671
416 535
420 592
421 705
422 427
423 688
425 720
425 744
427 777
428 472
428 526
429 530
429 660
430 467
430 615
431 546
431 666
432 444
432 598
435 699
436 527
440 788
443 619
445 543
445 610
446 768
450 613
451 753
452 665
452 711
453 554
453 756
454 667
455 535
458 789
460 796
462 736
463 797
464 468
465 474
467 714
468 564
472 532
473 482
474 533
475 779
476 797
477 701
477 751
478 721
479 524
479 602
480 792
482 542
483 581
483 597
484 717
485 776
486 639
486 793
487 523
487 686
488 534
488 596
489 769
489 787
492 786
494 579
495 770
496 642
496 766
498 679
498 742
500 582
501 577
501 644
503 681
503 745
505 717
506 635
507 529
507 736
509 565
509 683
511 783
512 755
514 698
514 724
515 624
518 620
519 569
519 690
520 757
521 785
522 527
524 607
530 645
531 595
532 542
538 540
538 672
539 546
539 796
541 668
544 654
548 778
550 637
552 566
553 646
556 629
556 716
557 659
558 659
558 777
561 704
561 782
563 762
565 764
567 743
570 715
570 779
571 585
572 709
573 726
575 685
577 647
578 681
579 705
582 716
583 650
588 589
590 673
591 778
592 649
593 670
594 621
598 644
599 605
599 636
600 612
601 715
603 761
604 674
606 632
606 713
607 703
609 671
609 691
615 721
618 629
621 691
626 760
627 662
630 680
633 737
634 696
635 726
636 763
638 764
643 749
646 755
652 700
652 769
653 741
656 680
657 732
660 735
662 745
684 685
693 783
698 707
699 746
719 786
722 790
723 759
734 749
739 759
744 754
766 772
770 781
781 799
791 794
800 256
801 441
-1 -1
973.564
