1
0 31
0 260
1 114
1 173
2 143
2 475
3 235
3 590
4 44
4 615
5 312
5 757
6 164
6 340
7 434
7 729
8 297
8 453
9 701
9 729
10 86
10 144
11 577
11 637
12 139
12 328
13 344
13 657
14 113
14 325
15 250
16 193
16 727
17 69
17 708
18 30
18 104
19 67
19 584
20 24
20 81
21 49
21 92
22 174
22 743
23 582
23 696
24 606
25 218
25 737
26 237
26 667
27 64
27 176
28 308
28 752
29 236
29 392
30 165
31 778
32 262
32 368
33 319
33 589
34 91
34 473
35 634
35 693
36 204
36 734
37 88
37 532
38 128
38 691
39 329
39 515
40 254
40 703
41 198
41 673
42 180
42 321
43 284
43 609
44 340
45 425
45 680
46 222
46 345
47 553
47 683
48 160
48 298
49 761
50 473
50 507
51 514
51 527
52 548
52 719
53 453
53 779
54 205
54 679
55 759
55 791
56 723
56 748
57 59
57 317
58 108
58 366
59 647
60 225
60 353
61 99
61 400
62 640
62 672
63 324
63 560
64 421
65 323
65 380
66 690
66 721
67 724
68 495
68 633
69 735
70 517
70 734
71 80
71 475
72 529
72 642
73 82
73 753
74 110
74 677
75 400
75 797
76 460
76 564
77 169
77 300
78 638
78 770
79 174
79 784
80 244
81 102
82 154
83 559
83 705
84 162
84 247
85 206
85 276
86 280
87 238
87 579
88 705
89 320
89 349
90 125
90 585
91 751
92 268
93 134
93 663
94 474
94 511
95 194
95 725
96 260
96 376
97 214
97 255
98 259
98 636
99 638
100 149
100 172
101 404
101 435
102 487
103 650
103 778
104 535
105 432
105 489
106 271
106 333
107 360
107 543
108 293
109 116
109 335
110 223
111 233
111 508
112 417
112 795
113 353
114 204
115 281
115 291
116 243
117 454
117 560
118 458
118 775
119 147
119 170
120 328
120 561
121 436
121 536
122 330
122 665
123 406
123 430
124 305
124 471
125 713
126 163
126 538
127 369
127 606
128 479
129 411
129 650
130 389
130 570
131 603
131 653
132 210
132 698
133 533
133 673
134 521
135 242
135 520
136 141
136 265
137 225
137 446
138 601
138 642
139 416
140 674
140 790
141 625
142 465
142 685
143 607
144 158
145 533
145 746
146 690
146 719
147 598
148 535
148 547
149 331
150 513
151 296
151 297
152 354
152 370
153 408
153 466
154 707
155 269
155 777
156 290
156 368
157 309
157 422
158 209
159 537
159 651
160 412
161 261
161 277
162 211
163 776
164 554
165 611
166 216
166 486
167 621
167 660
168 319
168 380
169 793
170 499
171 429
171 518
172 788
173 508
175 431
175 617
176 512
177 199
177 672
178 454
178 579
179 284
179 509
180 563
181 455
181 624
182 597
182 789
183 450
183 510
184 614
184 758
185 603
185 783
186 308
186 686
187 236
187 693
188 523
188 559
189 401
189 423
190 212
190 492
191 689
191 704
192 282
192 695
193 644
194 588
195 561
195 692
196 272
196 316
197 346
197 676
198 224
199 332
200 292
200 766
201 256
201 641
202 530
202 700
203 659
203 747
205 745
206 270
207 299
207 401
208 302
208 506
209 262
210 522
211 306
212 330
213 346
213 451
214 440
215 524
215 550
216 645
217 276
217 317
218 730
219 580
219 726
220 411
220 796
221 662
221 702
222 593
223 735
224 633
226 397
226 447
227 599
227 654
228 249
228 391
229 304
229 438
230 315
230 782
231 390
231 618
232 390
232 432
233 669
234 497
234 664
235 709
237 574
238 429
239 450
239 562
240 270
240 460
241 545
241 630
242 498
243 589
244 435
245 280
245 477
246 528
246 772
247 444
248 275
248 755
249 362
250 373
251 635
251 678
252 461
252 547
253 275
253 483
254 656
255 696
256 310
257 569
257 675
258 457
258 484
259 534
261 445
263 373
263 568
264 295
264 655
265 318
266 531
266 575
267 493
267 711
268 763
269 394
271 594
272 722
273 464
273 706
274 652
274 773
277 375
278 281
278 348
279 543
279 555
282 688
283 668
283 770
285 616
285 721
286 449
286 610
287 388
287 627
288 304
288 777
289 507
289 563
290 748
291 656
292 500
293 697
294 305
294 415
295 714
296 357
298 643
299 526
300 593
301 442
301 564
302 313
303 362
303 595
306 321
307 359
307 408
309 423
310 615
311 592
311 787
312 670
313 684
314 349
314 385
315 387
316 422
318 386
320 436
322 462
322 521
323 541
324 487
325 414
326 364
326 379
327 640
327 716
329 494
331 548
332 746
333 752
334 684
334 726
335 372
336 637
336 765
337 447
337 480
338 472
338 679
339 551
339 681
341 671
341 741
342 614
342 635
343 490
343 519
344 591
345 526
347 458
347 463
348 697
350 383
350 539
351 442
351 556
352 594
352 775
354 403
355 493
355 525
356 530
356 687
357 358
358 677
359 581
360 385
361 643
361 702
363 754
363 799
364 774
365 375
365 744
366 578
367 404
367 485
369 641
370 740
371 446
371 798
372 425
374 476
374 792
376 717
377 620
377 744
378 448
378 639
379 795
381 410
381 430
382 776
382 781
383 467
384 671
384 689
386 394
387 407
388 736
389 498
391 558
392 711
393 542
393 680
395 480
395 558
396 595
396 779
397 714
398 413
398 613
399 424
399 799
402 452
402 660
403 503
405 421
405 759
406 551
407 549
409 566
409 607
410 527
412 597
413 792
414 765
415 419
416 707
417 630
418 675
418 699
419 694
420 451
420 571
424 717
426 600
426 708
427 481
427 764
428 610
428 772
431 448
433 495
433 691
434 645
437 617
437 657
438 491
439 510
439 762
440 658
441 469
441 769
443 587
443 739
444 720
445 518
449 571
452 710
455 737
456 648
456 754
457 631
459 670
459 718
461 723
462 730
463 749
464 699
465 636
466 476
467 575
468 545
468 749
469 663
470 768
470 786
471 534
472 531
474 577
477 731
478 612
478 653
479 682
481 712
482 525
482 688
483 604
484 738
485 554
486 544
488 596
488 703
489 706
490 769
491 584
492 522
494 786
496 540
496 733
497 598
499 791
500 771
501 639
501 685
502 532
502 573
503 784
504 570
504 652
505 664
505 742
506 608
509 511
512 698
513 609
514 767
515 659
516 592
516 649
517 780
519 666
520 785
523 620
524 536
528 654
529 747
537 755
538 668
539 616
540 628
541 634
542 621
544 704
546 565
546 736
549 760
550 728
552 587
552 608
553 676
555 687
556 666
557 565
557 649
562 588
566 718
567 632
567 715
568 761
569 648
572 709
572 756
573 701
574 716
576 694
576 785
578 632
580 651
581 727
582 628
583 731
583 745
585 732
586 655
586 725
590 646
591 626
596 665
599 753
600 720
601 686
602 605
602 790
604 781
605 683
611 763
612 773
613 622
618 629
619 674
619 764
622 766
623 629
623 783
624 750
625 760
626 750
627 631
644 710
646 757
647 722
658 762
661 767
661 798
662 751
667 700
669 678
681 741
682 787
692 743
695 742
712 728
713 771
715 724
732 797
733 774
738 794
739 780
740 789
756 768
758 794
782 793
788 796
800 150
801 15
-1 -1
135.374
