1
0 79
0 93
1 90
1 15
2 32
2 13
3 60
3 86
4 11
4 61
5 17
5 44
6 41
6 75
7 52
7 74
8 89
8 92
9 20
10 76
10 85
11 66
12 52
12 43
13 23
14 16
14 53
15 70
16 35
17 62
18 98
18 51
19 79
19 47
20 32
21 95
21 87
22 28
22 29
23 33
24 68
24 40
25 59
25 45
26 99
26 69
27 64
27 48
28 96
29 55
30 44
30 60
31 99
31 50
33 76
34 41
34 45
35 98
36 91
36 95
37 51
37 72
38 97
38 55
39 75
39 77
40 86
42 61
42 49
43 81
46 58
47 82
48 63
49 80
50 84
53 62
54 57
54 96
56 59
56 66
57 85
58 93
63 68
64 91
65 67
65 69
67 82
70 77
71 81
71 73
72 89
73 92
74 88
78 88
78 94
80 84
83 97
83 94
87 90
100 46
101 9
-1 -1
0.617974
