1
0 4
0 249
1 327
1 89
2 199
2 153
3 333
3 24
4 102
5 297
5 74
6 161
6 178
7 105
7 149
8 309
8 190
9 49
9 30
10 219
10 188
11 68
11 389
12 246
12 275
13 67
13 253
14 322
14 36
15 217
15 220
16 315
16 223
17 175
17 18
18 100
19 152
19 127
20 320
20 168
21 160
21 238
22 267
22 364
23 75
23 123
24 344
25 217
25 121
26 208
26 368
27 148
27 277
28 72
28 106
29 80
29 230
30 89
31 328
31 370
32 385
32 162
33 271
33 307
34 363
34 109
35 138
35 97
36 371
37 273
37 234
38 142
38 112
39 98
39 125
40 138
40 394
41 193
41 150
42 197
42 279
43 322
43 181
44 165
44 78
45 60
45 53
46 263
46 390
47 196
47 355
48 56
48 121
49 292
50 386
50 285
51 329
51 277
52 91
52 239
53 182
54 156
54 187
55 73
55 312
56 181
57 166
57 329
58 67
58 205
59 218
59 239
60 380
61 391
61 211
62 363
62 336
63 102
63 318
64 107
64 163
65 205
65 81
66 379
66 118
68 139
69 375
69 372
70 323
70 74
71 207
71 243
72 330
73 101
75 399
76 264
76 154
77 307
77 248
78 145
79 396
79 265
80 244
81 261
82 266
82 269
83 145
83 155
84 146
84 163
85 144
85 317
86 257
86 185
87 385
87 360
88 132
88 92
90 240
90 245
91 198
92 185
93 332
93 311
94 346
94 124
95 228
95 214
96 104
96 297
97 251
98 287
99 171
99 123
100 101
103 261
103 117
104 240
105 137
106 115
107 243
108 201
108 341
109 343
110 308
110 236
111 258
111 276
112 270
113 133
113 154
114 184
114 360
115 362
116 194
116 229
117 294
118 283
119 343
119 393
120 151
120 282
122 370
122 309
124 367
125 256
126 331
126 367
127 347
128 222
128 312
129 326
129 345
130 187
130 252
131 198
131 338
132 242
133 235
134 300
134 250
135 247
135 376
136 267
136 351
137 143
139 392
140 324
140 165
141 268
141 248
142 286
143 186
144 249
146 345
147 354
147 347
148 215
149 291
150 377
151 356
152 350
153 313
155 369
156 196
157 244
157 378
158 321
158 189
159 200
159 366
160 299
161 254
162 229
164 257
164 169
166 259
167 262
167 273
168 396
169 232
170 328
170 304
171 259
172 211
172 303
173 280
173 237
174 323
174 374
175 349
176 316
176 305
177 227
177 302
178 368
179 260
179 339
180 327
180 357
182 384
183 195
183 210
184 264
186 395
188 213
189 373
190 314
191 351
191 381
192 350
193 311
194 324
195 294
197 319
199 358
200 276
201 268
202 266
202 298
203 258
203 292
204 282
204 246
206 298
206 221
207 355
208 291
209 353
209 310
210 389
212 226
212 342
213 235
214 381
215 219
216 344
216 233
218 310
220 288
221 255
222 395
223 334
224 290
224 376
225 226
225 317
227 325
228 236
230 388
231 331
231 335
232 295
233 265
234 271
237 348
238 280
241 287
241 357
242 361
245 365
247 339
250 394
251 299
252 284
253 274
254 346
255 272
256 337
260 362
262 375
263 342
269 393
270 364
272 314
274 334
275 371
278 303
278 383
279 296
281 349
281 341
283 295
284 289
285 290
286 379
288 320
289 366
293 358
293 305
296 354
300 384
301 378
301 352
302 390
304 373
306 382
306 399
308 377
313 353
315 369
316 352
318 332
319 397
321 386
325 336
330 380
333 387
335 356
337 359
338 372
340 398
340 348
359 365
361 387
374 383
382 388
391 392
397 398
400 326
401 192
-1 -1
0.440007
