1
0 353
0 553
1 393
1 276
2 113
2 53
3 325
3 461
4 356
4 36
5 65
5 316
6 616
6 650
7 85
7 407
8 392
8 10
9 366
9 230
10 244
11 32
11 98
12 505
12 511
13 66
13 590
14 331
15 655
15 597
16 298
16 384
17 495
17 479
18 630
18 399
19 577
19 126
20 257
20 320
21 367
21 117
22 555
22 566
23 518
23 111
24 186
24 315
25 618
25 172
26 451
26 417
27 143
27 496
28 367
28 509
29 457
29 278
30 632
30 175
31 371
31 125
32 499
33 526
33 697
34 193
34 641
35 140
35 547
36 41
37 596
37 138
38 132
38 141
39 227
39 201
40 216
40 306
41 281
42 228
42 306
43 662
43 226
44 472
44 486
45 77
45 591
46 348
46 61
47 478
47 375
48 211
48 696
49 540
49 447
50 645
50 503
51 542
51 631
52 601
52 505
53 531
54 349
54 105
55 267
55 110
56 580
56 107
57 454
57 134
58 423
58 680
59 618
59 106
60 415
60 683
61 120
62 151
62 376
63 610
63 637
64 536
64 681
65 528
66 613
67 625
67 690
68 260
68 135
69 214
69 156
70 117
70 124
71 470
71 479
72 672
72 297
73 603
73 648
74 331
74 253
75 574
75 99
76 651
76 101
77 413
78 364
78 280
79 557
79 357
80 642
80 288
81 270
81 277
82 583
82 342
83 102
83 372
84 387
84 173
85 442
86 257
86 365
87 141
87 304
88 537
88 439
89 233
89 490
90 689
90 317
91 585
91 296
92 649
92 248
93 646
93 428
94 223
94 685
95 669
95 529
96 455
96 498
97 167
97 115
98 272
99 230
100 560
100 436
101 261
102 626
103 523
103 348
104 493
104 297
105 389
106 435
107 346
108 491
108 571
109 262
109 649
110 382
111 427
112 544
112 478
113 158
114 209
114 245
115 170
116 184
116 607
118 351
118 573
119 145
119 564
120 176
121 557
121 314
122 512
122 359
123 389
123 294
124 623
125 594
126 677
127 129
127 149
128 221
128 425
129 481
130 614
130 302
131 409
131 315
132 412
133 512
133 659
134 288
135 409
136 397
136 343
137 274
137 476
138 679
139 386
139 164
140 183
142 449
142 203
143 688
144 201
144 580
145 396
146 277
146 166
147 309
147 671
148 576
148 554
149 595
150 546
150 511
151 241
152 301
152 443
153 303
153 191
154 320
154 408
155 411
155 487
156 269
157 384
157 625
158 611
159 340
159 307
160 215
160 622
161 516
161 471
162 522
162 179
163 295
163 562
164 494
165 466
165 406
166 488
167 178
168 635
168 311
169 579
169 584
170 319
171 686
171 623
172 326
173 517
174 463
174 219
175 521
176 609
177 268
177 692
178 205
179 457
180 652
180 431
181 458
181 600
182 589
182 575
183 657
184 456
185 695
185 441
186 338
187 673
187 445
188 236
188 214
189 551
189 237
190 644
190 643
191 515
192 209
192 438
193 425
194 265
194 671
195 225
195 534
196 249
196 383
197 358
197 550
198 581
198 293
199 471
199 229
200 523
200 235
202 467
202 353
203 624
204 258
204 663
205 293
206 284
206 289
207 262
207 633
208 266
208 526
210 328
210 374
211 424
212 427
212 602
213 410
213 694
215 661
216 295
217 693
217 567
218 229
218 246
219 326
220 373
220 506
221 380
222 401
222 561
223 286
224 270
224 305
225 513
226 489
227 520
228 592
231 264
231 363
232 450
232 276
233 480
234 591
234 468
235 563
236 394
237 333
238 675
238 307
239 460
239 668
240 464
240 473
241 691
242 529
242 440
243 500
243 437
244 694
245 254
246 499
247 416
247 621
248 414
249 473
250 452
250 420
251 361
251 430
252 684
252 692
253 386
254 507
255 574
255 330
256 488
256 629
258 665
259 420
259 619
260 582
261 406
263 418
263 444
264 687
265 337
266 498
267 431
268 292
269 519
271 292
271 355
272 322
273 393
273 476
274 357
275 536
275 519
278 300
279 291
279 538
280 690
281 308
282 640
282 351
283 514
283 539
284 596
285 477
285 423
286 434
287 465
287 309
289 554
290 332
290 639
291 643
294 559
296 362
298 407
299 444
299 426
300 345
301 395
302 582
303 506
304 341
305 482
308 537
310 601
310 538
311 653
312 362
312 670
313 572
313 687
314 428
316 412
317 453
318 385
318 584
319 372
321 567
321 378
322 411
323 654
323 493
324 581
324 475
325 569
327 530
327 608
328 391
329 370
329 565
330 435
332 658
333 617
334 585
334 338
335 368
335 371
336 549
336 430
337 691
339 510
339 507
340 631
341 496
342 434
343 433
344 641
344 381
345 514
346 459
347 480
347 626
349 657
350 588
350 421
352 598
352 603
354 668
354 595
355 439
356 484
358 495
359 675
360 587
360 548
361 634
363 442
364 607
365 545
366 663
368 470
369 658
369 543
370 664
373 399
374 467
375 597
376 475
377 462
377 627
378 612
379 424
379 503
380 676
381 402
382 615
383 445
385 583
387 544
388 683
388 398
390 645
390 402
391 655
392 599
394 504
395 666
396 568
397 560
398 656
400 403
400 405
401 501
403 593
404 587
404 527
405 440
408 614
410 416
413 647
414 500
415 572
417 502
418 593
419 436
419 553
421 676
422 532
422 698
426 604
429 681
429 552
432 454
432 552
433 636
437 530
438 634
441 517
443 494
446 508
446 622
447 696
448 524
448 542
449 699
450 577
451 578
452 487
453 504
455 678
456 518
458 674
459 540
460 528
462 629
463 637
464 465
466 664
468 636
469 535
469 568
472 616
474 497
474 669
477 539
481 508
482 522
483 698
483 558
484 561
485 667
485 558
486 642
489 606
490 598
491 612
492 610
492 509
497 534
501 620
502 570
510 588
513 541
515 624
516 565
520 613
521 656
524 647
525 661
525 548
527 646
531 606
532 659
533 566
533 628
535 678
541 684
543 586
545 682
546 662
547 673
549 627
550 590
551 677
555 638
556 559
556 638
562 633
563 648
564 689
569 602
570 615
571 685
573 650
575 654
576 630
578 589
579 639
586 651
592 672
594 628
599 620
600 621
604 605
605 699
608 609
611 652
617 632
619 635
640 660
644 666
653 674
660 665
667 686
670 695
679 680
682 688
693 697
700 461
701 14
-1 -1
15.7319
