1
0 257
0 440
1 362
1 387
2 489
2 521
3 26
3 32
4 265
4 544
5 149
5 345
6 77
6 377
7 25
7 364
8 111
8 495
9 352
9 548
10 251
10 583
11 239
11 528
12 144
12 151
13 30
13 241
14 119
14 256
15 240
15 398
16 203
16 373
17 37
17 490
18 26
18 463
19 78
19 521
20 281
20 594
21 191
21 389
22 388
22 392
23 160
23 403
24 305
24 559
25 479
27 296
27 560
28 76
28 217
29 37
29 192
31 169
31 384
32 42
33 509
33 593
34 259
34 446
35 329
35 562
36 176
36 563
38 221
38 537
39 184
39 457
40 294
40 471
41 50
41 270
42 349
43 214
43 525
44 52
44 317
45 269
45 364
46 53
46 492
47 190
47 238
48 372
48 407
49 523
49 573
50 459
51 256
51 385
52 476
53 461
54 159
54 172
55 274
55 426
56 324
56 558
57 161
57 486
58 158
58 447
59 126
59 243
60 406
60 545
61 109
61 388
62 431
62 441
63 93
63 502
64 304
64 551
65 89
65 582
66 94
66 530
67 147
67 291
68 514
68 516
69 302
69 430
70 399
70 439
71 180
71 215
72 487
72 596
73 134
73 571
74 105
74 244
75 397
75 535
76 174
77 137
78 173
79 146
79 233
80 85
80 310
81 431
81 548
82 186
82 453
83 432
83 504
84 217
84 380
85 367
86 150
86 318
87 170
87 237
88 488
88 526
89 393
90 119
90 396
91 236
91 579
92 512
92 538
93 188
94 584
95 120
95 379
96 114
96 507
97 359
97 412
98 155
98 369
99 273
99 276
100 168
100 264
101 148
101 533
102 131
102 266
103 281
103 404
104 145
104 540
105 494
106 227
106 541
107 306
107 346
108 318
108 556
109 294
110 365
110 585
111 204
112 314
112 541
113 122
113 263
114 238
115 382
115 419
116 216
116 262
117 201
117 505
118 245
118 464
120 329
121 375
121 516
122 337
123 546
123 567
124 370
124 467
125 255
125 518
126 182
127 187
127 445
128 163
128 350
129 184
129 401
130 223
130 407
131 223
132 369
132 423
133 543
133 558
134 334
135 187
135 416
136 285
136 336
137 526
138 230
138 284
139 351
139 379
140 236
140 325
141 244
141 395
142 172
142 386
143 212
143 327
144 265
145 340
146 326
147 331
148 499
149 356
150 249
151 598
152 381
152 518
153 242
153 450
154 283
154 326
155 592
156 345
156 494
157 321
157 496
158 403
159 347
160 538
161 234
162 301
162 508
163 588
164 360
164 458
165 182
165 338
166 472
166 576
167 218
167 270
168 290
169 334
170 529
171 383
171 411
173 580
174 250
175 179
175 481
176 353
177 229
177 317
178 351
178 363
179 504
180 255
181 199
181 208
183 188
183 483
185 216
185 324
186 500
189 313
189 578
190 311
191 275
192 441
193 231
193 272
194 220
194 411
195 323
195 342
196 315
196 524
197 468
197 478
198 390
198 545
199 321
200 273
200 503
201 289
202 311
202 434
203 455
204 554
205 480
205 555
206 219
206 262
207 353
207 544
208 410
209 285
209 555
210 470
210 527
211 456
211 466
212 417
213 267
213 343
214 562
215 574
218 425
219 461
220 415
221 365
222 225
222 465
224 335
224 440
225 520
226 513
226 569
227 435
228 234
228 485
229 306
230 243
231 297
232 260
232 418
233 470
235 260
235 437
237 594
239 337
240 546
241 568
242 415
245 569
246 269
246 381
247 390
247 498
248 251
248 342
249 348
250 283
252 448
252 477
253 496
253 585
254 500
254 551
257 322
258 492
258 587
259 307
261 505
261 531
263 560
264 483
266 298
267 471
268 451
268 490
271 474
271 565
272 489
274 580
275 568
276 452
277 348
277 574
278 291
278 442
279 478
279 540
280 387
280 418
282 357
282 570
284 460
286 378
286 539
287 502
287 549
288 543
288 581
289 328
290 344
292 432
292 519
293 530
293 532
295 315
295 595
296 590
297 341
298 332
299 394
299 591
300 479
300 539
301 472
302 358
303 380
303 424
304 481
305 514
307 465
308 437
308 599
309 436
309 451
310 374
312 410
312 517
313 561
314 503
316 413
316 417
319 405
319 571
320 344
320 374
322 424
323 508
325 412
327 414
328 340
330 409
330 460
331 371
332 589
333 421
333 535
335 355
336 427
338 349
339 341
339 394
343 458
346 375
347 455
350 450
352 487
354 552
354 598
355 422
356 582
357 405
358 449
359 443
360 491
361 414
361 597
362 495
363 435
366 454
366 468
367 475
368 433
368 473
370 512
371 391
372 533
373 439
376 400
376 445
377 525
378 522
382 421
383 550
384 550
385 429
386 577
389 448
391 401
392 556
393 586
395 587
396 497
397 462
398 599
399 420
400 575
402 404
402 464
406 531
408 466
408 473
409 413
416 563
419 522
420 597
422 499
423 476
425 480
426 559
427 532
428 529
428 564
429 570
430 527
433 553
434 443
436 534
438 452
438 553
442 482
444 486
444 552
446 591
447 549
449 583
453 474
456 567
457 547
459 469
462 506
463 511
467 565
469 488
475 537
477 493
482 554
484 485
484 572
491 561
493 510
497 572
498 519
501 589
501 592
506 547
507 573
509 586
510 566
511 581
513 515
515 576
517 596
520 595
523 534
524 579
528 577
536 542
536 557
542 588
557 590
564 593
566 578
575 584
600 454
601 30
-1 -1
3.58085
