15
0 120
1 128
1 21
2 19
2 155
3 33
3 91
4 6
4 15
5 169
5 174
6 127
7 146
7 181
8 196
8 50
9 193
9 173
10 26
10 20
11 157
12 89
12 173
13 46
13 148
14 73
14 59
15 126
16 110
16 165
17 108
17 184
18 157
18 111
19 189
20 68
21 168
22 87
23 191
23 44
24 35
24 100
25 40
25 172
26 47
27 176
27 164
28 45
28 109
29 151
29 70
30 97
30 78
31 44
32 119
32 79
33 86
34 35
34 43
36 99
36 94
37 49
37 150
38 122
38 162
39 160
40 129
41 161
41 183
42 56
42 147
43 145
45 133
46 91
47 75
48 97
48 58
49 138
51 64
51 108
52 99
53 192
53 167
54 165
54 158
55 185
55 69
56 181
57 144
57 131
58 182
59 78
60 80
60 114
61 195
61 69
62 147
62 135
63 146
63 125
64 170
66 178
66 169
67 72
67 180
68 191
70 143
71 106
71 102
72 167
73 92
74 163
74 182
75 118
76 136
76 188
77 137
79 105
80 85
81 153
82 151
82 155
83 139
83 121
84 166
85 152
86 153
87 93
88 163
89 138
90 118
90 127
92 154
93 187
94 175
95 172
95 175
96 156
96 142
98 130
98 117
100 198
101 104
101 106
102 177
103 174
103 111
104 183
105 139
107 198
107 159
109 121
110 186
112 141
114 180
116 160
116 178
117 144
119 171
120 132
122 124
123 140
124 143
125 164
126 130
128 187
129 195
131 134
132 192
133 161
134 142
135 190
136 159
137 170
145 193
148 152
150 190
156 185
162 176
166 188
177 197
179 196
179 199
184 186
194 199
200 22
200 39
200 50
200 52
200 65
200 77
200 88
200 112
200 113
200 115
200 149
200 154
200 158
200 168
200 197
201 0
201 11
201 31
201 65
201 81
201 84
201 113
201 115
201 123
201 140
201 141
201 149
201 171
201 189
201 194
-1 -1
0.025311
