400 3140
0 279
0 162
0 227
0 388
0 230
0 40
0 111
0 175
0 48
0 392
0 50
0 387
0 309
0 86
0 249
0 56
0 57
0 219
0 349
0 373
1 32
1 2
1 227
1 101
1 169
1 170
1 194
1 226
1 175
1 229
1 252
1 85
1 54
1 375
1 88
1 185
1 250
1 156
1 125
1 117
2 43
2 321
2 40
2 106
2 119
2 269
2 208
2 328
2 147
2 23
2 280
2 377
3 16
3 177
3 242
3 357
3 217
3 9
3 26
3 314
3 202
3 350
4 192
4 336
4 68
4 228
4 361
4 170
4 332
4 397
4 399
4 304
4 308
4 181
4 87
4 324
4 28
4 394
4 287
5 289
5 54
5 71
5 40
5 396
5 14
5 368
5 240
5 232
5 118
5 55
5 24
5 217
5 374
5 59
6 98
6 131
6 118
6 102
6 372
6 42
6 235
6 141
6 398
6 16
6 244
6 21
6 54
6 25
6 122
6 91
6 252
7 131
7 397
7 329
7 267
7 205
7 207
7 143
7 75
7 269
7 277
7 235
7 24
7 345
7 283
7 350
7 225
7 228
7 124
7 107
7 44
7 116
7 312
7 185
7 60
7 190
8 65
8 322
8 67
8 101
8 360
8 301
8 15
8 81
8 35
8 340
8 246
8 311
8 249
8 163
8 347
9 367
9 354
9 229
9 38
9 295
9 42
9 231
9 397
9 79
9 369
9 227
9 280
9 371
9 27
9 362
9 286
10 193
10 227
10 385
10 109
10 78
10 114
10 213
10 23
10 219
10 156
10 382
10 351
11 98
11 229
11 41
11 111
11 162
11 13
11 368
11 114
11 115
11 182
11 265
11 185
11 27
11 126
11 127
12 323
12 38
12 329
12 300
12 210
12 110
12 237
12 337
12 82
12 307
12 78
12 342
12 312
12 28
12 29
12 351
13 289
13 258
13 37
13 134
13 231
13 232
13 362
13 290
13 175
13 16
13 370
13 307
13 20
13 185
13 154
13 28
13 189
13 382
14 33
14 99
14 198
14 335
14 349
14 370
14 207
14 241
14 178
14 20
14 214
14 313
14 282
14 47
14 28
14 221
14 166
15 224
15 193
15 136
15 236
15 106
15 204
15 368
15 49
15 288
15 150
15 381
15 153
15 380
15 253
15 126
15 223
16 99
16 163
16 263
16 395
16 369
16 302
16 205
16 240
16 24
16 116
16 341
16 150
16 247
16 88
16 180
16 92
16 313
16 211
17 32
17 97
17 323
17 260
17 256
17 176
17 374
17 248
17 185
17 26
17 27
17 252
17 125
18 256
18 161
18 392
18 196
18 295
18 40
18 177
18 149
18 183
18 25
18 59
18 349
18 181
19 194
19 230
19 103
19 145
19 106
19 151
19 322
19 238
19 81
19 370
19 116
19 23
19 121
20 352
20 258
20 35
20 386
20 107
20 322
20 77
20 80
20 43
20 179
20 251
20 94
21 379
21 262
21 334
21 56
21 275
21 85
21 55
21 88
21 25
21 27
21 149
22 67
22 136
22 73
22 339
22 140
22 307
22 209
22 82
22 195
22 342
22 55
22 152
22 137
22 168
22 312
22 255
23 33
23 35
23 132
23 262
23 243
23 141
23 270
23 77
23 385
23 50
23 149
23 156
23 349
23 245
24 192
24 224
24 98
24 260
24 359
24 369
24 143
24 319
24 146
24 83
24 276
24 375
24 88
24 282
24 187
24 317
24 382
24 159
25 256
25 385
25 228
25 326
25 369
25 300
25 30
25 236
25 190
25 248
25 339
25 361
25 280
25 388
25 282
25 362
25 158
26 96
26 370
26 177
26 379
26 393
26 333
26 269
26 302
26 173
26 306
26 340
26 150
26 183
26 396
26 219
26 380
26 369
27 98
27 228
27 103
27 264
27 74
27 109
27 207
27 208
27 274
27 209
27 365
27 297
27 241
27 314
27 93
28 336
28 98
28 282
28 100
28 103
28 239
28 272
28 370
28 253
28 276
28 308
28 89
28 58
28 380
28 29
28 126
29 68
29 37
29 326
29 135
29 73
29 298
29 316
29 373
29 86
29 300
29 376
29 356
29 155
29 253
29 101
30 384
30 193
30 258
30 259
30 357
30 230
30 295
30 264
30 392
30 78
30 304
30 305
30 89
30 347
30 283
30 317
30 350
31 352
31 387
31 132
31 357
31 396
31 108
31 207
31 305
31 275
31 86
31 376
31 57
31 374
31 347
31 92
31 125
32 393
32 321
32 380
32 43
32 364
32 141
32 142
32 207
32 345
32 281
32 186
32 156
32 58
33 59
33 233
33 199
33 200
33 73
33 142
33 50
33 279
33 345
33 314
33 187
34 129
34 226
34 291
34 356
34 246
34 353
34 168
34 395
34 205
34 347
34 184
34 387
34 85
34 182
34 152
34 90
34 283
34 189
34 264
34 149
35 98
35 347
35 70
35 379
35 266
35 267
35 236
35 175
35 338
35 51
35 342
35 378
35 287
35 156
35 285
35 95
36 344
36 225
36 370
36 91
36 70
36 297
36 202
36 267
36 301
36 206
36 333
36 48
36 209
36 146
36 302
36 286
36 152
36 331
36 251
36 62
37 293
37 326
37 360
37 363
37 302
37 112
37 307
37 366
37 186
37 380
37 126
37 255
38 160
38 385
38 291
38 133
38 330
38 109
38 337
38 50
38 117
38 118
38 120
38 332
38 253
38 190
39 161
39 71
39 40
39 329
39 362
39 327
39 108
39 173
39 174
39 335
39 305
39 179
39 308
39 181
39 154
39 314
40 65
40 228
40 391
40 171
40 141
40 174
40 77
40 273
40 256
40 56
40 290
40 58
40 346
40 318
40 309
41 256
41 194
41 259
41 106
41 247
41 258
41 237
41 291
41 308
41 279
41 185
41 299
42 352
42 364
42 110
42 112
42 49
42 52
42 46
42 150
42 377
42 281
42 378
42 383
42 348
42 62
42 276
43 65
43 365
43 197
43 296
43 109
43 271
43 307
43 54
43 151
43 250
43 190
44 131
44 136
44 138
44 267
44 332
44 269
44 397
44 274
44 147
44 277
44 154
44 349
44 95
44 356
44 357
44 295
44 49
44 243
44 249
44 63
44 188
44 394
44 264
44 127
45 324
45 134
45 103
45 332
45 207
45 208
45 82
45 341
45 214
45 56
45 59
45 316
45 222
46 99
46 228
46 365
46 102
46 167
46 237
46 207
46 113
46 274
46 116
46 53
46 138
46 119
46 344
46 292
46 186
46 92
46 106
46 383
47 327
47 135
47 235
47 338
47 205
47 206
47 174
47 305
47 50
47 78
47 187
47 252
48 353
48 162
48 244
48 308
48 399
48 274
48 116
48 375
48 120
48 52
48 317
48 377
49 97
49 133
49 129
49 76
49 327
49 333
49 145
49 378
49 211
49 52
49 279
49 250
49 379
49 317
49 165
50 324
50 246
50 176
50 152
50 51
50 340
50 150
50 88
50 372
50 58
50 188
50 318
51 97
51 354
51 263
51 124
51 391
51 205
51 84
51 149
51 342
51 151
51 372
51 282
51 315
51 252
51 254
52 352
52 97
52 357
52 241
52 232
52 137
52 109
52 205
52 301
52 333
52 365
52 202
52 57
52 220
52 221
52 373
53 258
53 68
53 102
53 200
53 306
53 179
53 366
53 56
53 281
53 123
53 61
54 192
54 200
54 362
54 78
54 79
54 341
54 279
54 154
54 157
54 223
55 261
55 327
55 389
55 138
55 79
55 210
55 339
55 217
55 153
55 90
55 150
55 289
55 355
55 360
55 367
55 312
55 378
55 223
55 394
55 63
56 260
56 325
56 198
56 79
56 376
56 151
56 89
56 358
56 158
56 98
56 123
56 165
56 230
56 239
56 112
56 246
56 120
56 185
56 378
56 187
56 316
56 313
57 64
57 354
57 100
57 134
57 135
57 360
57 329
57 276
57 312
57 146
57 243
57 277
57 352
57 216
57 153
57 218
57 116
57 84
58 370
58 241
58 73
58 392
58 125
58 237
58 61
58 209
58 243
58 116
58 393
58 148
58 378
58 335
58 189
58 159
59 288
59 130
59 363
59 100
59 161
59 393
59 202
59 139
59 236
59 368
59 149
59 342
59 343
59 249
59 93
60 64
60 128
60 99
60 102
60 160
60 77
60 79
60 144
60 375
60 171
60 385
60 151
60 299
60 220
60 61
60 199
61 320
61 193
61 203
61 197
61 70
61 392
61 394
61 119
61 349
61 279
61 221
61 215
61 319
62 208
62 305
62 211
62 342
62 183
62 332
62 346
62 111
63 288
63 97
63 66
63 260
63 353
63 354
63 143
63 116
63 391
63 279
63 343
63 151
63 157
63 127
64 160
64 97
64 163
64 68
64 276
64 391
64 74
64 75
64 291
64 212
64 247
64 355
64 122
64 187
65 192
65 161
65 230
65 70
65 199
65 171
65 268
65 301
65 271
65 178
65 195
65 180
65 153
65 186
65 384
65 299
65 357
66 226
66 324
66 229
66 388
66 75
66 300
66 333
66 271
66 176
66 116
66 345
66 347
66 92
67 288
67 130
67 260
67 326
67 143
67 114
67 116
67 85
67 87
67 216
67 249
67 399
67 281
67 373
68 256
68 130
68 399
68 314
68 104
68 233
68 332
68 78
68 175
68 148
68 278
68 217
68 90
68 287
68 85
69 226
69 283
69 197
69 262
69 72
69 363
69 268
69 130
69 392
69 308
69 187
69 251
70 258
70 102
70 305
70 329
70 74
70 311
70 81
70 114
70 131
70 150
70 87
70 248
70 378
70 155
70 223
71 307
71 101
71 246
71 136
71 351
71 205
72 80
72 242
72 323
72 292
72 185
72 355
72 396
72 370
72 334
73 339
73 299
73 197
73 328
73 362
73 79
73 139
73 125
73 210
73 366
73 175
73 114
73 83
73 343
73 90
73 318
74 321
74 166
74 199
74 396
74 266
74 236
74 143
74 240
74 145
74 85
74 215
74 184
74 312
74 353
74 254
74 261
75 132
75 295
75 140
75 206
75 207
75 241
75 115
75 110
75 152
75 319
76 208
76 114
76 83
76 113
76 234
76 193
76 220
76 162
76 350
76 127
77 343
77 131
77 373
77 220
77 295
77 151
77 173
77 206
77 272
77 113
77 174
77 377
77 383
77 156
77 319
78 304
78 353
78 331
78 271
78 272
78 81
78 275
78 152
78 345
78 124
78 317
78 383
79 289
79 199
79 371
79 109
79 376
79 243
79 281
79 348
80 164
80 357
80 326
80 105
80 208
80 86
80 281
80 124
80 380
80 255
81 227
81 228
81 262
81 167
81 393
81 311
81 365
81 296
81 337
81 183
81 249
81 358
81 91
81 377
82 290
82 235
82 335
82 144
82 273
82 341
82 87
82 183
82 215
83 279
83 210
83 105
83 155
83 140
83 189
83 377
84 176
84 393
84 333
84 237
84 144
84 276
84 88
84 283
84 316
84 221
85 192
85 296
85 364
85 162
85 239
85 368
85 337
85 339
85 340
85 310
85 228
85 125
86 356
86 357
86 134
86 331
86 268
86 342
86 122
86 379
86 158
87 288
87 129
87 292
87 200
87 393
87 235
87 205
87 399
87 385
87 254
87 249
87 282
87 219
87 190
88 256
88 322
88 308
88 200
88 112
88 310
88 345
88 281
88 381
89 194
89 195
89 230
89 136
89 291
89 267
89 332
89 184
89 147
89 119
89 355
89 377
90 166
90 263
90 298
90 290
90 108
90 141
90 271
90 336
90 275
90 301
90 268
90 327
90 378
90 91
90 220
90 127
91 388
91 389
91 327
91 140
91 204
91 334
91 211
91 342
91 215
91 152
91 156
91 280
91 97
91 166
91 231
91 106
91 300
91 109
91 111
91 379
92 176
92 131
92 309
92 198
92 373
92 282
92 177
92 117
92 206
92 186
92 123
92 221
93 98
93 308
93 103
93 360
93 203
93 396
93 335
93 376
93 115
93 148
93 150
93 371
93 276
93 284
93 349
93 190
93 159
94 165
94 104
94 389
94 204
94 110
94 366
94 383
94 350
94 393
94 244
94 283
94 381
94 286
94 245
95 258
95 358
95 166
95 232
95 138
95 333
95 239
95 304
95 242
95 243
95 249
95 298
96 352
96 195
96 132
96 243
96 168
96 177
96 355
96 204
96 296
96 239
96 113
96 115
96 277
96 247
96 284
96 127
97 321
97 196
97 197
97 340
97 361
97 138
97 300
97 399
97 247
97 116
97 377
97 202
97 158
98 160
98 161
98 200
98 117
98 374
98 318
98 312
99 195
99 132
99 389
99 168
99 107
99 140
99 271
99 360
99 114
99 243
99 186
99 123
99 213
100 354
100 228
100 360
100 388
100 140
100 237
100 238
100 145
100 383
100 398
100 126
100 287
101 384
101 322
101 363
101 357
101 199
101 275
101 202
101 396
101 354
101 240
101 211
101 212
101 311
102 129
102 326
102 307
102 276
102 284
102 248
102 346
102 220
102 357
103 326
103 391
103 234
103 267
103 304
103 241
103 245
103 279
103 377
103 220
104 257
104 227
104 326
104 231
104 169
104 270
104 353
104 145
104 114
104 334
104 137
104 399
105 177
105 278
105 231
105 155
105 109
105 381
106 320
106 387
106 138
106 140
106 141
106 208
106 242
106 215
106 280
106 346
106 220
106 361
107 161
107 119
107 184
107 122
108 395
108 278
108 138
108 363
108 397
108 317
108 342
108 183
108 221
109 288
109 385
109 164
109 230
109 231
109 173
109 207
109 143
109 368
109 391
109 260
109 325
110 320
110 196
110 293
110 263
110 360
110 139
110 141
110 369
110 145
110 307
110 212
110 267
110 217
110 285
111 240
111 244
111 293
111 211
111 292
111 347
111 387
112 160
112 257
112 134
112 359
112 368
112 365
112 206
112 207
112 208
112 209
112 238
112 214
112 250
112 317
113 353
113 131
113 273
113 149
113 311
113 120
113 219
113 319
114 321
114 139
114 206
114 337
114 331
114 154
114 358
114 166
114 295
114 362
114 236
114 301
114 303
114 374
114 123
114 381
115 288
115 386
115 197
115 199
115 266
115 204
115 279
115 344
115 220
115 353
115 357
115 361
115 235
115 300
115 368
115 306
115 181
115 251
115 318
116 260
116 309
116 264
116 205
116 218
116 222
116 166
116 295
116 305
116 243
116 181
116 374
116 190
117 224
117 132
117 330
117 269
117 207
117 145
117 338
117 212
117 278
117 375
117 344
117 335
117 394
118 326
118 363
118 141
118 271
118 240
118 145
118 210
118 246
118 281
118 155
119 323
119 225
119 131
119 292
119 360
119 170
119 145
119 259
119 181
119 278
119 249
119 251
120 256
120 357
120 264
120 394
120 172
120 141
120 269
120 244
120 365
120 397
120 220
120 222
121 320
121 383
121 175
121 237
121 174
121 173
122 128
122 162
122 197
122 136
122 380
122 207
122 264
122 340
122 245
122 215
122 348
122 126
122 319
123 258
123 390
123 230
123 210
123 169
123 312
123 205
123 367
123 375
123 305
123 399
123 183
123 315
123 155
123 343
123 213
124 387
124 132
124 294
124 167
124 367
124 276
124 164
124 231
125 267
125 311
125 289
125 201
125 203
125 300
125 176
125 210
125 244
125 127
126 322
126 262
126 391
126 204
126 142
126 217
126 346
126 157
126 229
126 353
126 355
126 221
126 349
126 383
126 189
126 255
127 225
127 299
127 263
127 199
127 140
127 173
127 287
127 210
127 323
127 342
127 265
127 306
127 283
127 222
128 178
128 214
128 279
128 322
128 155
128 234
128 366
128 383
129 257
129 355
129 198
129 393
129 390
129 364
129 301
129 272
129 387
129 277
129 152
129 252
129 309
130 192
130 374
130 312
130 217
130 284
130 333
131 320
131 132
131 136
131 137
131 267
131 271
131 275
131 149
131 214
131 216
131 290
131 228
131 361
131 277
132 230
132 171
132 332
132 247
132 271
132 235
132 372
132 250
132 157
132 215
133 256
133 146
133 311
133 265
133 384
133 367
134 293
134 360
134 329
134 396
134 239
134 337
134 250
134 379
135 272
135 374
135 215
135 250
135 158
136 288
136 289
136 262
136 328
136 195
136 213
136 152
136 378
137 161
137 386
137 150
137 236
137 332
137 174
137 239
137 305
138 194
138 233
138 247
138 301
138 394
138 341
138 303
138 170
138 158
139 233
139 331
139 173
139 367
139 275
139 372
139 150
139 250
139 380
139 218
139 286
140 326
140 327
140 168
140 302
140 207
140 287
140 274
140 373
140 188
140 317
141 256
141 262
141 361
141 215
141 207
141 352
141 242
141 174
141 150
141 394
142 212
142 166
142 199
142 233
142 202
142 327
142 396
142 338
142 349
142 146
142 275
142 148
142 185
142 189
142 158
143 256
143 374
143 230
143 389
143 334
143 301
143 287
143 227
143 214
143 251
143 390
143 317
144 160
144 387
144 309
144 294
144 396
144 374
144 315
145 366
145 194
145 359
145 371
145 364
145 301
145 150
145 346
145 251
145 229
146 199
146 200
146 201
146 307
146 378
146 275
146 149
146 184
146 185
146 293
146 248
146 255
147 160
147 339
147 308
147 261
147 263
147 202
147 375
147 377
148 328
148 243
148 359
148 200
148 351
148 303
149 256
149 230
149 166
149 328
149 394
149 290
149 387
149 238
149 175
149 251
149 343
149 189
150 194
150 282
150 209
150 281
150 154
150 218
150 223
150 161
150 301
150 309
150 313
150 251
150 234
151 193
151 390
151 357
151 230
151 264
151 389
151 300
151 270
151 214
151 249
152 155
152 358
152 166
152 321
152 363
152 177
152 249
153 329
153 398
153 273
153 185
153 248
153 188
153 350
153 159
154 342
154 296
154 299
154 312
154 356
154 315
154 231
155 262
155 260
155 230
155 324
155 267
155 204
155 269
155 333
155 276
155 326
155 233
155 185
156 194
156 356
156 226
156 375
156 271
156 185
156 219
156 345
157 224
157 368
157 274
157 179
157 392
157 283
157 349
158 315
158 263
158 336
158 247
158 187
158 348
158 287
159 197
159 231
159 301
159 270
159 209
159 277
159 187
159 341
160 230
160 391
160 234
160 299
160 236
160 390
160 270
160 207
160 281
160 255
161 278
161 189
161 176
161 285
161 344
161 167
162 192
162 370
162 200
162 173
162 338
162 315
162 287
163 363
163 180
163 309
163 367
163 337
163 187
163 350
163 304
164 336
164 195
164 200
164 323
164 369
164 210
164 211
164 376
164 281
164 382
165 257
165 262
165 385
165 267
165 398
165 271
165 372
165 378
165 216
165 253
166 339
166 305
166 399
166 240
166 248
166 372
166 222
166 191
167 320
167 325
167 311
167 263
167 233
167 362
167 299
167 338
167 289
167 178
167 371
167 308
167 183
167 314
167 187
167 286
167 223
168 289
168 264
168 236
168 365
168 398
168 271
168 387
168 332
168 380
168 223
169 197
169 225
169 173
169 368
169 190
169 182
169 309
169 286
169 319
170 256
170 291
170 289
170 359
170 172
170 207
170 239
170 346
170 315
170 395
171 226
171 225
171 322
171 237
171 180
171 248
171 313
171 218
172 195
172 228
172 307
172 328
172 275
172 334
172 242
172 227
172 313
172 381
173 359
173 228
173 387
173 206
173 375
173 319
173 243
173 345
173 283
173 318
174 322
174 386
174 388
174 302
174 185
175 294
175 353
175 256
175 239
175 304
175 227
175 182
175 343
176 304
176 396
176 386
177 240
177 258
177 231
177 321
177 271
177 305
177 291
177 188
177 285
178 194
178 386
178 231
178 300
178 301
178 238
178 365
178 320
178 397
179 383
179 275
179 247
179 315
179 391
179 341
180 181
180 259
180 339
180 348
180 349
180 373
181 327
181 247
181 278
181 343
181 317
181 371
181 231
182 272
182 320
182 313
182 348
182 284
182 369
183 288
183 260
183 293
183 361
183 304
183 275
183 314
183 190
183 383
184 387
184 391
184 264
184 268
184 334
184 308
184 214
184 311
184 187
184 394
185 323
185 326
185 273
185 285
185 254
186 210
186 272
186 215
186 354
186 253
187 354
187 261
187 201
187 387
187 341
187 215
188 320
188 395
188 357
188 233
188 299
188 274
188 190
189 302
189 262
189 385
189 233
189 362
189 272
189 209
189 393
189 316
189 282
190 352
190 316
190 395
190 399
190 336
190 275
190 245
190 351
191 240
191 272
191 371
191 196
191 198
191 360
191 251
191 205
191 261
192 293
192 390
192 202
192 207
192 248
192 365
192 374
192 379
192 216
192 383
193 353
193 374
193 232
193 300
193 279
193 241
193 382
193 213
193 214
193 351
193 309
194 308
194 263
194 359
194 372
194 240
194 276
194 277
194 280
194 315
194 285
195 367
195 392
195 371
195 252
195 351
196 226
196 359
196 297
196 337
196 307
196 276
196 213
196 246
196 311
196 329
197 207
197 242
197 312
197 371
197 319
197 252
198 261
198 199
198 225
198 207
198 272
198 306
198 302
198 277
198 342
198 252
199 291
199 316
199 372
199 334
199 394
200 342
200 300
200 268
201 328
201 211
201 260
201 294
201 290
201 217
201 258
201 300
202 299
202 268
202 205
202 368
202 249
202 286
203 242
203 283
203 333
203 380
203 332
203 253
204 278
204 233
204 236
204 344
204 268
204 215
204 248
204 332
205 259
205 333
205 351
205 355
205 235
205 370
205 248
205 250
205 266
205 382
206 227
206 228
206 297
206 323
206 260
207 392
207 208
207 301
207 348
207 230
207 313
208 347
208 310
208 326
208 321
208 379
208 327
208 278
208 343
208 218
209 368
209 293
209 267
209 270
209 347
209 323
209 302
209 316
209 222
210 389
210 307
210 253
210 212
210 317
211 230
211 398
211 276
211 341
211 372
212 257
212 231
212 232
212 297
212 274
212 269
212 249
213 300
213 302
213 305
213 387
213 216
213 249
213 316
214 324
214 257
214 362
214 338
214 312
215 367
215 298
215 328
215 275
215 310
215 344
216 256
216 386
216 391
216 266
216 268
216 303
216 320
216 338
216 378
216 384
216 255
217 256
217 311
217 333
217 241
217 398
217 250
217 283
217 265
217 261
218 399
218 265
218 396
218 303
218 274
218 239
219 322
219 293
219 305
219 265
219 299
219 238
219 221
219 298
219 329
220 354
220 394
220 358
220 343
220 241
220 279
220 244
220 298
220 254
220 319
221 387
221 357
221 264
221 254
221 351
222 322
222 399
222 233
222 367
222 304
222 371
222 245
222 343
222 341
223 289
223 229
223 295
223 394
223 364
223 302
223 305
223 371
223 398
223 248
223 374
223 369
224 289
224 259
224 229
224 391
224 316
224 364
224 314
224 348
225 290
225 375
225 241
225 345
225 284
226 352
226 326
226 329
226 267
226 275
226 280
226 355
226 254
226 357
227 356
227 326
227 235
227 244
228 385
228 305
228 230
228 388
228 231
228 243
228 244
228 273
229 363
229 288
229 274
229 275
229 308
229 329
230 257
230 329
230 333
230 334
230 312
230 274
230 232
230 369
230 308
230 373
231 257
231 387
231 388
231 361
231 290
231 294
231 363
231 374
231 247
232 294
232 327
232 397
232 254
233 352
233 291
233 329
233 362
233 307
233 292
234 290
234 363
234 267
234 270
234 353
234 306
234 250
234 346
234 286
234 255
235 243
235 238
235 375
235 313
236 321
236 274
236 270
236 380
236 298
237 396
237 358
237 263
237 371
238 393
238 330
238 369
238 378
238 283
238 381
239 385
239 266
239 336
239 297
240 288
240 275
240 376
240 319
241 356
241 294
241 264
241 268
241 359
242 386
242 298
242 365
242 369
242 381
242 346
242 285
243 353
243 290
243 269
243 388
243 273
243 376
244 322
244 399
244 382
245 263
245 251
245 264
245 268
246 288
246 251
246 252
246 311
247 261
247 363
247 269
247 337
247 306
247 279
247 348
247 373
248 258
248 294
248 357
248 278
248 377
248 318
249 354
249 358
250 296
250 397
250 343
250 315
250 316
251 328
251 330
251 279
251 364
251 397
251 314
251 351
252 326
252 394
252 343
252 281
253 292
253 329
253 310
253 367
254 288
254 352
254 327
254 265
254 365
254 270
254 305
254 394
255 258
255 294
255 370
255 306
255 337
255 339
256 398
256 272
256 339
257 258
257 297
257 373
257 393
257 280
257 340
257 374
258 344
258 379
258 292
258 263
258 328
258 352
259 323
259 326
259 263
259 297
259 394
259 375
259 335
259 338
259 355
259 397
259 314
259 317
260 376
260 278
260 390
260 276
260 265
260 317
261 278
261 363
262 343
262 315
263 352
263 295
263 369
263 359
263 398
263 287
263 314
264 390
264 330
264 281
265 329
265 314
266 338
266 366
266 375
266 393
266 318
267 297
267 340
267 302
267 318
267 373
268 390
268 329
268 304
268 389
269 289
269 390
269 330
269 359
269 301
269 283
269 383
270 288
270 328
270 335
270 376
270 313
271 302
272 359
272 360
272 299
272 387
272 366
272 343
273 340
273 396
273 307
274 304
274 354
274 278
274 332
274 313
274 351
275 385
275 276
275 334
275 298
275 318
276 310
276 311
276 314
276 394
277 369
277 371
277 373
277 315
277 381
278 373
278 302
278 335
278 368
279 390
279 327
279 333
279 339
279 298
279 359
279 366
279 362
279 317
280 331
280 315
280 340
281 390
281 397
281 379
282 385
282 387
282 327
282 359
282 314
282 315
282 371
283 288
283 322
283 336
283 337
283 370
283 310
284 323
284 294
284 361
284 322
284 399
284 369
284 313
284 325
284 293
285 325
285 321
285 379
285 350
285 383
286 392
286 338
286 343
286 316
287 366
287 350
287 344
287 319
288 315
288 314
289 355
289 325
289 361
289 334
289 304
289 313
289 293
289 346
290 393
290 313
291 389
292 393
292 331
292 325
292 308
292 309
292 372
292 334
292 318
293 385
293 327
293 398
293 335
293 343
293 350
293 359
293 301
293 372
293 377
293 317
294 332
294 375
294 335
295 320
295 384
295 359
295 389
296 395
296 356
296 332
296 367
298 331
298 301
298 375
299 322
299 393
299 398
299 309
300 396
301 393
301 365
301 349
301 352
301 360
301 377
302 304
302 331
302 329
302 339
302 371
303 324
303 389
303 326
303 392
303 366
303 356
303 378
304 358
304 373
305 379
305 383
305 340
306 361
306 330
306 349
306 347
306 317
307 368
307 308
307 340
308 379
308 328
308 358
308 319
309 328
309 355
309 315
309 383
310 324
310 357
310 369
310 370
310 314
311 358
311 318
312 378
312 351
313 329
313 399
313 325
314 392
314 321
314 378
314 391
314 395
315 373
315 372
316 356
316 347
318 395
318 333
318 348
319 345
319 340
319 350
320 385
320 324
321 360
322 391
322 398
322 340
322 346
322 353
322 363
322 364
323 332
323 388
323 363
323 335
323 336
323 373
323 351
324 381
325 326
325 358
325 388
325 398
325 350
326 398
326 352
326 367
326 383
327 385
327 390
327 332
327 340
328 350
329 337
329 359
329 362
329 376
330 392
330 370
330 380
330 349
331 369
331 391
332 343
333 353
333 365
333 351
334 363
334 385
335 395
335 372
335 383
336 394
336 344
336 376
337 384
337 366
337 368
338 352
338 394
338 341
339 389
339 380
340 374
341 385
341 354
341 372
341 349
342 385
342 391
342 374
342 372
343 374
343 365
344 384
344 361
345 356
345 347
346 384
346 382
347 382
348 353
348 354
348 360
348 364
349 396
349 368
349 378
350 361
350 375
351 358
352 374
352 379
353 386
353 376
353 383
354 366
355 390
356 358
357 386
357 397
359 366
359 399
360 387
361 398
361 382
362 385
362 396
362 368
362 399
363 372
363 377
364 387
364 371
365 394
366 379
366 394
367 373
367 380
370 388
371 375
371 376
371 388
373 395
375 395
377 396
377 394
380 393
380 399
381 390
382 389
383 389
383 396
387 399
