476
2 610
2 655
4 646
4 659
5 613
6 599
6 697
8 621
8 683
12 624
12 651
13 665
14 635
20 603
20 661
25 637
27 650
29 624
32 632
34 670
39 666
42 633
43 687
44 661
47 603
47 625
48 623
51 631
52 691
53 609
57 627
59 676
60 686
62 688
64 667
67 674
69 697
70 655
74 626
76 675
81 610
82 632
83 611
84 657
87 618
88 684
88 688
92 639
93 654
98 652
102 634
102 640
104 675
106 593
107 651
111 683
112 591
113 698
116 656
118 681
127 677
130 616
133 682
134 679
138 600
139 657
140 589
142 631
145 692
147 671
149 685
153 645
159 604
160 609
161 622
162 660
163 599
163 678
164 615
165 694
169 699
170 653
171 689
174 606
174 637
175 671
176 620
186 629
188 640
191 590
192 589
195 597
196 621
199 590
201 693
202 617
205 601
205 698
208 618
213 670
215 643
218 630
219 602
220 673
229 695
232 678
234 596
235 690
242 604
244 625
245 635
252 614
252 627
254 680
258 606
259 588
262 686
264 650
267 626
270 658
272 630
274 642
275 660
276 597
277 682
279 693
285 669
286 676
288 591
291 641
294 691
298 668
298 696
299 608
302 612
304 673
313 665
316 601
317 643
318 694
324 628
328 617
331 611
332 612
336 594
336 674
338 652
339 647
342 615
346 605
347 592
349 672
350 699
359 622
362 593
365 672
367 654
369 616
370 633
379 638
382 649
384 648
395 663
396 638
405 666
410 648
413 596
417 656
423 684
425 677
426 642
428 602
433 628
437 619
437 623
441 595
445 598
445 658
452 659
462 690
467 696
471 614
473 667
474 605
478 679
481 664
482 592
486 644
487 685
489 653
492 594
493 634
494 608
497 664
498 613
503 600
504 641
510 607
512 695
516 669
519 689
522 647
523 629
532 636
538 687
544 663
546 662
548 639
549 645
554 649
555 607
560 620
561 588
563 692
564 681
569 668
572 595
572 619
574 644
578 662
580 680
582 646
584 636
587 598
700 0
700 1
700 3
700 7
700 9
700 10
700 11
700 13
700 15
700 16
700 17
700 18
700 19
700 21
700 22
700 23
700 24
700 25
700 26
700 28
700 30
700 31
700 32
700 33
700 35
700 36
700 37
700 38
700 40
700 41
700 43
700 44
700 45
700 46
700 48
700 49
700 50
700 51
700 52
700 54
700 55
700 56
700 57
700 58
700 61
700 62
700 63
700 64
700 65
700 66
700 67
700 68
700 70
700 71
700 72
700 73
700 75
700 77
700 78
700 79
700 80
700 81
700 82
700 83
700 84
700 85
700 86
700 87
700 89
700 90
700 91
700 94
700 95
700 96
700 97
700 99
700 100
700 101
700 103
700 104
700 105
700 108
700 109
700 110
700 113
700 114
700 115
700 116
700 117
700 118
700 119
700 120
700 121
700 122
700 123
700 124
700 125
700 126
700 127
700 128
700 129
700 130
700 131
700 132
700 133
700 134
700 135
700 136
700 137
700 139
700 140
700 141
700 142
700 143
700 144
700 146
700 147
700 148
700 149
700 150
700 151
700 152
700 154
700 155
700 156
700 157
700 158
700 159
700 162
700 166
700 167
700 168
700 172
700 173
700 177
700 178
700 179
700 180
700 181
700 182
700 183
700 184
700 185
700 187
700 188
700 189
700 190
700 192
700 193
700 194
700 195
700 197
700 198
700 199
700 200
700 201
700 202
700 203
700 204
700 206
700 207
700 208
700 209
700 210
700 211
700 212
700 213
700 214
700 215
700 216
700 217
700 218
700 219
700 220
700 221
700 222
700 223
700 224
700 225
700 226
700 227
700 228
700 230
700 231
700 232
700 233
700 235
700 236
700 237
700 238
700 239
700 240
700 241
700 242
700 243
700 244
700 246
700 247
700 248
700 249
700 250
700 251
700 253
700 254
700 255
700 256
700 257
700 260
700 261
700 262
700 263
700 265
700 266
700 267
700 268
700 269
700 270
700 271
700 272
700 273
700 274
700 277
700 278
700 279
700 280
700 281
700 282
700 283
700 284
700 286
700 287
700 289
700 290
700 292
700 293
700 294
700 295
700 296
700 297
700 299
700 300
700 301
700 303
700 305
700 306
700 307
700 308
700 309
700 310
700 311
700 312
700 314
700 315
700 316
700 319
700 320
700 321
700 322
700 323
700 325
700 326
700 327
700 329
700 330
700 331
700 333
700 334
700 335
700 337
700 338
700 339
700 340
700 341
700 343
700 344
700 345
700 348
700 350
700 351
700 352
700 353
700 354
700 355
700 356
700 357
700 358
700 359
700 360
700 361
700 362
700 363
700 364
700 366
700 368
700 369
700 371
700 372
700 373
700 374
700 375
700 376
700 377
700 378
700 380
700 381
700 383
700 384
700 385
700 386
700 387
700 388
700 389
700 390
700 391
700 392
700 393
700 394
700 395
700 396
700 397
700 398
700 399
700 400
700 401
700 402
700 403
700 404
700 406
700 407
700 408
700 409
700 410
700 411
700 412
700 414
700 415
700 416
700 418
700 419
700 420
700 421
700 422
700 423
700 424
700 425
700 427
700 429
700 430
700 431
700 432
700 434
700 435
700 436
700 438
700 439
700 440
700 441
700 442
700 443
700 444
700 446
700 447
700 448
700 449
700 450
700 451
700 453
700 454
700 455
700 456
700 457
700 458
700 459
700 460
700 461
700 462
700 463
700 464
700 465
700 466
700 468
700 469
700 470
700 472
700 475
700 476
700 477
700 479
700 480
700 483
700 484
700 485
700 486
700 487
700 488
700 490
700 491
700 492
700 493
700 494
700 495
700 496
700 499
700 500
700 501
700 502
700 504
700 505
700 506
700 507
700 508
700 509
700 511
700 513
700 514
700 515
700 517
700 518
700 519
700 520
700 521
700 522
700 523
700 524
700 525
700 526
700 527
700 528
700 529
700 530
700 531
700 533
700 534
700 535
700 536
700 537
700 539
700 540
700 541
700 542
700 543
700 544
700 545
700 546
700 547
700 549
700 550
700 551
700 552
700 553
700 554
700 556
700 557
700 558
700 559
700 562
700 565
700 566
700 567
700 568
700 569
700 570
700 571
700 573
700 574
700 575
700 576
700 577
700 579
700 580
700 581
700 582
700 583
700 584
700 585
700 586
701 0
701 1
701 3
701 5
701 7
701 9
701 10
701 11
701 14
701 15
701 16
701 17
701 18
701 19
701 21
701 22
701 23
701 24
701 26
701 27
701 28
701 29
701 30
701 31
701 33
701 34
701 35
701 36
701 37
701 38
701 39
701 40
701 41
701 42
701 45
701 46
701 49
701 50
701 53
701 54
701 55
701 56
701 58
701 59
701 60
701 61
701 63
701 65
701 66
701 68
701 69
701 71
701 72
701 73
701 74
701 75
701 76
701 77
701 78
701 79
701 80
701 85
701 86
701 89
701 90
701 91
701 92
701 93
701 94
701 95
701 96
701 97
701 98
701 99
701 100
701 101
701 103
701 105
701 106
701 107
701 108
701 109
701 110
701 111
701 112
701 114
701 115
701 117
701 119
701 120
701 121
701 122
701 123
701 124
701 125
701 126
701 128
701 129
701 131
701 132
701 135
701 136
701 137
701 138
701 141
701 143
701 144
701 145
701 146
701 148
701 150
701 151
701 152
701 153
701 154
701 155
701 156
701 157
701 158
701 160
701 161
701 164
701 165
701 166
701 167
701 168
701 169
701 170
701 171
701 172
701 173
701 175
701 176
701 177
701 178
701 179
701 180
701 181
701 182
701 183
701 184
701 185
701 186
701 187
701 189
701 190
701 191
701 193
701 194
701 196
701 197
701 198
701 200
701 203
701 204
701 206
701 207
701 209
701 210
701 211
701 212
701 214
701 216
701 217
701 221
701 222
701 223
701 224
701 225
701 226
701 227
701 228
701 229
701 230
701 231
701 233
701 234
701 236
701 237
701 238
701 239
701 240
701 241
701 243
701 245
701 246
701 247
701 248
701 249
701 250
701 251
701 253
701 255
701 256
701 257
701 258
701 259
701 260
701 261
701 263
701 264
701 265
701 266
701 268
701 269
701 271
701 273
701 275
701 276
701 278
701 280
701 281
701 282
701 283
701 284
701 285
701 287
701 288
701 289
701 290
701 291
701 292
701 293
701 295
701 296
701 297
701 300
701 301
701 302
701 303
701 304
701 305
701 306
701 307
701 308
701 309
701 310
701 311
701 312
701 313
701 314
701 315
701 317
701 318
701 319
701 320
701 321
701 322
701 323
701 324
701 325
701 326
701 327
701 328
701 329
701 330
701 332
701 333
701 334
701 335
701 337
701 340
701 341
701 342
701 343
701 344
701 345
701 346
701 347
701 348
701 349
701 351
701 352
701 353
701 354
701 355
701 356
701 357
701 358
701 360
701 361
701 363
701 364
701 365
701 366
701 367
701 368
701 370
701 371
701 372
701 373
701 374
701 375
701 376
701 377
701 378
701 379
701 380
701 381
701 382
701 383
701 385
701 386
701 387
701 388
701 389
701 390
701 391
701 392
701 393
701 394
701 397
701 398
701 399
701 400
701 401
701 402
701 403
701 404
701 405
701 406
701 407
701 408
701 409
701 411
701 412
701 413
701 414
701 415
701 416
701 417
701 418
701 419
701 420
701 421
701 422
701 424
701 426
701 427
701 428
701 429
701 430
701 431
701 432
701 433
701 434
701 435
701 436
701 438
701 439
701 440
701 442
701 443
701 444
701 446
701 447
701 448
701 449
701 450
701 451
701 452
701 453
701 454
701 455
701 456
701 457
701 458
701 459
701 460
701 461
701 463
701 464
701 465
701 466
701 467
701 468
701 469
701 470
701 471
701 472
701 473
701 474
701 475
701 476
701 477
701 478
701 479
701 480
701 481
701 482
701 483
701 484
701 485
701 488
701 489
701 490
701 491
701 495
701 496
701 497
701 498
701 499
701 500
701 501
701 502
701 503
701 505
701 506
701 507
701 508
701 509
701 510
701 511
701 512
701 513
701 514
701 515
701 516
701 517
701 518
701 520
701 521
701 524
701 525
701 526
701 527
701 528
701 529
701 530
701 531
701 532
701 533
701 534
701 535
701 536
701 537
701 538
701 539
701 540
701 541
701 542
701 543
701 545
701 547
701 548
701 550
701 551
701 552
701 553
701 555
701 556
701 557
701 558
701 559
701 560
701 561
701 562
701 563
701 564
701 565
701 566
701 567
701 568
701 570
701 571
701 573
701 575
701 576
701 577
701 578
701 579
701 581
701 583
701 585
701 586
701 587
-1 -1
0.710279
