1
0 521
0 541
1 540
1 652
2 631
2 334
3 354
3 459
4 319
4 435
5 609
5 453
6 604
6 356
7 604
7 462
8 279
8 328
9 589
9 273
10 513
10 455
11 638
11 397
12 563
12 340
13 548
13 326
14 539
14 285
15 574
15 371
16 527
16 467
17 358
17 432
18 570
18 360
19 602
19 683
20 410
20 490
21 612
21 647
22 368
22 419
23 513
23 638
24 583
24 326
25 644
25 382
26 613
26 351
27 659
27 435
28 612
28 378
29 486
29 493
30 682
30 411
31 698
31 447
32 315
32 377
33 562
34 283
34 320
35 596
35 660
36 325
36 367
37 572
37 280
38 545
38 375
39 651
39 468
40 558
40 411
41 290
41 486
42 663
42 337
43 580
43 458
44 325
44 488
45 587
45 645
46 307
46 315
47 537
47 460
48 561
48 294
49 572
49 453
50 599
50 616
51 539
51 281
52 679
52 482
53 689
53 508
54 590
54 691
55 284
55 385
56 438
56 464
57 626
57 360
58 566
58 344
59 530
59 430
60 286
60 309
61 544
61 477
62 318
62 369
63 623
63 462
64 538
64 605
65 674
65 370
66 270
66 387
67 586
67 373
68 537
68 412
69 343
69 370
70 588
70 648
71 568
72 534
72 560
73 314
73 389
74 590
74 422
75 551
75 480
76 336
76 441
77 355
77 470
78 292
78 384
79 622
79 501
80 517
80 457
81 684
81 304
82 306
82 457
83 335
83 419
84 516
84 327
85 662
85 670
86 618
86 299
87 547
87 276
88 668
88 291
89 683
89 329
90 473
90 496
91 279
91 343
92 527
92 635
93 417
93 510
94 578
94 345
95 523
95 558
96 514
96 444
97 548
97 423
98 648
98 425
99 556
99 470
100 571
100 359
101 414
101 448
102 559
102 680
103 575
103 502
104 564
104 433
105 298
105 301
106 636
106 410
107 519
107 434
108 620
108 373
109 580
109 450
110 587
110 433
111 685
111 276
112 555
112 506
113 602
113 426
114 275
114 466
115 551
115 372
116 321
116 365
117 642
117 407
118 330
118 359
119 309
119 479
120 376
120 507
121 577
121 386
122 582
122 666
123 685
123 484
124 331
124 408
125 676
125 289
126 630
126 386
127 697
127 298
128 443
128 485
129 434
129 505
130 654
130 504
131 569
131 598
132 549
132 456
133 603
133 396
134 581
134 476
135 629
135 465
136 627
136 688
137 317
137 334
138 302
138 416
139 285
139 445
140 543
140 498
141 562
141 667
142 550
142 479
143 402
143 449
144 307
144 380
145 640
145 316
146 649
146 696
147 608
147 653
148 680
148 692
149 400
149 469
150 675
150 684
151 270
151 449
152 681
152 288
153 689
153 282
154 627
154 313
155 303
155 418
156 277
156 328
157 672
157 345
158 654
158 471
159 617
159 300
160 483
160 495
161 597
161 317
162 278
162 415
163 546
163 509
164 311
164 356
165 674
165 499
166 617
166 422
167 366
167 404
168 549
168 369
169 640
169 305
170 349
170 381
171 541
171 487
172 424
172 502
173 305
173 477
174 274
174 308
175 401
175 403
176 577
176 690
177 473
177 491
178 271
178 289
179 556
179 333
180 543
180 601
181 423
181 458
182 439
182 463
183 323
183 392
184 443
184 446
185 339
185 500
186 585
186 687
187 398
187 475
188 282
188 380
189 311
189 350
190 530
190 655
191 293
191 350
192 605
192 389
193 293
193 393
194 524
194 484
195 628
195 299
196 388
196 491
197 442
197 492
198 272
198 288
199 591
199 338
200 656
200 694
201 659
201 347
202 641
202 463
203 528
203 354
204 584
204 688
205 686
205 272
206 310
206 503
207 318
207 429
208 545
208 308
209 346
209 407
210 553
210 455
211 560
211 330
212 363
212 465
213 438
213 476
214 690
214 487
215 286
215 366
216 622
216 277
217 600
217 312
218 693
218 269
219 573
219 461
220 342
220 483
221 340
221 448
222 606
222 649
223 383
223 424
224 609
224 681
225 378
225 391
226 547
226 420
227 404
227 421
228 346
228 454
229 302
229 406
230 675
230 506
231 555
231 557
232 379
232 408
233 669
233 296
234 271
234 367
235 520
235 526
236 664
236 306
237 607
237 493
238 284
238 501
239 280
239 323
240 319
240 329
241 636
241 642
242 533
242 397
243 292
243 368
244 415
244 445
245 677
245 395
246 668
246 357
247 646
247 339
248 274
248 324
249 589
249 626
250 614
250 287
251 563
251 401
252 576
252 430
253 314
253 335
254 611
254 393
255 528
255 304
256 592
256 297
257 344
257 400
258 381
258 402
259 550
259 361
260 291
260 446
261 516
261 444
262 269
262 290
263 645
263 383
264 331
264 425
265 646
265 273
266 554
266 450
267 371
267 459
268 374
268 525
275 332
278 427
281 658
283 574
287 573
294 526
295 472
295 610
296 320
297 579
300 515
301 428
303 447
310 588
312 405
313 518
316 552
321 632
322 643
322 678
324 498
327 536
332 533
333 365
336 436
337 399
338 598
341 349
341 647
342 460
347 593
348 406
348 641
351 466
352 567
352 634
353 474
353 600
355 542
357 531
358 500
361 495
362 492
362 614
363 499
364 505
364 695
372 468
374 669
375 394
376 665
377 610
379 632
382 471
384 441
385 452
387 629
388 442
390 512
390 601
391 497
392 594
394 546
395 409
396 437
398 606
399 634
403 583
405 518
409 676
412 569
413 480
413 633
414 620
416 512
417 631
418 524
420 595
421 575
426 536
427 699
428 525
429 678
431 542
431 608
432 637
436 635
437 679
439 686
440 520
440 670
451 517
451 557
452 650
454 673
456 581
461 625
464 561
467 615
469 643
472 651
474 603
475 532
478 559
478 661
481 633
481 687
482 637
485 565
488 519
489 657
489 671
490 625
494 567
494 696
496 535
497 661
503 607
504 628
507 522
508 565
509 663
510 624
511 532
511 677
514 665
515 682
521 653
522 671
523 695
529 570
529 611
531 694
534 658
535 593
538 594
540 621
544 624
552 623
553 639
554 618
564 673
566 692
568 591
571 595
576 652
578 619
579 619
582 613
584 691
585 639
586 615
592 644
596 667
597 657
599 697
616 656
621 650
630 698
655 672
660 664
662 699
666 693
700 71
701 33
-1 -1
18.2722
