1
0 7
0 256
1 779
1 457
2 651
2 269
3 385
3 425
4 521
4 101
5 48
5 653
6 29
6 460
7 80
8 383
8 388
9 27
9 349
10 104
10 577
11 38
11 320
12 244
12 510
13 642
13 420
14 79
14 316
15 628
15 155
16 324
16 360
17 537
17 464
18 565
18 96
19 606
19 724
20 694
20 615
21 132
21 405
22 68
22 366
23 329
23 427
24 586
24 250
25 142
25 165
26 514
26 652
27 207
28 43
28 474
29 588
30 188
30 776
31 123
31 652
32 247
32 423
33 187
33 330
34 146
34 333
35 768
35 597
36 631
36 385
37 151
37 180
38 441
39 130
39 661
40 604
40 412
41 541
41 137
42 173
42 421
43 197
44 85
44 491
45 255
45 401
46 383
46 511
47 58
47 772
48 704
49 72
49 208
50 590
50 422
51 440
51 468
52 438
52 457
53 88
53 138
54 604
54 743
55 655
55 601
56 518
56 769
57 73
57 479
58 173
59 66
59 199
60 109
60 689
61 193
61 338
62 516
62 90
63 670
63 311
64 687
64 461
65 123
65 243
66 90
67 793
67 169
68 174
69 498
69 774
70 205
70 370
71 101
71 745
72 675
73 648
74 150
74 451
75 520
75 499
76 156
76 791
77 87
77 714
78 643
78 322
79 341
80 282
81 98
81 748
82 189
82 778
83 417
83 510
84 740
84 761
85 662
86 602
86 453
87 710
88 320
89 767
89 439
91 699
91 677
92 265
92 361
93 562
93 742
94 189
94 246
95 344
95 393
96 657
97 306
97 429
98 390
99 683
99 398
100 226
100 419
102 513
102 254
103 650
103 685
104 493
105 147
105 393
106 472
106 764
107 353
107 428
108 512
108 522
109 670
110 612
110 433
111 744
111 796
112 623
112 748
113 365
113 638
114 141
114 736
115 330
115 409
116 676
116 500
117 171
117 434
118 396
118 593
119 787
119 394
120 391
120 396
121 266
121 498
122 234
122 454
124 202
124 453
125 528
125 703
126 514
126 332
127 583
127 152
128 668
128 387
129 182
129 658
130 430
131 158
131 205
132 355
133 627
133 214
134 694
134 721
135 532
135 794
136 734
136 415
137 442
138 463
139 758
139 312
140 580
140 325
141 534
142 402
143 535
143 466
144 752
144 793
145 257
145 750
146 538
147 504
148 303
148 487
149 322
149 474
150 242
151 543
152 676
153 659
153 766
154 724
154 740
155 160
156 578
157 352
157 431
158 495
159 695
159 378
160 277
161 178
161 354
162 172
162 752
163 785
163 429
164 781
164 573
165 571
166 699
166 426
167 403
167 505
168 773
168 310
169 644
170 702
170 374
171 372
172 616
174 238
175 593
175 667
176 734
176 271
177 790
177 303
178 375
179 353
179 467
180 226
181 671
181 212
182 468
183 732
183 708
184 521
184 362
185 323
185 445
186 708
186 251
187 664
188 321
190 333
190 522
191 469
191 490
192 424
192 437
193 799
194 597
194 305
195 709
195 458
196 220
196 314
197 280
198 235
198 441
199 435
200 710
200 489
201 799
201 326
202 288
203 616
203 686
204 539
204 528
206 270
206 577
207 252
208 712
209 216
209 355
210 669
210 706
211 545
211 225
212 620
213 315
213 417
214 731
215 416
215 497
216 414
217 777
217 299
218 660
218 728
219 411
219 443
220 343
221 557
221 573
222 519
222 530
223 633
223 443
224 751
224 798
225 464
227 531
227 548
228 534
228 689
229 550
229 407
230 637
230 259
231 480
231 494
232 456
232 494
233 525
233 341
234 253
235 625
236 785
236 307
237 437
237 506
238 313
239 688
239 470
240 630
240 288
241 409
241 555
242 540
243 569
244 435
245 263
245 338
246 406
247 608
248 252
248 782
249 561
249 564
250 618
251 547
253 655
254 722
255 539
256 302
257 787
258 399
258 668
259 673
260 595
260 272
261 533
261 705
262 336
262 761
263 447
264 566
264 526
265 342
266 334
267 705
267 717
268 614
268 407
269 307
270 368
271 449
272 584
273 729
273 289
274 733
274 786
275 598
275 405
276 639
276 686
277 617
278 377
278 463
279 757
279 735
280 783
281 618
281 551
282 743
283 316
283 444
284 524
284 632
285 756
285 471
286 672
286 492
287 559
287 765
289 784
290 767
290 496
291 779
291 408
292 336
292 581
293 726
293 424
294 380
294 631
295 600
295 345
296 584
296 492
297 630
297 763
298 300
298 483
299 372
300 755
301 545
301 778
302 359
304 700
304 563
305 712
306 381
308 536
308 504
309 735
309 343
310 622
311 335
312 791
313 673
314 430
315 794
317 751
317 723
318 544
318 679
319 633
319 596
321 579
323 452
324 543
325 462
326 650
327 626
327 789
328 773
328 647
329 569
331 549
331 485
332 698
334 371
335 634
337 357
337 508
339 585
339 509
340 476
340 509
342 762
344 398
345 622
346 517
346 497
347 546
347 759
348 583
348 466
349 775
350 775
350 570
351 602
351 418
352 738
354 519
356 780
356 733
357 542
358 605
358 621
359 554
360 493
361 718
362 661
363 384
363 478
364 701
364 420
365 640
366 406
367 691
367 484
368 641
369 648
369 520
370 723
371 685
373 389
373 485
374 450
375 548
376 678
376 502
377 413
378 507
379 563
379 486
380 567
381 448
382 412
382 754
384 684
386 792
386 462
387 446
388 720
389 544
390 591
391 662
392 678
392 719
394 446
395 582
395 589
397 664
397 451
399 781
400 513
400 612
401 447
402 692
403 745
404 568
404 501
408 693
410 786
410 483
411 533
413 479
414 568
415 553
416 529
418 667
419 739
421 608
422 758
423 698
425 681
426 523
427 746
428 643
431 715
432 586
432 696
433 465
434 507
436 571
436 440
438 704
439 654
442 499
444 764
445 688
448 587
449 682
450 666
452 675
454 749
455 599
455 511
456 730
458 747
459 560
459 709
460 797
461 489
465 788
467 560
469 777
470 682
471 769
472 555
473 760
473 774
475 635
475 701
476 782
477 605
477 495
478 706
480 603
481 714
481 771
482 512
482 651
484 596
486 551
487 595
488 725
488 731
490 727
491 527
496 696
500 789
501 611
502 770
503 703
503 729
505 772
506 607
508 690
515 790
515 763
516 537
517 578
518 737
523 557
524 550
525 657
526 690
527 621
529 736
530 757
531 629
532 722
535 653
536 730
538 753
540 642
541 795
542 610
547 625
549 684
552 646
552 674
553 737
554 760
556 669
556 738
558 585
558 759
559 564
561 572
562 639
565 624
566 672
567 590
570 641
572 780
574 635
574 796
575 634
575 783
576 592
576 715
579 718
580 697
581 754
582 613
587 665
588 660
589 746
591 755
592 624
594 637
594 797
598 707
599 697
600 629
601 658
603 681
606 726
607 646
609 613
609 727
610 627
611 632
614 687
615 766
617 739
619 636
619 683
620 659
623 784
626 720
628 798
636 792
638 725
640 649
644 666
645 654
645 711
649 770
656 716
656 732
663 700
663 707
665 719
671 716
674 711
677 695
679 691
680 788
680 742
692 765
693 762
702 768
713 776
713 741
717 728
721 756
741 749
744 753
747 750
771 795
800 546
801 647
-1 -1
77.9937
