1
0 315
0 433
1 28
1 574
2 73
2 773
3 702
3 721
4 268
4 443
5 351
5 464
6 586
6 386
7 15
7 426
8 704
8 328
9 649
9 353
10 296
10 399
11 288
11 379
12 349
12 428
13 698
13 710
14 70
14 679
15 773
16 445
16 579
17 43
17 664
18 236
18 613
19 147
19 158
20 46
20 421
21 43
21 786
22 101
22 686
23 659
23 744
24 599
24 748
25 436
25 472
26 205
26 252
27 161
27 181
28 768
29 48
29 485
30 36
30 658
31 135
31 457
32 515
32 387
33 129
33 502
34 329
34 463
35 266
35 573
36 419
37 48
37 587
38 228
38 440
39 519
39 789
40 285
40 572
41 136
41 673
42 245
42 576
44 120
44 248
45 136
45 679
46 339
47 155
47 359
49 184
49 699
50 124
50 683
51 68
51 481
52 303
52 476
53 127
53 432
54 527
54 705
55 538
55 85
56 629
56 649
57 603
57 374
58 477
58 579
59 171
59 491
60 587
60 366
61 137
61 758
62 626
62 397
63 667
63 487
64 657
64 197
65 182
65 588
66 100
66 241
67 322
67 405
68 98
69 259
69 347
70 478
71 168
71 671
72 90
72 439
73 692
74 278
74 352
75 176
75 377
76 331
76 637
77 740
77 489
78 129
78 409
79 647
79 245
80 262
80 284
81 799
81 487
82 669
82 746
83 134
83 314
84 536
84 474
85 509
86 546
86 760
87 512
87 596
88 361
88 781
89 177
89 246
90 220
91 111
91 689
92 537
92 452
93 108
93 222
94 594
94 270
95 544
96 643
96 312
97 523
97 560
98 492
99 145
99 755
100 749
101 797
102 778
102 166
103 134
103 791
104 157
104 340
105 626
105 693
106 788
106 718
107 583
107 644
108 368
109 657
109 219
110 570
110 591
111 390
112 711
112 299
113 114
113 325
114 312
115 197
115 442
116 248
116 433
117 662
117 206
118 660
118 470
119 703
119 641
120 127
121 630
121 431
122 641
122 622
123 243
123 489
124 581
125 602
125 340
126 412
126 499
128 307
128 330
130 490
130 786
131 344
131 430
132 432
132 498
133 346
133 358
135 238
137 530
138 651
138 500
139 153
139 694
140 529
140 157
141 572
141 762
142 144
142 708
143 279
143 405
144 199
145 499
146 569
146 765
147 606
148 328
148 347
149 629
149 795
150 628
150 152
151 162
151 239
152 602
153 627
154 226
154 345
155 628
156 703
156 776
158 364
159 549
159 585
160 683
160 690
161 272
162 592
163 635
163 691
164 167
164 639
165 630
165 694
166 693
167 503
168 687
169 674
169 453
170 672
170 363
171 362
172 636
172 435
173 540
173 480
174 282
174 357
175 521
175 183
176 614
177 685
178 472
178 508
179 751
179 764
180 791
180 380
181 632
182 515
183 565
184 280
185 642
185 478
186 588
186 209
187 759
187 464
188 741
188 559
189 712
189 714
190 594
190 747
191 196
191 212
192 719
192 505
193 776
193 388
194 310
194 468
195 754
195 355
196 734
198 326
198 343
199 358
200 316
200 363
201 609
201 231
202 600
202 715
203 513
203 536
204 418
204 467
205 218
206 726
207 634
207 608
208 275
208 511
209 451
210 247
210 365
211 290
211 711
212 378
213 528
213 734
214 606
214 634
215 650
215 621
216 567
216 777
217 539
217 600
218 329
219 722
220 244
221 720
221 757
222 366
223 305
223 316
224 519
224 609
225 227
225 498
226 471
227 620
228 260
229 748
229 483
230 373
230 501
231 303
232 250
232 301
233 636
233 678
234 685
234 463
235 783
235 297
236 241
237 262
237 459
238 384
239 334
240 411
240 445
242 700
242 269
243 426
244 283
246 479
247 448
249 611
249 707
250 415
251 336
251 364
252 681
253 656
253 372
254 575
254 418
255 367
255 543
256 610
256 556
257 712
257 735
258 799
258 314
260 429
261 286
261 761
263 659
263 473
264 336
264 494
265 652
265 568
266 590
267 768
267 452
268 661
269 294
270 716
271 516
271 617
272 408
273 631
273 756
274 348
274 666
275 302
276 618
276 676
277 317
277 342
278 326
279 280
281 534
281 298
282 341
283 573
284 295
285 441
286 518
287 777
287 296
288 484
289 756
289 503
290 369
291 788
291 465
292 531
292 761
293 313
293 485
294 400
295 782
297 351
298 583
299 376
300 646
300 728
301 475
302 431
304 663
304 459
305 384
306 532
306 775
307 653
308 690
308 427
309 467
309 507
310 723
311 413
311 701
313 738
315 324
317 702
318 566
318 337
319 598
319 714
320 385
320 424
321 737
321 370
322 513
323 674
323 797
324 705
325 460
327 675
327 412
330 375
331 420
332 368
332 470
333 585
333 526
334 735
335 595
335 652
337 545
338 740
338 757
339 556
341 726
342 755
343 354
344 395
345 486
346 745
348 438
349 623
350 522
350 414
352 664
353 367
354 680
355 766
356 570
356 369
357 725
359 564
360 397
360 441
361 402
362 732
365 375
370 638
371 715
371 724
372 782
373 543
374 458
376 462
377 533
378 532
379 691
380 563
381 592
381 404
382 769
382 495
383 541
383 686
385 479
386 619
387 555
388 475
389 654
389 697
390 571
391 480
391 766
392 550
392 481
393 607
393 604
394 403
394 471
395 486
396 727
396 421
398 695
398 796
399 616
400 729
401 559
401 547
402 410
403 790
404 739
406 645
406 593
407 752
407 554
408 682
409 591
410 750
411 730
413 500
414 732
415 665
416 723
416 589
417 718
417 461
419 582
420 586
422 613
422 631
423 539
423 567
424 695
425 525
425 546
427 692
428 713
429 561
430 506
434 562
434 509
435 764
436 530
437 673
437 466
438 474
439 524
440 548
442 527
443 662
444 571
444 706
446 624
446 449
447 605
447 751
448 667
449 730
450 724
450 750
451 792
453 456
454 665
454 555
455 774
455 507
456 488
457 497
458 745
460 666
461 623
462 477
465 706
466 578
468 798
469 534
469 597
473 648
476 794
482 672
482 737
483 621
484 743
488 581
490 769
491 542
492 733
493 731
493 497
494 669
495 554
496 632
496 578
501 783
502 663
504 717
504 736
505 725
506 521
508 604
510 796
510 779
511 780
512 771
514 749
514 580
516 733
517 771
517 792
518 607
520 670
520 624
522 564
523 767
524 584
525 541
526 795
528 736
529 727
531 684
533 677
535 790
535 661
537 605
538 688
540 568
542 680
544 551
545 547
548 637
549 617
550 616
551 638
552 710
552 747
553 615
553 721
557 780
557 746
558 577
558 759
560 781
561 660
562 597
563 784
565 763
566 653
569 620
574 615
575 765
576 696
577 601
580 595
582 785
584 668
589 658
590 671
593 763
596 689
598 618
599 625
601 789
603 798
608 779
610 774
611 729
612 728
612 741
614 704
619 635
622 678
625 739
627 651
633 708
633 699
639 670
640 772
640 742
642 654
643 787
644 682
645 722
646 650
647 778
648 793
655 698
655 767
656 688
668 793
675 770
676 707
677 772
681 770
684 713
687 753
696 794
697 775
700 743
701 754
709 784
709 719
716 717
720 785
731 744
738 758
742 752
753 787
760 762
800 259
801 95
-1 -1
354.409
