1
0 647
0 293
1 3
1 256
2 389
2 665
3 343
4 445
4 680
5 66
5 431
6 626
6 636
7 43
7 103
8 16
8 214
9 545
9 456
10 519
10 403
11 49
11 296
12 671
12 432
13 653
13 180
14 125
14 131
15 784
15 308
16 17
17 684
18 24
18 408
19 105
19 374
20 37
20 225
21 59
21 74
22 682
22 263
23 118
23 328
24 136
25 685
25 168
26 201
26 717
27 44
27 144
28 785
28 573
29 625
29 433
30 159
30 498
31 681
31 181
32 614
32 658
33 151
33 227
34 701
34 455
35 392
35 474
36 146
36 345
37 441
38 189
38 483
39 760
39 255
40 632
40 401
41 137
41 341
42 589
42 559
43 179
44 684
45 634
45 455
46 261
46 649
47 411
47 589
48 158
48 331
49 575
50 191
50 409
51 288
51 476
52 553
52 414
53 205
53 288
54 249
54 463
55 620
55 190
56 634
56 476
57 179
57 760
58 101
58 713
59 703
60 650
60 352
61 170
61 449
62 265
62 419
63 133
63 798
64 170
64 206
65 161
65 475
66 482
67 228
67 732
68 233
68 385
69 395
69 404
70 570
70 541
71 194
71 793
72 172
72 473
73 140
73 726
74 272
75 628
75 613
76 479
76 511
77 171
77 461
78 639
78 162
79 583
79 237
80 513
80 552
81 330
81 501
82 183
82 365
83 560
83 324
84 591
84 210
85 138
85 792
86 683
86 414
87 535
87 744
88 648
88 459
89 261
89 346
90 551
90 298
91 622
91 304
92 383
92 679
93 433
93 488
94 599
94 375
95 316
95 354
96 407
96 416
97 613
97 333
98 219
98 693
99 385
99 484
100 429
100 470
101 593
102 643
102 151
103 236
104 180
104 349
105 477
106 727
106 693
107 536
107 777
108 691
108 630
109 211
109 221
110 156
110 701
111 123
111 723
112 158
112 748
113 142
113 428
114 706
114 210
115 123
115 326
116 695
116 197
117 516
117 532
118 712
119 568
119 617
120 616
120 654
121 406
121 761
122 527
122 251
124 188
124 281
125 785
126 531
126 608
127 601
127 227
128 659
128 259
129 648
129 152
130 695
130 355
131 595
132 689
132 416
133 569
134 256
134 473
135 531
135 303
136 450
137 751
138 286
139 714
139 483
140 160
141 378
141 435
142 700
143 242
143 351
144 667
145 691
145 452
146 362
147 440
147 466
148 183
148 629
149 769
149 500
150 769
150 372
152 783
153 534
153 241
154 238
154 624
155 350
155 481
156 770
157 276
157 427
159 254
160 420
161 520
162 338
163 272
163 396
164 263
164 377
165 539
165 258
166 545
166 490
167 517
167 407
168 457
169 215
169 379
171 231
172 666
173 235
173 730
174 779
174 381
175 530
175 755
176 260
176 662
177 629
177 325
178 268
178 307
181 508
182 209
182 391
184 768
184 421
185 722
185 798
186 567
186 343
187 252
187 284
188 578
189 630
190 387
191 471
192 212
192 739
193 674
193 282
194 342
195 675
195 786
196 580
196 480
197 311
198 228
198 590
199 513
199 762
200 690
200 412
201 562
202 572
202 624
203 577
203 756
204 690
204 731
205 548
206 787
207 781
207 374
208 731
208 363
209 689
211 301
212 734
213 741
213 402
214 562
215 644
216 308
216 454
217 563
217 642
218 534
218 439
219 287
220 640
220 282
221 332
222 547
222 418
223 668
223 285
224 721
224 491
225 267
226 565
226 664
229 271
229 375
230 758
230 356
231 470
232 559
232 593
233 743
234 735
234 595
235 517
236 467
237 631
238 551
239 269
239 504
240 544
240 666
241 797
242 698
243 458
243 496
244 586
244 765
245 481
245 668
246 747
246 299
247 777
247 492
248 763
248 579
249 702
250 514
250 380
251 353
252 277
253 580
253 587
254 515
255 270
257 409
257 550
258 535
259 685
260 753
262 295
262 297
264 748
264 373
265 536
266 707
266 275
267 719
268 661
269 579
270 596
271 472
273 461
273 477
274 310
274 422
275 279
276 591
277 333
278 699
278 724
279 289
280 735
280 439
281 597
283 782
283 411
284 469
285 702
286 592
287 703
289 789
290 362
290 468
291 429
291 430
292 574
292 692
293 581
294 528
294 511
295 299
296 529
297 457
298 765
300 709
300 774
301 501
302 549
302 475
303 649
304 729
305 741
305 788
306 641
306 364
307 367
309 704
309 344
310 714
311 604
312 611
312 371
313 752
313 560
314 734
314 335
315 363
315 454
316 327
317 799
317 323
318 582
318 346
319 635
319 673
320 778
320 688
321 339
321 464
322 615
322 336
323 459
324 698
325 614
326 756
327 616
328 462
329 606
329 669
330 344
331 791
332 605
334 688
334 576
335 646
336 465
337 661
337 504
338 383
339 354
340 697
340 739
341 620
342 792
345 392
347 524
347 780
348 608
348 449
349 619
350 609
351 778
352 600
353 543
355 743
356 772
357 542
357 465
358 444
358 446
359 652
359 381
360 393
360 676
361 436
361 592
364 526
365 368
366 642
366 656
367 746
368 692
369 621
369 679
370 606
370 417
371 623
372 493
373 525
376 544
376 547
377 566
378 633
379 718
380 388
382 612
382 774
384 538
384 749
386 588
386 561
387 771
388 733
389 672
390 520
390 543
391 525
393 773
394 657
394 469
395 740
396 663
397 672
397 415
398 733
398 402
399 546
399 458
400 721
400 489
401 437
403 456
404 794
405 658
405 432
406 763
408 582
410 609
410 552
412 681
413 750
413 497
415 662
417 495
418 541
419 600
420 507
421 493
422 795
423 786
423 782
424 651
424 740
425 554
425 750
426 638
426 720
427 451
428 737
430 521
431 478
434 784
435 462
436 447
437 793
438 505
438 644
440 510
441 528
442 670
442 447
443 653
443 676
444 746
445 515
446 494
448 781
448 575
450 603
451 603
452 766
453 758
453 503
460 611
460 759
463 655
464 572
466 639
467 752
468 710
471 503
472 623
474 636
478 490
479 602
480 780
482 654
484 507
485 612
485 772
486 697
486 650
487 694
487 499
488 573
489 553
491 570
492 667
494 618
495 567
496 715
497 530
498 554
499 737
500 700
502 512
502 696
505 628
506 674
506 706
508 565
509 601
509 683
510 713
512 568
514 622
516 537
518 791
518 751
519 571
521 618
522 635
522 607
523 529
523 557
524 590
526 527
532 754
533 604
533 610
537 564
538 646
539 677
540 736
540 799
542 719
546 722
548 727
549 617
550 788
555 645
555 708
556 586
556 594
557 716
558 588
558 657
561 647
563 564
566 610
569 576
571 710
574 659
577 583
578 655
581 621
584 753
584 729
585 718
585 775
587 742
594 738
596 738
597 711
598 723
598 783
599 790
602 607
605 767
615 652
619 797
625 757
626 694
627 712
627 790
631 677
632 686
633 749
637 742
637 773
638 759
640 730
641 709
643 696
645 725
651 678
656 732
660 699
660 711
663 779
664 673
665 787
669 794
670 675
671 724
678 776
680 768
682 757
686 704
687 771
687 720
705 767
705 728
707 764
708 736
715 754
716 789
717 726
725 745
728 796
744 762
745 755
747 761
764 795
766 770
776 796
800 775
801 434
-1 -1
84.5024
