1
0 195
0 268
1 99
1 134
2 154
2 370
3 29
3 380
4 20
4 196
5 34
5 435
6 45
6 130
7 74
7 188
8 94
8 383
9 234
9 360
10 14
10 568
11 106
11 554
12 339
12 345
13 254
13 281
14 220
15 170
15 597
16 72
16 105
17 65
17 84
18 445
18 495
19 378
19 404
20 318
21 147
21 318
22 23
22 542
23 534
24 93
24 104
25 222
25 323
26 81
26 560
27 146
27 352
28 76
28 380
29 74
30 175
30 399
31 378
31 437
32 319
32 444
33 93
33 193
34 311
35 114
35 249
36 483
36 532
37 154
37 557
38 54
38 362
39 526
39 535
40 63
40 155
41 485
41 570
42 46
42 368
43 550
43 585
44 174
44 339
45 46
47 56
47 541
48 133
48 245
49 64
49 160
50 134
50 571
51 53
51 563
52 109
52 167
53 319
54 267
55 326
55 382
56 334
57 379
57 457
58 132
58 299
59 61
59 389
60 77
60 527
61 211
62 123
62 223
63 213
64 178
65 410
66 100
66 199
67 89
67 271
68 81
68 278
69 116
69 276
70 536
70 556
71 106
71 242
72 510
73 101
73 572
75 224
75 598
76 417
77 145
78 530
78 537
79 133
79 479
80 333
80 403
82 98
82 581
83 298
83 327
84 215
85 233
85 247
86 207
86 212
87 281
87 596
88 229
88 336
89 216
90 123
90 502
91 257
91 519
92 433
92 548
94 166
95 324
95 374
96 358
96 360
97 500
97 503
98 174
99 312
100 285
101 589
102 284
102 480
103 108
103 262
104 559
105 414
107 275
107 351
108 330
109 364
110 175
110 474
111 161
111 496
112 422
112 440
113 512
113 578
114 302
115 139
115 392
116 588
117 217
117 539
118 201
118 516
119 306
119 466
120 211
120 498
121 268
121 552
122 173
122 548
124 146
124 332
125 497
125 591
126 179
126 584
127 180
127 252
128 208
128 371
129 131
129 264
130 426
131 587
132 187
135 168
135 200
136 556
136 596
137 254
137 455
138 214
138 324
139 153
140 428
140 449
141 221
141 544
142 272
142 280
143 349
143 404
144 241
144 581
145 314
147 498
148 333
148 513
149 316
149 342
150 427
150 433
151 214
151 459
152 367
152 402
153 217
155 337
156 353
157 230
157 385
158 445
158 477
159 413
159 491
160 372
161 373
162 206
162 250
163 361
163 594
164 534
164 566
165 250
165 477
166 371
167 369
168 411
169 215
169 240
170 555
171 393
171 430
172 282
172 451
173 270
176 341
176 561
177 265
177 507
178 412
179 546
180 259
181 303
181 499
182 482
182 523
183 495
183 537
184 210
184 521
185 449
185 492
186 221
186 270
187 310
188 520
189 384
189 521
190 463
190 475
191 458
191 599
192 464
192 540
193 357
194 391
194 396
195 205
196 244
197 388
197 518
198 269
198 505
199 419
200 493
201 349
202 376
202 494
203 466
203 517
204 321
204 471
205 562
206 575
207 486
208 481
209 437
209 465
210 317
212 385
213 258
216 586
218 260
218 376
219 374
219 500
220 370
222 506
223 377
224 342
225 383
225 547
226 456
226 490
227 282
227 535
228 504
228 551
229 550
230 368
231 443
231 564
232 436
232 468
233 276
234 346
235 300
235 442
236 418
236 526
237 397
237 438
238 256
238 541
239 288
239 400
240 277
241 301
242 489
243 448
243 553
244 572
245 431
246 327
246 431
247 460
248 432
248 538
249 332
251 373
251 481
252 525
253 306
253 515
255 299
255 515
256 506
257 414
258 261
259 312
260 496
261 547
262 435
263 406
263 453
264 549
265 321
266 292
266 587
267 408
269 303
271 291
272 592
273 476
273 578
274 297
274 456
275 418
277 454
278 529
279 553
279 577
280 522
283 412
283 484
284 573
285 424
286 473
286 592
287 365
287 484
288 346
289 343
289 591
290 488
290 533
291 494
292 375
293 294
293 512
294 482
295 408
295 567
296 354
296 514
297 503
298 386
300 355
301 564
302 307
304 352
304 492
305 356
305 499
307 524
308 386
308 397
309 415
309 583
310 322
311 357
313 580
313 585
314 377
315 438
315 528
316 446
317 459
320 335
320 511
322 423
323 362
325 457
325 549
326 338
328 417
328 429
329 402
329 558
330 424
331 439
331 569
334 469
335 423
336 571
337 363
338 391
340 472
340 511
341 539
343 450
344 463
344 518
345 382
347 351
347 529
348 411
348 562
350 489
350 532
353 393
354 568
355 470
356 452
358 372
359 436
359 598
361 590
363 475
364 565
365 524
366 501
366 514
367 469
369 426
375 458
379 523
381 403
381 507
384 468
387 415
387 555
388 551
389 536
390 430
390 465
392 486
394 478
394 516
395 467
395 566
396 439
398 509
398 545
399 576
400 453
401 483
401 531
405 421
405 491
406 546
407 434
407 455
409 421
409 594
410 590
413 574
416 479
416 513
419 577
420 440
420 508
422 501
425 505
425 517
427 467
428 558
429 487
432 464
434 472
441 452
441 490
442 593
443 533
444 580
446 530
447 542
448 573
450 504
451 473
454 579
460 478
461 493
461 527
462 474
462 582
470 559
471 552
476 544
480 540
485 595
487 584
488 588
497 565
502 576
508 519
509 570
510 567
520 531
522 593
525 554
528 545
538 557
543 579
543 599
560 561
563 583
569 575
574 586
582 597
589 595
600 447
601 156
-1 -1
85.199
