1
0 56
0 201
1 3
1 144
2 6
2 578
3 460
4 360
4 514
5 211
5 527
6 490
7 15
7 336
8 243
8 325
9 382
9 589
10 212
10 248
11 181
11 241
12 491
12 530
13 279
13 564
14 98
14 142
15 481
16 408
16 478
17 95
17 335
18 502
18 563
19 89
19 275
20 122
20 222
21 332
21 415
22 162
22 461
23 302
23 394
24 369
24 385
25 131
25 517
26 340
26 443
27 339
27 412
28 124
28 348
29 184
29 323
30 36
30 54
31 137
31 298
32 222
32 593
33 261
33 537
34 54
34 511
35 245
35 583
36 582
37 137
37 153
38 89
38 223
39 147
39 572
40 164
40 435
41 376
41 486
42 177
42 484
43 168
43 182
44 62
44 180
45 160
45 371
46 442
46 475
47 414
47 552
48 464
48 524
49 152
49 522
50 219
50 374
51 64
51 554
52 471
52 529
53 430
53 570
55 232
55 411
56 538
57 84
57 349
58 115
58 451
59 71
59 492
60 92
60 528
61 273
61 545
62 537
63 245
63 307
64 77
65 296
65 584
66 107
66 218
67 306
67 553
68 129
68 134
69 94
69 314
70 283
70 290
71 468
72 154
72 287
73 189
74 202
74 225
75 139
75 234
76 190
76 598
77 591
78 253
78 518
79 329
79 392
80 367
80 539
81 237
81 512
82 149
82 534
83 120
83 451
84 197
85 501
85 573
86 151
86 221
87 300
87 576
88 233
88 432
90 272
90 351
91 102
91 421
92 449
93 176
93 274
94 588
95 434
96 557
96 579
97 109
97 464
98 106
99 214
99 300
100 365
100 563
101 379
101 423
102 160
103 401
103 422
104 522
104 562
105 256
105 487
106 498
107 494
108 179
108 432
109 390
110 224
110 458
111 324
111 489
112 362
112 571
113 128
113 364
114 251
114 516
115 271
116 172
116 480
117 404
117 549
118 469
118 488
119 262
119 360
120 384
121 130
121 199
122 479
123 286
123 380
124 186
125 134
125 243
126 193
126 373
127 263
127 539
128 578
129 440
130 316
131 509
132 303
132 570
133 192
133 330
135 277
135 429
136 326
136 458
138 208
138 511
139 543
140 287
140 346
141 317
141 446
142 442
143 571
143 575
144 549
145 252
145 418
146 330
146 544
147 169
148 405
148 580
149 485
150 178
150 579
151 575
152 342
153 523
154 355
155 386
155 486
156 269
156 427
157 231
157 414
158 493
158 561
159 194
159 342
161 327
161 431
162 212
163 397
163 447
164 565
165 195
165 493
166 395
166 478
167 180
167 379
168 193
169 216
170 334
170 413
171 261
171 542
172 198
173 292
173 513
174 317
174 484
175 427
175 540
176 276
177 232
178 269
179 366
181 254
182 597
183 320
183 454
184 453
185 409
185 525
186 472
187 373
187 566
188 235
188 444
189 215
190 284
191 281
191 311
192 503
194 538
195 352
196 353
196 388
197 456
198 445
199 535
200 437
200 515
201 260
202 586
203 299
203 344
204 263
204 285
205 394
205 497
206 348
206 441
207 249
207 312
208 224
209 399
209 510
210 326
210 562
211 495
213 260
213 343
214 540
215 310
216 334
217 391
217 412
218 495
219 255
220 433
220 569
221 391
223 347
225 343
226 516
226 596
227 353
227 551
228 251
228 508
229 459
229 533
230 271
230 378
231 471
233 368
234 350
235 338
236 322
236 428
237 541
238 455
238 500
239 368
239 504
240 364
240 577
241 505
242 463
242 558
244 390
244 567
246 459
246 535
247 333
247 547
248 338
249 387
250 273
250 542
252 411
253 416
254 341
255 281
256 375
257 387
257 529
258 302
258 476
259 393
259 454
262 275
264 468
264 544
265 566
265 580
266 408
266 439
267 413
267 521
268 341
268 524
270 389
270 506
272 585
274 525
276 499
277 313
278 280
278 550
279 541
280 395
282 354
282 423
283 572
284 482
285 298
286 367
288 354
288 472
289 434
289 574
290 400
291 296
291 465
292 595
293 351
293 513
294 426
294 592
295 536
295 594
297 307
297 336
299 548
301 403
301 520
303 474
304 346
304 594
305 309
305 479
306 483
308 526
308 587
309 320
310 316
311 519
312 400
313 559
314 318
315 321
315 599
318 384
319 436
319 498
321 433
322 457
323 339
324 565
325 480
327 590
328 356
328 514
329 358
331 347
331 531
332 369
333 504
335 534
337 441
337 593
340 383
344 396
345 419
345 467
349 482
350 363
352 496
355 402
356 377
357 420
357 582
358 406
359 489
359 581
361 403
361 422
362 435
363 405
365 553
366 555
370 383
370 475
371 507
372 374
372 401
375 548
376 410
377 436
378 515
380 431
381 452
381 488
382 576
385 462
386 528
388 389
392 521
393 561
396 552
397 424
398 450
398 503
399 426
402 502
404 418
406 409
407 417
407 546
410 469
415 439
416 506
417 581
419 558
420 531
421 466
424 481
425 497
425 509
428 583
429 567
430 589
437 491
438 523
438 559
440 473
443 470
444 550
445 560
446 467
447 466
448 501
448 584
449 588
450 587
452 532
453 560
455 586
456 519
457 590
460 564
461 592
462 463
465 591
470 492
473 510
476 494
477 557
477 568
483 546
485 577
487 556
490 505
496 555
499 530
500 508
507 573
512 569
517 595
518 532
520 547
526 543
527 533
536 568
545 585
551 599
554 597
556 574
596 598
600 73
601 474
-1 -1
12.6535
