100 1000
0 66
0 3
0 68
0 49
0 6
0 71
0 28
0 10
0 76
0 70
0 78
0 81
0 50
0 46
0 23
0 56
0 25
0 90
0 92
0 93
1 66
1 67
1 69
1 70
1 39
1 74
1 7
1 12
1 77
1 79
1 18
1 19
1 20
1 89
1 56
1 25
1 58
1 60
1 42
1 62
2 96
2 65
2 3
2 68
2 5
2 72
2 44
2 10
2 43
2 76
2 17
2 53
2 54
2 87
2 26
2 59
2 60
2 93
2 94
2 63
3 34
3 35
3 68
3 69
3 81
3 71
3 10
3 12
3 78
3 16
3 49
3 18
3 51
3 30
3 22
3 98
3 60
3 62
4 33
4 98
4 67
4 36
4 41
4 42
4 43
4 46
4 47
4 16
4 82
4 79
4 84
4 21
4 54
4 25
4 57
4 27
4 60
4 85
5 32
5 48
5 17
5 69
5 65
5 39
5 8
5 73
5 44
5 18
5 46
5 16
5 92
5 82
5 84
5 21
5 22
5 9
5 60
6 65
6 67
6 35
6 33
6 41
6 74
6 11
6 94
6 47
6 27
6 18
6 19
6 52
6 85
6 20
6 91
6 93
6 39
6 53
7 64
7 33
7 66
7 68
7 37
7 42
7 87
7 12
7 78
7 15
7 57
7 86
7 55
7 24
7 25
7 60
7 53
7 62
7 69
8 33
8 59
8 36
8 70
8 15
8 63
8 10
8 11
8 50
8 47
8 17
8 18
8 67
8 23
8 56
8 91
8 28
8 93
8 31
9 96
9 66
9 38
9 10
9 77
9 47
9 49
9 82
9 42
9 85
9 22
9 23
9 56
9 57
9 90
9 91
9 26
9 30
9 21
10 65
10 67
10 68
10 38
10 35
10 39
10 80
10 74
10 46
10 47
10 48
10 56
10 88
10 63
10 31
11 58
11 33
11 34
11 36
11 64
11 73
11 74
11 43
11 13
11 14
11 29
11 19
11 21
11 24
11 26
11 28
11 61
11 42
12 32
12 67
12 35
12 81
12 40
12 41
12 44
12 75
12 17
12 18
12 19
12 26
12 87
12 90
12 59
12 60
12 93
13 97
13 36
13 38
13 40
13 41
13 60
13 15
13 79
13 48
13 81
13 82
13 54
13 24
13 25
13 90
13 91
13 28
13 61
13 63
14 96
14 65
14 97
14 69
14 38
14 71
14 72
14 15
14 45
14 46
14 47
14 16
14 50
14 19
14 87
14 56
14 59
14 30
14 51
15 18
15 99
15 86
15 39
15 40
15 54
15 45
15 79
15 50
15 67
15 22
15 87
15 89
15 91
15 92
15 61
16 96
16 32
16 66
16 35
16 72
16 98
16 46
16 49
16 51
16 20
16 87
16 89
16 58
16 59
16 62
16 63
17 64
17 65
17 67
17 68
17 19
17 44
17 47
17 24
17 82
17 83
17 52
17 55
17 88
17 58
17 91
17 60
18 35
18 36
18 39
18 41
18 87
18 47
18 53
18 86
18 55
18 26
18 54
18 21
18 63
19 35
19 76
19 82
19 80
19 50
19 83
19 78
19 86
19 55
19 88
19 26
19 59
19 61
19 95
20 33
20 34
20 35
20 37
20 70
20 39
20 74
20 75
20 46
20 81
20 84
20 30
20 25
20 38
20 92
20 94
20 36
21 34
21 99
21 36
21 71
21 50
21 47
21 49
21 83
21 53
21 89
21 73
21 23
21 57
21 54
21 29
22 32
22 33
22 98
22 36
22 70
22 96
22 42
22 77
22 48
22 49
22 82
22 83
22 52
22 54
22 57
22 63
23 64
23 35
23 36
23 69
23 72
23 75
23 76
23 46
23 48
23 67
23 52
23 57
23 58
23 31
23 30
23 95
24 97
24 69
24 31
24 74
24 39
24 44
24 61
24 85
24 87
24 25
24 71
24 95
24 28
24 93
24 30
24 63
25 98
25 67
25 68
25 65
25 42
25 84
25 77
25 48
25 53
25 52
25 89
25 92
25 95
26 97
26 99
26 38
26 70
26 47
26 49
26 75
26 53
26 86
26 87
26 88
26 90
26 59
26 29
27 96
27 65
27 36
27 70
27 71
27 97
27 75
27 44
27 79
27 81
27 50
27 83
27 85
27 31
27 42
27 61
27 30
27 69
28 33
28 34
28 67
28 66
28 51
28 71
28 77
28 82
28 83
28 54
28 87
28 47
28 60
28 62
28 31
29 96
29 33
29 99
29 54
29 97
29 40
29 94
29 78
29 80
29 52
29 86
29 55
29 88
29 59
29 93
29 62
29 63
30 97
30 37
30 71
30 43
30 78
30 56
30 50
30 83
30 53
30 57
30 90
30 60
30 85
31 86
31 40
31 73
31 55
31 47
31 80
31 81
31 51
31 56
31 57
31 58
31 90
31 72
31 95
32 97
32 63
32 39
32 80
32 73
32 43
32 45
32 46
32 79
32 49
32 84
32 86
32 88
32 47
32 61
32 95
33 49
33 71
33 76
33 45
33 78
33 79
33 81
33 77
33 55
33 56
33 37
34 80
34 66
34 75
34 40
34 41
34 74
34 98
34 78
34 79
34 48
34 43
34 91
34 86
34 72
34 59
35 69
35 39
35 41
35 55
35 76
35 46
35 79
35 52
35 85
35 62
35 63
36 64
36 96
36 43
36 38
36 73
36 42
36 85
36 87
36 58
36 94
37 84
37 65
37 75
37 40
37 60
37 43
37 76
37 46
37 47
37 49
37 83
37 55
37 39
37 58
37 59
37 92
38 64
38 65
38 98
38 82
38 39
38 44
38 48
38 50
38 83
38 55
38 88
38 91
38 93
39 98
39 99
39 40
39 41
39 78
39 56
39 53
39 79
40 71
40 41
40 74
40 75
40 80
40 51
40 85
40 45
40 57
40 58
40 69
40 95
41 96
41 65
41 43
41 76
41 66
41 77
41 45
41 88
41 51
41 84
41 56
42 97
42 67
42 73
42 71
42 44
42 80
42 50
42 84
42 57
42 58
42 91
43 96
43 70
43 73
43 44
43 81
43 84
43 89
43 59
43 93
43 62
43 63
44 97
44 66
44 67
44 70
44 45
44 82
44 56
44 88
44 90
44 61
44 69
45 98
45 99
45 96
45 75
45 66
45 79
45 51
45 78
45 88
45 90
45 59
45 61
45 94
46 66
46 48
46 71
46 73
46 47
46 99
46 86
46 54
46 60
47 81
47 60
47 48
47 82
47 94
48 64
48 97
48 70
48 76
48 81
48 51
48 52
48 89
48 59
48 60
49 70
49 97
49 75
49 77
49 80
49 81
49 91
49 87
49 59
49 65
50 99
50 68
50 86
50 73
50 81
50 54
50 87
50 88
50 89
50 90
51 64
51 97
51 91
51 96
51 80
51 77
51 84
51 85
51 56
51 62
51 63
52 64
52 61
52 54
52 73
52 74
52 75
52 87
52 77
52 79
52 81
52 90
52 92
53 96
53 66
53 55
53 94
53 98
53 89
53 88
53 58
53 92
53 90
53 95
54 67
54 66
54 93
54 88
54 58
54 92
54 61
54 94
55 67
55 74
55 75
55 76
55 70
55 78
55 84
55 85
55 63
56 67
56 87
56 76
56 78
56 84
56 57
56 91
57 97
57 98
57 76
57 82
57 84
57 68
57 90
57 95
57 93
58 66
58 68
58 89
58 98
58 79
58 81
58 90
58 61
59 77
59 74
59 79
59 62
59 89
59 94
60 68
60 72
60 78
60 89
60 91
61 97
61 99
61 70
61 72
61 80
61 82
61 89
61 63
62 96
62 98
62 70
62 65
62 72
62 80
62 67
62 76
62 90
62 94
63 96
63 68
63 72
63 77
63 93
64 97
64 83
64 73
64 76
64 82
64 88
64 89
64 92
64 93
64 94
64 95
65 99
65 73
65 80
65 84
65 86
65 74
65 95
66 97
66 75
66 76
66 88
66 79
66 90
67 96
67 99
67 94
68 83
68 99
68 72
68 78
68 84
68 91
68 92
68 90
69 96
69 73
69 76
69 79
69 99
69 84
69 89
69 93
69 94
70 80
70 79
70 93
70 72
70 83
70 92
71 74
71 80
71 81
71 84
71 87
71 93
71 94
71 85
72 99
72 74
72 77
72 93
72 79
72 86
72 89
72 95
73 98
73 75
73 88
73 92
73 93
73 95
74 91
74 79
74 82
74 83
74 85
74 95
75 99
75 81
75 76
75 80
75 82
75 86
76 85
76 87
76 88
77 98
77 97
77 95
77 83
77 85
77 88
77 90
78 98
78 92
78 97
78 85
78 86
78 87
79 88
80 82
80 86
80 90
80 95
81 91
81 83
81 84
82 98
82 99
82 87
83 99
83 84
83 89
83 91
83 92
84 92
85 96
85 97
85 86
85 92
86 99
86 98
86 94
87 95
88 95
89 96
89 90
89 92
91 99
91 93
91 94
92 99
92 95
93 98
94 96
94 98
94 95
