1
0 409
0 490
1 587
1 284
2 14
2 220
3 114
3 312
4 106
4 532
5 596
5 342
6 306
6 340
7 209
7 270
8 197
8 360
9 211
9 357
10 183
10 335
11 578
11 93
12 122
12 168
13 57
13 583
14 30
15 404
15 461
16 317
16 351
17 276
17 440
18 130
18 567
19 533
19 561
20 221
20 457
21 170
21 353
22 25
22 89
23 459
23 486
24 37
24 49
25 362
26 62
26 119
27 461
27 483
28 233
28 572
29 104
29 365
30 161
31 62
31 313
32 80
32 168
33 228
33 401
34 242
34 273
35 128
35 197
36 143
36 438
37 287
38 170
38 389
39 117
39 129
40 551
40 276
41 139
41 226
42 283
42 590
43 278
43 342
44 77
44 507
45 566
45 372
46 297
46 476
47 258
47 328
48 598
48 423
49 295
50 268
50 540
51 398
51 433
52 232
52 258
53 592
53 354
54 473
54 477
55 583
55 581
56 556
56 238
57 434
58 248
58 441
59 116
59 203
60 285
60 462
61 593
61 431
63 581
63 139
64 586
64 498
65 124
65 459
66 532
66 293
67 541
67 389
68 251
68 430
69 536
69 164
70 116
70 266
71 537
71 316
72 80
72 210
73 314
73 437
74 552
74 184
75 208
75 310
76 524
76 324
77 538
78 279
78 485
79 239
79 329
81 534
81 323
82 137
82 155
83 106
83 506
84 550
84 231
85 196
85 399
86 334
86 484
87 552
87 573
88 158
88 396
89 350
90 157
90 444
91 159
91 403
92 130
92 435
93 294
94 513
94 164
95 177
95 260
96 216
96 311
97 166
97 396
98 101
98 364
99 222
99 426
100 445
100 447
101 346
102 255
102 433
103 321
103 377
104 292
105 140
105 420
107 218
107 452
108 570
108 471
109 205
109 225
110 141
110 264
111 198
111 230
112 173
112 455
113 515
113 284
114 489
115 304
115 336
117 493
118 234
118 309
119 539
120 156
120 385
121 424
121 479
122 563
123 127
123 538
124 520
125 188
125 322
126 537
126 469
127 152
128 185
129 186
131 402
131 508
132 512
132 163
133 151
133 384
134 246
134 400
135 568
135 559
136 225
136 343
137 345
138 195
138 484
140 297
141 412
142 238
142 244
143 440
144 376
144 451
145 523
145 203
146 464
146 506
147 243
147 371
148 579
148 487
149 187
149 503
150 523
150 511
151 255
152 399
153 194
153 436
154 169
154 479
155 370
156 536
157 543
158 358
159 468
160 280
160 346
161 455
162 277
162 390
163 574
165 266
165 565
166 401
167 267
167 492
169 425
171 224
171 305
172 309
172 428
173 381
174 516
174 357
175 237
175 470
176 380
176 407
177 495
178 257
178 279
179 422
179 504
180 572
180 286
181 546
181 253
182 363
182 464
183 341
184 363
185 530
186 430
187 240
188 344
189 270
189 424
190 516
190 332
191 526
191 500
192 530
192 549
193 370
193 453
194 513
195 377
196 221
198 566
199 217
199 219
200 293
200 311
201 227
201 262
202 256
202 358
204 482
204 511
205 303
206 373
206 431
207 252
207 392
208 349
209 558
210 367
211 599
212 518
212 277
213 515
213 467
214 254
214 315
215 525
215 582
216 475
217 265
218 267
219 287
220 302
222 223
223 528
224 248
226 361
227 594
228 412
229 446
229 509
230 499
231 390
232 406
233 290
234 326
235 448
235 480
236 514
236 380
237 597
239 254
240 387
241 534
241 593
242 587
243 408
244 483
245 259
245 564
246 274
247 528
247 300
249 599
249 300
250 418
250 480
251 521
252 416
253 562
256 415
257 454
259 535
260 388
261 542
261 526
262 499
263 518
263 406
264 355
265 313
268 524
269 307
269 448
271 386
271 397
272 356
272 443
273 348
274 347
275 337
275 475
278 373
280 589
281 364
281 383
282 571
282 445
283 361
285 386
286 326
288 374
288 435
289 336
289 486
290 508
291 375
291 439
292 400
294 512
295 493
296 345
296 350
298 517
298 385
299 590
299 410
301 580
301 442
302 549
303 495
304 502
305 316
306 333
307 417
308 550
308 543
310 565
312 402
314 452
315 319
317 555
318 519
318 577
319 591
320 497
320 510
321 585
322 580
323 471
324 563
325 567
325 494
327 569
327 427
328 474
329 458
330 454
330 477
331 425
331 438
332 391
333 564
334 498
335 368
337 432
338 419
338 426
339 577
339 586
340 349
341 472
343 374
344 355
347 356
348 411
351 584
352 439
352 470
353 570
354 497
359 393
359 576
360 371
362 542
365 478
366 569
366 554
367 592
368 510
369 568
369 595
372 492
375 482
376 551
378 540
378 494
379 531
379 394
381 491
382 463
382 500
383 419
384 427
387 404
388 519
391 405
392 502
393 545
394 588
395 553
395 473
397 436
398 456
403 504
405 460
407 575
408 589
409 527
410 547
411 561
413 533
413 503
414 418
414 505
415 491
416 463
417 443
420 485
421 525
421 490
422 429
423 432
428 597
429 488
434 560
437 529
441 546
442 447
444 451
446 481
449 467
449 481
450 457
450 466
453 573
456 487
458 522
460 584
462 582
465 576
465 501
466 595
468 527
469 560
472 579
474 535
476 520
478 594
488 598
496 539
496 559
501 544
505 541
507 588
509 575
514 571
517 548
521 547
522 574
529 554
531 596
544 555
545 557
548 558
553 562
557 578
585 591
600 489
601 556
-1 -1
49.625
