1
0 6
0 20
1 34
1 338
2 78
2 494
3 46
3 137
4 18
4 475
5 26
5 65
6 31
7 37
7 359
8 105
8 287
9 131
9 484
10 292
10 406
11 292
11 320
12 13
12 56
13 494
14 570
14 99
15 108
15 421
16 33
16 506
17 421
17 454
18 595
19 518
19 91
20 206
21 43
21 338
22 23
22 141
23 317
24 59
24 373
25 314
25 433
26 419
27 585
27 188
28 65
28 376
29 386
29 413
30 63
30 105
31 566
32 66
32 263
33 333
34 326
35 64
35 227
36 225
36 497
37 84
38 298
38 452
39 440
39 474
40 264
40 466
41 201
41 360
42 121
42 561
43 290
44 515
44 549
45 97
45 507
46 467
47 212
47 222
48 76
48 253
49 110
49 178
50 523
50 301
51 175
51 371
52 529
52 473
53 598
53 530
54 295
54 370
55 111
56 93
57 90
57 393
58 423
58 584
59 124
60 106
60 276
61 516
61 199
62 585
62 482
63 149
64 471
66 463
67 154
67 350
68 170
68 395
69 349
69 473
70 260
70 448
71 583
71 207
72 99
72 313
73 107
73 261
74 273
74 509
75 513
75 312
76 179
77 197
77 480
78 555
79 143
79 351
80 228
80 426
81 189
81 408
82 265
82 483
83 520
83 407
84 118
85 550
85 451
86 190
86 275
87 248
87 331
88 266
88 392
89 138
89 548
90 241
91 271
92 553
92 462
93 361
94 399
94 430
95 280
95 367
96 168
96 315
97 590
98 187
98 462
100 198
100 295
101 187
101 375
102 109
102 241
103 576
103 265
104 132
104 367
106 129
107 488
108 550
109 519
110 559
111 242
112 183
112 333
113 380
113 496
114 282
114 466
115 385
115 586
116 191
116 318
117 252
117 414
118 381
119 245
119 592
120 238
120 264
121 392
122 164
122 360
123 169
123 425
124 218
125 253
125 525
126 181
126 443
127 334
127 365
128 541
128 372
129 317
130 354
130 575
131 157
132 581
133 543
133 297
134 288
134 386
135 233
135 309
136 522
136 149
137 513
138 352
139 443
139 446
140 194
140 260
141 238
142 366
142 414
143 276
144 193
144 257
145 212
145 350
146 555
146 221
147 272
147 401
148 400
148 410
150 334
150 577
151 354
151 460
152 400
152 432
153 545
153 177
154 366
155 453
155 471
156 311
156 375
157 554
158 526
158 539
159 575
159 387
160 567
160 396
161 531
161 548
162 485
162 511
163 268
163 288
164 544
165 598
165 278
166 596
166 499
167 319
167 490
168 436
169 346
170 430
171 209
171 210
172 221
172 477
173 215
173 481
174 391
174 457
175 290
176 573
176 274
177 534
178 339
179 243
180 335
180 383
181 283
182 304
182 521
183 565
184 250
184 328
185 578
185 353
186 552
186 219
188 434
189 299
190 449
191 504
192 519
192 282
193 309
194 495
195 379
195 427
196 222
196 378
197 201
198 203
199 383
200 258
200 348
202 402
202 583
203 409
204 249
204 560
205 526
205 569
206 389
207 427
208 579
208 432
209 363
210 521
211 218
211 419
213 533
213 267
214 431
214 453
215 381
216 312
216 324
217 539
217 404
219 365
220 274
220 410
223 542
223 554
224 240
224 300
225 262
226 558
226 416
227 532
228 369
229 544
229 382
230 363
230 364
231 467
231 488
232 351
232 498
233 459
234 364
234 500
235 437
235 456
236 409
236 461
237 347
237 358
239 296
239 339
240 584
242 482
243 478
244 289
244 342
245 308
246 277
246 455
247 520
247 500
248 461
249 452
250 577
251 373
251 394
252 385
254 403
254 483
255 418
255 433
256 562
256 379
257 496
258 558
259 377
259 492
261 331
262 587
263 472
266 298
267 418
268 509
269 560
269 504
270 592
270 337
271 345
272 349
273 593
275 533
277 531
278 286
279 565
279 501
280 557
281 514
281 408
283 579
284 353
284 465
285 479
285 493
286 523
287 545
289 472
291 524
291 307
293 456
293 591
294 335
294 412
296 422
297 310
299 395
300 477
301 475
302 540
302 306
303 588
303 535
304 316
305 454
305 457
306 332
307 310
308 393
311 572
313 378
314 420
315 511
316 599
318 391
319 486
320 505
321 525
321 322
322 564
323 597
323 534
324 564
325 355
325 448
326 398
327 374
327 434
328 405
329 516
329 593
330 542
330 436
332 390
336 340
336 441
337 567
340 412
341 387
341 413
342 444
343 528
343 492
344 547
344 556
345 591
346 505
347 403
348 503
352 376
355 581
356 590
356 394
357 537
357 396
358 463
359 362
361 587
362 569
368 390
368 442
369 543
370 445
371 425
372 574
374 428
377 510
380 495
382 490
384 571
384 510
388 406
388 491
389 478
397 594
397 469
398 563
399 402
401 423
404 411
405 441
407 476
411 464
415 417
415 470
416 580
417 574
420 487
422 582
424 512
424 546
426 582
428 502
429 527
429 518
431 541
435 438
435 487
437 596
438 447
439 552
439 532
440 481
442 465
444 589
445 556
446 451
447 489
449 559
450 530
450 489
455 517
458 537
458 580
459 479
460 551
464 571
468 540
468 480
469 493
470 491
474 514
476 557
484 546
485 551
486 508
497 597
498 501
499 561
502 594
503 508
507 527
512 553
515 524
517 566
522 573
528 572
529 578
535 549
536 563
536 547
538 568
538 576
562 595
568 586
570 599
588 589
600 55
601 506
-1 -1
18.2287
