1
0 80
0 117
1 155
1 228
2 78
2 372
3 26
3 165
4 575
4 262
5 54
5 304
6 391
6 413
7 194
7 492
8 152
8 599
9 539
9 268
10 103
10 255
11 302
11 335
12 33
12 590
13 93
13 141
14 211
14 363
15 532
15 450
16 335
16 401
17 98
17 333
18 563
18 311
19 199
19 225
20 536
20 93
21 343
21 445
22 29
22 597
23 53
23 120
24 187
24 405
25 594
25 576
26 222
27 583
27 235
28 82
28 488
29 487
30 191
30 322
31 282
31 346
32 552
32 61
33 210
34 557
34 383
35 211
35 397
36 120
36 341
37 530
37 380
38 236
38 328
39 200
39 304
40 88
40 266
41 537
41 340
42 283
42 390
43 298
43 471
44 50
44 439
45 590
45 385
46 277
46 344
47 248
47 282
48 183
48 216
49 80
49 510
50 444
51 555
51 169
52 125
52 215
53 463
54 306
55 538
55 397
56 175
56 229
57 129
57 244
58 555
58 177
59 287
59 384
60 269
60 379
61 458
62 90
62 119
63 270
63 329
64 138
64 383
65 565
65 365
66 160
66 382
67 105
67 290
68 368
68 378
69 294
69 325
70 142
70 308
71 575
71 266
72 115
72 267
73 131
73 301
74 190
74 589
75 246
75 353
76 461
76 490
77 523
77 297
78 467
79 196
79 451
81 270
81 461
82 162
83 531
83 561
84 513
84 267
85 380
85 395
86 218
86 433
87 217
87 405
88 345
89 148
89 468
90 208
91 487
91 501
92 596
92 129
94 374
94 499
95 299
95 440
96 110
96 431
97 197
97 468
98 205
99 364
99 506
100 253
100 453
101 517
101 428
102 356
102 492
103 429
104 279
104 582
105 418
106 571
106 592
107 523
107 155
108 164
108 239
109 256
109 412
110 576
111 453
111 509
112 236
112 548
113 547
113 187
114 544
114 126
115 237
116 223
116 528
117 586
118 549
118 574
119 241
121 377
121 427
122 151
122 326
123 529
123 188
124 292
124 417
125 595
126 521
127 274
127 494
128 241
128 537
130 171
130 508
131 481
132 291
132 336
133 569
133 136
134 519
134 596
135 183
135 437
136 351
137 149
137 280
138 462
139 441
139 443
140 260
140 374
141 585
142 463
143 175
143 339
144 517
144 495
145 561
145 261
146 528
146 387
147 313
147 499
148 240
149 423
150 398
150 407
151 350
152 493
153 230
153 348
154 342
154 352
156 520
156 542
157 293
157 577
158 363
158 399
159 369
159 481
160 457
161 563
161 582
162 391
163 258
163 471
164 338
165 508
166 310
166 360
167 570
167 474
168 273
168 484
169 497
170 513
170 472
171 457
172 184
172 476
173 316
173 550
174 586
174 424
176 427
176 491
177 479
178 309
178 554
179 540
179 295
180 540
180 485
181 381
181 411
182 202
182 389
184 581
185 518
185 489
186 271
186 488
188 410
189 302
189 375
190 213
191 511
192 403
192 497
193 442
193 473
194 565
195 593
195 494
196 466
197 259
198 568
198 477
199 426
200 567
201 557
201 312
202 493
203 252
203 498
204 376
204 392
205 303
206 567
206 309
207 221
207 256
208 545
209 234
209 489
210 474
212 240
212 423
213 572
214 262
214 433
215 560
216 448
217 275
218 342
219 415
219 444
220 224
220 274
221 354
222 455
223 478
224 367
225 301
226 358
226 406
227 356
227 460
228 318
229 516
230 554
231 250
231 396
232 299
232 506
233 526
233 281
234 502
235 287
237 459
238 386
238 452
239 264
242 587
242 338
243 491
243 502
244 286
245 465
245 498
246 438
247 340
247 401
248 447
249 317
249 349
250 553
251 529
251 434
252 370
253 328
254 522
254 431
255 381
257 265
257 470
258 579
259 452
260 503
261 571
263 570
263 382
264 281
265 478
268 515
269 333
271 406
272 355
272 368
273 332
275 429
276 538
276 585
277 501
278 592
278 392
279 317
280 558
283 577
284 370
284 483
285 520
285 524
286 353
288 441
288 511
289 366
289 422
290 465
291 527
292 326
293 505
294 321
295 522
296 327
296 442
297 411
298 375
300 303
300 390
305 359
305 446
306 588
307 347
307 496
308 573
310 322
311 534
312 551
313 591
314 532
314 589
315 518
315 323
316 542
318 371
319 598
319 332
320 416
320 460
321 464
323 373
324 553
324 398
325 362
327 515
329 456
330 572
330 467
331 514
331 372
334 530
334 355
336 559
337 562
337 459
339 559
341 357
343 379
344 566
345 358
346 388
347 584
348 426
349 400
350 591
351 450
354 496
357 479
359 533
360 395
361 580
361 480
362 546
364 455
365 594
366 552
367 447
369 595
371 415
373 548
376 527
377 385
378 394
384 425
386 543
387 524
388 421
389 443
393 512
393 402
394 421
396 562
399 414
400 578
402 419
403 458
404 574
404 486
407 546
408 446
409 512
409 462
410 473
412 440
413 469
414 507
416 486
417 470
418 573
419 580
420 598
420 556
422 526
424 525
425 439
428 599
430 482
430 593
432 581
432 535
434 449
435 547
435 495
436 454
436 504
437 584
438 466
445 503
448 483
449 490
451 505
454 482
456 525
464 549
469 588
472 597
475 550
475 504
476 514
477 560
480 587
484 564
485 536
500 578
500 558
507 521
509 564
510 519
516 568
531 551
533 579
534 583
535 543
539 556
541 544
541 569
545 566
600 352
601 408
-1 -1
137.292
