1
0 42
0 374
1 9
1 142
2 289
2 468
3 384
3 497
4 78
4 149
5 77
5 313
6 590
6 208
7 131
7 178
8 105
8 177
9 563
10 147
10 490
11 199
11 589
12 333
12 384
13 66
13 331
14 39
14 330
15 85
15 172
16 41
16 216
17 408
17 597
18 146
18 363
19 368
19 420
20 22
20 272
21 581
21 167
22 556
23 126
23 215
24 79
24 157
25 235
25 583
26 342
26 496
27 521
27 305
28 73
28 468
29 76
29 574
30 371
30 494
31 153
31 183
32 244
32 496
33 175
33 311
34 105
34 440
35 514
35 136
36 238
36 298
37 144
37 466
38 275
38 335
39 423
40 308
40 338
41 177
42 45
43 174
43 318
44 121
44 306
45 236
46 240
46 398
47 560
47 488
48 98
48 310
49 163
49 416
50 58
50 326
51 448
51 453
52 93
52 559
53 584
53 492
54 356
54 495
55 90
55 335
56 530
56 402
57 295
57 455
58 413
59 86
59 218
60 96
60 243
61 407
61 500
62 513
62 489
63 248
63 282
64 369
64 511
65 265
65 356
66 354
67 291
67 450
68 118
68 206
69 217
69 442
70 97
70 290
71 102
71 593
72 145
72 341
73 83
74 273
74 462
75 110
75 116
76 533
77 162
78 168
79 466
80 287
80 350
81 328
82 222
82 354
83 477
84 131
84 181
85 117
86 122
87 100
87 132
88 515
88 92
89 450
89 494
90 398
91 375
91 419
92 599
93 501
94 538
94 428
95 158
95 465
96 508
97 119
98 585
99 288
99 302
100 107
101 394
101 476
102 132
103 299
103 435
104 164
104 194
106 548
106 229
107 324
108 522
108 524
109 539
109 467
110 201
111 172
111 277
112 171
112 339
113 263
113 327
114 184
114 242
115 256
115 486
116 352
117 470
118 391
119 543
120 537
120 361
121 303
122 418
123 415
123 596
124 397
124 503
125 368
125 411
126 421
127 391
127 499
128 261
128 506
129 554
129 250
130 417
130 474
133 145
133 567
134 410
134 447
135 325
135 487
136 372
137 140
137 576
138 266
138 386
139 198
139 484
140 259
141 475
141 497
142 267
143 553
143 274
144 254
146 533
147 577
148 591
148 595
149 213
150 198
150 235
151 178
151 260
152 195
152 458
153 328
154 237
154 283
155 571
155 271
156 532
156 221
157 561
158 470
159 544
159 246
160 560
160 412
161 314
161 452
162 396
163 185
164 478
165 315
165 321
166 534
166 405
167 332
168 292
169 566
169 582
170 539
170 596
171 312
173 245
173 409
174 564
175 284
176 584
176 374
179 211
179 441
180 586
180 578
181 558
182 291
182 435
183 541
184 457
185 206
186 579
186 439
187 531
187 334
188 267
188 454
189 545
189 255
190 240
190 402
191 269
191 370
192 518
192 598
193 475
193 509
194 433
195 369
196 556
196 482
197 599
197 443
199 287
200 253
200 495
201 231
202 242
202 538
203 204
203 301
204 349
205 231
205 344
207 522
207 471
208 273
209 326
209 537
210 298
210 575
211 316
212 586
212 340
213 364
214 276
214 307
215 507
216 479
217 550
218 403
219 512
219 301
220 389
220 416
221 296
222 304
223 286
223 432
224 358
224 493
225 516
225 587
226 421
226 429
227 366
227 506
228 246
228 541
229 406
230 278
230 412
232 270
232 462
233 338
233 415
234 523
234 549
236 429
237 535
238 262
239 551
239 286
241 323
241 359
243 486
244 585
245 310
247 399
247 589
248 271
249 571
249 431
250 558
251 253
251 501
252 404
252 446
254 325
255 525
256 456
257 542
257 315
258 382
258 464
259 594
260 573
261 377
262 381
263 392
264 266
264 489
265 336
268 321
268 424
269 377
270 508
272 439
274 493
275 375
276 549
277 406
278 319
279 317
279 425
280 532
280 446
281 297
281 431
282 367
283 473
284 389
285 555
285 445
288 483
289 581
290 296
292 521
293 344
293 371
294 526
294 597
295 361
297 562
299 311
300 573
300 373
302 317
304 443
305 426
306 529
307 378
308 511
309 582
309 528
312 550
313 413
314 507
316 553
318 498
319 576
320 383
320 595
322 569
322 442
323 499
324 488
327 516
329 574
329 562
330 540
331 363
332 351
333 520
334 362
336 569
337 348
337 353
339 568
340 345
341 366
342 536
343 515
343 441
345 592
346 547
346 480
347 567
347 469
348 572
349 385
350 445
351 414
352 547
353 579
355 572
355 400
357 552
357 414
358 422
359 420
360 568
360 471
362 587
364 551
365 528
365 380
367 505
370 476
372 491
373 530
376 540
376 481
378 457
379 456
379 500
380 393
381 570
382 502
383 459
385 481
386 459
387 554
387 561
388 518
388 557
390 520
390 591
392 487
393 588
394 510
395 437
395 458
396 405
397 447
399 422
400 594
401 424
401 480
403 434
404 566
407 455
408 490
409 451
410 430
411 513
417 478
418 504
419 436
423 555
425 449
426 485
427 525
427 463
428 467
430 565
432 531
433 590
434 512
436 529
437 535
438 454
438 482
440 504
444 472
444 491
448 477
449 474
451 452
453 498
460 483
460 509
461 580
461 485
463 526
464 559
465 565
469 514
472 578
473 543
479 534
484 570
492 519
502 583
503 544
505 517
510 542
517 552
519 593
523 548
524 563
527 546
527 545
536 580
546 592
557 577
564 575
588 598
600 303
601 81
-1 -1
28.1671
