1
0 68
0 503
1 128
1 469
2 598
2 132
3 307
3 374
4 157
5 584
5 192
6 278
6 346
7 172
7 379
8 262
8 378
9 543
9 112
10 173
10 400
11 103
11 386
12 206
12 259
13 539
13 327
14 212
14 312
15 39
15 149
16 584
16 370
17 350
17 493
18 310
18 590
19 524
19 358
20 348
20 354
21 160
21 224
22 303
22 559
23 133
23 332
24 198
24 414
25 534
25 285
26 590
26 239
27 394
27 449
28 302
28 594
29 402
29 438
30 410
30 454
31 89
31 480
32 283
32 593
33 148
33 356
34 64
34 357
35 538
35 228
36 257
36 418
37 186
37 544
38 55
38 393
39 543
40 159
40 426
41 218
41 466
42 595
42 219
43 188
43 217
44 115
44 425
45 88
45 261
46 67
46 117
47 271
47 352
48 273
48 401
49 525
49 468
50 151
50 502
51 237
51 270
52 546
52 110
53 197
53 220
54 386
54 445
55 87
56 158
56 402
57 473
57 505
58 337
58 411
59 265
59 376
60 210
60 288
61 361
61 466
62 108
62 156
63 514
63 328
64 524
65 213
65 354
66 548
66 453
67 105
68 315
69 155
69 430
70 91
70 438
71 546
71 251
72 399
72 406
73 80
73 380
74 79
74 569
75 569
75 404
76 361
76 508
77 203
77 255
78 97
78 124
79 304
80 177
81 327
81 497
82 233
82 348
83 521
83 90
84 238
84 270
85 90
85 394
86 325
86 353
87 345
88 506
89 314
91 445
92 328
92 458
93 218
93 432
94 552
94 458
95 112
95 359
96 229
96 332
97 427
98 243
98 581
99 580
99 560
100 564
100 468
101 107
101 152
102 149
102 495
103 138
104 114
104 393
105 174
106 138
106 493
107 189
108 379
109 298
109 397
110 122
111 219
111 234
113 538
113 294
114 351
115 502
116 161
116 373
117 291
118 125
118 542
119 189
119 568
120 536
120 562
121 279
121 340
122 489
123 196
123 368
124 536
125 129
126 517
126 495
127 192
127 510
128 312
129 174
130 227
130 487
131 526
131 277
132 407
133 592
134 201
134 566
135 551
135 427
136 143
136 215
137 515
137 574
139 288
139 344
140 184
140 472
141 540
141 180
142 594
142 258
143 561
144 533
144 318
145 358
145 562
146 160
146 275
147 416
147 441
148 383
150 167
150 396
151 352
152 567
153 155
153 542
154 406
154 476
156 336
157 455
158 256
159 483
161 298
162 193
162 204
163 202
163 384
164 208
164 461
165 264
165 511
166 477
166 505
167 475
168 199
168 385
169 349
169 490
170 237
170 296
171 175
171 440
172 433
173 585
175 442
176 372
176 508
177 200
178 549
178 463
179 183
179 411
180 586
181 598
181 355
182 335
182 477
183 425
184 456
185 529
185 424
186 580
187 264
187 459
188 452
190 564
190 430
191 426
191 448
193 322
194 586
194 357
195 345
195 488
196 293
197 404
198 415
199 563
200 481
201 503
202 484
203 504
204 256
205 299
205 415
206 567
207 254
207 295
208 261
209 242
209 343
210 367
211 517
211 246
212 446
213 460
214 249
214 374
215 554
216 433
216 485
217 320
220 265
221 576
221 283
222 336
222 420
223 537
223 547
224 589
225 513
225 353
226 276
226 382
227 377
228 401
229 410
230 287
230 484
231 596
231 454
232 318
232 500
233 595
234 316
235 290
235 395
236 307
236 497
238 239
240 331
240 431
241 301
241 439
242 420
243 469
244 275
244 565
245 535
245 277
246 396
247 531
247 252
248 388
248 521
249 305
250 317
250 561
251 395
252 319
253 308
253 370
254 515
255 271
257 419
258 435
259 570
260 422
260 507
262 293
263 297
263 408
266 349
266 496
267 555
267 334
268 326
268 462
269 320
269 443
272 347
272 597
273 465
274 587
274 591
276 337
278 593
279 587
280 422
280 451
281 522
281 576
282 321
282 403
284 321
284 452
285 329
286 302
286 366
287 473
289 549
289 462
290 474
291 387
292 306
292 435
294 496
295 317
296 429
297 547
299 338
300 560
300 498
301 494
303 311
304 344
305 341
306 362
308 568
309 413
309 444
310 596
311 483
313 333
313 359
314 428
315 573
316 516
319 518
322 599
323 380
323 412
324 540
324 512
325 520
326 392
329 436
330 516
330 414
331 491
333 472
334 388
335 467
338 545
339 405
339 407
340 412
341 494
342 558
342 450
343 514
346 518
347 424
350 488
351 375
355 455
356 588
360 557
360 509
362 383
363 529
363 541
364 459
364 467
365 527
365 434
366 491
367 419
368 389
369 373
369 480
371 552
371 527
372 439
375 579
376 437
377 381
378 501
381 485
382 555
384 523
385 506
387 490
389 504
390 566
390 498
391 447
391 489
392 556
397 405
398 423
398 479
399 441
400 519
403 448
408 565
409 428
409 588
413 416
417 520
417 432
418 532
421 591
421 492
423 553
429 481
431 456
434 519
436 571
437 442
440 451
443 575
444 589
446 449
447 556
450 486
453 574
457 526
457 471
460 585
461 578
463 482
464 541
464 478
465 530
470 531
470 471
474 528
475 575
476 532
478 548
479 522
482 550
486 597
487 573
492 579
499 530
499 559
500 578
501 592
507 545
509 554
510 599
511 539
512 570
513 535
523 583
525 533
528 581
534 577
537 572
544 577
550 572
551 553
557 583
558 582
563 571
600 582
601 4
-1 -1
71.6357
