1
0 32
0 334
1 64
1 339
2 299
2 314
3 320
3 338
4 40
4 47
5 196
5 545
6 304
6 340
7 332
7 351
8 33
8 341
9 21
9 405
10 524
10 67
11 341
11 399
12 274
12 432
13 582
13 449
14 36
14 420
15 345
15 346
16 197
16 427
17 521
17 151
18 519
18 485
19 325
19 333
20 75
20 378
21 537
22 62
22 302
23 31
23 43
24 58
24 310
25 96
25 330
26 146
26 408
27 252
27 337
28 566
28 86
29 151
29 476
30 200
30 414
31 55
32 111
33 228
34 362
34 376
35 343
35 593
36 202
37 370
37 427
38 520
38 496
39 587
39 528
40 136
41 121
41 309
42 564
42 152
43 71
44 64
44 315
45 67
45 186
46 150
46 327
47 370
48 538
48 417
49 578
49 455
50 349
50 392
51 135
51 358
52 114
52 335
53 114
53 323
54 100
54 260
55 302
56 164
56 410
57 105
57 508
58 350
59 307
59 492
60 590
60 81
61 92
61 386
62 539
63 304
63 342
65 198
65 260
66 420
66 467
68 535
68 301
69 107
69 454
70 142
70 416
71 572
72 573
72 484
73 156
73 415
74 165
74 277
75 269
76 133
76 268
77 540
77 316
78 119
78 366
79 585
79 265
80 357
80 457
81 561
82 527
82 89
83 93
83 178
84 177
84 395
85 239
85 474
86 175
87 528
87 360
88 128
88 453
89 242
90 126
90 418
91 382
91 419
92 120
93 390
94 261
94 365
95 145
95 227
96 234
97 246
97 461
98 130
98 176
99 589
99 159
100 377
101 566
101 193
102 546
102 380
103 204
103 438
104 482
104 490
105 236
106 584
106 597
107 324
108 355
108 469
109 220
109 486
110 218
110 318
111 333
112 397
112 506
113 598
113 436
115 311
115 438
116 139
116 287
117 564
117 472
118 530
118 574
119 493
120 575
121 478
122 203
122 539
123 371
123 463
124 293
124 294
125 598
125 406
126 249
127 129
127 486
128 364
129 465
130 559
131 451
131 569
132 562
132 217
133 175
134 537
134 386
135 471
136 190
137 352
137 393
138 263
138 591
139 194
140 144
140 285
141 538
141 560
142 305
143 354
143 460
144 560
145 597
146 187
147 583
147 508
148 183
148 502
149 257
149 367
150 515
152 279
153 581
153 168
154 162
154 215
155 594
155 335
156 487
157 209
157 501
158 254
158 306
159 441
160 512
160 453
161 237
161 507
162 517
163 286
163 343
164 591
165 534
166 580
166 426
167 271
167 468
168 526
169 557
169 419
170 285
170 399
171 258
171 559
172 482
172 500
173 529
173 253
174 396
174 499
176 480
177 188
178 479
179 232
179 552
180 524
180 331
181 256
181 308
182 374
182 432
183 404
184 248
184 297
185 415
185 428
186 320
187 588
188 267
189 530
189 446
190 373
191 278
191 387
192 581
192 541
193 357
194 372
195 573
195 319
196 274
197 516
198 568
199 275
199 365
200 273
201 221
201 475
202 332
203 233
204 356
205 512
205 315
206 543
206 446
207 368
207 485
208 243
208 400
209 506
210 251
210 388
211 523
211 369
212 520
212 408
213 223
213 422
214 444
214 456
215 574
216 231
216 563
217 544
218 224
219 233
219 423
220 307
221 313
222 379
222 497
223 556
224 483
225 303
225 344
226 541
226 278
227 394
228 442
229 353
229 501
230 394
230 452
231 590
232 349
234 467
235 599
235 384
236 296
237 545
238 549
238 577
239 570
240 543
240 308
241 270
241 359
242 337
243 570
244 378
244 406
245 434
245 462
246 405
247 403
247 434
248 443
249 401
250 339
250 451
251 592
252 273
253 558
254 536
255 565
255 454
256 450
257 336
258 488
259 327
259 440
261 369
262 429
262 492
263 374
264 447
264 500
265 314
266 562
266 592
267 430
268 588
269 407
270 430
271 433
272 554
272 289
275 276
276 326
277 281
279 423
280 321
280 356
281 491
282 288
282 509
283 347
283 594
284 402
284 499
286 428
287 513
288 593
289 300
290 555
290 470
291 317
291 458
292 550
292 452
293 389
294 459
295 577
295 400
296 476
297 547
298 414
298 595
299 579
300 418
301 309
303 439
305 589
306 516
310 481
311 472
312 572
312 458
313 569
316 586
317 329
318 447
319 579
321 416
322 425
322 584
323 490
324 498
325 533
326 396
328 373
328 481
329 555
330 568
331 334
336 514
338 542
340 413
342 377
344 525
345 444
346 348
347 372
348 422
350 571
351 464
352 515
353 456
354 484
355 544
358 596
359 503
360 411
361 550
361 375
362 580
363 471
363 511
364 489
366 426
367 586
368 383
371 477
375 435
376 437
379 518
380 480
381 531
381 409
382 383
384 582
385 387
385 410
388 461
389 450
390 518
391 527
391 437
392 421
393 513
395 507
397 522
398 424
398 445
401 473
402 496
403 547
404 462
407 425
409 429
411 595
412 578
412 478
413 497
417 596
421 519
424 511
431 575
431 440
433 542
435 548
436 443
439 494
441 445
442 479
448 522
448 488
449 533
455 514
457 460
459 553
463 510
464 495
465 525
466 576
466 556
468 473
469 470
474 567
475 546
477 536
483 552
487 498
489 505
491 493
494 549
495 509
502 504
504 583
505 599
510 587
517 576
521 567
523 532
526 553
529 571
531 535
532 565
534 540
548 551
551 563
554 558
561 585
600 503
601 557
-1 -1
28.6217
