1
0 2
0 131
1 46
1 182
2 152
3 145
3 129
4 15
4 20
5 166
5 55
6 64
6 19
7 35
7 10
8 49
8 82
9 178
9 113
10 119
11 187
11 176
12 135
12 191
13 132
13 43
14 109
14 158
15 21
16 160
16 143
17 98
17 81
18 23
18 55
19 75
20 84
21 117
22 53
22 42
23 77
24 108
24 159
25 68
25 50
26 140
26 178
27 172
27 60
28 183
28 173
29 118
29 139
30 33
30 148
31 114
31 169
32 114
33 47
34 160
34 70
35 50
36 119
36 120
37 136
37 53
38 82
38 149
39 90
39 133
40 131
40 41
41 61
42 95
43 95
44 57
44 187
45 104
45 138
46 101
47 48
48 165
49 81
51 140
51 153
52 147
52 58
54 71
54 165
56 193
56 143
57 175
58 177
59 105
59 180
60 107
61 122
62 66
62 198
63 111
63 85
64 110
65 161
65 158
66 97
67 192
67 107
68 96
69 195
69 78
70 94
71 91
72 168
72 190
73 176
73 155
74 163
74 78
75 198
76 134
76 154
77 150
79 194
79 151
80 85
80 124
83 167
83 92
84 125
86 122
86 123
87 115
87 177
88 117
88 150
89 99
89 193
90 168
91 157
92 120
93 138
93 139
94 148
96 164
97 196
98 104
99 162
100 145
100 174
101 135
102 153
102 112
103 175
103 149
105 134
106 164
106 141
108 130
109 144
110 185
111 129
112 161
113 186
115 180
116 166
116 183
118 156
121 181
121 141
123 195
124 171
125 133
126 130
126 162
127 132
127 197
128 146
128 170
136 142
137 197
137 188
144 196
146 184
147 167
151 179
152 157
154 199
155 199
156 186
159 169
163 184
170 181
171 179
172 182
173 185
174 189
188 191
189 190
192 194
200 32
201 142
-1 -1
0.093094
