1
0 160
0 519
1 24
1 58
2 130
2 144
3 520
3 630
4 13
4 77
5 26
5 307
6 32
6 388
7 67
7 671
8 176
8 542
9 106
9 182
10 432
10 481
11 94
11 445
12 129
12 310
13 169
14 41
14 292
15 446
15 552
16 241
16 377
17 224
17 635
18 126
18 385
19 44
19 588
20 299
20 492
21 79
21 186
22 360
22 450
23 105
23 233
24 649
25 143
25 393
26 381
27 167
27 411
28 207
28 307
29 251
29 488
30 76
30 560
31 289
31 530
32 592
33 163
33 447
34 232
34 285
35 492
35 665
36 236
36 409
37 296
37 688
38 558
38 567
39 204
39 364
40 336
40 618
41 77
42 507
42 510
43 44
43 645
45 442
45 688
46 164
46 335
47 336
47 341
48 124
48 286
49 279
49 588
50 156
50 660
51 286
51 309
52 73
52 409
53 234
53 397
54 313
54 499
55 256
55 589
56 90
56 91
57 482
57 695
58 694
59 260
59 297
60 245
60 553
61 394
61 569
62 158
62 557
63 67
63 144
64 156
64 192
65 85
65 268
66 580
66 589
68 119
68 510
69 335
69 546
70 166
70 460
71 413
71 616
72 662
72 696
73 330
74 497
74 693
75 198
75 583
76 686
78 676
78 692
79 616
80 228
80 395
81 257
81 679
82 512
82 627
83 355
83 417
84 200
84 509
85 160
86 365
86 529
87 390
87 439
88 382
88 587
89 113
89 123
90 139
91 383
92 158
92 655
93 232
93 647
94 399
95 267
95 605
96 146
96 690
97 370
97 580
98 435
98 500
99 349
99 644
100 197
100 353
101 272
101 493
102 474
102 599
103 421
103 430
104 468
104 670
105 351
106 678
107 337
107 469
108 536
108 654
109 265
109 300
110 252
110 316
111 240
111 632
112 234
112 390
113 173
114 621
114 698
115 147
115 448
116 347
116 612
117 519
117 681
118 276
118 536
119 544
120 253
120 476
121 123
121 664
122 272
122 497
124 486
125 354
125 500
126 655
127 168
127 380
128 376
128 396
129 266
130 172
131 145
131 465
132 506
132 555
133 313
133 668
134 247
134 518
135 167
135 640
136 172
136 573
137 311
137 531
138 324
138 602
139 290
140 549
140 614
141 210
141 675
142 315
142 520
143 641
145 598
146 631
147 447
148 398
148 526
149 401
149 499
150 319
150 509
151 389
151 400
152 484
152 656
153 314
153 667
154 423
154 568
155 575
155 617
157 200
157 622
159 578
159 633
161 203
161 328
162 457
162 472
163 301
164 385
165 379
165 585
166 258
168 436
169 625
170 384
170 539
171 180
171 459
173 231
174 345
174 624
175 666
175 673
176 477
177 248
177 683
178 626
178 687
179 338
179 475
180 431
181 358
181 389
182 460
183 545
183 585
184 238
184 327
185 209
185 474
186 534
187 540
187 673
188 634
188 637
189 608
189 691
190 453
190 636
191 571
191 670
192 642
193 264
193 638
194 252
194 558
195 543
195 680
196 214
196 388
197 333
198 566
199 278
199 399
201 358
201 686
202 504
202 606
203 430
204 513
205 332
205 406
206 394
206 458
207 471
208 419
208 506
209 610
210 432
211 554
211 562
212 401
212 515
213 228
213 680
214 639
215 222
215 381
216 306
216 561
217 273
217 568
218 380
218 523
219 382
219 689
220 572
220 649
221 547
221 659
222 573
223 620
223 638
224 461
225 226
225 476
226 357
227 367
227 434
229 524
229 609
230 344
230 554
231 487
233 582
235 546
235 641
236 364
237 408
237 550
238 374
239 511
239 534
240 446
241 592
242 473
242 537
243 480
243 697
244 490
244 681
245 305
246 607
246 630
247 344
248 326
249 556
249 657
250 544
250 613
251 366
253 479
254 267
254 351
255 661
255 663
256 376
257 462
258 330
259 350
259 448
260 368
261 304
261 309
262 284
262 643
263 584
263 603
264 514
265 314
266 625
268 679
269 428
269 599
270 640
270 666
271 282
271 620
273 677
274 462
274 563
275 412
275 433
276 461
277 289
277 323
278 508
279 328
280 521
280 691
281 362
281 597
282 438
283 428
283 600
284 444
285 529
287 504
287 659
288 375
288 440
290 441
291 524
291 567
292 674
293 496
293 610
294 372
294 548
295 501
295 559
296 422
297 505
298 312
298 604
299 350
300 494
301 601
302 393
302 597
303 329
303 550
304 639
305 369
306 407
308 513
308 586
310 598
311 600
312 416
315 359
316 602
317 373
317 451
318 533
318 671
319 352
320 571
320 618
321 413
321 470
322 417
322 452
323 623
324 657
325 632
325 684
326 692
327 530
329 491
331 615
331 698
332 416
333 339
334 522
334 525
337 356
338 527
339 387
340 552
340 596
341 582
342 361
342 489
343 608
343 678
345 357
346 442
346 587
347 356
348 398
348 421
349 578
352 595
353 532
354 560
355 525
359 614
360 541
361 619
362 451
363 403
363 540
365 596
366 551
367 505
368 672
369 565
370 490
371 420
371 466
372 495
373 669
374 483
375 542
377 690
378 404
378 541
379 415
383 633
384 501
386 463
386 694
387 635
391 480
391 629
392 486
392 646
395 415
396 431
397 685
400 427
402 464
402 516
403 522
404 426
405 564
405 605
406 652
407 594
408 424
410 470
410 652
411 624
412 425
414 617
414 693
418 543
418 574
419 508
420 517
422 667
423 507
424 650
425 503
426 473
427 606
429 436
429 696
433 648
434 515
435 562
437 575
437 604
438 626
439 651
440 581
441 527
443 545
443 665
444 498
445 561
449 564
449 594
450 463
452 468
453 662
454 577
454 699
455 489
455 628
456 559
456 584
457 563
458 646
459 487
464 518
465 645
466 591
467 481
467 570
469 658
471 484
472 684
475 631
477 523
478 555
478 642
479 532
482 615
483 526
485 538
485 583
488 685
491 601
493 498
494 682
495 574
496 609
502 622
502 660
503 611
511 653
512 572
514 689
516 539
517 590
521 611
528 627
528 672
531 674
533 612
535 656
535 677
537 547
538 675
548 586
549 590
551 695
553 628
556 697
557 682
565 621
566 576
569 668
570 591
576 676
577 658
579 595
579 637
581 664
593 613
593 651
603 643
607 636
619 663
629 699
634 647
644 661
648 687
650 653
654 669
700 683
701 623
-1 -1
71.53
