1
0 350
0 687
1 119
1 242
2 298
2 555
3 291
3 295
4 188
4 325
5 55
5 433
6 183
6 571
7 559
7 579
8 97
8 390
9 219
9 618
10 36
10 568
11 76
11 375
12 21
12 363
13 126
13 345
14 405
14 582
15 429
15 516
16 49
16 554
17 179
17 653
18 369
18 479
19 136
19 521
20 174
20 384
21 69
22 66
22 73
23 284
23 346
24 94
24 601
25 217
25 528
26 44
26 499
27 161
27 533
28 43
28 615
29 216
29 600
30 37
30 365
31 76
31 610
32 155
32 687
33 74
33 443
34 477
34 589
35 62
35 612
36 103
37 104
38 192
38 554
39 168
39 507
40 313
40 373
41 226
41 537
42 69
42 468
43 56
44 650
45 404
45 588
46 196
46 611
47 135
47 587
48 106
48 465
49 464
50 177
50 418
51 80
51 143
52 107
52 684
53 483
53 670
54 374
54 443
55 377
56 561
57 298
57 313
58 368
58 402
59 60
59 362
60 406
61 299
61 535
62 609
63 155
63 294
64 79
64 102
65 425
65 693
66 615
67 181
67 215
68 197
68 227
70 361
70 382
71 168
71 392
72 160
72 396
73 461
74 117
75 566
75 578
77 93
77 694
78 81
78 541
79 672
80 128
81 230
82 99
82 638
83 333
83 640
84 423
84 571
85 388
85 506
86 108
86 371
87 337
87 424
88 238
88 325
89 401
89 495
90 395
90 569
91 297
91 581
92 609
92 649
93 525
94 617
95 118
95 637
96 101
96 293
97 112
98 277
98 283
99 136
100 189
100 558
101 411
102 478
103 258
104 519
105 137
105 303
106 455
107 503
108 560
109 276
109 597
110 260
110 544
111 376
111 453
112 516
113 449
113 526
114 456
114 605
115 311
115 634
116 273
116 316
117 139
118 673
119 406
120 614
120 680
121 203
121 287
122 134
122 317
123 497
123 513
124 125
124 149
125 698
126 339
127 280
127 495
128 675
129 448
129 453
130 438
130 530
131 152
131 289
132 444
132 633
133 212
133 262
134 266
135 666
137 270
138 366
138 596
139 187
140 512
140 682
141 566
142 315
142 327
143 549
144 476
144 586
145 219
145 290
146 197
146 522
147 407
147 672
148 151
148 663
149 480
150 378
150 671
151 358
152 441
153 373
153 637
154 680
154 698
156 181
156 602
157 255
157 436
158 386
158 632
159 577
159 689
160 340
161 630
162 426
162 556
163 367
163 397
164 330
164 341
165 254
165 513
166 539
166 591
167 543
167 635
169 204
169 659
170 420
170 509
171 331
171 472
172 501
172 584
173 216
173 274
174 319
175 382
175 646
176 305
176 509
177 475
178 286
178 460
179 359
180 638
180 658
182 292
182 314
183 396
184 227
184 488
185 338
185 387
186 274
186 403
187 550
188 488
189 379
190 195
190 264
191 343
191 473
192 440
193 343
193 686
194 238
194 323
195 210
196 517
198 515
198 530
199 334
199 677
200 286
200 447
201 237
201 563
202 580
202 587
203 369
204 603
205 364
205 461
206 458
206 576
207 350
207 623
208 647
208 699
209 501
209 582
210 695
211 451
211 621
212 250
213 257
213 519
214 229
214 636
215 683
217 358
218 409
218 645
220 392
220 398
221 394
221 616
222 235
222 691
223 414
223 553
224 288
224 468
225 251
225 497
226 247
228 546
228 583
229 386
230 442
231 471
231 607
232 315
232 481
233 606
233 679
234 348
234 532
235 346
236 380
236 545
237 431
239 437
239 564
240 553
240 584
241 246
241 311
242 423
243 466
243 467
244 335
244 649
245 309
245 410
246 534
247 307
248 301
248 371
249 362
249 533
250 528
251 260
252 580
252 685
253 318
253 336
254 256
255 537
256 283
257 626
258 291
259 463
259 552
261 344
261 484
262 634
263 287
263 288
264 271
265 357
265 573
266 478
267 435
267 514
268 467
268 639
269 384
269 496
270 393
271 383
272 422
272 465
273 359
275 534
275 620
276 661
277 328
278 543
278 699
279 449
279 646
280 575
281 416
281 677
282 385
282 531
284 387
285 301
285 547
289 300
290 352
292 655
293 312
294 378
295 693
296 310
296 394
297 644
299 603
300 312
302 391
302 422
303 536
304 686
304 688
305 596
306 357
306 393
307 471
308 372
308 697
309 678
310 573
314 567
316 446
317 624
318 355
320 435
320 442
321 445
321 504
322 331
322 520
323 590
324 594
324 613
326 348
326 548
327 616
328 414
329 542
329 599
330 494
332 441
332 506
333 662
334 557
335 351
336 521
337 550
338 376
339 623
340 518
341 676
342 562
342 625
344 599
345 663
347 356
347 413
349 432
349 507
351 524
352 434
353 412
353 462
354 427
354 463
355 670
356 380
360 403
360 570
361 426
363 669
364 535
365 412
366 589
367 664
368 462
370 430
370 612
372 660
374 696
375 404
377 667
379 531
381 656
381 681
383 500
385 594
388 681
389 428
389 592
390 398
391 498
395 629
397 450
399 522
399 656
400 505
400 668
401 445
402 578
405 545
407 480
408 511
408 619
409 486
410 635
411 645
413 536
415 428
415 583
416 434
417 479
417 577
418 452
419 429
419 567
420 491
421 647
421 675
424 642
425 639
427 562
430 446
431 515
432 595
433 520
436 482
437 454
438 658
439 606
439 644
440 493
444 525
447 540
448 496
450 662
451 608
452 490
454 665
455 548
456 611
457 629
457 692
458 628
459 542
459 643
460 679
464 517
466 551
469 570
469 667
470 605
470 651
472 621
473 492
474 653
474 683
475 527
476 574
477 688
481 613
482 643
483 648
484 540
485 487
485 674
486 489
487 494
489 593
490 655
491 544
492 581
493 657
498 586
499 574
500 598
502 505
502 512
503 619
504 572
508 559
508 561
510 608
510 625
511 665
514 628
518 674
523 604
523 660
524 652
526 595
527 620
529 650
529 691
532 690
538 539
538 572
541 592
546 602
547 641
549 565
551 695
552 657
555 697
556 641
557 694
558 600
560 692
563 593
564 627
565 617
568 654
569 661
575 689
576 622
579 696
585 622
585 666
588 664
590 678
591 673
597 627
598 601
604 682
607 668
610 630
614 626
618 636
624 648
631 632
631 640
633 659
642 671
651 652
654 669
676 685
684 690
700 141
701 319
-1 -1
99.2459
