1
0 197
0 522
1 193
1 515
2 502
2 511
3 36
3 514
4 35
4 483
5 404
5 508
6 68
6 565
7 105
7 301
8 46
8 167
9 235
9 562
10 29
10 604
11 347
11 523
12 296
12 632
13 277
13 329
14 100
14 154
15 513
15 516
16 282
16 459
17 88
17 196
18 166
18 547
19 156
19 318
20 23
20 295
21 461
21 659
22 84
22 176
23 579
24 485
24 492
25 157
25 391
26 609
26 624
27 144
27 217
28 495
28 616
29 60
30 302
30 494
31 252
31 611
32 397
32 580
33 396
33 423
34 95
34 625
35 530
36 333
37 49
37 132
38 192
38 304
39 122
39 525
40 381
40 387
41 96
41 545
42 71
42 453
43 257
43 270
44 73
44 236
45 578
45 688
46 567
47 151
47 469
48 306
48 557
49 383
50 114
50 288
51 371
51 378
52 161
52 287
53 248
53 574
54 350
54 623
55 152
55 448
56 117
56 401
57 149
57 377
58 254
58 531
59 424
59 635
60 451
61 620
61 660
62 322
62 487
63 419
63 584
64 130
64 538
65 314
65 399
66 503
66 631
67 182
67 283
68 216
69 281
69 672
70 295
70 413
71 315
72 507
72 597
73 294
74 171
74 608
75 329
75 611
76 285
76 331
77 502
77 635
78 211
78 508
79 134
79 525
80 381
80 636
81 306
81 653
82 85
82 553
83 269
83 497
84 356
85 483
86 504
86 686
87 312
87 578
88 670
89 253
89 538
90 357
90 671
91 414
91 610
92 116
92 556
93 160
93 373
94 336
94 579
95 161
96 399
97 506
97 634
98 409
98 531
99 139
99 620
100 482
101 290
101 298
102 402
102 597
103 564
103 608
104 197
104 599
105 408
106 234
106 428
107 337
107 352
108 261
108 435
109 186
109 244
110 374
110 468
111 308
111 348
112 400
112 646
113 417
113 695
114 351
115 230
115 388
116 692
117 258
118 156
118 191
119 149
119 520
120 121
120 637
121 168
122 361
123 188
123 551
124 285
124 541
125 271
125 591
126 443
126 475
127 521
127 560
128 246
128 602
129 452
129 638
130 476
131 586
131 684
132 344
133 331
133 610
134 363
135 243
135 552
136 375
136 529
137 480
137 693
138 314
138 564
139 169
140 193
140 485
141 179
141 278
142 447
142 456
143 532
143 588
144 334
145 249
145 387
146 358
146 511
147 174
147 577
148 267
148 633
150 208
150 646
151 622
152 326
153 190
153 221
154 639
155 613
155 666
157 586
158 463
158 464
159 311
159 419
160 375
162 449
162 640
163 343
163 433
164 256
164 454
165 178
165 445
166 192
167 266
168 509
169 477
170 379
170 569
171 580
172 231
172 280
173 557
173 658
174 398
175 281
175 655
176 450
177 270
178 614
179 250
180 279
180 466
181 473
181 526
182 428
183 242
183 549
184 455
184 475
185 196
185 363
186 191
187 255
187 543
188 310
189 542
189 583
190 628
194 286
194 664
195 307
195 592
198 474
198 697
199 328
199 543
200 438
200 552
201 262
201 467
202 368
202 410
203 313
203 341
204 218
204 690
205 223
205 548
206 239
206 562
207 316
207 657
208 471
209 248
209 353
210 274
210 665
211 297
212 233
212 643
213 366
213 407
214 327
214 430
215 554
215 651
216 348
217 648
218 385
219 367
219 584
220 319
220 546
221 465
222 451
222 622
223 596
224 288
224 560
225 426
225 660
226 640
226 658
227 395
227 683
228 626
228 653
229 632
229 649
230 341
231 463
232 499
232 501
233 300
234 666
235 594
236 453
237 279
237 326
238 493
238 621
239 581
240 335
240 582
241 643
241 649
242 656
243 340
244 312
245 276
245 571
246 308
247 325
247 698
249 394
250 652
251 478
251 533
252 587
253 669
254 364
255 365
256 555
257 691
258 371
259 344
259 355
260 407
260 694
261 566
262 349
263 442
263 459
264 573
264 641
265 323
265 575
266 416
267 379
268 390
268 617
269 334
271 340
272 372
272 598
273 282
273 614
274 343
275 436
275 527
276 297
277 498
278 319
280 398
283 533
284 536
284 542
286 680
287 627
289 474
289 685
290 516
291 539
291 547
292 380
292 566
293 494
293 495
294 392
296 662
298 446
299 382
299 439
300 559
301 581
302 603
303 408
303 524
304 466
305 332
305 644
307 612
309 318
309 441
310 490
311 505
313 315
316 431
317 393
317 650
320 595
320 696
321 524
321 601
322 626
323 609
324 488
324 544
325 575
327 346
328 500
330 465
330 634
332 472
333 654
335 685
336 347
337 561
338 405
338 440
339 641
339 645
342 353
342 437
345 443
345 520
346 359
349 441
350 659
351 425
352 481
354 499
354 676
355 526
356 528
357 548
358 376
359 418
360 400
360 677
361 384
362 589
362 665
364 489
365 410
366 598
367 559
368 464
369 477
369 645
370 577
370 615
372 693
373 605
374 606
376 618
377 402
378 396
380 585
382 680
383 409
384 636
385 484
386 403
386 574
388 695
389 448
389 510
390 561
391 501
392 447
393 446
394 545
395 667
397 434
401 590
403 679
404 642
405 432
406 591
406 657
411 458
411 470
412 512
412 539
413 507
414 601
415 425
415 661
417 681
418 532
420 490
420 678
421 479
421 686
422 473
422 550
423 544
424 664
426 489
427 576
427 589
429 604
429 644
430 677
431 506
432 558
433 679
434 563
435 618
436 594
437 484
438 476
439 496
440 652
442 687
444 655
444 682
445 674
449 565
450 460
452 513
454 697
455 576
456 599
457 534
457 668
458 617
460 675
461 510
462 467
462 671
468 607
469 587
470 629
471 682
472 593
478 648
479 607
480 615
481 663
482 688
486 537
486 687
487 624
488 673
491 509
491 518
492 556
493 631
496 605
497 612
498 670
500 642
503 553
504 629
505 630
512 540
514 689
515 656
517 518
517 569
519 530
519 690
521 567
522 535
523 619
527 606
528 550
529 691
534 663
535 647
536 630
537 627
540 689
541 633
546 692
549 568
551 616
554 613
555 672
558 683
563 647
568 681
570 600
570 621
571 669
572 585
572 592
573 662
582 590
583 625
588 661
593 623
595 694
596 600
602 667
603 651
619 628
637 639
638 674
650 678
654 684
668 675
673 698
676 699
696 699
700 416
701 177
-1 -1
105.822
