1
0 95
0 540
1 22
1 552
2 82
2 150
3 115
3 537
4 476
4 515
5 259
5 536
6 628
6 656
7 319
7 542
8 14
8 21
9 127
9 253
10 184
10 449
11 71
11 473
12 74
12 498
13 100
13 284
14 682
15 123
15 477
16 375
16 414
17 41
17 620
18 249
18 592
19 408
19 411
20 254
20 441
21 209
22 630
23 172
23 328
24 112
24 250
25 58
25 649
26 194
26 291
27 324
27 437
28 195
28 453
29 164
29 691
30 90
30 321
31 208
31 397
32 137
32 379
33 480
33 640
34 102
34 230
35 621
35 698
36 158
36 646
37 525
37 573
38 191
38 399
39 102
39 687
40 116
40 118
41 550
42 78
42 443
43 63
43 568
44 130
44 135
45 67
45 566
46 137
46 358
47 257
47 358
48 428
48 603
49 395
49 402
50 311
50 421
51 645
51 689
52 482
52 648
53 385
53 502
54 488
54 605
55 96
55 260
56 572
56 617
57 206
57 562
58 163
59 173
59 680
60 350
60 510
61 308
61 574
62 518
62 659
63 121
64 217
64 267
65 108
65 380
66 85
66 152
67 595
68 422
68 472
69 117
69 279
70 236
70 665
71 530
72 177
72 220
73 388
73 692
74 301
75 105
75 650
76 254
76 638
77 189
77 508
78 268
79 101
79 114
80 616
80 649
81 89
81 196
82 668
83 487
83 627
84 190
84 586
85 235
86 367
86 677
87 270
87 345
88 359
88 559
89 113
90 629
91 217
91 327
92 347
92 465
93 98
93 103
94 330
94 607
95 457
96 288
97 326
97 524
98 499
99 400
99 406
100 587
101 556
103 496
104 561
104 669
105 161
106 302
106 368
107 493
107 529
108 434
109 415
109 670
110 425
110 518
111 246
111 306
112 337
113 309
114 535
115 331
116 667
117 294
118 519
119 396
119 665
120 151
120 329
121 639
122 212
122 303
123 596
124 620
124 648
125 156
125 427
126 221
126 257
127 617
128 411
128 580
129 351
129 389
130 622
131 349
131 685
132 552
132 662
133 342
133 439
134 597
134 671
135 150
136 373
136 423
138 203
138 251
139 351
139 600
140 290
140 557
141 172
141 533
142 281
142 564
143 368
143 693
144 341
144 691
145 506
145 624
146 149
146 537
147 194
147 436
148 558
148 565
149 513
151 165
152 683
153 285
153 421
154 611
154 635
155 256
155 583
156 532
157 185
157 300
158 278
159 286
159 504
160 371
160 519
161 310
162 597
162 618
163 297
164 292
165 263
166 352
166 429
167 432
167 493
168 200
168 420
169 339
169 407
170 266
170 440
171 232
171 690
173 223
174 396
174 678
175 296
175 334
176 251
176 269
177 547
178 361
178 452
179 377
179 543
180 456
180 520
181 479
181 489
182 460
182 533
183 468
183 511
184 199
185 445
186 480
186 569
187 553
187 608
188 344
188 551
189 660
190 263
191 376
192 271
192 595
193 500
193 623
195 239
196 292
197 307
197 357
198 371
198 672
199 676
200 346
201 667
201 673
202 220
202 461
203 681
204 658
204 698
205 229
205 364
206 654
207 416
207 660
208 360
209 637
210 387
210 686
211 289
211 347
212 578
213 247
213 511
214 521
214 530
215 268
215 570
216 305
216 605
218 454
218 647
219 228
219 363
221 598
222 330
222 398
223 547
224 466
224 583
225 299
225 402
226 232
226 675
227 313
227 393
228 313
229 525
230 469
231 301
231 613
233 243
233 673
234 287
234 614
235 444
236 444
237 567
237 627
238 465
238 592
239 405
240 593
240 623
241 505
241 531
242 332
242 539
243 606
244 427
244 571
245 332
245 492
246 694
247 271
248 468
248 610
249 618
250 563
252 683
252 695
253 324
255 414
255 534
256 458
258 272
258 566
259 397
260 576
261 467
261 527
262 548
262 634
264 498
264 646
265 294
265 424
266 585
267 282
269 642
270 675
272 354
273 286
273 455
274 541
274 612
275 504
275 543
276 382
276 470
277 348
277 524
278 425
279 639
280 581
280 591
281 362
282 580
283 372
283 401
284 641
285 657
287 316
288 314
289 625
290 391
291 604
293 383
293 601
295 442
295 574
296 315
297 553
298 588
298 616
299 689
300 448
302 598
303 555
304 432
304 634
305 495
307 370
308 615
309 326
310 453
311 590
312 336
312 426
314 619
315 499
316 554
317 334
317 345
318 355
318 429
319 687
320 383
320 484
321 343
322 482
322 631
323 357
323 562
325 430
325 500
327 474
328 486
329 693
331 363
333 467
333 542
335 454
335 655
336 370
337 651
338 398
338 604
339 433
340 437
340 631
341 475
342 446
343 502
344 549
346 643
348 389
349 369
350 512
352 446
353 430
353 514
354 494
355 489
356 433
356 607
359 669
360 464
361 591
362 526
364 557
365 435
365 572
366 544
366 654
367 412
369 487
372 415
373 388
374 549
374 653
375 584
376 485
377 538
378 474
378 578
379 528
380 457
381 632
381 666
382 513
384 473
384 575
385 551
386 395
386 505
387 674
390 517
390 632
391 644
392 573
392 658
393 577
394 589
394 688
399 661
400 471
401 510
403 570
403 636
404 417
404 655
405 546
406 424
407 668
408 677
409 520
409 555
410 440
410 507
412 633
413 447
413 556
416 561
417 529
418 501
418 584
419 462
419 491
420 503
422 680
423 545
426 548
428 455
431 479
431 674
434 637
435 571
436 527
438 528
438 608
439 517
441 458
442 609
443 594
445 684
447 650
448 539
449 451
450 545
450 666
451 491
452 560
456 522
459 490
459 560
460 644
461 676
462 590
463 469
463 612
464 509
466 610
470 638
471 497
472 496
475 629
476 626
477 679
478 582
478 636
481 509
481 609
483 594
483 622
484 699
485 558
486 619
488 497
490 563
492 694
494 579
495 652
501 535
503 671
506 596
507 657
508 695
512 621
514 663
515 690
516 538
516 664
521 615
522 550
523 531
523 679
526 662
532 541
534 656
536 601
540 586
544 661
546 626
554 681
559 599
564 696
565 600
567 697
568 672
569 589
575 582
576 640
577 585
579 625
581 663
587 593
588 603
599 659
602 628
602 699
606 653
611 670
613 630
614 678
624 641
633 692
635 652
642 643
645 686
647 651
664 696
682 685
684 697
700 306
701 688
-1 -1
261.764
