1
0 145
0 155
1 118
1 95
2 71
2 59
3 6
3 53
4 53
4 125
5 192
5 52
6 104
7 131
7 141
8 114
8 115
9 107
9 173
10 84
10 165
11 97
11 136
12 105
12 188
13 193
13 105
14 154
14 189
15 116
15 54
16 98
16 73
17 190
17 79
18 88
18 90
19 54
19 152
20 148
20 23
21 41
21 151
22 67
22 90
23 44
24 144
24 112
25 171
25 126
26 61
26 95
27 164
27 133
28 97
28 121
29 61
29 189
30 102
30 63
31 82
31 92
32 34
32 161
33 116
33 180
34 172
35 80
35 111
36 50
36 92
37 56
37 157
38 42
38 183
39 45
39 58
40 128
40 182
41 101
42 178
43 199
44 113
45 76
46 75
46 183
47 170
47 88
48 163
48 134
49 106
49 82
50 99
51 129
51 161
52 160
55 135
55 79
56 66
57 138
57 91
58 111
59 74
60 120
60 68
62 148
62 85
63 187
64 177
64 151
65 66
65 184
67 171
68 133
69 147
69 130
70 129
71 119
72 96
72 130
73 113
74 115
75 181
76 140
77 135
77 186
78 181
78 172
80 158
81 139
81 127
83 185
83 156
84 152
85 165
86 145
86 153
87 167
87 120
89 114
89 158
91 159
93 196
93 154
94 100
94 159
96 179
98 155
99 169
100 124
101 186
102 132
103 117
103 182
104 176
106 185
107 144
108 192
108 157
109 140
109 174
110 195
110 194
112 142
117 175
118 194
119 126
121 168
122 146
122 170
123 134
123 196
124 190
125 174
127 164
128 156
131 167
132 169
136 149
137 147
137 187
138 175
139 188
141 143
142 149
143 177
146 198
150 160
150 199
153 198
162 193
162 197
163 197
166 176
166 191
168 191
173 179
178 195
180 184
200 43
201 70
-1 -1
0.066263
