1
0 8
0 193
1 119
1 477
2 171
2 258
3 575
3 652
4 548
4 350
5 662
5 234
6 72
6 179
7 33
7 579
8 523
9 617
9 481
10 560
10 68
11 60
11 120
12 274
12 567
13 302
13 443
14 618
14 651
15 129
15 261
16 143
16 227
17 162
17 649
18 624
18 503
19 294
19 386
20 683
20 508
21 518
21 503
22 54
22 276
23 60
23 364
24 660
24 499
25 83
25 699
26 253
26 352
27 439
27 471
28 609
28 500
29 89
29 671
30 288
30 363
31 263
31 644
32 121
32 263
33 372
34 662
34 301
35 434
35 450
36 287
36 511
37 225
37 342
38 673
38 345
39 602
39 423
40 259
40 331
41 266
41 695
42 638
42 699
43 517
43 421
44 698
44 502
45 456
45 492
46 692
46 390
47 645
47 158
48 333
48 504
49 641
49 661
50 83
50 104
51 236
51 302
52 69
52 71
53 189
53 278
54 370
55 131
55 362
56 78
56 370
57 530
57 650
58 242
58 346
59 542
59 550
61 88
61 350
62 170
62 297
63 519
63 315
64 236
64 458
65 230
65 371
66 550
66 570
67 561
67 413
68 157
69 200
70 563
70 442
71 148
72 667
73 262
73 298
74 320
74 369
75 97
75 306
76 104
76 119
77 270
77 442
78 202
79 373
79 481
80 86
80 620
81 92
81 631
82 167
82 209
84 576
84 620
85 327
85 592
86 280
87 669
87 195
88 175
89 308
90 164
90 376
91 100
91 273
92 286
93 255
93 298
94 674
94 488
95 611
95 101
96 666
96 506
97 659
98 569
98 395
99 585
99 381
100 325
101 652
102 126
102 398
103 412
103 464
105 330
105 486
106 250
106 576
107 574
107 599
108 110
108 121
109 173
109 360
110 257
111 530
111 128
112 437
112 450
113 680
113 326
114 217
114 334
115 322
115 374
116 118
116 187
117 318
117 149
118 675
120 194
122 212
122 433
123 207
123 505
124 246
124 314
125 689
125 668
126 396
127 180
127 303
128 334
129 435
130 542
130 647
131 589
132 692
132 375
133 290
133 413
134 626
134 493
135 212
135 240
136 628
136 248
137 621
137 641
138 246
138 678
139 578
139 447
140 640
140 259
141 640
141 301
142 144
142 345
143 690
144 332
145 174
145 268
146 586
146 166
147 155
147 422
148 655
149 367
150 673
150 392
151 552
151 379
152 160
152 445
153 593
153 687
154 296
154 368
155 165
156 531
156 633
157 578
158 549
159 521
159 674
160 577
161 557
161 288
162 537
163 604
163 390
164 501
165 461
166 228
167 440
168 267
168 411
169 235
169 682
170 612
171 367
172 693
172 487
173 648
174 629
175 569
176 684
176 396
177 296
177 475
178 529
178 540
179 625
180 218
181 363
181 419
182 477
182 497
183 678
183 368
184 546
184 208
185 535
185 589
186 281
186 571
187 509
188 658
188 248
189 459
190 631
190 254
191 548
191 293
192 355
192 672
193 264
194 249
195 309
196 213
196 376
197 234
197 414
198 540
198 501
199 545
199 561
200 520
201 622
202 594
203 583
203 494
204 241
204 341
205 647
205 361
206 257
206 580
207 401
208 479
209 233
210 532
210 467
211 353
211 431
213 643
214 694
214 472
215 260
215 414
216 573
216 547
217 582
218 291
219 392
219 410
220 698
220 496
221 691
221 357
222 408
222 473
223 572
223 609
224 654
224 422
225 441
226 462
226 500
227 507
228 470
229 688
229 480
230 326
231 361
231 489
232 535
232 686
233 362
235 558
237 560
237 475
238 577
238 504
239 331
239 424
240 251
241 476
242 378
243 366
243 383
244 615
244 284
245 650
245 462
247 598
247 457
249 691
250 418
251 655
252 403
252 499
253 541
254 431
255 299
256 693
256 320
258 629
260 685
261 400
262 646
264 564
265 389
265 411
266 317
267 377
268 332
269 354
269 426
270 564
271 697
271 404
272 287
272 389
273 573
274 435
275 512
275 679
276 483
277 563
278 489
279 616
279 495
280 476
281 637
282 434
282 452
283 315
283 380
284 518
285 566
285 485
286 679
289 639
289 490
290 619
291 468
292 688
292 337
293 386
294 387
295 553
295 478
297 543
299 446
300 603
300 433
303 597
304 405
304 439
305 330
305 444
306 335
307 404
307 484
308 418
309 687
310 427
310 496
311 359
311 407
312 469
312 480
313 347
313 511
314 380
316 325
316 588
317 420
318 438
319 644
319 471
321 648
321 410
322 430
323 596
323 327
324 628
324 493
328 677
328 416
329 520
329 472
333 485
335 639
336 665
336 543
337 645
338 681
338 372
339 643
339 656
340 385
340 417
341 526
342 627
343 526
343 610
344 358
344 498
346 457
347 567
348 605
348 670
349 553
349 633
351 524
351 454
352 358
353 519
354 661
355 686
356 571
356 465
357 582
359 622
360 604
364 634
365 594
365 377
366 558
369 483
371 651
373 497
374 451
375 581
378 391
379 697
381 448
382 669
382 474
383 601
384 544
384 401
385 528
387 459
388 544
388 402
391 618
393 623
393 536
394 600
394 616
395 400
397 653
397 399
398 447
399 607
402 461
403 539
405 456
406 438
406 453
407 681
408 613
409 660
409 412
415 685
415 478
416 428
417 508
419 426
420 584
421 448
423 516
424 591
425 443
425 460
427 428
429 602
429 646
430 458
432 527
432 532
436 455
436 507
437 546
440 656
441 614
444 491
445 451
446 615
449 514
449 523
452 607
453 676
454 668
455 606
460 551
463 634
463 494
464 657
465 598
466 566
466 586
467 482
468 596
469 605
470 562
473 474
479 590
482 606
484 635
486 584
487 592
488 547
490 554
491 498
492 568
495 591
502 538
505 588
506 632
509 522
510 565
510 608
512 670
513 522
513 649
514 559
515 534
515 667
516 657
517 524
521 556
525 694
525 683
527 659
528 568
529 539
531 614
533 696
533 612
534 682
536 680
537 664
538 549
541 585
545 597
551 684
552 554
555 559
555 671
556 635
557 630
562 619
565 590
570 599
572 600
574 632
575 625
579 665
580 654
581 690
583 664
587 689
587 696
593 610
595 626
595 695
601 603
608 676
611 658
613 663
617 636
621 642
623 653
624 642
627 630
636 677
637 672
638 675
663 666
700 201
701 277
-1 -1
88.3124
