400 3990
0 3
0 82
0 118
0 119
0 142
0 149
0 160
0 173
0 198
0 240
0 265
0 279
0 284
0 299
0 307
0 329
0 344
0 385
0 394
1 4
1 39
1 51
1 72
1 81
1 102
1 143
1 144
1 148
1 151
1 178
1 180
1 184
1 193
1 211
1 244
1 298
1 330
1 335
1 339
1 361
1 365
1 369
1 380
1 386
2 15
2 33
2 112
2 168
2 267
2 299
2 306
2 307
2 330
2 380
2 386
3 23
3 55
3 61
3 84
3 102
3 110
3 131
3 158
3 181
3 198
3 227
3 234
3 238
3 267
3 270
3 291
3 301
3 307
3 341
3 343
3 354
3 374
4 8
4 20
4 28
4 58
4 135
4 172
4 181
4 203
4 230
4 292
4 294
4 307
4 335
4 371
5 45
5 48
5 74
5 112
5 133
5 136
5 140
5 149
5 156
5 167
5 177
5 210
5 211
5 226
5 234
5 250
5 260
5 289
5 292
5 303
5 305
5 324
5 395
5 398
6 30
6 61
6 105
6 183
6 208
6 241
6 258
6 284
6 307
6 324
6 363
6 371
6 377
7 29
7 105
7 127
7 197
7 198
7 202
7 222
7 242
7 249
7 277
7 337
7 368
7 371
7 372
7 399
8 39
8 53
8 77
8 97
8 137
8 146
8 221
8 230
8 264
8 322
8 343
8 347
8 365
8 374
8 397
8 398
9 67
9 83
9 92
9 94
9 112
9 118
9 135
9 143
9 152
9 170
9 171
9 175
9 219
9 223
9 235
9 252
9 267
9 274
9 278
9 291
9 299
9 307
10 27
10 37
10 45
10 47
10 55
10 57
10 71
10 76
10 94
10 104
10 117
10 172
10 174
10 209
10 211
10 218
10 253
10 290
10 297
10 349
10 377
10 379
11 21
11 53
11 58
11 127
11 134
11 166
11 170
11 184
11 190
11 227
11 264
11 376
11 391
12 13
12 41
12 48
12 55
12 64
12 67
12 160
12 178
12 197
12 229
12 233
12 254
12 256
12 291
12 369
12 395
13 19
13 57
13 86
13 101
13 105
13 140
13 148
13 154
13 169
13 181
13 225
13 246
13 261
13 270
14 29
14 62
14 89
14 120
14 140
14 167
14 178
14 198
14 213
14 240
14 263
14 282
14 320
14 322
14 325
14 355
15 37
15 48
15 65
15 110
15 120
15 124
15 140
15 151
15 183
15 188
15 213
15 271
15 272
15 285
15 294
15 296
15 326
15 329
15 331
15 333
15 341
15 359
15 393
16 17
16 37
16 45
16 63
16 77
16 120
16 134
16 142
16 146
16 193
16 205
16 235
16 264
16 306
16 308
16 331
16 360
16 373
16 377
16 397
16 399
17 29
17 30
17 39
17 65
17 113
17 115
17 127
17 218
17 224
17 231
17 265
17 314
17 321
17 331
17 338
17 341
17 344
17 374
17 391
17 393
18 29
18 36
18 48
18 176
18 201
18 203
18 214
18 238
18 247
18 269
18 284
18 308
18 398
19 34
19 41
19 43
19 45
19 126
19 139
19 153
19 204
19 246
19 248
19 276
19 286
19 292
19 307
19 309
19 317
19 324
19 343
19 392
19 398
20 24
20 43
20 82
20 89
20 90
20 102
20 137
20 179
20 207
20 218
20 235
20 287
20 290
20 337
20 364
20 368
21 74
21 78
21 83
21 99
21 109
21 123
21 127
21 130
21 136
21 141
21 150
21 169
21 201
21 209
21 210
21 222
21 269
21 276
21 288
21 290
21 301
21 322
21 381
21 393
22 56
22 86
22 123
22 127
22 129
22 179
22 181
22 208
22 222
22 245
22 256
22 285
22 291
22 305
22 317
22 350
22 371
22 378
22 380
22 386
22 397
22 398
23 50
23 68
23 73
23 82
23 88
23 90
23 93
23 109
23 125
23 126
23 153
23 181
23 202
23 203
23 261
23 316
23 323
23 336
23 349
24 35
24 47
24 53
24 58
24 80
24 95
24 126
24 168
24 229
24 257
24 260
24 272
24 279
24 288
24 292
24 307
24 310
24 311
24 318
24 343
24 389
24 393
25 58
25 62
25 65
25 74
25 92
25 99
25 111
25 114
25 169
25 200
25 223
25 229
25 236
25 245
25 268
25 290
25 295
25 329
25 361
25 362
25 372
26 36
26 53
26 70
26 107
26 114
26 177
26 178
26 197
26 223
26 226
26 239
26 242
26 254
26 281
26 282
26 297
26 316
26 344
26 353
26 391
26 395
27 32
27 59
27 75
27 81
27 103
27 105
27 124
27 131
27 163
27 206
27 218
27 242
27 278
27 322
27 338
27 342
27 349
27 359
27 366
27 371
27 383
28 56
28 84
28 112
28 119
28 195
28 206
28 211
28 215
28 228
28 274
28 296
28 304
28 336
28 344
28 395
28 396
29 45
29 61
29 101
29 116
29 170
29 184
29 215
29 218
29 256
29 266
29 268
29 299
29 310
29 318
29 322
29 349
29 359
29 377
30 65
30 67
30 95
30 121
30 123
30 126
30 129
30 140
30 155
30 173
30 178
30 185
30 195
30 206
30 236
30 271
30 307
30 335
30 338
30 361
30 366
30 370
30 372
30 396
31 35
31 39
31 50
31 72
31 84
31 99
31 117
31 128
31 156
31 173
31 191
31 207
31 213
31 219
31 242
31 251
31 253
31 321
31 346
31 348
31 355
32 43
32 47
32 66
32 93
32 104
32 107
32 111
32 167
32 172
32 179
32 225
32 236
32 251
32 327
32 329
32 333
32 338
32 346
32 347
32 389
32 394
33 51
33 57
33 60
33 137
33 138
33 166
33 184
33 186
33 200
33 205
33 223
33 236
33 355
33 374
33 378
33 382
33 383
33 392
34 84
34 97
34 113
34 130
34 171
34 189
34 194
34 225
34 239
34 240
34 244
34 262
34 287
34 326
34 339
34 366
34 391
35 37
35 41
35 79
35 84
35 124
35 142
35 160
35 168
35 177
35 198
35 222
35 229
35 251
35 261
35 272
35 307
35 350
35 351
35 384
36 97
36 107
36 150
36 157
36 185
36 210
36 266
36 330
36 345
36 358
36 368
37 44
37 69
37 75
37 79
37 82
37 129
37 141
37 184
37 199
37 205
37 206
37 245
37 367
37 381
37 396
38 70
38 86
38 94
38 96
38 114
38 120
38 123
38 141
38 176
38 182
38 192
38 217
38 219
38 275
38 282
38 288
38 310
38 322
38 352
38 363
38 366
38 382
38 395
39 45
39 56
39 59
39 77
39 91
39 108
39 121
39 126
39 135
39 181
39 186
39 199
39 275
39 283
39 287
39 305
39 318
39 345
39 354
39 365
40 46
40 54
40 60
40 73
40 92
40 127
40 148
40 150
40 194
40 203
40 213
40 224
40 234
40 246
40 315
40 326
40 335
40 343
40 394
41 82
41 99
41 121
41 124
41 133
41 138
41 141
41 162
41 168
41 191
41 230
41 243
41 245
41 260
41 265
41 286
41 320
41 327
41 337
41 361
42 50
42 94
42 108
42 138
42 209
42 216
42 230
42 249
42 263
42 267
42 280
42 291
42 304
42 313
42 353
42 359
42 380
42 389
43 51
43 58
43 77
43 99
43 100
43 139
43 140
43 142
43 148
43 228
43 249
43 260
43 271
43 285
43 288
43 302
43 352
43 367
43 372
43 375
43 379
44 55
44 71
44 179
44 197
44 223
44 320
44 329
44 330
44 345
44 350
44 367
45 73
45 75
45 76
45 102
45 112
45 113
45 122
45 131
45 157
45 210
45 211
45 229
45 242
45 259
45 262
45 281
45 305
45 318
45 336
45 349
45 361
45 369
45 382
45 397
46 76
46 87
46 134
46 155
46 161
46 238
46 240
46 242
46 251
46 252
46 261
46 265
46 272
46 280
46 327
46 373
46 383
46 388
46 392
47 98
47 99
47 104
47 110
47 171
47 181
47 212
47 242
47 253
47 256
47 275
47 279
47 283
47 301
47 340
47 341
47 383
48 56
48 66
48 90
48 110
48 167
48 171
48 183
48 186
48 259
48 276
48 282
48 342
48 394
49 54
49 63
49 74
49 93
49 106
49 151
49 191
49 206
49 211
49 226
49 312
49 343
49 346
49 352
49 353
50 64
50 83
50 103
50 107
50 111
50 146
50 155
50 161
50 184
50 202
50 209
50 231
50 275
50 308
50 337
50 340
50 346
50 373
50 375
51 52
51 106
51 121
51 127
51 139
51 144
51 195
51 199
51 207
51 219
51 291
51 322
51 367
51 395
52 60
52 100
52 132
52 135
52 148
52 161
52 174
52 189
52 316
52 317
52 363
52 373
52 386
52 389
52 399
53 65
53 78
53 100
53 194
53 390
54 58
54 85
54 114
54 116
54 172
54 187
54 193
54 228
54 277
54 279
54 281
54 294
54 300
54 317
54 389
55 67
55 83
55 100
55 103
55 109
55 128
55 157
55 221
55 222
55 224
55 243
55 264
55 271
55 282
55 283
55 317
55 331
55 363
55 375
55 395
56 77
56 111
56 126
56 133
56 170
56 186
56 214
56 258
56 284
56 286
56 321
56 348
56 354
56 388
56 395
56 397
56 399
57 63
57 112
57 120
57 143
57 152
57 200
57 252
57 272
57 293
57 351
57 360
57 381
58 98
58 100
58 101
58 121
58 126
58 129
58 142
58 148
58 149
58 198
58 213
58 272
58 280
58 294
58 300
58 318
58 348
58 357
58 367
58 394
59 75
59 82
59 88
59 125
59 137
59 139
59 167
59 196
59 214
59 215
59 226
59 264
59 266
59 288
59 319
59 347
59 365
60 62
60 83
60 90
60 108
60 119
60 153
60 155
60 173
60 179
60 185
60 196
60 205
60 273
60 363
60 384
60 392
60 398
61 66
61 96
61 97
61 138
61 149
61 175
61 210
61 217
61 225
61 287
61 317
61 332
61 336
61 347
61 353
61 355
62 89
62 187
62 209
62 272
62 281
62 282
62 295
62 312
62 314
62 343
62 351
62 383
62 392
63 65
63 76
63 114
63 118
63 129
63 141
63 341
63 366
63 378
63 391
64 76
64 111
64 176
64 185
64 224
64 237
64 240
64 256
64 280
64 298
64 318
64 357
65 73
65 78
65 94
65 134
65 168
65 218
65 229
65 260
65 287
65 288
65 296
65 314
65 323
66 85
66 94
66 134
66 193
66 194
66 215
66 217
66 220
66 226
66 237
66 261
66 291
66 319
66 343
66 349
66 380
66 386
67 89
67 119
67 154
67 182
67 185
67 192
67 196
67 225
67 234
67 239
67 264
67 273
67 325
67 362
67 384
68 85
68 93
68 94
68 107
68 112
68 152
68 195
68 228
68 247
68 271
68 278
68 307
68 355
68 367
69 84
69 128
69 130
69 131
69 143
69 155
69 163
69 172
69 177
69 183
69 184
69 203
69 244
69 249
69 261
69 263
69 283
69 289
69 318
69 322
69 372
69 388
69 390
69 395
70 74
70 83
70 131
70 164
70 184
70 243
70 288
70 297
70 316
70 334
70 355
70 380
70 389
70 396
71 121
71 146
71 164
71 172
71 176
71 196
71 200
71 209
71 241
71 279
71 286
71 331
71 338
72 74
72 90
72 97
72 124
72 128
72 137
72 138
72 142
72 170
72 178
72 188
72 193
72 254
72 263
72 268
72 282
72 296
72 317
72 324
73 79
73 82
73 121
73 135
73 140
73 158
73 173
73 209
73 214
73 231
73 238
73 246
73 248
73 263
73 279
73 295
73 306
73 315
73 338
73 340
73 347
73 376
73 386
73 394
74 100
74 108
74 109
74 137
74 141
74 171
74 198
74 229
74 236
74 238
74 243
74 244
74 245
74 267
74 294
74 298
74 334
74 347
74 379
75 112
75 129
75 145
75 167
75 183
75 187
75 192
75 343
75 362
76 106
76 119
76 149
76 174
76 189
76 190
76 192
76 193
76 201
76 219
76 270
76 293
76 309
76 331
76 355
77 103
77 117
77 125
77 177
77 191
77 211
77 224
77 236
77 245
77 330
77 384
77 386
78 88
78 115
78 124
78 129
78 160
78 184
78 208
78 240
78 245
78 248
78 259
78 312
78 345
78 352
78 356
78 372
78 373
79 87
79 92
79 124
79 139
79 151
79 153
79 167
79 171
79 191
79 193
79 194
79 226
79 238
79 285
79 291
79 298
79 314
79 323
79 358
79 393
80 103
80 122
80 229
80 256
80 263
80 264
80 265
80 270
80 271
80 309
80 329
80 352
80 374
80 376
81 103
81 106
81 109
81 111
81 128
81 132
81 135
81 169
81 173
81 174
81 202
81 262
81 267
81 280
81 293
81 302
81 385
81 393
82 124
82 126
82 149
82 178
82 185
82 194
82 201
82 230
82 234
82 273
82 282
82 301
82 338
82 351
82 376
83 126
83 164
83 168
83 174
83 175
83 193
83 195
83 244
83 248
83 255
83 300
83 353
83 360
83 383
84 85
84 88
84 100
84 125
84 180
84 188
84 278
84 307
84 320
84 325
84 363
84 391
85 91
85 110
85 138
85 158
85 180
85 185
85 211
85 231
85 245
85 258
85 273
85 290
85 294
85 353
85 370
85 371
86 89
86 104
86 127
86 128
86 141
86 149
86 151
86 176
86 203
86 218
86 243
86 264
86 282
86 294
86 327
86 368
86 373
86 380
86 386
86 399
87 96
87 130
87 148
87 153
87 171
87 195
87 200
87 216
87 243
87 266
87 302
87 315
87 331
87 346
87 385
88 125
88 131
88 168
88 190
88 198
88 203
88 213
88 240
88 260
88 266
88 295
88 320
88 355
88 379
89 96
89 97
89 101
89 108
89 129
89 158
89 174
89 237
89 254
89 261
89 312
89 333
89 344
89 346
90 186
90 241
90 250
90 271
90 273
90 328
90 362
91 93
91 97
91 104
91 109
91 124
91 157
91 162
91 175
91 176
91 185
91 283
91 290
91 311
91 313
91 318
91 358
91 373
91 383
91 399
92 103
92 123
92 147
92 151
92 173
92 198
92 207
92 215
92 263
92 272
92 301
92 335
92 360
93 98
93 121
93 122
93 127
93 203
93 209
93 212
93 214
93 236
93 239
93 248
93 288
93 295
93 315
93 336
93 356
93 363
93 384
94 105
94 106
94 117
94 141
94 157
94 160
94 174
94 254
94 262
94 279
94 288
94 299
94 312
94 319
94 326
94 337
94 353
94 384
95 160
95 182
95 184
95 206
95 268
95 274
95 309
95 316
95 335
95 338
95 359
95 361
95 388
96 101
96 106
96 122
96 136
96 139
96 140
96 186
96 218
96 250
96 360
96 375
96 382
97 102
97 154
97 165
97 173
97 206
97 228
97 264
97 277
97 287
97 292
97 317
97 356
97 378
97 382
98 105
98 113
98 146
98 151
98 182
98 187
98 226
98 242
98 255
98 289
98 327
98 360
98 384
98 395
99 117
99 134
99 150
99 184
99 217
99 222
99 257
99 307
99 310
99 331
99 345
99 364
99 375
99 397
99 398
100 106
100 110
100 164
100 169
100 180
100 196
100 214
100 244
100 255
100 268
100 291
100 310
100 375
100 385
101 104
101 110
101 131
101 181
101 196
101 210
101 215
101 227
101 236
101 280
101 287
101 336
101 357
101 360
101 393
102 117
102 128
102 135
102 211
102 243
102 244
102 248
102 318
102 319
102 349
102 355
103 134
103 161
103 187
103 192
103 205
103 207
103 220
103 244
103 250
103 256
103 258
103 261
103 354
103 383
104 140
104 194
104 202
104 250
104 307
104 327
104 365
104 372
104 385
105 116
105 125
105 165
105 174
105 184
105 202
105 279
105 296
105 326
105 358
105 368
105 374
105 385
106 131
106 142
106 170
106 183
106 217
106 225
106 279
106 287
106 306
106 314
106 370
106 388
107 110
107 133
107 147
107 156
107 157
107 178
107 201
107 225
107 249
107 253
107 271
107 288
107 299
107 335
107 353
108 145
108 171
108 172
108 190
108 203
108 215
108 230
108 234
108 252
108 253
108 256
108 297
108 311
108 326
108 349
108 378
109 129
109 178
109 252
109 295
109 322
109 331
109 344
109 350
109 351
109 367
109 383
109 389
110 113
110 118
110 119
110 133
110 163
110 170
110 184
110 205
110 241
110 333
111 139
111 151
111 170
111 186
111 225
111 227
111 237
111 275
111 287
111 300
111 317
111 362
111 379
111 381
112 155
112 186
112 189
112 210
112 230
112 239
112 247
112 265
112 273
112 278
112 317
112 319
112 330
112 370
113 148
113 164
113 214
113 231
113 245
113 246
113 257
113 258
113 260
113 270
113 298
113 313
113 334
113 362
113 364
113 370
114 122
114 125
114 138
114 157
114 189
114 194
114 219
114 235
114 236
114 247
114 279
114 313
114 328
114 334
114 336
114 384
114 392
114 395
114 399
115 127
115 130
115 185
115 188
115 191
115 198
115 232
115 293
115 298
115 307
115 320
115 333
115 335
115 351
115 366
116 122
116 166
116 212
116 225
116 238
116 240
116 247
116 313
116 329
116 359
116 372
116 373
116 382
116 391
116 396
117 188
117 189
117 190
117 242
117 278
117 303
117 310
117 312
117 359
117 366
117 386
117 391
118 141
118 160
118 185
118 190
118 193
118 197
118 225
118 227
118 262
118 280
118 285
118 296
118 304
118 308
118 320
118 330
118 339
118 353
118 360
118 369
118 388
119 126
119 127
119 155
119 162
119 197
119 206
119 223
119 259
119 267
119 270
119 277
119 287
119 318
119 356
120 174
120 193
120 211
120 302
120 304
120 341
121 133
121 138
121 160
121 229
121 246
121 276
121 316
121 323
121 355
121 388
122 123
122 138
122 146
122 153
122 158
122 162
122 176
122 181
122 182
122 221
122 230
122 239
122 255
122 297
122 306
122 334
122 359
122 368
122 395
123 124
123 125
123 160
123 171
123 204
123 205
123 216
123 247
123 256
123 278
123 294
123 300
123 317
123 359
123 371
124 153
124 179
124 204
124 230
124 306
124 325
124 348
124 364
124 380
124 382
124 389
125 145
125 157
125 165
125 191
125 228
125 240
125 246
125 248
125 264
125 270
125 334
125 338
125 355
125 372
126 131
126 159
126 160
126 180
126 183
126 208
126 273
126 276
126 295
126 300
126 308
126 316
126 326
127 139
127 205
127 241
127 262
127 277
127 289
127 294
127 318
127 319
127 321
127 327
127 335
127 369
127 378
127 392
128 134
128 161
128 164
128 168
128 218
128 253
128 258
128 261
128 272
128 295
128 297
128 317
128 321
128 395
129 146
129 148
129 182
129 188
129 189
129 231
129 251
129 261
129 306
129 308
129 321
129 329
130 131
130 150
130 196
130 201
130 226
130 229
130 238
130 262
130 289
130 307
130 398
131 189
131 202
131 220
131 230
131 239
131 263
131 300
131 304
131 327
131 349
131 389
131 394
132 159
132 163
132 181
132 183
132 202
132 206
132 217
132 219
132 223
132 237
132 248
132 249
132 304
132 307
132 310
132 319
132 329
132 333
132 344
132 349
132 355
132 358
133 152
133 189
133 219
133 232
133 258
133 285
133 290
133 305
133 312
133 314
133 315
133 338
133 372
133 377
133 389
134 172
134 225
134 227
134 231
134 233
134 235
134 256
134 261
134 264
134 267
134 268
134 274
134 278
134 287
134 335
134 343
134 362
134 368
134 377
134 381
134 391
134 397
135 164
135 165
135 192
135 194
135 198
135 205
135 206
135 214
135 224
135 235
135 241
135 303
135 310
135 312
135 335
135 366
135 379
135 383
135 387
135 391
135 392
136 140
136 143
136 147
136 161
136 163
136 173
136 187
136 197
136 212
136 225
136 271
136 275
136 311
136 313
136 332
136 341
136 367
137 144
137 161
137 190
137 193
137 216
137 217
137 222
137 228
137 250
137 252
137 263
137 288
137 290
137 291
137 370
137 379
138 182
138 204
138 207
138 210
138 220
138 226
138 244
138 284
138 302
138 386
138 387
139 172
139 186
139 204
139 207
139 211
139 256
139 313
139 354
139 355
139 366
139 369
139 373
139 396
140 160
140 184
140 217
140 231
140 252
140 268
140 302
140 303
140 316
140 332
140 373
140 379
141 169
141 220
141 242
141 273
141 282
141 298
141 300
141 314
141 325
141 360
142 156
142 193
142 226
142 234
142 240
142 245
142 263
142 305
142 307
142 329
142 364
142 386
142 398
143 180
143 182
143 189
143 201
143 202
143 225
143 230
143 231
143 235
143 243
143 263
143 314
143 315
143 322
143 372
143 391
144 148
144 169
144 195
144 205
144 241
144 261
144 267
144 277
144 288
144 304
144 309
144 319
144 321
144 336
144 386
144 391
145 148
145 156
145 159
145 177
145 192
145 193
145 206
145 232
145 234
145 242
145 287
145 295
145 307
145 319
145 343
145 352
145 366
146 167
146 181
146 192
146 202
146 207
146 212
146 239
146 248
146 282
146 286
146 298
146 311
146 317
146 325
146 328
146 336
146 346
146 349
146 358
146 383
147 158
147 168
147 180
147 207
147 248
147 250
147 255
147 261
147 276
147 280
147 284
147 307
147 312
147 323
147 346
147 353
147 361
148 154
148 185
148 186
148 230
148 253
148 254
148 263
148 292
148 293
148 305
148 339
148 353
148 356
148 360
148 367
148 377
149 157
149 167
149 240
149 250
149 254
149 261
149 264
149 269
149 270
149 296
149 297
149 303
149 305
149 332
149 341
149 342
149 343
149 352
149 358
150 152
150 178
150 181
150 205
150 212
150 308
150 318
150 332
150 345
150 348
151 171
151 201
151 220
151 247
151 290
151 302
151 304
151 315
151 328
151 368
151 383
152 170
152 179
152 198
152 201
152 216
152 223
152 225
152 239
152 262
152 284
152 292
152 300
152 314
152 347
152 351
152 369
152 387
153 163
153 176
153 177
153 180
153 195
153 201
153 213
153 218
153 290
153 302
153 306
153 349
153 362
153 375
154 155
154 181
154 192
154 199
154 221
154 356
154 365
154 370
154 384
155 166
155 228
155 233
155 259
155 265
155 293
155 333
155 341
155 353
155 360
155 390
155 399
156 157
156 158
156 167
156 210
156 322
156 339
156 360
156 384
156 397
157 181
157 187
157 189
157 195
157 196
157 238
157 239
157 269
157 278
157 293
157 315
157 322
157 332
157 351
157 353
157 357
157 366
157 373
157 392
157 396
158 169
158 209
158 221
158 238
158 257
158 314
158 357
158 378
159 180
159 187
159 188
159 240
159 270
159 300
159 340
159 368
159 384
159 389
159 396
160 164
160 187
160 202
160 219
160 226
160 307
160 331
160 339
160 353
161 194
161 199
161 200
161 222
161 223
161 241
161 279
161 290
161 305
161 306
161 310
161 313
161 320
161 329
161 342
161 389
162 187
162 189
162 199
162 204
162 214
162 236
162 242
162 324
163 172
163 192
163 224
163 231
163 245
163 247
163 273
163 313
163 316
163 324
163 373
163 375
164 227
164 285
164 289
164 303
164 327
164 334
164 342
164 345
164 354
164 363
164 375
164 388
164 398
165 176
165 183
165 185
165 186
165 220
165 229
165 296
165 321
165 347
165 353
165 364
166 179
166 248
166 329
166 369
166 377
167 176
167 202
167 211
167 229
167 231
167 275
167 283
167 284
167 302
167 307
167 317
167 318
167 334
167 349
167 374
167 382
167 385
168 223
168 224
168 238
168 246
168 261
168 264
168 337
168 379
168 383
168 394
169 189
169 227
169 229
169 250
169 271
169 272
169 277
169 279
169 296
169 309
169 311
169 327
169 334
169 339
169 346
169 354
169 371
169 383
169 384
170 176
170 182
170 261
170 262
170 270
170 291
170 305
170 313
170 324
170 385
170 399
171 237
171 244
171 250
171 255
171 273
171 304
171 319
171 333
171 341
171 346
171 360
171 372
171 374
172 178
172 236
172 259
172 276
172 293
172 328
172 363
172 364
172 372
172 391
173 186
173 231
173 238
173 268
173 284
173 303
173 304
173 306
173 344
173 350
173 357
174 178
174 193
174 200
174 209
174 224
174 263
174 279
174 309
174 321
174 347
174 380
174 395
175 179
175 190
175 201
175 203
175 289
175 298
175 303
175 307
175 314
175 349
175 353
175 354
175 363
175 369
175 391
176 192
176 213
176 215
176 229
176 235
176 247
176 253
176 265
176 297
176 303
176 305
176 388
176 395
177 183
177 184
177 203
177 245
177 323
177 333
177 344
177 348
177 367
177 380
177 381
178 210
178 216
178 253
178 262
178 271
178 283
178 296
178 303
178 315
178 335
178 345
178 387
179 268
179 278
179 363
180 191
180 221
180 229
180 245
180 256
180 336
180 358
181 185
181 223
181 239
181 240
181 242
181 251
181 259
181 272
181 274
181 282
181 295
181 303
181 306
181 326
181 330
181 355
181 361
181 363
182 197
182 214
182 228
182 240
182 244
182 258
182 262
182 324
182 335
182 336
182 354
182 372
183 221
183 263
183 315
183 318
183 336
183 360
183 378
183 397
184 215
184 227
184 254
184 270
184 277
184 281
184 296
184 345
184 352
184 354
184 361
184 363
184 374
185 186
185 200
185 231
185 253
185 276
185 296
185 300
185 318
185 367
185 384
185 399
186 201
186 208
186 221
186 232
186 253
186 280
186 330
186 387
186 393
186 398
187 194
187 196
187 218
187 219
187 246
187 253
187 256
187 265
187 274
187 280
187 308
187 328
187 331
187 350
187 381
188 277
188 280
188 284
188 319
188 393
189 208
189 210
189 254
189 267
189 288
189 309
189 323
189 329
189 375
189 391
190 229
190 264
190 312
190 326
190 339
190 375
190 381
190 384
190 385
191 193
191 195
191 206
191 208
191 228
191 254
191 255
191 274
191 278
191 284
191 340
191 346
191 364
191 367
191 398
192 227
192 248
192 267
192 297
192 328
192 334
192 354
192 363
192 385
192 391
193 216
193 246
193 260
193 279
193 351
193 377
194 212
194 219
194 227
194 253
194 256
194 263
194 284
194 325
194 340
194 352
194 364
195 201
195 223
195 245
195 248
195 284
195 354
195 356
195 394
196 211
196 220
196 234
196 260
196 270
196 306
196 307
196 364
196 399
197 224
197 252
197 256
197 268
197 282
197 285
197 293
197 297
197 316
197 333
197 344
197 346
197 366
197 374
197 391
198 227
198 252
198 270
198 274
198 282
198 304
198 373
198 396
198 399
199 205
199 258
199 259
199 265
199 303
199 321
199 322
199 334
199 356
199 389
199 393
200 233
200 249
200 296
200 321
200 327
200 396
201 209
201 240
201 261
201 264
201 285
201 286
201 322
201 335
201 374
202 221
202 272
202 282
202 303
202 305
202 309
202 315
202 336
202 346
202 355
202 360
202 372
202 373
202 392
203 206
203 209
203 211
203 257
203 266
203 268
203 323
203 335
203 365
203 380
203 393
203 396
204 205
204 212
204 269
204 302
204 309
204 385
204 390
205 248
205 252
205 337
205 351
205 380
206 292
206 309
206 314
206 353
206 360
206 393
207 216
207 221
207 227
207 270
207 281
207 285
207 286
207 299
207 308
207 319
207 323
207 326
207 337
207 379
208 209
208 277
208 289
208 312
208 354
208 364
209 211
209 221
209 241
209 273
209 293
209 306
209 326
209 327
209 330
209 334
209 373
209 385
209 390
210 212
210 228
210 239
210 249
210 268
210 270
210 277
210 293
210 306
210 366
210 387
210 399
211 215
211 250
211 258
211 283
211 288
211 318
211 352
211 357
211 367
212 216
212 222
212 231
212 235
212 243
212 256
212 298
212 338
212 383
212 385
212 391
212 397
213 255
213 261
213 274
213 287
213 328
213 336
213 389
214 239
214 306
214 322
214 330
214 338
215 224
215 259
215 269
215 291
215 336
216 229
216 231
216 247
216 260
216 279
216 320
217 262
217 267
217 272
217 277
217 331
217 350
217 352
217 357
217 396
217 399
218 232
218 237
218 240
218 253
218 291
218 311
218 328
218 380
219 240
219 261
219 270
219 272
219 280
219 283
219 340
219 360
220 261
220 263
220 288
220 294
220 296
220 301
220 328
220 352
220 379
221 233
221 248
221 255
221 262
221 282
221 326
221 329
221 339
221 371
221 372
222 233
222 260
222 277
222 293
222 310
222 340
222 341
222 343
222 359
222 387
223 231
223 266
223 277
223 300
223 312
223 318
223 325
223 347
223 366
223 392
224 255
224 275
224 310
224 380
224 381
225 227
225 231
225 235
225 282
225 293
225 339
225 371
225 372
225 393
226 241
226 257
226 283
226 286
226 313
226 342
226 347
226 353
226 362
226 366
227 231
227 257
227 258
227 284
227 290
227 310
227 393
228 231
228 243
228 247
228 281
228 286
228 303
228 319
228 370
228 372
229 230
229 243
229 274
229 285
229 311
229 332
229 370
230 235
230 238
230 248
230 255
230 263
230 265
230 269
230 301
230 309
230 314
230 335
230 342
230 348
230 367
230 390
230 395
231 272
231 279
231 294
231 313
231 323
231 327
231 351
231 384
232 277
232 357
232 377
233 242
233 269
233 283
233 291
233 336
233 337
233 347
233 348
233 390
234 291
234 295
234 308
234 313
234 320
234 326
234 332
234 358
234 363
235 244
235 264
235 269
235 286
235 295
235 317
235 359
235 373
235 385
236 286
236 309
236 324
236 331
236 338
237 243
237 255
237 272
237 339
237 354
237 382
238 249
238 255
238 307
238 388
238 393
238 394
239 240
239 293
239 329
239 330
239 334
239 359
239 381
239 388
240 363
240 374
241 245
241 261
241 315
241 320
241 366
241 368
241 379
242 247
242 279
242 284
242 293
242 307
242 329
242 334
242 373
242 390
242 396
243 248
243 268
243 273
243 295
243 300
243 319
243 368
243 370
243 371
243 395
244 259
244 270
244 279
244 321
244 328
244 342
244 356
244 368
244 373
244 392
245 247
245 248
245 259
245 260
245 264
245 276
245 283
245 297
245 300
245 317
245 320
245 353
245 390
246 261
246 263
246 272
246 274
246 308
246 354
246 381
246 394
247 268
247 270
247 281
247 286
247 294
247 300
247 337
247 338
247 371
248 261
248 279
248 319
248 334
248 344
248 367
248 371
248 391
249 281
249 296
249 298
249 318
249 351
249 380
249 384
250 265
250 287
250 292
250 308
250 322
250 323
250 335
250 352
250 354
250 357
250 385
250 396
251 263
251 264
251 272
251 303
251 320
251 378
252 261
252 284
252 316
252 325
252 339
252 342
252 362
252 380
252 386
252 389
252 390
253 259
253 261
253 272
253 277
253 291
253 300
253 314
253 320
253 369
253 391
253 398
254 274
254 291
254 292
254 298
254 300
254 339
254 373
255 266
255 271
255 274
255 281
255 297
255 313
255 328
255 364
255 366
255 376
255 378
256 259
256 275
256 292
256 308
256 309
256 319
256 334
256 342
256 359
256 380
257 263
257 290
257 308
257 337
257 343
257 368
257 371
258 264
258 283
258 312
258 322
258 343
258 354
258 382
259 299
259 342
259 355
259 383
259 393
260 293
260 315
260 338
260 365
260 392
261 303
261 307
261 335
261 361
262 276
262 289
262 298
262 346
262 363
262 378
262 388
262 390
262 391
262 394
263 273
263 305
263 310
263 320
263 324
263 342
263 355
263 384
264 292
264 296
264 311
264 322
264 380
265 292
265 312
265 327
265 365
265 377
266 281
266 291
266 294
266 301
266 328
266 332
266 358
267 275
267 279
267 281
267 304
267 314
267 387
268 275
268 344
268 351
268 362
268 388
268 391
269 270
269 327
269 356
269 368
269 374
269 391
270 280
270 281
270 319
270 335
270 349
270 378
270 383
270 391
271 277
271 374
271 387
271 392
272 289
272 296
272 297
272 307
272 323
272 326
272 330
272 390
273 278
273 282
273 283
273 306
273 328
273 339
273 348
273 357
273 360
273 370
273 375
273 379
273 388
273 396
274 277
274 289
274 305
274 349
274 362
275 280
275 368
275 382
276 286
276 358
276 377
277 285
277 292
277 304
277 330
277 347
277 353
277 361
278 347
278 349
278 369
278 370
278 398
279 282
279 312
279 354
279 357
279 371
280 346
280 351
281 283
281 289
281 315
281 341
281 347
281 361
281 364
281 367
281 369
281 384
281 390
281 394
282 319
282 378
282 380
282 388
283 291
283 296
283 307
283 339
283 343
284 294
284 297
284 326
284 387
284 389
285 304
285 330
285 364
285 371
286 299
286 308
286 321
286 358
286 367
286 370
286 383
287 294
287 307
287 311
287 324
287 328
287 329
287 365
287 370
287 386
287 399
288 299
288 307
288 308
288 331
288 333
288 361
289 301
289 321
289 333
289 336
289 343
289 357
289 360
289 367
290 291
290 308
290 311
290 328
290 358
290 364
290 370
290 383
291 304
291 327
291 333
291 337
291 376
291 398
292 312
292 375
293 294
293 303
293 305
293 315
293 349
293 351
293 377
294 334
294 336
294 341
294 344
294 346
294 348
294 391
294 392
294 393
295 347
295 380
295 386
296 299
296 305
296 389
296 391
297 324
297 356
297 358
297 388
297 399
298 363
299 374
299 393
300 305
300 314
300 335
300 348
300 380
301 321
301 322
301 335
301 364
301 382
301 383
302 303
302 305
302 320
302 337
302 387
302 391
303 309
303 325
303 339
303 349
303 352
303 356
303 389
303 395
303 398
304 326
304 372
305 310
305 336
305 341
305 347
305 379
305 386
305 391
306 380
307 331
307 336
307 350
307 379
307 393
308 319
308 323
308 331
308 342
308 343
308 347
308 374
309 320
309 321
309 372
309 381
309 391
309 396
310 319
310 337
310 340
310 363
310 365
311 316
311 330
311 340
311 359
311 387
311 394
312 332
312 337
313 347
313 354
314 355
314 364
314 374
314 390
314 398
315 345
315 346
315 363
315 376
316 339
316 353
316 370
316 372
316 388
317 356
317 381
318 332
318 338
318 339
318 368
318 373
319 326
319 334
319 379
320 328
320 345
320 379
320 390
321 345
321 383
322 343
322 379
323 341
323 374
323 384
323 392
323 396
324 335
324 345
324 393
325 336
325 355
325 359
325 371
325 394
326 339
326 354
326 364
327 331
327 362
327 381
327 388
329 330
329 356
329 373
329 397
330 334
330 395
331 342
331 374
331 378
332 335
332 342
332 361
332 368
332 397
333 351
333 391
333 396
334 336
334 341
334 357
334 373
334 376
335 337
335 355
335 384
336 382
336 387
336 388
337 385
337 393
338 344
338 345
338 350
338 353
338 358
338 382
339 340
339 350
339 352
339 354
339 363
339 371
339 379
340 361
340 371
340 383
341 343
341 383
341 386
341 390
341 398
342 369
342 372
342 391
343 356
344 347
344 349
344 397
344 399
345 377
345 388
345 397
346 347
346 393
346 397
347 356
348 363
348 387
348 393
349 367
350 354
350 381
350 394
351 380
351 384
351 399
352 377
352 378
353 361
353 362
353 388
354 371
354 399
355 361
355 374
355 393
356 372
356 381
356 383
357 359
357 370
357 384
358 381
358 392
359 372
359 384
359 397
360 373
360 374
360 397
361 372
361 391
362 371
362 376
362 377
362 389
364 393
365 396
366 371
366 380
366 383
366 387
367 399
368 374
368 382
369 371
369 372
369 391
370 372
371 384
371 386
372 380
372 389
372 392
373 375
373 399
374 390
375 376
376 384
376 388
376 398
377 398
378 392
378 395
379 380
379 399
380 394
381 393
382 388
382 391
383 398
385 397
388 399
390 393
390 394
391 393
391 397
398 399
