500 5062
0 35
0 390
0 38
0 275
0 10
0 395
0 108
0 141
0 109
0 163
0 406
0 343
0 121
0 474
0 47
0 394
0 414
1 484
1 135
1 74
1 23
1 77
1 146
1 403
1 85
1 279
1 25
1 283
1 348
1 289
1 420
1 485
1 358
1 423
1 297
1 234
1 179
1 153
1 123
1 381
1 191
2 19
2 261
2 70
2 9
2 77
2 430
2 112
2 115
2 277
2 375
2 250
2 447
2 348
2 474
2 191
3 128
3 323
3 260
3 455
3 396
3 13
3 399
3 216
3 350
3 163
3 230
3 231
3 171
3 364
3 238
3 369
3 181
3 248
3 315
3 61
3 318
3 255
4 176
4 132
4 325
4 135
4 137
4 267
4 364
4 484
4 271
4 112
4 254
4 210
4 21
4 22
4 73
4 441
4 349
4 190
5 450
5 196
5 198
5 29
5 236
5 270
5 18
5 404
5 430
5 303
5 156
5 285
5 350
5 353
5 355
5 364
5 109
5 93
5 239
5 304
5 375
5 250
5 381
6 320
6 193
6 325
6 38
6 167
6 330
6 327
6 77
6 461
6 80
6 306
6 83
6 437
6 118
6 90
6 127
6 432
6 159
7 322
7 323
7 391
7 395
7 463
7 470
7 495
7 363
7 93
7 478
7 33
7 34
7 103
7 424
7 234
7 359
7 172
7 238
7 353
7 370
7 120
7 42
8 225
8 258
8 487
8 438
8 263
8 234
8 395
8 174
8 243
8 20
8 437
8 54
8 23
8 315
8 94
9 193
9 230
9 265
9 234
9 450
9 337
9 402
9 467
9 52
9 254
9 404
9 316
9 490
9 350
10 131
10 488
10 137
10 330
10 395
10 13
10 400
10 209
10 83
10 23
10 420
10 155
10 284
10 297
10 425
10 354
10 36
10 428
10 220
10 427
10 236
10 365
10 46
10 434
10 108
10 50
10 117
10 201
10 57
10 127
10 394
10 191
11 256
11 257
11 67
11 385
11 330
11 203
11 333
11 271
11 16
11 146
11 19
11 279
11 280
11 384
11 413
11 228
11 422
11 166
11 433
11 387
11 177
11 178
11 51
11 189
11 383
12 128
12 289
12 163
12 260
12 439
12 135
12 328
12 201
12 235
12 141
12 143
12 272
12 305
12 480
12 375
12 119
12 267
12 121
12 252
13 192
13 197
13 139
13 398
13 463
13 336
13 131
13 340
13 469
13 278
13 25
13 220
13 478
13 80
13 195
13 40
13 297
13 426
13 301
13 451
13 50
13 51
13 253
13 254
14 353
14 324
14 293
14 230
14 263
14 135
14 45
14 271
14 304
14 49
14 211
14 278
14 241
14 397
15 97
15 194
15 67
15 36
15 297
15 139
15 387
15 290
15 482
15 49
15 210
15 227
15 475
15 469
15 150
15 55
15 120
15 155
15 348
15 215
16 98
16 292
16 455
16 489
16 459
16 76
16 290
16 462
16 369
16 499
16 407
16 39
16 222
17 288
17 352
17 354
17 483
17 199
17 360
17 201
17 74
17 140
17 418
17 78
17 143
17 76
17 385
17 179
17 110
17 472
17 281
17 123
17 106
18 344
18 451
18 324
18 488
18 105
18 279
18 253
18 272
18 24
18 51
18 437
18 119
18 88
18 413
18 248
18 318
19 375
19 452
19 455
19 460
19 332
19 397
19 429
19 468
19 121
19 89
19 27
19 411
19 358
19 422
19 426
19 107
19 108
19 237
19 494
19 113
19 371
19 311
19 57
19 254
20 97
20 66
20 102
20 358
20 428
20 147
20 436
20 151
20 88
20 410
20 411
20 444
20 381
20 485
21 69
21 262
21 202
21 459
21 269
21 143
21 209
21 469
21 471
21 420
21 410
21 29
21 228
21 166
21 169
21 494
21 303
21 371
21 57
21 58
21 187
22 344
22 225
22 450
22 67
22 102
22 71
22 460
22 269
22 47
22 304
22 49
22 195
22 495
22 409
22 283
22 356
22 442
22 59
22 156
22 31
23 323
23 452
23 135
23 461
23 464
23 273
23 147
23 151
23 344
23 347
23 95
23 417
23 482
23 356
23 174
23 176
23 126
23 378
23 316
23 446
23 127
24 32
24 224
24 67
24 486
24 167
24 41
24 455
24 205
24 333
24 465
24 311
24 472
24 121
24 185
24 127
25 128
25 482
25 483
25 196
25 264
25 105
25 334
25 143
25 80
25 145
25 447
25 87
25 248
25 27
25 188
25 61
25 127
26 128
26 225
26 34
26 100
26 165
26 353
26 424
26 396
26 357
26 203
26 332
26 47
26 181
26 255
26 316
26 293
27 389
27 307
27 266
27 139
27 499
27 344
27 408
27 348
27 478
27 287
27 353
27 358
27 167
27 497
27 243
27 118
27 439
27 376
27 317
27 127
28 225
28 457
28 259
28 36
28 165
28 486
28 71
28 136
28 329
28 239
28 456
28 242
28 468
28 151
28 155
28 381
28 287
29 98
29 387
29 230
29 391
29 74
29 427
29 46
29 304
29 180
29 277
29 447
29 350
29 197
30 320
30 449
30 226
30 99
30 212
30 261
30 474
30 483
30 48
30 472
30 163
30 148
30 215
30 152
30 52
30 250
30 60
30 378
30 222
31 448
31 473
31 260
31 388
31 119
31 153
31 472
31 452
31 90
31 218
31 478
31 226
31 292
31 38
31 39
31 171
31 53
31 182
31 439
31 281
31 319
32 257
32 451
32 454
32 140
32 408
32 85
32 279
32 154
32 156
32 250
32 95
32 160
32 35
32 229
32 360
32 362
32 108
32 367
32 479
32 55
32 314
32 123
32 60
32 125
32 126
33 289
33 423
33 101
33 38
33 263
33 72
33 361
33 74
33 498
33 445
33 400
33 338
33 371
33 149
33 54
33 154
33 155
33 253
33 421
34 384
34 67
34 484
34 198
34 291
34 323
34 135
34 45
34 47
34 369
34 178
34 147
34 372
34 310
34 439
34 440
34 59
34 411
34 427
35 264
35 265
35 461
35 398
35 141
35 466
35 340
35 473
35 92
35 222
35 484
35 297
35 492
35 367
35 178
35 499
35 308
35 117
35 374
35 439
35 314
35 59
35 437
36 43
36 325
36 476
36 366
36 217
36 444
36 478
36 480
36 50
36 484
36 37
36 39
36 169
36 301
36 427
36 300
36 45
36 174
36 370
36 377
36 187
36 60
36 42
37 257
37 194
37 199
37 72
37 331
37 271
37 272
37 273
37 477
37 160
37 336
37 482
37 101
37 43
37 430
37 179
37 116
37 53
37 248
37 249
37 437
38 67
38 488
38 72
38 77
38 397
38 81
38 146
38 259
38 412
38 418
38 163
38 421
38 294
38 104
38 489
38 170
38 171
38 108
38 111
38 241
38 275
38 58
38 168
38 125
39 160
39 482
39 197
39 198
39 167
39 200
39 73
39 79
39 178
39 308
39 181
39 54
39 388
39 293
39 443
39 221
40 353
40 491
40 292
40 422
40 328
40 299
40 205
40 304
40 498
40 400
40 499
40 406
40 495
40 388
40 207
40 92
40 190
41 260
41 389
41 199
41 136
41 394
41 203
41 476
41 270
41 208
41 277
41 155
41 156
41 221
41 480
41 289
41 475
41 230
41 358
41 231
41 412
41 336
41 497
41 434
41 244
41 119
41 372
41 425
41 319
42 322
42 454
42 166
42 231
42 332
42 298
42 44
42 79
42 368
42 436
42 126
42 279
42 313
42 155
42 188
42 492
42 158
42 191
43 129
43 141
43 397
43 272
43 120
43 465
43 211
43 90
43 463
43 282
43 222
43 97
43 482
43 295
43 170
43 236
43 109
43 303
43 499
43 373
43 184
43 378
43 190
43 309
44 193
44 195
44 136
44 203
44 341
44 214
44 215
44 219
44 476
44 221
44 459
44 415
44 113
44 297
44 367
44 241
44 50
44 115
44 53
44 374
44 376
44 123
45 107
45 455
45 73
45 75
45 335
45 273
45 466
45 409
45 282
45 207
45 478
45 480
45 481
45 337
45 119
45 361
45 71
45 82
45 391
45 183
45 315
46 323
46 388
46 454
46 200
46 396
46 270
46 335
46 336
46 209
46 210
46 345
46 90
46 314
46 92
46 491
46 272
46 290
46 101
46 465
46 360
46 361
46 363
46 239
46 496
46 57
46 122
46 458
47 64
47 267
47 261
47 395
47 78
47 301
47 337
47 402
47 153
47 477
47 197
47 474
47 485
47 294
47 278
47 237
47 445
47 63
48 176
48 290
48 100
48 104
48 297
48 330
48 304
48 429
48 334
48 303
48 144
48 177
48 408
48 228
48 91
48 460
49 288
49 322
49 331
49 132
49 118
49 470
49 124
49 170
49 267
49 206
49 176
49 498
49 252
49 247
49 121
49 188
49 446
49 213
50 326
50 75
50 336
50 401
50 339
50 152
50 476
50 351
50 100
50 165
50 81
50 232
50 491
50 373
50 310
50 183
50 440
50 88
50 444
50 458
51 385
51 424
51 456
51 54
51 433
51 136
51 361
51 242
51 209
51 499
51 246
51 425
51 216
51 346
51 315
52 416
52 129
52 365
52 80
52 466
52 114
52 250
52 91
52 316
52 285
52 415
53 416
53 419
53 326
53 101
53 325
53 71
53 233
53 471
53 495
53 145
53 244
53 150
53 410
53 468
53 282
53 315
53 491
53 190
54 416
54 482
54 427
54 147
54 231
54 76
54 205
54 206
54 144
54 84
54 78
54 248
54 452
54 378
54 309
55 64
55 299
55 164
55 353
55 456
55 426
55 215
55 493
55 239
55 147
55 480
55 279
55 254
56 99
56 165
56 422
56 231
56 316
56 238
56 499
56 483
56 246
56 425
56 216
56 444
56 348
56 126
57 64
57 427
57 452
57 391
57 392
57 267
57 334
57 463
57 81
57 407
57 283
57 287
57 224
57 98
57 356
57 166
57 232
57 235
57 366
57 339
57 122
57 379
58 420
58 133
58 202
58 173
58 255
58 401
58 274
58 245
58 333
58 375
58 408
58 473
58 90
58 187
58 317
59 299
59 132
59 330
59 464
59 401
59 467
59 406
59 215
59 352
59 229
59 295
59 107
59 429
59 366
59 111
59 177
59 178
59 372
59 382
59 446
60 424
60 182
60 481
60 499
60 205
60 335
60 149
60 86
60 409
60 90
60 479
60 225
60 177
60 360
60 297
60 430
60 369
60 243
60 373
60 310
60 439
60 309
61 320
61 65
61 162
61 197
61 134
61 167
61 297
61 426
61 386
61 113
61 274
61 344
61 123
61 421
62 192
62 228
62 358
62 72
62 361
62 267
62 396
62 273
62 307
62 372
62 479
62 473
62 260
62 90
62 475
62 188
62 221
62 351
63 480
63 161
63 392
63 476
63 138
63 368
63 120
63 115
63 84
63 278
63 344
63 249
63 122
63 284
64 256
64 452
64 266
64 439
64 76
64 77
64 334
64 271
64 144
64 275
64 86
64 228
64 476
64 226
64 355
64 164
64 105
64 108
64 110
64 315
64 318
65 416
65 353
65 79
65 267
65 302
65 271
65 240
65 368
65 467
65 438
65 121
65 249
65 346
65 155
65 478
66 352
66 475
66 297
66 138
66 493
66 111
66 489
66 371
66 148
66 85
66 438
66 343
66 223
66 381
66 287
67 395
67 388
67 118
67 328
67 76
67 290
67 272
67 335
67 277
67 343
67 347
67 69
67 155
67 182
67 447
67 213
68 256
68 448
68 483
68 135
68 136
68 238
68 143
68 272
68 210
68 147
68 174
68 86
68 343
68 494
68 157
68 318
69 480
69 485
69 135
69 363
69 298
69 235
69 398
69 157
69 424
69 362
69 382
69 433
69 343
69 345
69 347
69 111
69 183
69 158
70 256
70 480
70 267
70 328
70 74
70 331
70 450
70 499
70 149
70 239
70 476
70 157
70 287
70 352
70 164
70 101
70 360
70 173
70 367
70 115
70 244
70 372
70 250
70 187
70 447
71 322
71 292
71 423
71 109
71 190
71 464
71 81
71 498
71 87
71 409
71 284
71 254
72 469
72 141
72 142
72 333
72 227
72 206
72 94
72 160
72 99
72 166
72 167
72 296
72 171
72 302
72 370
72 403
72 372
72 247
72 249
72 186
72 190
72 437
73 353
73 104
73 393
73 106
73 471
73 397
73 368
73 402
73 215
73 218
73 443
73 74
73 446
73 191
74 432
74 391
74 75
74 205
74 398
74 402
74 403
74 218
74 283
74 481
74 288
74 411
74 299
74 176
74 211
74 247
74 122
75 450
75 260
75 360
75 361
75 299
75 332
75 306
75 467
75 373
75 214
75 343
75 348
75 189
75 222
76 448
76 197
76 460
76 142
76 402
76 387
76 148
76 342
76 343
76 223
76 226
76 487
76 113
76 244
76 310
76 121
76 122
77 385
77 393
77 267
77 461
77 79
77 80
77 338
77 470
77 347
77 413
77 415
77 228
77 294
77 103
77 421
77 427
77 174
77 112
77 179
77 351
78 385
78 450
78 387
78 198
78 463
78 464
78 273
78 451
78 212
78 158
78 479
78 480
78 421
78 358
78 233
78 107
78 499
78 437
78 247
78 121
78 314
78 379
78 252
78 382
78 319
79 320
79 363
79 101
79 295
79 268
79 493
79 82
79 83
79 308
79 437
79 182
79 314
79 219
79 381
79 446
79 383
80 193
80 324
80 262
80 391
80 137
80 206
80 336
80 466
80 149
80 479
80 356
80 486
80 167
80 168
80 233
80 490
80 300
80 494
80 441
80 126
81 129
81 99
81 412
81 267
81 300
81 333
81 238
81 436
81 245
81 345
81 377
81 94
81 149
82 192
82 419
82 323
82 147
82 453
82 139
82 110
82 336
82 337
82 146
82 83
82 180
82 461
82 281
82 122
82 287
83 135
83 272
83 85
83 215
83 283
83 482
83 99
83 228
83 229
83 359
83 362
83 237
83 366
83 495
83 245
83 376
83 122
83 188
84 224
84 352
84 99
84 452
84 389
84 390
84 444
84 468
84 486
84 275
84 448
84 441
84 154
84 188
84 414
85 491
85 357
85 373
85 460
85 394
85 487
85 236
85 401
85 305
85 181
85 433
85 312
85 153
85 378
85 316
85 474
85 255
86 385
86 326
86 206
86 401
86 210
86 216
86 452
86 90
86 219
86 286
86 225
86 290
86 292
86 134
86 408
86 369
86 373
86 182
86 313
86 127
87 311
87 194
87 195
87 293
87 230
87 167
87 428
87 431
87 375
87 147
87 343
87 213
87 184
87 217
87 153
88 368
88 258
88 131
88 261
88 424
88 175
88 282
88 435
88 309
88 246
88 279
88 468
88 122
88 493
88 442
88 118
88 127
89 384
89 102
89 168
89 108
89 172
89 306
89 141
89 424
89 370
89 377
89 378
89 175
89 221
89 126
90 451
90 133
90 263
90 457
90 371
90 469
90 475
90 97
90 163
90 294
90 243
90 373
90 248
90 441
91 128
91 451
91 264
91 457
91 267
91 205
91 482
91 341
91 150
91 471
91 217
91 413
91 350
91 352
91 162
91 163
91 232
91 233
91 108
91 174
91 112
91 305
91 315
92 128
92 288
92 260
92 103
92 333
92 207
92 243
92 249
92 120
92 153
92 477
92 383
93 392
93 136
93 462
93 483
93 343
93 221
93 286
93 289
93 98
93 123
93 164
93 171
93 492
93 110
93 264
93 242
93 372
93 245
93 441
93 443
93 188
94 480
94 354
94 163
94 229
94 425
94 395
94 301
94 371
94 308
94 471
94 152
94 251
95 161
95 131
95 100
95 325
95 311
95 497
95 407
95 279
95 109
95 174
95 461
95 440
95 366
95 153
95 260
95 186
95 348
95 282
95 442
96 192
96 354
96 419
96 165
96 456
96 332
96 439
96 268
96 493
96 158
96 207
96 305
96 309
96 182
96 119
96 216
96 254
97 193
97 258
97 260
97 197
97 207
97 277
97 377
97 283
97 348
97 421
97 169
97 173
97 117
97 246
97 105
97 120
97 340
97 122
98 454
98 330
98 145
98 468
98 474
98 160
98 161
98 292
98 421
98 430
98 114
98 307
98 116
98 246
98 477
98 221
98 381
98 382
99 257
99 139
99 334
99 335
99 464
99 142
99 478
99 156
99 480
99 166
99 361
99 241
99 158
99 311
99 314
99 126
99 383
100 482
100 341
100 423
100 351
100 465
100 299
100 270
100 305
100 339
100 436
100 181
100 433
100 252
100 117
101 128
101 225
101 328
101 329
101 394
101 459
101 460
101 466
101 340
101 279
101 281
101 471
101 166
101 295
101 424
101 493
101 367
101 127
102 491
102 244
102 232
102 252
102 343
102 108
102 340
102 271
102 496
102 177
102 116
102 474
102 155
102 156
102 357
103 179
103 276
103 264
103 371
103 332
103 402
103 147
103 148
103 310
103 375
103 120
103 281
103 346
104 390
104 138
104 467
104 174
104 409
104 152
104 292
104 282
104 158
104 289
104 164
104 454
104 232
104 110
104 115
104 494
104 117
104 202
104 249
104 379
104 445
105 331
105 273
105 220
105 277
105 214
105 292
105 475
105 284
105 286
105 483
105 228
105 229
105 361
105 171
105 492
105 365
105 432
105 177
105 250
105 443
106 224
106 416
106 162
106 195
106 453
106 199
106 268
106 174
106 274
106 309
106 489
106 184
106 187
106 157
107 385
107 194
107 387
107 400
107 209
107 465
107 213
107 151
107 286
107 227
107 359
107 300
107 177
107 371
107 309
107 248
107 252
107 382
108 193
108 386
108 389
108 268
108 206
108 154
108 284
108 163
108 487
108 124
108 170
108 235
108 364
108 429
108 241
108 128
108 252
108 138
108 447
109 384
109 418
109 261
109 170
109 235
109 141
109 206
109 147
109 148
109 374
109 419
109 378
110 129
110 490
110 297
110 480
110 268
110 333
110 288
110 496
110 309
110 438
110 439
110 187
111 164
111 199
111 324
111 436
111 428
111 258
111 333
111 148
111 212
111 249
111 217
111 155
111 405
112 448
112 193
112 257
112 139
112 140
112 398
112 273
112 274
112 277
112 408
112 154
112 415
112 288
112 162
112 294
112 174
112 240
112 435
112 376
112 188
112 317
113 384
113 129
113 194
113 371
113 334
113 207
113 337
113 274
113 411
113 221
113 292
113 209
113 365
113 477
113 179
113 309
113 183
113 184
113 186
114 192
114 161
114 133
114 135
114 296
114 428
114 141
114 143
114 498
114 434
114 472
114 441
114 415
115 449
115 201
115 460
115 347
115 417
115 482
115 165
115 359
115 169
115 427
115 494
115 253
115 496
115 370
115 373
115 315
115 125
116 417
116 455
116 421
116 299
116 290
116 398
116 433
116 481
116 366
116 378
116 315
116 412
116 223
117 367
117 306
117 211
117 180
117 309
117 420
117 412
117 157
118 321
118 130
118 390
118 394
118 148
118 469
118 279
118 474
118 476
118 349
118 158
118 416
118 187
118 489
118 170
118 236
118 173
118 305
118 179
118 379
119 457
119 421
119 135
119 424
119 490
119 302
119 435
119 174
119 439
119 316
120 164
120 301
120 171
120 492
120 269
120 466
120 404
120 245
120 310
120 281
120 260
121 473
121 486
121 295
121 488
121 180
121 433
121 425
121 364
121 315
121 460
122 256
122 481
122 463
122 336
122 213
122 342
122 216
122 143
122 494
122 155
122 293
122 439
122 443
122 255
123 448
123 390
123 139
123 141
123 206
123 143
123 145
123 277
123 173
123 408
123 473
123 474
123 230
123 262
123 422
123 487
123 301
123 413
123 188
124 481
124 226
124 337
124 389
124 198
124 241
124 200
124 170
124 371
124 206
124 211
124 244
124 467
124 182
124 184
124 475
124 220
124 286
125 321
125 201
125 458
125 140
125 272
125 145
125 340
125 345
125 367
125 158
125 481
125 418
125 490
125 173
125 437
125 303
125 240
125 181
125 377
125 315
125 189
125 309
126 450
126 246
126 392
126 265
126 268
126 146
126 340
126 281
126 477
126 233
126 243
126 438
126 251
126 380
126 318
126 191
127 452
127 262
127 365
127 400
127 152
127 215
127 348
127 159
127 161
127 483
127 484
127 359
127 300
127 173
127 368
127 179
127 312
127 255
128 322
128 325
128 267
128 140
128 131
128 409
128 250
128 414
128 292
128 239
128 433
128 436
128 396
128 316
129 386
129 277
129 391
129 393
129 459
129 460
129 465
129 153
129 476
129 421
129 423
129 487
129 455
129 242
129 366
129 306
129 457
129 494
129 190
129 149
130 258
130 363
130 182
130 199
130 136
130 458
130 203
130 364
130 450
130 431
130 240
130 498
130 146
130 275
130 405
130 311
130 314
130 348
130 490
130 414
131 417
131 418
131 291
131 356
131 407
131 173
131 270
131 387
131 185
131 249
131 411
131 412
131 381
132 163
132 198
132 401
132 232
132 460
132 456
132 455
132 332
132 175
132 239
132 274
132 317
132 406
132 344
132 413
132 316
132 285
133 224
133 423
133 242
133 394
133 146
133 271
133 176
133 245
133 247
133 186
133 303
133 414
133 437
134 497
134 194
134 419
134 147
134 485
134 231
134 232
134 275
134 258
134 337
134 179
134 318
134 183
134 473
134 411
134 158
135 194
135 459
135 183
135 209
135 338
135 149
135 228
135 350
135 223
135 417
135 292
135 485
135 173
135 402
135 369
136 355
136 197
136 230
136 391
136 427
136 476
136 142
136 239
136 212
136 457
136 153
137 256
137 144
137 203
137 231
137 267
137 395
137 207
137 461
137 211
137 373
137 470
137 314
137 252
138 288
138 326
138 321
138 200
138 329
138 139
138 322
138 280
138 275
138 212
138 344
138 224
138 420
138 423
138 233
138 171
138 499
138 361
138 184
139 450
139 470
139 400
139 163
139 342
139 399
139 413
139 492
139 285
139 177
139 371
139 311
139 184
139 446
140 224
140 192
140 205
140 418
140 384
140 339
140 276
140 470
140 154
140 157
140 223
140 290
140 356
140 295
140 167
140 493
140 430
140 349
140 241
140 378
140 191
141 174
141 240
141 467
141 309
141 151
141 408
141 442
141 427
141 414
141 491
142 484
142 428
142 234
142 205
142 304
142 177
142 306
142 195
142 372
142 181
142 377
142 218
142 415
142 349
142 280
142 159
143 262
143 396
143 269
143 399
143 273
143 442
143 354
143 356
143 301
143 497
143 371
143 372
143 438
143 393
143 436
143 317
143 405
144 320
144 162
144 470
144 230
144 331
144 332
144 173
144 271
144 352
144 464
144 245
144 279
144 473
144 186
144 287
145 453
145 391
145 460
145 266
145 159
145 461
145 270
145 431
145 272
145 302
145 372
145 310
145 219
145 286
145 191
146 167
146 170
146 242
146 434
146 450
146 305
146 275
146 340
146 213
146 311
146 252
146 490
146 293
147 192
147 179
147 393
147 482
147 341
147 473
147 219
147 223
147 224
147 232
147 361
147 453
147 236
147 307
147 376
147 378
148 161
148 196
148 488
148 490
148 455
148 307
148 310
148 313
148 495
148 325
149 224
149 289
149 440
149 230
149 205
149 243
149 276
149 439
149 416
149 497
149 282
149 383
149 410
149 351
150 256
150 352
150 452
150 326
150 449
150 457
150 175
150 213
150 470
150 281
150 347
150 221
150 288
150 358
150 168
150 233
150 492
150 239
150 247
150 377
150 445
150 318
150 447
151 353
151 162
151 486
151 302
151 365
151 467
151 344
151 345
151 317
152 257
152 439
152 499
152 208
152 209
152 156
152 473
152 348
152 163
152 294
152 233
152 491
152 236
152 175
152 433
152 435
152 180
152 245
152 297
152 436
152 315
152 317
153 198
153 330
153 361
153 296
153 449
153 365
153 277
153 278
153 440
153 345
153 282
153 329
154 387
154 197
154 326
154 423
154 296
154 454
154 210
154 377
155 352
155 386
155 196
155 321
155 266
155 329
155 351
156 194
156 259
156 388
156 456
156 207
156 401
156 195
156 215
156 452
156 348
156 287
156 483
156 297
156 281
156 317
157 320
157 490
157 211
157 188
157 431
157 369
157 339
157 404
157 438
157 441
157 266
157 479
158 256
158 422
158 197
158 385
158 476
158 173
158 301
158 242
158 275
158 341
158 347
158 383
159 259
159 277
159 230
159 200
159 405
159 398
159 435
159 207
159 240
159 371
159 270
159 214
159 183
159 344
159 285
160 323
160 292
160 263
160 332
160 269
160 467
160 419
160 340
160 203
160 279
160 343
160 441
160 347
160 446
161 353
161 260
161 454
161 390
161 234
161 338
161 270
161 399
161 403
161 278
161 375
161 217
161 478
162 456
162 361
162 234
162 375
162 396
162 367
162 401
162 338
162 317
162 383
163 261
163 269
163 207
163 402
163 259
163 277
163 215
163 486
163 487
163 296
163 425
163 407
163 367
163 495
163 182
163 440
163 478
164 385
164 482
164 389
164 297
164 460
164 301
164 271
164 344
164 346
164 254
164 191
165 387
165 393
165 439
165 464
165 211
165 472
165 409
165 223
165 226
165 359
165 425
165 495
165 242
165 339
165 361
165 317
166 328
166 208
166 241
166 378
166 395
166 442
166 341
167 194
167 261
167 455
167 471
167 213
167 412
167 185
167 224
167 486
167 489
167 298
167 236
167 493
167 243
167 441
168 416
168 483
168 262
168 330
168 343
168 398
168 279
168 412
168 221
168 254
169 497
169 405
169 233
169 496
169 399
169 208
169 273
169 244
169 473
169 345
169 314
169 347
169 316
169 309
170 196
170 263
170 334
170 493
170 336
170 273
170 210
170 403
170 284
170 483
170 229
170 361
170 370
170 467
170 181
170 319
170 382
171 192
171 231
171 391
171 489
171 369
171 362
171 307
171 277
171 393
171 249
171 255
171 459
172 192
172 304
172 483
172 459
172 333
172 334
172 208
172 248
172 242
172 275
172 336
172 184
172 413
173 321
173 329
173 205
173 339
173 477
173 355
173 485
173 489
173 236
173 497
173 436
174 393
174 462
174 337
174 283
174 480
174 411
174 422
174 300
174 456
174 247
174 188
174 190
175 384
175 416
175 482
175 355
175 470
175 397
175 271
175 432
175 466
175 403
175 464
175 496
175 189
176 337
176 487
176 341
176 452
176 218
176 410
176 419
176 357
176 369
176 234
176 235
176 236
176 177
176 370
176 371
176 245
176 185
176 188
177 192
177 386
177 452
177 266
177 204
177 491
177 337
177 348
177 351
177 227
177 294
177 232
177 431
177 244
177 438
177 313
177 442
177 188
177 382
178 490
178 379
178 330
178 299
178 290
178 398
178 333
178 272
178 406
178 267
178 221
178 280
178 319
179 448
179 305
179 264
179 470
179 456
179 359
179 430
179 304
179 437
179 407
179 379
180 195
180 326
180 328
180 393
180 426
180 210
180 398
180 333
180 472
180 227
181 467
181 421
181 435
181 398
181 372
182 448
182 200
182 459
182 339
182 216
182 347
182 476
182 285
182 497
182 241
182 296
182 380
182 387
182 365
182 392
183 386
183 388
183 261
183 322
183 398
183 415
183 290
183 419
183 325
183 487
183 366
183 434
183 436
183 437
183 445
184 385
184 389
184 422
184 305
184 443
184 239
184 417
184 253
184 381
184 246
184 219
184 254
184 351
185 261
185 307
185 355
185 268
185 493
185 399
185 306
185 339
185 440
185 248
185 252
186 307
186 325
186 329
186 250
186 479
186 474
187 320
187 453
187 459
187 332
187 461
187 400
187 280
187 342
187 344
187 261
187 246
187 488
187 363
187 496
187 250
187 446
188 386
188 459
188 198
188 417
188 394
188 439
188 275
188 214
188 279
188 315
188 241
188 295
188 306
188 375
188 281
189 419
189 196
189 470
189 230
189 263
189 296
189 207
189 464
189 451
189 203
189 477
190 195
190 390
190 327
190 471
190 475
190 477
190 222
190 223
190 418
190 347
190 391
190 485
190 273
190 489
190 237
190 308
191 256
191 275
191 214
191 354
191 419
191 485
191 360
191 254
191 488
191 307
191 374
191 311
191 362
191 446
192 387
192 197
192 396
192 203
192 279
192 220
192 286
192 354
192 419
192 231
192 412
192 367
192 373
192 246
192 309
193 448
193 325
193 199
193 458
193 340
193 474
193 413
193 223
193 224
193 482
193 292
193 422
193 246
193 487
193 360
193 362
193 225
193 437
193 370
193 308
193 391
193 310
193 329
193 263
194 226
194 196
194 200
194 220
194 209
194 310
194 377
194 250
194 329
194 223
195 290
195 310
195 229
195 363
195 497
195 210
195 435
195 468
196 230
196 379
196 269
196 338
196 307
196 343
196 442
196 283
197 388
197 390
197 263
197 328
197 403
197 470
197 424
197 238
197 253
197 435
197 200
198 272
198 488
198 396
198 386
198 431
198 208
198 370
198 438
198 297
198 348
198 345
199 358
199 289
199 232
199 327
199 369
199 402
199 245
199 471
199 312
199 345
199 415
199 348
199 405
200 225
200 425
200 455
200 312
200 212
200 280
200 415
200 477
200 286
201 203
201 237
201 467
201 221
201 242
201 312
201 442
201 251
201 478
202 328
202 385
202 392
202 230
202 262
202 337
202 233
202 330
202 334
202 272
202 273
202 274
202 416
202 244
202 436
202 476
202 285
202 421
203 328
203 333
203 273
203 213
203 214
203 411
203 287
203 228
203 294
203 298
203 434
203 469
204 240
204 210
204 497
204 439
204 305
204 266
204 314
204 290
204 365
205 322
205 353
205 397
205 272
205 412
205 289
205 233
205 300
205 367
205 464
205 378
205 251
206 272
206 322
206 259
206 300
206 398
206 482
206 466
206 308
206 245
206 377
206 313
206 421
207 456
207 325
207 328
207 434
207 306
207 437
207 249
207 378
208 412
208 326
208 357
208 426
208 237
208 240
208 469
208 245
208 378
208 319
208 348
209 497
209 454
209 360
209 265
209 218
209 266
210 490
210 389
210 407
210 219
210 220
210 349
210 350
210 483
210 222
210 439
210 441
210 445
211 448
211 483
211 268
211 434
211 467
211 281
211 475
211 255
212 449
212 465
212 430
212 341
212 214
212 444
212 477
213 448
213 321
213 327
213 305
213 360
213 236
213 333
213 400
213 437
213 472
214 389
214 263
214 270
214 341
214 215
214 218
214 284
214 481
214 482
214 358
214 427
214 438
214 446
214 255
215 356
215 459
215 238
215 433
215 341
215 280
215 250
215 499
216 225
216 260
216 231
216 329
216 428
216 433
216 352
216 342
216 247
216 473
216 346
216 350
217 351
217 420
217 301
217 366
217 312
217 306
217 244
217 462
217 280
217 372
217 218
217 319
218 481
218 487
218 466
218 338
218 469
218 494
218 314
218 362
218 254
219 388
219 454
219 456
219 335
219 430
219 345
219 409
219 417
219 475
219 292
219 390
219 361
219 238
219 483
219 305
219 379
219 445
220 321
220 477
220 417
220 471
220 386
220 301
220 336
220 416
220 393
220 312
220 314
220 475
220 298
220 351
221 450
221 326
221 455
221 397
221 401
221 338
221 471
221 292
221 429
221 496
221 246
222 464
222 263
222 296
222 496
222 396
222 435
222 275
222 409
222 478
222 377
223 416
223 355
223 480
223 266
223 327
223 400
223 297
223 313
223 380
223 254
223 309
224 393
224 482
224 467
224 464
224 339
224 231
224 418
224 360
224 427
224 468
224 237
224 496
224 242
224 317
224 383
225 452
225 393
225 458
225 484
225 401
225 420
225 412
225 288
225 290
225 228
225 358
225 359
225 252
225 237
225 315
226 257
226 296
226 338
226 276
226 396
226 351
226 316
227 308
227 454
227 396
227 408
227 467
227 436
227 410
227 477
227 295
227 232
227 489
227 298
227 236
227 305
227 369
227 372
227 314
227 445
228 386
228 469
228 333
228 400
228 408
228 429
228 282
228 411
228 348
228 416
228 421
228 237
228 367
228 310
228 476
228 444
228 447
229 289
229 322
229 230
229 487
229 232
229 233
229 331
229 259
229 241
229 434
229 309
229 470
229 355
229 345
230 384
230 331
230 332
230 339
230 340
230 281
230 282
230 431
230 494
230 349
230 462
230 313
230 319
231 384
231 450
231 333
231 271
231 402
231 451
231 335
231 294
231 300
231 438
231 315
232 416
232 258
232 425
232 399
232 401
232 433
232 286
233 400
233 482
233 422
233 327
233 408
233 252
233 383
234 331
234 374
234 289
234 296
234 481
234 246
234 408
234 442
234 286
235 497
235 322
235 291
235 433
235 401
235 371
235 472
235 250
235 251
235 285
236 432
236 277
236 422
236 392
236 387
236 274
236 298
236 382
237 435
237 301
237 369
237 312
237 413
238 481
238 296
238 465
238 439
238 301
238 303
238 401
238 338
238 291
238 245
238 433
238 285
238 293
239 295
239 262
239 263
239 454
239 472
239 247
239 450
239 296
239 487
239 437
239 423
240 379
240 324
240 358
240 300
240 369
240 492
240 436
240 439
240 282
240 444
240 255
241 326
241 395
241 306
241 323
241 308
241 439
241 348
241 340
241 255
242 261
242 424
242 460
242 369
242 250
243 327
243 331
243 334
243 467
243 425
243 473
243 283
243 405
244 322
244 456
244 331
244 399
244 336
244 279
244 475
244 285
244 350
244 289
244 482
244 295
244 363
244 365
244 312
245 321
245 456
245 331
245 402
245 278
245 407
245 431
245 348
245 357
245 406
245 401
245 298
245 493
245 417
245 378
245 380
246 394
246 268
246 290
246 334
246 271
246 285
246 273
246 431
246 441
246 378
246 490
247 385
247 408
247 440
247 262
247 267
247 272
247 270
247 281
247 271
247 426
247 447
248 409
248 417
248 450
248 391
248 490
248 347
248 259
248 309
248 478
248 283
248 445
248 446
249 289
249 465
249 268
249 402
249 355
249 463
249 407
249 408
249 485
249 250
249 318
250 352
250 491
250 441
250 356
250 262
250 299
250 436
250 316
251 384
251 290
251 483
251 388
251 358
251 263
251 300
251 461
251 400
251 275
251 420
251 345
251 410
251 283
251 479
252 393
252 322
252 421
252 497
252 282
252 485
253 256
253 386
253 484
253 497
253 264
253 476
253 266
253 467
253 431
253 304
253 433
253 470
253 281
253 284
253 293
254 322
254 392
254 335
254 272
254 281
254 482
254 291
254 423
254 327
254 419
255 496
255 322
255 373
255 259
255 355
255 491
255 410
256 488
256 484
256 462
256 434
256 404
256 361
256 409
256 347
257 359
257 425
257 394
257 270
257 401
257 383
257 373
257 409
257 363
257 348
257 261
258 321
258 362
258 492
258 432
258 276
258 373
258 310
258 347
258 413
258 383
259 323
259 278
259 331
259 270
259 335
259 342
259 343
259 285
259 485
259 352
259 489
259 495
259 443
260 293
260 305
260 302
260 373
261 391
261 322
261 429
261 273
261 467
261 277
261 352
261 353
261 494
261 375
261 376
262 292
262 295
262 373
262 499
263 386
263 394
263 267
263 275
263 470
263 474
263 325
263 489
263 428
263 477
263 330
264 288
264 289
264 388
264 323
264 375
264 283
265 320
265 393
265 394
265 471
265 367
265 279
265 413
265 378
265 431
265 476
265 297
266 342
266 488
266 361
266 269
266 464
266 371
266 468
266 303
267 386
267 323
267 389
267 458
267 320
267 384
267 419
267 470
267 283
267 477
267 291
267 484
267 293
267 366
267 332
268 385
268 332
268 468
268 494
268 278
268 281
268 335
268 348
268 419
268 439
268 446
268 319
269 457
269 361
269 472
269 468
269 281
269 441
270 473
270 471
270 331
270 401
270 323
270 345
270 292
270 415
270 299
270 305
270 441
270 319
271 397
271 399
271 466
271 275
271 343
271 476
271 360
271 298
272 449
272 460
272 406
272 348
272 420
272 486
272 424
272 445
273 483
273 424
273 499
273 306
273 469
273 314
274 387
274 361
274 308
274 278
274 346
274 415
275 451
275 459
275 320
275 477
275 483
275 486
275 359
275 372
276 291
276 428
276 300
276 464
276 355
276 393
276 280
276 315
276 322
276 383
277 452
277 394
277 332
277 427
277 406
277 425
277 374
277 311
278 480
278 322
278 324
278 373
278 405
278 391
278 456
278 333
279 391
279 341
279 418
279 484
279 444
279 499
279 382
280 395
280 292
280 391
280 433
280 407
280 426
281 320
281 321
281 389
281 422
281 332
281 340
281 382
281 471
281 384
281 478
281 453
281 485
281 441
282 353
282 473
282 485
282 385
282 330
282 461
282 436
282 311
282 378
283 480
283 354
283 300
283 431
283 368
283 433
283 473
283 458
284 320
284 457
284 374
284 296
284 334
284 413
284 433
284 403
284 311
284 313
284 479
285 435
285 327
285 361
285 419
285 499
285 401
285 489
285 371
286 321
286 331
286 357
286 353
286 461
286 496
286 297
286 440
286 314
286 287
287 387
287 358
287 300
287 431
287 382
287 393
288 448
288 360
288 429
288 498
289 459
289 420
289 398
289 413
289 347
289 415
290 448
290 452
290 459
290 402
290 342
290 343
290 493
290 477
290 483
290 421
290 370
291 417
291 452
291 332
291 304
291 478
292 392
292 329
292 332
292 295
292 426
292 376
292 457
292 380
293 425
293 434
293 304
293 472
293 413
293 475
293 444
294 386
294 466
294 401
295 468
296 387
296 331
296 397
296 463
296 464
296 335
296 352
296 481
296 489
296 437
296 318
297 326
297 327
297 491
298 366
298 472
298 434
298 312
298 377
298 314
299 320
299 439
299 357
299 306
299 494
299 356
299 316
299 458
300 387
300 323
300 473
300 416
300 368
300 347
300 357
300 424
300 305
300 498
301 409
301 457
301 455
301 324
301 492
301 498
301 311
301 309
302 453
302 337
302 366
302 336
302 400
302 487
302 473
302 415
302 351
303 336
303 386
303 323
303 467
303 335
303 355
303 430
303 313
303 399
304 428
304 371
304 466
304 334
304 382
305 399
305 407
305 346
305 414
305 429
305 441
305 445
305 382
306 343
306 498
306 464
306 402
306 430
306 310
306 335
306 311
307 487
307 458
307 479
307 467
307 431
307 336
307 433
307 463
307 471
307 420
307 346
308 474
308 451
308 481
308 338
308 484
308 346
308 463
308 445
309 476
309 351
309 428
309 376
309 380
309 446
310 329
310 350
310 419
310 485
310 425
310 460
310 430
310 369
310 439
310 322
310 447
311 398
311 408
311 411
311 410
311 472
311 488
311 476
311 367
311 432
311 375
311 413
311 442
311 379
311 443
312 320
312 353
312 415
312 454
312 334
312 438
312 408
312 410
312 379
312 414
313 448
313 481
313 451
313 389
313 327
313 423
313 397
313 405
313 461
313 399
313 458
314 384
314 449
314 455
314 395
314 334
314 340
314 477
314 491
314 374
314 426
315 396
315 494
315 417
316 404
316 470
316 408
316 452
316 442
316 350
316 489
316 423
316 487
316 443
317 455
317 489
317 418
317 333
317 497
317 367
317 479
317 357
318 490
318 428
318 497
318 340
319 356
319 402
319 427
319 365
319 381
319 371
319 409
319 472
319 412
319 330
320 484
320 396
320 333
321 443
321 452
321 373
321 491
321 462
321 418
321 368
321 382
321 407
321 477
322 323
322 393
322 400
322 466
322 474
322 412
322 349
322 457
322 377
323 454
323 369
323 489
323 491
323 364
323 439
323 440
324 418
324 357
324 417
324 471
324 409
324 346
325 388
325 328
325 462
325 356
325 399
325 412
325 423
325 476
325 362
325 491
325 368
325 426
326 389
326 393
326 468
326 469
326 453
326 357
326 358
326 488
326 494
326 431
326 434
327 354
327 394
327 364
327 466
327 342
328 453
328 491
328 388
328 497
328 434
328 371
329 445
329 377
329 330
329 394
330 450
330 470
330 471
330 473
330 380
331 340
331 341
331 475
331 414
331 417
331 359
331 431
331 445
332 385
332 340
332 412
332 415
332 424
332 493
332 467
333 347
333 475
333 362
333 436
333 381
334 361
334 365
334 396
335 453
335 456
335 460
335 336
335 474
335 348
335 477
335 360
335 372
335 441
336 454
336 481
336 411
336 478
336 480
336 425
336 418
336 489
336 338
336 438
336 361
336 341
337 352
337 480
337 387
337 428
337 375
337 380
337 367
337 394
338 360
338 362
338 492
338 488
338 430
338 472
338 431
338 414
339 416
339 359
339 460
339 349
339 373
339 344
339 447
339 380
339 350
339 437
340 353
340 394
340 462
340 355
340 469
340 406
340 446
340 472
340 445
340 436
341 416
341 353
341 369
341 469
341 471
341 455
342 420
342 454
342 434
342 387
342 372
342 471
342 468
342 476
343 461
343 404
343 479
343 417
343 419
344 422
344 492
345 354
345 487
345 413
345 432
346 448
346 455
346 396
346 498
347 357
347 450
347 446
347 444
348 453
348 460
348 470
348 364
348 400
348 447
349 484
349 465
349 407
349 441
350 352
350 386
350 411
350 399
350 445
350 414
351 459
351 392
351 395
351 468
351 478
351 414
351 360
351 361
351 496
351 376
352 457
352 358
352 411
352 463
353 454
353 390
353 456
354 418
354 462
354 477
355 416
355 419
355 369
355 483
355 408
355 448
355 429
356 400
356 487
356 375
356 495
356 440
356 443
356 380
357 482
357 487
357 426
357 493
357 438
358 493
358 480
358 365
358 437
358 375
358 462
359 435
359 366
359 369
359 446
359 409
359 377
359 443
359 414
360 386
360 389
360 463
360 397
360 481
360 432
361 452
361 478
361 483
361 367
361 368
361 489
361 383
362 459
362 454
362 453
362 399
362 447
362 444
363 458
363 429
363 370
363 387
363 379
364 417
364 450
364 461
364 370
364 378
364 410
364 415
365 409
365 475
365 369
366 447
366 380
367 407
367 495
367 481
367 491
367 368
367 376
367 442
368 429
368 374
369 457
369 466
369 479
369 416
369 481
369 439
370 388
370 397
370 405
370 442
371 448
371 455
371 400
371 470
371 459
371 419
371 486
371 488
371 494
371 434
372 385
372 460
372 415
372 493
372 494
372 431
372 425
372 377
373 411
373 491
373 480
373 418
373 488
373 434
373 403
374 391
374 460
374 427
374 398
374 461
374 394
375 471
375 464
375 406
375 474
375 476
375 426
375 377
376 493
376 393
376 431
376 397
376 437
376 457
376 381
377 449
377 450
377 409
377 475
377 476
377 415
377 489
377 425
377 432
377 435
378 459
378 400
378 453
378 497
378 428
378 380
379 480
379 482
379 387
379 392
379 381
380 447
380 411
380 438
380 422
380 467
380 424
380 493
380 483
380 410
381 400
381 402
381 410
382 389
383 459
383 417
383 464
383 438
383 441
383 477
384 492
384 450
384 434
384 403
384 399
384 498
385 463
386 450
386 403
386 413
386 485
387 472
387 399
387 419
387 423
387 465
388 438
388 389
388 460
388 410
389 468
389 479
390 391
390 429
390 462
390 475
390 412
391 467
391 404
391 488
392 494
392 402
392 410
393 408
393 423
393 426
393 497
394 444
394 397
394 398
394 411
394 418
394 483
394 486
394 423
394 433
395 497
395 475
396 454
396 470
396 481
396 484
396 486
396 437
397 482
397 461
398 455
398 400
398 409
398 464
398 476
398 477
398 480
398 482
398 445
398 434
398 443
399 422
399 493
399 410
400 421
400 422
401 459
401 470
401 410
401 478
401 474
402 448
402 487
402 461
402 424
402 488
402 444
403 484
403 431
403 456
403 434
403 416
403 411
403 426
404 433
404 489
404 494
405 475
405 470
405 472
406 423
406 427
406 472
407 456
408 411
408 413
408 488
409 412
409 417
409 476
409 463
410 463
411 465
412 452
412 455
412 463
412 453
412 482
413 433
414 451
414 481
414 434
414 435
414 423
414 474
416 493
416 443
417 450
417 457
417 462
417 459
417 494
417 431
417 435
417 436
418 455
418 496
418 473
418 426
419 421
420 492
420 473
421 477
422 450
422 485
422 497
423 452
423 461
423 468
423 476
423 470
423 492
423 430
423 439
424 473
424 471
424 461
424 466
425 426
426 466
426 481
426 486
426 493
426 431
427 451
427 450
427 433
427 498
428 464
428 451
428 436
428 460
428 461
429 453
429 445
429 432
430 486
430 470
431 467
431 470
431 471
431 476
431 493
432 479
433 486
434 443
434 458
435 445
436 453
436 468
439 450
439 455
439 476
439 488
439 447
439 446
440 478
441 476
441 442
441 482
441 445
442 450
442 483
442 464
443 463
443 464
443 465
444 490
444 471
445 488
445 458
445 472
445 484
446 467
446 491
448 454
448 456
448 473
448 452
449 481
449 486
449 461
450 463
450 477
452 493
452 466
452 494
453 480
454 482
454 495
455 459
455 482
455 494
457 459
457 498
457 469
457 474
458 477
460 482
461 473
461 481
464 482
465 468
465 499
465 471
466 470
466 476
468 479
470 478
470 480
472 474
474 479
474 488
474 490
476 486
477 485
477 499
478 485
479 489
480 486
480 491
482 491
482 483
482 493
482 497
483 487
483 496
484 489
485 499
487 497
