1
0 102
1 175
1 229
2 19
2 241
3 12
3 90
4 278
4 263
5 295
5 251
6 197
6 255
7 130
7 230
8 283
8 206
9 54
10 74
10 93
11 169
11 188
12 221
13 173
13 119
14 288
14 112
15 170
15 296
16 257
16 72
17 39
17 193
18 56
18 121
19 90
20 114
20 146
21 180
21 103
22 27
22 46
23 80
23 254
24 40
24 232
25 140
25 66
26 34
26 188
27 91
28 40
28 98
29 298
29 82
30 83
30 96
31 38
31 195
32 72
32 96
33 267
33 170
34 158
35 163
35 288
36 106
36 295
37 290
37 105
38 122
39 43
41 299
41 243
42 102
42 110
43 221
44 124
44 237
45 258
45 69
46 203
47 191
47 249
48 293
48 247
49 50
49 118
50 87
51 62
51 122
52 177
52 115
53 275
53 191
54 230
55 259
55 56
57 58
57 134
58 70
59 138
59 60
60 163
61 177
61 210
62 218
63 223
63 108
64 296
64 199
65 277
65 205
66 156
67 129
67 208
68 152
68 156
69 171
70 184
71 92
71 223
73 270
73 243
74 271
75 297
75 199
76 189
76 142
77 285
77 88
78 155
78 216
79 141
79 92
80 182
81 263
81 192
82 168
83 167
84 220
84 139
85 137
85 215
86 192
86 284
87 209
88 182
89 116
89 164
91 148
93 142
94 101
94 247
95 273
95 130
97 277
97 215
98 229
99 153
99 255
100 272
100 120
101 107
103 145
104 276
104 190
105 144
106 266
107 162
108 179
109 280
109 269
110 115
111 222
111 126
112 238
113 281
113 210
114 180
116 178
117 181
117 251
118 120
119 195
121 279
123 234
123 246
124 169
125 198
125 250
126 276
127 278
127 233
128 200
128 227
129 179
131 281
131 227
132 261
132 158
133 136
133 183
134 256
135 274
135 236
136 236
137 234
138 241
139 287
140 157
141 244
143 167
143 185
144 217
145 246
146 264
147 257
147 209
148 214
149 189
149 239
150 171
150 197
151 289
151 244
152 253
153 194
154 196
154 242
155 248
157 289
159 286
159 245
160 291
160 162
161 193
161 213
164 225
165 282
165 268
166 186
166 211
168 271
172 178
172 219
173 228
174 286
174 187
175 207
176 266
176 218
181 203
183 259
184 258
185 294
186 294
187 265
190 260
194 253
196 298
198 245
200 265
201 202
201 270
202 290
204 217
204 250
205 248
206 216
207 214
208 275
211 213
212 292
212 254
219 299
220 292
222 226
224 228
224 252
225 231
226 233
231 249
232 264
235 262
235 285
237 262
238 260
239 240
240 291
242 273
252 287
256 269
261 280
267 268
272 297
274 293
279 284
282 283
300 9
301 0
-1 -1
8.32999
