1
0 29
0 215
1 274
1 55
2 36
2 275
3 134
3 83
4 104
4 116
5 249
5 254
6 157
6 199
7 18
7 22
8 279
8 82
9 30
9 174
10 258
10 216
11 261
11 118
12 86
12 226
13 258
13 50
14 143
14 209
15 295
15 213
16 154
16 170
17 130
17 231
18 186
19 34
19 230
20 41
20 66
21 256
21 74
22 212
23 28
23 126
24 276
24 109
25 94
25 243
26 122
26 202
27 208
27 211
28 128
29 30
31 68
31 177
32 296
32 153
33 110
33 185
34 197
35 67
35 132
36 289
37 49
37 272
38 215
38 90
39 167
39 235
40 165
40 204
41 177
42 87
42 221
43 245
43 224
44 80
44 262
45 132
45 73
46 218
46 247
47 119
47 219
48 171
48 206
49 222
50 147
51 71
51 206
52 66
52 113
53 167
53 203
54 55
54 101
56 260
56 88
57 279
57 91
58 257
58 103
59 105
59 237
60 272
60 73
61 274
61 251
62 286
62 201
63 72
63 195
64 98
64 231
65 77
65 152
67 100
68 94
69 143
69 192
70 158
70 185
71 142
72 201
75 281
75 193
76 259
76 107
77 78
78 157
79 260
79 111
80 277
81 84
81 257
82 218
83 193
84 179
85 93
85 164
86 216
87 287
88 174
89 154
89 263
90 205
91 146
92 158
92 209
93 282
95 151
95 248
96 273
96 101
97 139
97 120
98 135
99 253
99 277
100 253
102 298
102 299
103 124
104 111
105 262
106 270
106 187
107 236
108 178
108 242
109 115
110 278
112 288
112 125
113 266
114 220
114 285
115 172
116 175
117 129
117 284
118 267
119 294
120 172
121 268
121 297
122 207
123 169
123 189
124 146
125 214
126 139
127 144
127 238
128 149
129 240
130 280
131 159
131 198
133 264
133 163
134 184
135 255
136 286
136 208
137 285
137 290
138 165
138 188
140 293
140 234
141 171
141 196
142 296
144 251
145 225
145 240
147 228
148 180
148 211
149 204
150 170
150 156
151 278
152 249
153 250
155 247
155 255
156 192
159 237
160 190
160 230
161 200
161 212
162 244
162 196
163 261
164 194
166 268
166 246
168 265
168 176
169 232
173 220
173 223
175 276
176 283
178 259
179 224
180 226
181 186
181 235
182 221
182 245
183 270
183 194
184 252
187 297
188 217
189 207
190 203
191 200
191 214
195 291
197 239
198 293
199 292
202 219
205 244
210 282
210 254
213 222
217 271
223 273
225 280
227 289
227 299
228 250
229 284
229 248
232 269
233 281
233 294
234 246
236 256
238 241
239 283
241 252
242 287
243 271
263 292
264 295
265 291
266 267
269 275
288 290
300 74
301 298
-1 -1
16.253
