1
0 35
0 104
1 6
1 131
2 10
2 280
3 17
3 22
4 14
4 200
5 162
5 253
6 206
7 82
7 187
8 15
8 124
9 98
9 121
10 257
11 38
11 106
12 44
12 173
13 132
13 137
14 66
15 42
16 284
16 114
17 175
18 69
18 238
19 95
19 244
20 260
21 282
21 285
22 166
23 81
23 123
24 155
24 207
25 126
25 244
26 48
26 189
27 257
27 283
28 265
28 176
29 146
29 249
30 261
30 269
31 185
31 107
32 153
32 125
33 236
33 59
34 134
34 224
35 295
36 267
36 252
37 56
37 188
38 153
39 290
39 227
40 103
40 201
41 72
41 263
42 279
43 163
43 242
44 272
45 82
45 252
46 284
46 119
47 92
47 190
48 62
49 203
49 89
50 204
50 217
51 173
51 251
52 294
52 181
53 172
53 122
54 70
54 118
55 140
55 220
56 143
57 120
57 181
58 268
58 136
59 193
60 264
60 110
61 130
61 231
62 289
63 125
63 255
64 150
64 101
65 169
65 248
66 93
67 85
67 88
68 99
68 234
69 159
70 198
71 270
71 206
72 88
73 157
73 214
74 286
74 208
75 164
75 169
76 80
76 182
77 191
77 230
78 90
78 273
79 105
79 218
80 274
81 259
83 256
83 219
84 205
84 222
85 174
86 286
86 276
87 229
87 248
89 148
90 142
91 127
91 167
92 170
93 296
94 199
94 222
95 142
96 287
96 207
97 182
97 191
98 268
99 196
100 139
100 162
101 187
102 155
102 250
103 124
104 108
105 133
106 178
107 298
108 281
109 262
109 119
110 202
111 185
111 223
112 147
112 216
113 225
114 194
115 117
115 210
116 277
116 255
117 249
118 160
120 250
121 295
122 285
123 200
126 138
127 233
128 259
128 183
129 258
129 237
130 209
131 164
132 205
133 204
134 197
135 221
135 294
136 245
137 263
138 275
139 242
140 238
141 165
141 214
143 166
144 180
144 247
145 189
145 192
146 270
147 152
148 236
149 269
149 210
150 174
151 208
151 241
152 179
154 291
154 221
156 224
156 234
157 171
158 271
158 289
159 225
160 186
161 299
161 203
163 272
165 167
168 197
168 211
170 246
171 239
172 232
175 176
177 220
177 228
178 254
179 227
180 254
183 292
184 212
184 226
186 273
188 219
190 192
193 202
194 195
195 245
196 247
198 226
199 246
201 293
209 262
211 299
212 240
213 276
213 290
215 283
215 288
216 230
217 278
218 296
223 243
228 243
229 235
231 291
232 279
233 271
235 293
237 297
239 277
240 274
241 266
251 280
253 275
256 261
258 260
264 266
265 288
267 281
278 287
282 298
292 297
300 113
301 20
-1 -1
19.067
