1
0 54
0 71
1 63
1 190
2 285
2 43
3 42
3 264
4 153
4 206
5 94
5 202
6 258
6 196
7 117
7 129
8 77
8 200
9 48
9 188
10 88
10 187
11 71
11 92
12 41
12 231
13 75
13 153
14 143
14 95
15 288
15 154
16 106
16 197
17 140
17 244
18 85
18 231
19 134
19 174
20 24
20 40
21 31
21 296
22 258
22 222
23 111
23 228
24 34
25 28
25 183
26 142
26 236
27 277
27 69
28 287
29 211
29 226
30 274
30 118
31 93
32 39
32 171
33 83
33 212
34 180
35 51
35 167
36 262
36 247
37 179
37 201
38 290
38 78
39 130
40 203
41 46
42 230
43 184
44 181
44 249
45 269
45 161
46 152
47 113
47 136
48 86
49 104
49 124
50 270
50 253
51 220
52 264
52 182
53 265
53 212
54 263
55 286
55 161
56 288
56 189
57 58
57 116
58 61
59 126
59 175
60 127
60 217
61 121
62 196
62 106
63 150
64 269
64 188
65 276
65 98
66 183
66 82
67 177
67 202
68 195
68 95
69 235
70 166
70 122
72 100
72 112
73 289
74 114
74 213
75 131
76 146
76 198
77 283
78 210
79 96
79 239
80 197
80 230
81 209
81 246
82 194
83 193
84 171
84 210
85 148
86 100
87 115
87 227
88 207
89 165
89 110
90 281
90 298
91 147
91 187
92 156
93 297
94 229
96 176
97 224
97 229
98 160
99 123
99 283
101 266
101 117
102 277
102 279
103 165
103 109
104 238
105 265
105 240
107 291
107 157
108 272
108 241
109 255
110 137
111 242
112 256
113 168
114 239
115 223
116 290
118 289
119 274
119 163
120 259
120 138
121 145
122 144
123 192
124 221
125 267
125 233
126 219
127 299
128 199
128 218
129 273
130 261
131 205
132 136
132 137
133 143
133 243
134 213
135 272
135 201
138 172
139 178
139 240
140 167
141 279
141 211
142 278
144 227
145 177
146 191
147 234
148 270
149 192
149 242
150 257
151 284
151 225
152 169
155 157
155 249
156 176
158 190
158 209
159 232
159 281
160 198
162 296
162 214
163 218
164 169
164 246
166 204
168 219
170 286
170 215
172 255
173 294
173 254
174 275
175 186
178 266
179 236
180 299
181 251
182 251
184 297
185 200
185 235
186 293
189 284
191 252
193 223
194 248
195 228
199 271
203 208
204 263
205 250
206 282
207 221
208 268
214 291
215 241
216 260
216 276
217 261
220 226
222 245
224 292
225 257
232 252
233 237
234 292
237 287
238 295
243 271
244 259
245 267
247 273
248 260
250 293
253 285
254 278
256 298
262 282
268 275
280 294
280 295
300 73
301 154
-1 -1
26.0403
