1
0 54
0 173
1 54
1 65
2 70
2 204
3 134
3 229
4 21
4 83
5 23
5 91
6 127
6 211
7 33
7 298
8 153
8 188
9 131
9 263
10 98
10 148
11 177
11 81
12 227
12 239
13 291
13 154
14 246
14 248
15 184
15 195
16 88
16 247
17 40
17 105
18 132
18 229
19 236
19 243
20 63
20 215
21 144
22 61
22 233
23 50
24 237
24 119
25 276
25 107
26 283
26 297
27 53
27 204
28 261
28 167
29 49
29 144
30 287
30 218
31 277
31 210
32 259
32 113
33 176
34 156
34 163
35 219
35 223
36 198
36 259
37 272
37 103
38 194
38 263
39 127
39 140
40 257
41 87
41 239
42 275
42 280
43 190
43 222
44 290
44 282
45 291
45 94
46 194
46 201
47 192
47 154
48 84
48 200
49 199
50 192
51 269
51 193
52 294
52 159
53 206
55 241
55 243
56 271
56 247
57 293
57 164
58 124
58 208
59 126
59 253
60 178
60 117
61 116
62 270
62 95
63 267
64 128
64 251
65 182
66 71
66 187
67 119
67 190
68 133
68 196
69 78
69 109
70 136
71 78
72 265
72 99
73 264
73 138
74 274
74 77
75 147
75 249
76 105
76 158
77 135
79 161
79 231
80 145
80 236
81 161
82 216
82 252
83 240
84 275
85 93
85 101
86 293
86 224
87 296
88 274
89 264
89 95
90 278
90 143
91 175
92 139
92 209
93 97
94 251
96 272
96 225
97 160
98 261
99 189
100 207
100 296
101 273
102 218
102 232
103 107
104 287
104 212
106 244
108 279
108 197
109 221
110 282
110 174
111 146
111 238
112 191
112 255
113 226
114 260
114 152
115 278
115 289
116 172
117 163
118 169
118 219
120 200
120 234
121 156
121 222
122 201
122 230
123 165
123 220
124 284
125 136
125 174
126 141
128 178
129 288
129 237
130 230
130 253
131 238
132 223
133 258
134 145
135 141
137 138
137 227
139 186
140 225
142 172
142 193
143 148
146 269
147 181
149 185
149 270
150 155
150 240
151 231
151 168
152 228
153 160
155 217
157 187
157 295
158 256
159 266
162 299
162 186
164 280
165 171
166 170
166 199
167 168
169 246
170 242
171 197
173 202
175 286
176 281
177 271
179 273
179 254
180 289
180 203
181 211
182 235
183 276
183 188
184 265
185 260
189 233
191 206
195 248
196 214
198 262
202 205
203 213
205 298
207 257
208 286
209 235
210 216
212 244
213 290
214 242
215 288
217 268
220 262
221 250
224 250
226 292
228 268
232 279
234 249
241 283
245 292
245 255
252 299
254 285
256 281
258 267
277 294
284 285
295 297
300 106
301 266
-1 -1
0.749976
