1
0 1
0 93
1 67
2 52
2 287
3 179
3 57
4 55
4 298
5 191
5 290
6 145
6 205
7 11
7 49
8 118
8 279
9 290
9 250
10 59
10 188
11 85
12 273
12 193
13 66
13 180
14 39
14 175
15 150
15 199
16 148
16 42
17 176
17 263
18 270
18 62
19 79
19 191
20 232
20 251
21 261
21 77
22 89
22 126
23 51
23 215
24 88
25 159
25 229
26 61
26 97
27 162
27 210
28 33
28 79
29 74
29 207
30 147
30 184
31 131
31 246
32 235
32 284
33 57
34 272
34 183
35 103
35 244
36 182
36 97
37 291
37 108
38 278
38 141
39 252
40 59
40 217
41 181
41 217
42 212
43 45
43 200
44 259
44 118
45 224
46 270
46 235
47 120
47 201
48 277
48 297
49 144
50 283
50 171
51 117
52 247
53 110
53 219
54 299
54 85
55 137
56 65
56 232
58 152
58 185
60 142
60 172
61 216
62 178
63 265
63 284
64 292
64 142
65 280
66 242
67 80
68 249
68 190
69 269
69 213
70 90
70 144
71 276
71 231
72 157
72 110
73 260
73 251
74 104
75 132
75 135
76 102
76 111
77 230
78 242
78 248
80 112
81 177
81 197
82 153
82 107
83 90
83 192
84 196
84 223
86 154
86 227
87 248
87 164
88 259
89 109
91 162
91 221
92 127
92 171
93 269
94 106
94 124
95 266
95 102
96 267
96 173
98 133
98 195
99 158
99 209
100 201
100 247
101 139
101 216
103 226
104 204
105 167
105 218
106 210
107 208
108 277
109 152
111 140
112 181
113 286
113 234
114 275
114 245
115 157
115 169
116 221
116 203
117 286
119 258
119 230
120 240
121 130
122 140
122 228
123 143
123 195
124 213
125 296
125 204
126 295
127 145
128 294
128 237
129 136
129 139
130 198
131 241
132 183
133 214
134 199
134 218
135 244
136 166
137 155
138 287
138 189
141 186
143 163
146 258
146 236
147 160
148 278
149 256
149 178
150 289
151 156
151 231
153 159
154 182
155 158
156 288
160 255
161 168
161 237
163 234
164 166
165 207
165 212
167 228
168 172
169 224
170 295
170 174
173 282
174 240
175 260
176 293
177 202
179 285
180 283
184 227
185 233
186 226
187 281
187 193
188 245
189 257
190 246
192 268
194 292
194 239
196 289
197 214
198 238
200 275
202 274
203 255
205 271
206 233
206 253
208 272
209 253
211 238
211 285
215 219
220 256
220 222
222 254
223 264
225 261
225 281
229 254
236 276
239 282
241 243
243 279
249 266
250 267
252 263
257 291
262 296
262 264
265 268
271 280
273 298
274 294
288 293
297 299
300 121
301 24
-1 -1
0.622068
