1
0 34
0 122
1 70
1 257
2 101
2 382
3 64
3 310
4 114
4 51
5 390
5 338
6 342
6 305
7 368
7 61
8 9
8 372
9 221
10 260
10 266
11 75
11 176
12 282
12 370
13 391
13 324
14 71
14 251
15 249
15 313
16 231
16 243
17 278
17 377
18 345
18 286
19 73
19 151
20 36
20 242
21 96
21 314
22 298
22 371
23 229
23 116
24 76
24 301
25 291
25 234
26 195
26 318
27 46
27 112
28 66
28 144
29 387
29 333
30 126
30 63
31 358
31 340
32 100
32 247
33 167
34 277
35 50
35 115
36 91
37 142
37 293
38 158
38 105
39 395
39 223
40 354
40 90
41 132
41 61
42 353
42 69
43 269
43 274
44 87
44 219
45 300
45 362
46 362
47 233
47 147
48 98
48 213
49 348
49 299
50 283
51 88
52 257
52 281
53 335
53 346
54 165
54 238
55 265
55 329
56 206
56 170
57 103
57 177
58 366
58 181
59 263
59 275
60 289
60 232
62 196
62 289
63 381
64 242
65 331
65 284
66 216
67 270
67 126
68 390
68 353
69 120
70 302
71 347
72 392
72 205
73 209
74 200
74 376
75 265
76 191
77 294
77 107
78 163
78 310
79 358
79 327
80 146
80 344
81 193
81 238
82 215
82 365
83 268
83 224
84 256
84 272
85 227
85 109
86 132
86 204
87 373
88 259
89 350
89 315
90 329
91 212
92 99
92 276
93 334
93 359
94 221
94 361
95 332
95 367
96 173
97 302
97 124
98 111
99 375
100 298
101 341
102 385
102 176
103 291
104 321
104 392
105 397
106 213
106 327
107 164
108 341
108 301
109 121
110 321
110 161
111 318
112 208
113 246
113 317
114 384
115 181
116 311
117 174
117 240
118 198
118 377
119 217
119 171
120 396
121 296
122 147
123 239
123 182
124 252
125 363
125 316
127 199
127 326
128 394
128 222
129 271
129 152
130 263
130 380
131 184
131 379
133 356
133 159
134 332
134 245
135 312
135 351
136 339
136 148
137 279
137 153
138 306
138 247
139 330
139 168
140 385
140 273
141 295
141 382
142 225
143 266
143 145
144 287
145 254
146 336
148 322
149 153
149 157
150 219
150 359
151 156
152 172
154 192
154 350
155 278
155 184
156 271
157 235
158 288
159 191
160 351
160 383
161 255
162 323
162 360
163 277
164 398
165 169
166 320
166 229
167 262
168 197
169 330
170 292
171 374
172 177
173 389
174 378
175 203
175 315
178 195
178 386
179 256
179 288
180 281
180 254
182 293
183 198
183 270
185 279
185 186
186 399
187 328
187 307
188 214
188 223
189 201
189 222
190 371
190 233
192 393
193 394
194 379
194 368
196 314
197 218
199 325
200 267
201 346
202 228
202 297
203 220
204 210
205 244
206 337
207 323
207 308
208 336
209 226
210 312
211 334
211 347
212 369
214 230
215 337
216 303
217 292
218 378
220 251
224 340
225 345
226 294
227 331
228 328
230 357
231 349
232 395
234 373
235 388
236 367
236 307
237 300
237 387
239 264
240 252
241 285
241 354
243 303
244 338
245 374
246 381
248 261
248 275
249 389
250 386
250 280
253 319
253 255
258 335
258 363
259 398
260 313
261 372
262 360
264 375
267 296
268 317
269 364
272 316
273 366
274 352
276 287
280 309
282 361
283 355
284 320
285 396
286 355
290 322
290 304
295 343
297 311
299 326
304 324
305 356
306 344
308 376
309 352
319 380
325 343
333 399
339 369
342 365
348 384
349 391
364 388
370 393
383 397
400 357
401 33
-1 -1
2.41072
