1
0 5
0 152
1 89
1 46
2 43
2 91
3 305
3 245
4 194
4 293
5 82
6 169
6 364
7 330
7 103
8 337
8 57
9 398
9 253
10 303
10 20
11 202
11 253
12 109
12 309
13 262
13 275
14 339
14 22
15 260
15 226
16 239
16 149
17 288
17 135
18 167
18 240
19 259
19 236
20 118
21 104
21 359
22 68
23 86
23 158
24 271
24 365
25 195
25 332
26 366
26 80
27 71
27 377
28 384
28 31
29 148
29 317
30 35
30 387
31 233
32 320
32 276
33 301
33 120
34 41
34 323
35 207
36 199
36 112
37 273
37 346
38 69
38 115
39 261
39 220
40 209
40 55
41 388
42 277
42 250
43 130
44 58
44 315
45 248
45 381
46 274
47 96
47 141
48 386
48 232
49 152
49 51
50 64
50 295
51 199
52 267
52 281
53 269
53 276
54 216
54 109
55 201
56 235
56 125
57 180
58 73
59 391
59 369
60 279
60 106
61 178
61 190
62 102
62 246
63 76
63 270
64 136
65 66
65 154
66 98
67 324
67 394
68 129
69 331
70 95
70 386
71 279
72 286
72 85
73 200
74 185
74 383
75 118
76 203
77 211
77 281
78 257
78 303
79 198
79 384
80 285
81 390
81 100
82 360
83 310
83 183
84 284
84 213
85 342
86 358
87 96
87 322
88 131
88 308
89 99
90 300
90 368
91 164
92 236
92 283
93 304
93 219
94 353
94 170
95 166
97 295
97 106
98 162
99 341
100 150
101 208
101 374
102 144
103 117
104 333
105 272
105 191
107 338
107 399
108 393
108 259
110 248
110 382
111 322
111 114
112 390
113 173
113 346
114 225
115 298
116 395
116 376
117 389
119 335
119 287
120 143
121 206
121 382
122 363
122 175
123 336
123 223
124 229
124 202
125 379
126 178
126 397
127 267
127 207
128 165
128 239
129 385
130 244
131 134
132 343
132 372
133 156
133 393
134 284
135 186
136 381
137 336
137 360
138 205
138 269
139 247
139 252
140 193
140 313
141 252
142 300
142 243
143 196
144 356
145 225
145 235
146 158
146 164
147 198
147 227
148 237
149 312
150 335
151 278
151 353
153 217
153 296
154 315
155 328
155 241
156 396
157 358
157 251
159 337
159 374
160 321
160 361
161 356
161 285
162 272
163 222
163 293
165 290
166 270
167 367
168 214
168 352
169 286
170 372
171 395
172 375
172 254
173 181
174 352
174 347
175 309
176 238
176 189
177 217
177 362
179 339
179 233
180 273
181 340
182 258
182 255
183 260
184 394
184 191
185 396
186 213
187 242
187 378
188 345
188 224
189 196
190 357
192 210
192 310
193 271
194 333
195 231
197 234
197 370
200 227
201 392
203 397
204 291
204 375
205 338
206 334
208 229
209 307
210 257
211 330
212 354
212 351
214 305
215 388
215 221
216 256
218 304
218 249
219 232
220 332
221 306
222 224
223 282
226 365
228 326
228 325
230 288
230 383
231 340
234 258
237 301
238 359
240 275
241 326
242 264
243 297
244 311
245 266
246 314
247 302
249 398
250 355
251 306
254 329
255 385
256 289
261 387
262 361
263 292
263 296
264 313
265 349
265 370
266 320
268 376
268 319
274 292
277 290
278 297
280 347
280 289
282 350
283 327
287 367
291 366
294 344
294 377
298 371
299 334
299 312
302 343
307 363
308 392
311 348
314 325
316 391
316 373
317 349
318 321
318 399
319 351
323 344
324 327
328 348
329 364
331 389
341 357
342 380
345 362
350 379
354 373
355 368
369 371
378 380
400 75
401 171
-1 -1
0.57367
