1
0 16
0 147
1 22
1 270
2 402
2 412
3 359
3 450
4 271
4 395
5 349
5 430
6 124
6 187
7 452
7 489
8 324
8 410
9 156
9 292
10 103
10 135
11 86
11 489
12 289
12 411
13 20
13 157
14 71
14 264
15 91
15 190
16 339
17 246
17 485
18 35
18 155
19 341
19 386
20 210
21 332
21 415
22 494
23 235
23 387
24 47
24 474
25 32
25 300
26 87
26 306
27 75
27 421
28 334
28 440
29 177
29 455
30 36
30 255
31 149
31 483
32 216
33 236
33 360
34 83
34 383
35 292
36 191
37 356
37 456
38 243
38 403
39 143
39 286
40 153
40 473
41 283
41 302
42 97
42 335
43 230
43 337
44 349
44 362
45 46
45 409
46 85
47 398
48 133
48 330
49 136
49 150
50 203
50 235
51 95
51 111
52 170
52 422
53 141
53 389
54 118
54 262
55 168
55 419
56 63
56 393
57 151
57 160
58 90
58 103
59 269
59 290
60 232
60 325
61 200
61 436
62 382
62 407
63 272
64 275
64 441
65 203
65 317
66 114
66 496
67 120
67 218
68 338
68 461
69 173
69 238
70 261
70 284
71 155
72 125
72 217
73 253
73 262
74 79
74 204
75 463
76 157
76 367
77 209
77 281
78 237
78 403
79 446
80 98
80 224
81 225
81 497
82 215
82 431
83 333
84 110
84 341
85 477
86 163
87 153
88 419
88 437
89 343
89 352
90 372
91 284
92 188
92 267
93 109
93 389
94 310
94 380
95 407
96 151
96 175
97 427
98 453
99 145
99 313
100 281
100 305
101 180
101 320
102 299
102 427
104 266
104 402
105 404
105 495
106 135
106 327
107 223
107 295
108 171
108 481
109 499
110 177
111 230
112 218
112 274
113 166
113 495
114 434
115 342
115 411
116 144
116 406
117 158
117 256
118 318
119 368
119 456
120 483
121 332
121 414
122 146
122 278
123 263
123 322
124 491
125 224
126 162
126 198
127 221
127 356
128 200
128 238
129 196
129 339
130 181
130 253
131 241
131 493
132 476
132 477
133 180
134 279
134 426
136 312
137 397
137 428
138 350
138 442
139 228
139 317
140 179
140 207
141 227
142 172
142 314
143 345
144 319
145 378
146 176
147 336
148 178
148 295
149 221
150 421
152 191
152 244
154 354
154 377
156 471
158 274
159 315
159 393
160 291
161 258
161 379
162 237
163 488
164 252
164 290
165 369
165 449
166 479
167 192
167 225
168 460
169 216
169 350
170 308
171 420
172 333
173 478
174 182
174 431
175 467
176 401
178 277
179 447
181 418
182 459
183 234
183 440
184 233
184 396
185 251
185 458
186 254
186 259
187 259
188 376
189 357
189 446
190 260
192 405
193 250
193 396
194 337
194 373
195 223
195 297
196 205
197 241
197 245
198 340
199 433
199 439
201 298
201 305
202 248
202 353
204 450
205 309
206 416
206 486
207 342
208 226
208 289
209 265
210 412
211 251
211 282
212 257
212 470
213 345
213 485
214 410
214 425
215 454
217 366
219 314
219 390
220 255
220 488
222 437
222 466
226 287
227 420
228 423
229 246
229 316
231 268
231 288
232 249
233 491
234 455
236 408
239 362
239 464
240 280
240 351
242 438
242 479
243 326
244 448
245 311
247 428
247 457
248 304
249 442
250 368
252 399
254 465
256 460
257 287
260 299
261 313
263 360
264 470
265 445
266 330
267 444
268 352
269 484
270 462
271 367
272 304
273 279
273 392
275 416
276 303
276 320
277 394
278 464
280 447
282 328
283 347
285 433
285 474
286 434
288 364
291 451
293 381
293 469
294 329
294 481
296 388
296 406
297 432
298 309
300 335
301 363
301 384
302 371
303 453
306 392
307 375
307 494
308 395
310 366
311 449
312 400
315 413
316 417
318 414
319 328
321 378
321 466
322 327
323 348
323 461
324 473
325 370
326 465
329 490
331 382
331 426
334 371
336 413
338 343
340 448
344 355
344 458
346 418
346 444
347 373
348 361
351 445
353 443
354 435
355 497
357 380
358 374
358 478
359 468
361 379
364 429
365 370
365 386
369 401
372 425
374 468
375 463
376 471
377 381
383 441
384 487
385 451
385 484
387 498
388 469
390 452
391 408
391 498
394 430
397 398
399 454
400 480
404 472
405 492
409 439
415 422
417 490
423 493
424 438
424 443
429 432
435 436
457 496
459 462
467 486
472 475
475 476
480 482
482 492
487 499
500 363
501 258
-1 -1
15.6962
