1
0 5
0 203
1 2
1 250
2 301
3 268
3 456
4 177
4 347
5 380
6 17
6 285
7 229
7 398
8 259
8 266
9 224
9 253
10 21
10 455
11 189
11 427
12 179
12 447
13 240
13 494
14 139
14 386
15 278
15 498
16 116
16 246
17 399
18 226
18 489
19 59
19 350
20 140
20 353
21 173
22 70
22 481
23 297
23 360
24 363
24 403
25 170
25 470
26 255
26 399
27 90
27 159
28 283
28 357
29 274
29 344
30 376
30 496
31 350
31 366
32 246
32 293
33 139
33 223
34 234
34 289
35 169
35 267
36 379
36 497
37 132
37 217
38 382
38 464
39 142
39 463
40 318
40 345
41 306
41 430
42 104
42 310
43 44
43 143
44 168
45 342
45 441
46 280
46 324
47 338
47 381
48 388
48 480
49 457
49 487
50 303
50 363
51 348
51 402
52 140
52 178
53 227
53 255
54 313
54 390
55 64
55 358
56 102
56 174
57 168
57 322
58 166
58 490
59 408
60 61
60 460
61 450
62 123
62 141
63 207
63 453
64 391
65 81
65 371
66 277
66 308
67 378
67 473
68 84
68 120
69 134
69 475
70 435
71 338
71 414
72 422
72 431
73 244
73 336
74 183
74 283
75 126
75 193
76 339
76 406
77 435
77 456
78 182
78 201
79 111
79 181
80 197
80 233
81 244
82 94
82 274
83 189
83 325
84 270
85 164
85 263
86 193
86 444
87 287
87 486
88 107
88 133
89 199
89 443
90 378
91 238
91 323
92 241
92 451
93 290
94 445
95 213
95 395
96 257
96 292
97 396
97 476
98 281
98 391
99 285
99 312
100 234
100 336
101 320
101 436
102 326
103 321
103 448
104 434
105 222
105 455
106 273
106 355
107 482
108 239
108 299
109 187
109 327
110 311
110 318
111 138
112 231
112 494
113 171
113 476
114 326
114 425
115 151
115 330
116 166
117 172
117 467
118 377
118 407
119 353
119 451
120 322
121 148
121 477
122 263
122 298
123 407
124 354
124 412
125 154
125 191
126 324
127 167
127 220
128 346
128 454
129 232
129 247
130 200
130 231
131 216
131 280
132 163
133 406
134 384
135 237
135 259
136 267
136 364
137 202
137 310
138 197
141 153
142 381
143 491
144 190
144 291
145 212
145 468
146 288
146 453
147 205
147 240
148 362
149 335
149 437
150 401
150 421
151 217
152 253
152 485
153 242
154 258
155 187
155 261
156 452
156 480
157 214
157 327
158 400
158 462
159 374
160 261
160 397
161 204
161 335
162 248
162 357
163 376
164 484
165 191
165 404
167 314
169 462
170 288
171 210
172 397
173 307
174 352
175 282
175 367
176 366
176 370
177 251
178 385
179 372
180 296
180 319
181 188
182 438
183 374
184 218
185 446
185 472
186 329
186 433
188 432
190 402
192 332
192 499
194 410
194 420
195 358
195 375
196 349
196 466
198 276
198 343
199 411
200 370
201 429
202 239
203 266
204 347
205 334
206 337
206 403
207 277
208 444
208 468
209 362
209 449
210 474
211 297
211 346
212 323
213 265
214 488
215 339
215 442
216 489
218 251
219 316
219 373
220 415
221 264
221 491
222 249
223 419
224 413
225 464
225 488
226 470
227 286
228 233
228 330
229 262
230 258
230 395
232 439
235 282
235 396
236 375
236 459
237 298
238 243
241 247
242 384
243 252
245 394
245 492
248 291
249 485
250 303
252 365
254 352
254 427
256 292
256 299
257 418
260 368
260 434
262 486
264 369
265 364
268 341
269 404
269 498
270 426
271 419
271 463
272 450
272 465
273 428
275 314
275 457
276 328
278 467
279 344
279 466
281 302
284 306
284 367
286 446
287 454
289 296
290 477
293 448
294 469
294 479
295 345
295 409
300 390
300 481
301 315
302 487
304 325
304 417
305 438
305 460
307 416
308 392
309 317
309 356
311 442
312 388
313 425
315 484
316 392
317 492
319 343
320 495
321 493
328 440
329 393
331 369
331 377
332 423
333 365
333 389
334 459
337 383
340 445
340 474
341 382
342 351
348 373
349 431
351 393
354 420
355 499
356 368
359 418
359 458
360 452
361 387
361 405
371 432
372 429
379 409
380 472
383 479
385 400
386 408
387 443
389 471
394 471
398 493
401 439
405 422
410 437
411 413
412 497
414 424
415 496
416 482
417 428
421 440
423 441
424 478
426 473
430 478
433 495
436 475
447 449
458 483
461 469
461 483
465 490
500 184
501 93
-1 -1
5.37337
