1
0 264
0 397
1 99
1 408
2 415
2 420
3 118
3 494
4 8
4 394
5 24
5 155
6 429
6 430
7 49
7 53
8 59
9 293
9 401
10 36
10 382
11 54
11 265
12 79
12 84
13 279
13 295
14 105
14 317
15 454
15 455
16 33
16 98
17 125
17 488
18 157
18 343
19 34
19 37
20 29
20 464
21 162
21 437
22 347
22 460
23 99
23 150
24 153
25 308
25 310
26 53
26 418
27 142
27 218
28 41
28 304
29 369
30 134
30 272
31 58
31 328
32 258
32 298
33 296
34 80
35 173
35 232
36 417
37 266
38 128
38 275
39 40
39 177
40 426
41 114
42 61
42 334
43 388
43 497
44 142
44 489
45 330
45 442
46 254
46 469
47 259
47 461
48 365
48 423
49 277
50 201
50 250
51 91
51 392
52 273
52 296
54 404
55 62
55 413
56 193
56 405
57 224
57 449
58 473
59 440
60 82
60 308
61 143
62 183
63 187
63 225
64 199
64 483
65 154
65 315
66 74
66 488
67 135
67 479
68 137
68 263
69 170
69 249
70 108
70 433
71 177
71 427
72 174
72 402
73 148
73 447
74 493
75 170
75 289
76 134
76 285
77 178
77 374
78 370
78 485
79 281
80 104
81 212
81 444
82 432
83 126
83 320
84 420
85 147
85 346
86 299
86 341
87 101
87 201
88 230
88 458
89 267
89 384
90 165
90 352
91 472
92 206
92 272
93 188
93 274
94 148
94 243
95 213
95 339
96 325
96 383
97 219
97 257
98 335
100 214
100 353
101 393
102 342
102 469
103 270
103 325
104 495
105 398
106 149
106 226
107 345
107 496
108 235
109 310
109 366
110 336
110 490
111 205
111 313
112 307
112 477
113 294
113 440
114 223
115 444
116 270
116 473
117 309
117 382
118 381
119 217
119 234
120 256
120 387
121 394
121 423
122 276
122 366
123 322
123 406
124 289
124 471
125 261
126 252
127 338
127 481
128 186
129 311
129 395
130 176
130 334
131 208
131 249
132 299
132 389
133 141
133 434
135 165
136 263
136 368
137 178
138 337
138 492
139 179
139 241
140 400
140 453
141 274
143 191
144 370
144 482
145 211
145 234
146 424
146 480
147 306
149 352
150 356
151 230
151 392
152 344
152 486
153 173
154 351
155 197
156 288
156 309
157 482
158 303
158 429
159 216
159 314
160 356
160 452
161 220
161 344
162 456
163 302
163 321
164 372
164 380
166 409
166 438
167 251
167 459
168 297
168 322
169 287
169 478
171 376
171 416
172 483
172 493
174 471
175 238
175 431
176 416
179 489
180 189
180 300
181 346
181 401
182 341
182 375
183 250
184 236
184 373
185 347
185 490
186 278
187 452
188 246
189 454
190 200
190 212
191 361
192 328
192 435
193 276
194 301
194 433
195 305
195 409
196 259
196 466
197 301
198 209
198 217
199 307
200 326
202 210
202 318
203 207
203 369
204 248
204 470
205 437
206 326
207 478
208 338
209 464
210 496
211 297
213 360
214 491
215 285
215 292
216 324
218 354
219 336
220 432
221 293
221 360
222 288
222 499
223 373
224 312
225 303
226 445
227 231
227 462
228 396
228 411
229 244
229 324
231 269
232 390
233 283
233 342
235 298
236 457
237 365
237 400
238 251
239 419
239 443
240 398
240 428
241 393
242 422
242 481
243 358
244 468
245 268
245 462
246 292
247 279
247 359
248 495
252 425
253 385
253 415
254 408
255 286
255 361
256 427
257 446
258 280
260 277
260 430
261 414
262 377
262 450
264 337
265 451
266 466
268 275
269 499
271 403
271 453
273 378
278 465
280 484
281 459
282 333
282 486
283 413
284 362
284 412
286 306
287 290
290 372
291 402
291 418
294 333
295 318
300 353
302 467
304 350
305 357
311 354
312 428
313 323
314 327
315 485
316 357
316 450
317 403
319 410
319 449
320 461
321 411
323 350
327 425
329 374
329 385
330 362
331 363
331 431
332 343
332 436
335 371
339 364
340 348
340 487
345 480
348 463
349 434
349 446
351 435
355 363
355 492
358 364
359 375
367 383
367 479
368 455
371 487
376 498
377 404
378 436
379 407
379 410
380 468
381 460
384 467
386 389
386 407
387 457
388 426
390 396
391 405
391 419
395 475
397 474
399 445
399 491
406 443
412 424
414 447
417 474
421 439
421 448
422 476
438 439
441 465
441 472
442 497
448 470
451 498
456 463
458 476
475 484
477 494
500 115
501 267
-1 -1
68.6932
