1
0 60
0 200
1 169
1 259
2 4
2 496
3 22
3 272
4 337
5 359
5 495
6 19
6 217
7 106
7 363
8 159
8 467
9 102
9 179
10 142
10 336
11 454
11 466
12 216
12 448
13 235
13 477
14 269
14 439
15 121
15 297
16 174
16 260
17 82
17 392
18 155
18 468
19 416
20 325
20 374
21 266
21 340
22 52
23 141
23 370
24 243
24 368
25 385
25 496
26 250
26 481
27 204
27 353
28 253
28 408
29 335
29 400
30 209
30 261
31 412
31 440
32 165
32 218
33 218
33 313
34 313
34 339
35 168
35 251
36 269
36 320
37 306
37 415
38 110
38 457
39 74
39 300
40 84
40 422
41 195
41 210
42 241
42 474
43 234
43 360
44 239
44 272
45 429
45 462
46 80
46 374
47 315
47 431
48 435
48 452
49 89
49 197
50 95
50 219
51 298
51 399
52 196
53 312
53 456
54 417
54 449
55 120
55 428
56 180
56 247
57 262
57 433
58 307
58 420
59 104
59 287
60 354
61 86
61 319
62 65
62 120
63 79
63 397
64 66
64 438
65 122
66 330
67 347
67 471
68 237
68 264
69 136
69 256
70 345
70 447
71 425
71 494
72 437
72 446
73 233
73 366
74 180
75 163
75 476
76 103
76 318
77 333
77 478
78 148
78 425
79 154
80 492
81 222
81 480
82 252
83 169
83 388
84 455
85 334
85 346
86 161
87 240
87 481
88 90
88 398
89 261
90 371
91 152
91 220
92 166
92 233
93 349
93 409
94 424
94 467
95 203
96 242
96 273
97 150
97 316
98 391
98 411
99 317
99 339
100 231
100 373
101 352
101 472
102 260
103 346
104 451
105 434
105 469
106 323
107 187
107 499
108 288
108 329
109 202
109 282
110 383
111 151
111 327
112 131
112 235
113 163
113 458
114 358
114 432
115 312
115 407
116 278
116 497
117 255
117 326
118 358
118 453
119 351
119 488
121 230
122 239
123 200
123 498
124 141
124 355
125 248
126 191
126 342
127 149
127 189
128 382
128 493
129 433
129 492
130 147
130 173
131 213
132 192
132 323
133 205
133 274
134 330
134 442
135 193
135 215
136 258
137 262
137 486
138 205
138 427
139 483
139 489
140 153
140 420
142 310
143 270
143 454
144 296
144 389
145 410
145 431
146 211
146 376
147 438
148 342
149 445
150 376
151 216
152 445
153 201
154 468
155 308
156 427
156 498
157 267
157 280
158 179
158 336
159 372
160 309
160 388
161 373
162 195
162 421
164 196
164 211
165 487
166 207
167 299
167 441
168 194
170 457
170 491
171 189
171 495
172 332
172 367
173 188
174 231
175 222
175 301
176 244
176 314
177 470
177 491
178 226
178 293
181 304
181 394
182 281
182 331
183 241
183 466
184 413
184 419
185 405
185 430
186 285
186 401
187 224
188 279
190 364
190 389
191 221
192 434
193 327
194 380
197 253
198 224
198 229
199 363
199 371
201 490
202 350
203 232
204 497
206 293
206 382
207 280
208 421
208 475
209 482
210 338
212 296
212 490
213 286
214 404
214 444
215 377
217 450
219 274
220 369
221 426
223 403
223 436
225 377
225 452
226 441
227 334
227 487
228 317
228 423
229 277
230 423
232 442
234 379
236 383
236 458
237 295
238 276
238 283
240 365
242 386
243 257
244 472
245 387
245 419
246 271
246 302
247 424
248 341
249 322
249 350
250 386
251 259
252 485
254 343
254 479
256 364
257 480
258 303
263 277
263 294
264 489
265 356
265 406
266 275
267 415
268 381
268 399
270 298
271 451
273 455
275 328
276 310
278 443
279 370
281 285
282 403
283 325
284 332
284 369
286 439
287 463
288 473
289 352
289 378
290 340
290 461
291 347
291 407
292 384
292 448
294 471
295 465
297 494
299 436
300 476
301 314
302 435
303 484
304 463
305 362
305 430
306 311
307 414
308 328
309 372
311 482
315 475
316 453
318 488
319 405
320 416
321 368
321 398
322 464
324 390
324 393
326 338
329 404
331 449
333 462
335 365
337 469
341 400
343 464
344 375
344 394
345 380
348 392
348 473
349 447
351 437
353 395
354 366
355 357
356 443
357 378
359 460
360 396
361 474
361 483
362 418
367 391
375 409
379 450
381 460
384 406
385 484
387 499
390 429
393 397
395 432
396 412
401 408
402 461
402 485
410 477
411 486
413 479
414 456
417 465
418 459
422 493
426 444
428 440
446 470
459 478
500 125
501 255
-1 -1
15.3562
