1
0 194
0 189
1 295
1 40
2 280
2 207
3 164
3 262
4 325
4 137
5 112
5 149
6 235
6 53
7 146
7 242
8 176
8 298
9 184
9 376
10 329
10 386
11 362
11 142
12 291
12 253
13 35
13 213
14 120
14 29
15 267
15 380
16 58
16 124
17 116
17 337
18 96
18 159
19 339
19 276
20 331
20 223
21 120
21 84
22 205
22 342
23 307
23 330
24 285
24 253
25 391
25 258
26 64
26 90
27 300
27 318
28 39
28 108
29 360
30 83
30 341
31 151
31 234
32 290
32 264
33 153
33 46
34 161
34 72
35 164
36 211
36 141
37 97
37 222
38 399
38 125
39 220
40 101
41 357
41 138
42 364
42 103
43 168
43 251
44 68
44 102
45 140
45 377
46 266
47 333
47 231
48 179
48 355
49 151
49 334
50 80
50 243
51 265
51 187
52 384
52 202
53 79
54 161
54 225
55 210
55 163
56 210
56 67
57 353
57 331
58 314
59 276
59 135
60 62
60 348
61 82
61 99
62 343
63 314
63 368
64 129
65 308
65 206
66 366
66 396
67 390
68 250
69 99
69 289
70 330
70 213
71 321
71 286
72 192
73 360
73 94
74 224
74 361
75 386
75 377
76 384
76 392
77 96
77 180
78 395
78 215
79 130
80 246
81 114
81 242
82 282
83 278
84 324
85 229
85 274
86 396
86 92
87 134
87 282
88 221
88 334
89 258
89 94
90 180
91 206
91 159
92 200
93 168
93 275
95 230
95 361
97 171
98 147
98 309
100 249
100 185
101 198
102 372
103 357
104 109
104 366
105 321
105 302
106 335
106 167
107 374
107 385
108 271
109 269
110 167
110 281
111 208
111 172
112 264
113 260
113 148
114 194
115 273
115 305
116 241
117 198
117 156
118 364
118 239
119 359
119 155
121 243
121 389
122 231
122 173
123 199
123 252
124 144
125 350
126 263
126 365
127 217
127 388
128 188
128 397
129 284
130 383
131 145
131 337
132 393
132 303
133 342
133 219
134 390
135 163
136 369
136 217
137 327
138 178
139 327
139 381
140 214
141 212
142 252
143 201
143 178
144 183
145 320
146 350
147 257
148 373
149 399
150 305
150 181
152 308
152 237
153 341
154 367
154 158
155 299
156 216
157 369
157 351
158 277
160 195
160 348
162 256
162 306
165 294
165 387
166 275
166 340
169 312
169 326
170 228
170 175
171 358
172 203
173 261
174 263
174 300
175 254
176 182
177 187
177 204
179 245
181 211
182 379
183 205
184 311
185 347
186 392
186 283
188 358
189 262
190 336
190 268
191 370
191 363
192 368
193 294
193 375
195 287
196 288
196 362
197 354
197 238
199 316
200 209
201 255
202 228
203 322
204 288
207 232
208 316
209 225
212 397
214 343
215 278
216 336
218 324
218 226
219 371
220 398
221 265
222 346
224 244
226 313
227 238
227 241
229 379
230 261
232 352
233 304
233 292
234 349
235 382
236 328
236 268
237 345
239 317
240 270
240 318
244 297
245 323
246 355
247 339
247 349
248 326
248 284
249 367
250 256
251 293
254 269
255 279
257 335
259 338
259 351
260 387
266 307
267 296
270 301
271 378
272 299
272 333
273 344
274 289
277 359
279 293
280 285
281 286
283 338
287 317
290 304
291 340
292 372
295 319
296 383
297 352
298 373
301 394
302 345
306 398
309 329
310 315
310 325
311 385
312 393
313 374
315 394
319 356
320 381
322 370
323 356
328 376
332 353
332 346
344 395
347 389
354 371
363 391
365 382
375 388
378 380
400 303
401 223
-1 -1
0.233483
