1
0 428
0 553
1 127
1 236
2 374
2 574
3 109
3 399
4 333
4 348
5 41
5 439
6 283
6 805
7 360
7 577
8 286
8 395
9 59
9 378
10 309
10 391
11 170
11 706
12 415
12 628
13 645
13 654
14 421
14 659
15 248
15 277
16 596
16 758
17 564
17 630
18 813
18 848
19 331
19 748
20 565
20 587
21 539
21 892
22 639
22 784
23 669
23 823
24 255
24 548
25 736
25 843
26 532
26 691
27 714
27 889
28 198
28 765
29 424
29 861
30 655
30 698
31 177
31 824
32 134
32 187
33 349
33 453
34 154
34 252
35 438
35 534
36 382
36 712
37 433
37 489
38 235
38 575
39 53
39 285
40 60
40 719
41 455
42 274
42 474
43 175
43 561
44 280
44 580
45 56
45 570
46 362
46 496
47 463
47 685
48 758
48 763
49 308
49 469
50 410
50 521
51 608
51 898
52 327
52 818
53 868
54 110
54 361
55 696
55 896
56 61
57 422
57 733
58 199
58 799
59 722
60 370
61 666
62 444
62 841
63 852
63 890
64 101
64 724
65 347
65 816
66 643
66 715
67 94
67 534
68 588
68 892
69 431
69 642
70 604
70 840
71 503
71 531
72 700
72 744
73 657
73 695
74 308
74 761
75 163
75 255
76 723
76 740
77 730
77 743
78 173
78 887
79 261
79 670
80 206
80 310
81 745
81 841
82 640
82 714
83 634
83 688
84 167
84 750
85 166
85 491
86 365
86 404
87 647
87 811
88 680
88 741
89 181
89 277
90 310
90 436
91 212
91 543
92 499
92 589
93 222
93 617
94 768
95 525
95 706
96 126
96 373
97 359
97 846
98 524
98 601
99 434
99 500
100 215
100 533
101 677
102 779
102 849
103 501
103 653
104 291
105 735
105 794
106 183
106 250
107 279
107 339
108 595
108 607
109 637
110 179
111 556
111 793
112 207
112 528
113 129
113 796
114 271
114 611
115 121
115 808
116 698
116 707
117 188
117 675
118 311
118 700
119 358
119 573
120 260
120 723
121 256
122 195
122 753
123 333
123 465
124 527
124 738
125 624
125 869
126 836
127 460
128 709
128 866
129 290
130 138
130 831
131 340
131 740
132 152
132 623
133 313
133 600
134 599
135 242
135 678
136 275
136 663
137 417
137 469
138 515
139 565
139 756
140 391
140 567
141 669
141 810
142 270
142 611
143 412
143 727
144 182
144 595
145 247
145 742
146 164
146 762
147 694
147 894
148 495
148 656
149 299
149 467
150 193
150 884
151 372
151 853
152 460
153 262
153 781
154 832
155 593
155 831
156 652
156 876
157 267
157 307
158 513
158 704
159 229
159 757
160 218
160 888
161 342
161 708
162 430
162 800
163 396
164 321
165 362
165 684
166 322
167 662
168 546
168 553
169 662
169 675
170 581
171 337
171 817
172 369
172 822
173 731
174 326
174 805
175 374
176 423
176 533
177 753
178 302
178 648
179 537
180 343
180 795
181 550
182 375
183 427
184 311
184 544
185 213
185 507
186 633
186 674
187 777
188 844
189 258
189 721
190 861
190 896
191 470
191 795
192 274
192 781
193 442
194 770
194 897
195 378
196 719
196 818
197 294
197 597
198 887
199 490
200 649
200 783
201 400
201 624
202 459
202 484
203 466
203 585
204 473
204 613
205 213
205 814
206 281
207 447
208 589
208 646
209 403
209 672
210 397
210 544
211 233
211 402
212 572
214 416
214 465
215 594
216 258
216 297
217 586
217 773
218 709
219 625
219 877
220 641
220 819
221 269
221 353
222 529
223 355
223 510
224 678
224 690
225 243
225 638
226 755
226 845
227 477
227 631
228 269
229 789
230 263
230 264
231 683
231 699
232 325
232 880
233 699
234 620
234 710
235 357
236 253
237 320
237 471
238 336
238 845
239 498
239 713
240 243
240 703
241 412
241 771
242 358
244 416
244 780
245 495
245 554
246 368
246 569
247 620
248 705
249 402
249 707
250 327
251 603
251 647
252 609
253 871
254 349
254 873
256 478
257 263
257 583
259 288
259 512
260 884
261 417
262 822
264 632
265 727
265 852
266 844
266 875
267 557
268 352
268 784
270 347
271 395
272 372
272 858
273 287
273 638
275 500
276 396
276 472
278 433
278 721
279 785
280 321
281 877
282 313
282 715
283 872
284 547
284 879
285 592
286 819
287 289
288 421
289 820
290 617
291 405
292 670
292 788
293 504
293 738
294 673
295 456
295 571
296 450
296 562
297 463
298 505
298 648
299 637
300 509
300 659
301 663
301 891
302 893
303 420
303 673
304 743
304 883
305 672
305 829
306 330
306 516
307 644
309 825
312 454
312 482
314 667
314 842
315 383
315 426
316 400
316 726
317 466
317 769
318 631
318 830
319 508
319 835
320 408
322 657
323 425
323 426
324 821
324 880
325 431
326 384
328 568
328 863
329 767
329 834
330 772
331 635
332 693
332 757
334 480
334 525
335 406
335 629
336 432
337 542
338 502
338 561
339 775
340 688
341 392
341 804
342 536
343 634
344 671
344 737
345 704
345 843
346 418
346 446
348 878
350 867
350 878
351 458
351 618
352 717
353 733
354 385
354 503
355 394
356 520
356 820
357 636
359 854
360 801
361 488
363 536
363 827
364 759
364 839
365 369
366 545
366 606
367 537
367 769
368 811
370 762
371 605
371 724
373 697
375 443
376 384
376 645
377 705
377 886
379 476
379 756
380 571
380 712
381 728
381 826
382 493
383 802
385 506
386 548
386 875
387 483
387 665
388 436
388 445
389 800
389 857
390 708
390 865
392 401
393 680
393 842
394 480
397 751
398 451
398 686
399 488
401 853
403 640
404 867
405 809
406 486
407 686
407 809
408 546
409 432
409 549
410 564
411 606
411 615
413 771
413 895
414 660
414 722
415 741
418 682
419 579
419 604
420 517
422 623
423 734
424 441
425 803
427 523
428 879
429 492
429 607
430 496
434 754
435 797
435 856
437 581
437 767
438 560
439 734
440 449
440 851
441 464
442 462
443 870
444 775
445 552
446 710
447 474
448 576
448 798
449 737
450 528
451 468
452 508
452 576
453 891
454 520
455 562
456 746
457 467
457 555
458 825
459 692
461 481
461 732
462 494
464 750
468 848
470 667
471 780
472 787
473 651
475 772
475 816
476 575
477 639
478 882
479 682
479 788
481 524
482 636
483 713
484 730
485 764
485 838
486 871
487 742
487 777
489 694
490 854
491 799
492 810
493 641
494 658
497 566
497 612
498 538
499 821
501 509
502 664
504 661
505 590
506 601
507 790
510 840
511 656
511 833
512 619
513 518
514 635
514 681
515 858
516 532
517 519
518 685
519 732
521 782
522 535
522 846
523 813
526 720
526 774
527 627
529 789
530 693
530 761
531 683
535 622
538 654
539 752
540 703
540 823
541 586
541 603
542 646
543 893
545 839
547 651
549 779
550 807
551 580
551 837
552 774
554 566
555 859
556 791
557 804
558 578
558 649
559 608
559 792
560 676
563 668
563 807
567 889
568 862
569 806
570 899
572 689
573 590
574 598
577 765
578 602
579 616
582 735
582 836
583 630
584 610
584 766
585 658
587 615
588 864
591 745
591 849
592 860
593 868
594 752
596 696
597 874
598 794
599 801
600 876
602 890
605 629
609 744
610 833
612 643
613 770
614 652
614 674
616 866
618 897
619 812
621 778
621 851
622 729
625 815
626 747
626 859
627 791
628 687
632 748
633 830
642 718
644 898
650 739
650 865
653 792
655 883
660 731
661 760
664 869
665 668
666 806
671 808
676 838
677 729
679 817
679 863
681 888
684 862
687 802
689 895
690 790
691 726
692 814
695 872
697 857
701 716
701 793
702 776
702 860
711 720
711 885
716 855
717 828
718 747
725 764
725 850
728 850
736 749
739 760
746 749
751 829
754 815
755 828
759 776
763 827
766 782
768 786
773 803
778 797
783 787
785 881
786 837
796 832
798 874
812 826
824 882
834 847
835 856
847 886
855 894
864 870
873 899
881 885
900 228
901 104
-1 -1
318.751
