1
0 85
0 847
1 93
1 499
2 522
2 670
3 555
3 606
4 15
4 567
5 541
5 678
6 210
6 507
7 101
7 703
8 241
8 462
9 111
9 520
10 767
10 870
11 492
11 589
12 195
12 846
13 171
13 199
14 403
14 629
15 855
16 61
16 356
17 35
17 658
18 197
18 626
19 75
19 845
20 432
20 614
21 43
21 172
22 374
22 842
23 280
23 878
24 257
24 730
25 738
25 779
26 86
26 651
27 383
27 483
28 261
28 632
29 423
29 836
30 138
30 673
31 168
31 631
32 342
32 755
33 117
33 616
34 531
34 726
35 349
36 311
36 807
37 393
37 864
38 386
38 482
39 184
39 431
40 79
40 724
41 246
41 789
42 169
42 409
43 605
44 554
44 855
45 199
45 460
46 163
46 395
47 209
47 743
48 212
48 440
49 219
49 221
50 519
50 572
51 248
51 785
52 125
52 502
53 375
53 500
54 455
54 875
55 666
55 755
56 136
56 621
57 82
57 636
58 366
58 858
59 313
59 454
60 99
60 491
61 714
62 856
62 892
63 240
63 603
64 510
64 819
65 687
65 705
66 322
66 465
67 68
67 746
68 446
69 634
69 853
70 433
70 563
71 95
71 412
72 267
72 763
73 427
73 712
74 364
74 625
75 372
76 164
76 335
77 161
77 187
78 322
78 437
79 423
80 205
80 257
81 495
81 512
82 863
83 473
83 611
84 381
84 421
85 736
86 188
87 612
87 815
88 210
88 686
89 148
89 329
90 141
90 305
91 475
91 862
92 583
92 610
93 758
94 113
94 816
95 581
96 272
96 731
97 389
97 433
98 587
98 685
99 373
100 259
100 899
101 214
102 339
102 528
103 461
103 800
104 226
104 523
105 449
105 720
106 200
106 361
107 708
107 740
108 363
108 551
109 304
109 502
110 340
110 351
111 286
112 498
112 653
113 842
114 254
114 680
115 716
115 883
116 182
116 473
117 494
118 598
118 792
119 282
119 741
120 212
120 734
121 330
121 715
122 229
122 677
123 154
123 177
124 463
124 830
125 694
126 680
126 719
127 857
127 894
128 284
128 320
129 480
129 646
130 166
130 258
131 364
131 701
132 275
132 867
133 352
133 681
134 481
134 564
135 480
135 850
136 742
137 369
137 524
138 843
139 691
139 818
140 520
140 608
141 365
142 350
142 548
143 144
143 599
144 693
145 155
145 804
146 320
146 594
147 174
147 565
148 415
149 688
149 709
150 540
150 652
151 163
151 543
152 443
152 696
153 288
153 735
154 443
155 319
156 267
156 289
157 365
157 538
158 266
158 568
159 295
159 640
160 804
160 812
161 590
162 413
162 510
164 865
165 425
165 474
166 779
167 703
167 798
168 171
169 283
170 234
170 462
172 497
173 382
173 832
174 333
175 574
175 876
176 749
176 767
177 537
178 263
178 656
179 181
179 338
180 377
180 513
181 796
182 693
183 354
183 780
184 226
185 623
185 867
186 537
186 862
187 345
188 750
189 648
189 672
190 484
190 837
191 241
191 291
192 391
192 640
193 426
193 659
194 517
194 533
195 668
196 529
196 861
197 312
198 264
198 795
200 400
201 624
201 829
202 403
202 430
203 527
203 784
204 547
204 651
205 251
206 215
206 391
207 426
207 831
208 747
208 834
209 354
211 558
211 595
213 318
213 542
214 596
215 698
216 299
216 578
217 760
217 875
218 390
218 820
219 676
220 732
220 881
221 232
222 813
222 848
223 342
223 829
224 722
224 777
225 643
225 646
227 713
227 738
228 498
228 836
229 438
230 591
230 644
231 453
231 821
232 633
233 721
233 782
234 672
235 708
235 727
236 398
236 570
237 419
237 782
238 487
238 849
239 293
239 823
240 461
242 279
242 620
243 452
243 648
244 595
244 839
245 343
245 802
246 771
247 300
247 854
248 811
249 319
249 699
250 622
250 798
251 670
252 593
252 706
253 308
253 594
254 665
255 270
255 358
256 275
256 552
258 487
259 808
260 750
260 759
261 769
262 357
262 468
263 565
264 609
265 472
265 513
266 632
268 542
268 551
269 489
269 765
270 698
271 667
271 687
272 490
273 438
273 665
274 405
274 637
276 370
276 642
277 330
277 406
278 315
278 604
279 838
280 515
281 314
281 600
282 422
283 346
284 476
285 669
285 872
286 500
287 626
287 784
288 361
289 733
290 586
290 844
291 368
292 496
292 725
293 744
294 529
294 814
295 604
296 519
296 893
297 629
297 761
298 503
298 622
299 895
300 414
301 304
301 619
302 615
302 664
303 617
303 742
305 488
306 481
306 585
307 339
307 688
308 685
309 385
309 409
310 556
310 773
311 347
312 478
313 858
314 387
315 643
316 577
316 674
317 424
317 768
318 752
321 562
321 705
323 445
323 457
324 879
324 889
325 516
325 649
326 353
326 562
327 466
327 690
328 512
328 525
329 444
331 616
331 826
332 446
332 839
333 545
334 467
334 557
335 899
336 495
336 586
337 348
337 601
338 733
340 478
341 607
341 690
343 451
344 776
344 827
345 413
346 753
347 488
348 737
349 762
350 471
351 796
352 880
353 628
355 381
355 635
356 569
357 531
358 610
359 550
359 747
360 416
360 884
362 453
362 769
363 834
366 866
367 569
367 611
368 555
369 810
370 825
371 432
371 654
372 869
373 399
374 695
375 898
376 447
376 633
377 464
378 419
378 714
379 590
379 712
380 479
380 853
382 469
383 891
384 472
384 786
385 602
386 745
387 655
388 686
388 881
389 534
390 436
392 410
392 641
393 671
394 761
395 837
396 711
396 785
397 764
397 793
398 477
399 557
400 775
401 781
401 832
402 425
402 460
404 684
404 817
405 664
406 469
407 544
407 561
408 682
408 717
410 566
411 504
411 660
412 518
414 851
415 439
416 459
417 702
417 805
418 702
418 850
420 428
420 749
421 532
422 491
424 786
427 662
428 655
429 511
429 740
430 673
431 865
434 576
434 751
435 506
435 762
436 547
437 873
439 549
440 735
441 677
441 894
442 482
442 600
444 805
445 816
447 710
448 575
448 879
449 772
450 634
450 723
451 760
452 627
454 704
455 625
456 657
456 748
457 681
458 584
458 803
459 572
463 578
464 863
465 499
466 830
467 757
468 711
470 679
470 860
471 522
474 518
475 788
476 511
477 650
479 775
483 506
484 813
485 614
485 874
486 501
486 587
489 801
490 582
492 521
493 554
493 736
494 663
496 667
497 662
501 598
503 516
504 800
505 615
505 754
507 550
508 517
508 602
509 546
509 580
514 581
514 731
515 721
521 710
523 532
524 638
525 814
526 538
526 722
527 718
528 729
530 539
530 566
533 871
534 649
535 676
535 866
536 588
536 730
539 564
540 541
543 659
544 589
545 559
546 561
548 559
549 819
552 709
553 751
553 753
556 820
558 828
560 591
560 756
563 660
567 656
568 835
570 821
571 619
571 825
573 576
573 790
574 707
575 772
577 774
579 620
579 689
580 868
582 874
583 675
584 666
585 851
588 746
592 877
592 886
593 641
596 669
597 793
597 887
599 618
601 852
603 871
605 737
606 895
607 806
608 745
609 758
612 882
613 642
613 833
617 715
618 653
621 679
623 644
624 896
627 809
628 689
630 822
630 860
631 718
635 734
636 844
637 744
638 695
639 647
639 683
645 817
645 886
647 773
650 806
652 788
654 778
657 891
658 694
661 763
661 889
663 789
668 868
671 770
674 696
675 765
678 699
682 799
683 877
684 823
691 719
692 794
692 810
697 774
697 787
700 822
700 824
701 794
704 808
706 756
707 713
716 790
717 739
720 824
723 897
724 887
725 870
726 845
727 854
728 764
728 799
729 857
732 882
739 776
741 888
743 840
748 777
752 876
754 898
757 896
759 803
766 818
766 841
768 841
770 838
771 815
778 826
780 802
781 883
783 787
783 827
791 833
791 846
792 848
795 835
797 843
797 897
801 847
807 859
809 890
811 840
812 888
828 885
831 885
849 864
852 872
856 890
859 869
861 892
873 884
880 893
900 394
901 878
-1 -1
125.445
