1
0 361
0 802
1 217
1 323
2 714
2 834
3 477
3 830
4 320
4 894
5 600
5 843
6 205
6 494
7 267
7 635
8 252
8 273
9 278
9 866
10 207
10 887
11 272
11 539
12 410
12 620
13 115
13 428
14 729
14 876
15 175
15 196
16 590
16 624
17 364
17 504
18 166
18 774
19 270
19 333
20 552
20 878
21 202
21 405
22 27
22 583
23 530
23 716
24 317
24 590
25 236
25 873
26 733
26 829
27 802
28 495
28 683
29 433
29 790
30 122
30 827
31 653
31 865
32 302
32 334
33 431
33 505
34 55
34 396
35 442
35 765
36 46
36 113
37 643
37 727
38 277
38 862
39 331
39 393
40 258
40 728
41 106
41 147
42 405
42 492
43 123
43 182
44 449
44 631
45 351
45 554
46 517
47 424
47 695
48 448
48 804
49 107
49 382
50 65
50 852
51 85
51 663
52 342
52 838
53 83
53 512
54 163
54 401
55 853
56 135
56 737
57 340
57 752
58 247
58 706
59 539
59 838
60 260
60 309
61 430
61 565
62 197
62 840
63 159
63 422
64 133
64 164
65 670
66 111
66 245
67 196
67 288
68 210
68 271
69 534
69 870
70 288
70 646
71 154
71 417
72 96
72 322
73 102
73 606
74 525
74 890
75 162
75 715
76 228
76 470
77 99
77 688
78 303
78 436
79 231
79 896
80 370
80 860
81 694
81 792
82 778
82 813
83 613
84 360
84 868
85 766
86 138
86 738
87 523
87 857
88 173
88 829
89 675
89 773
90 545
90 714
91 187
91 760
92 394
92 537
93 117
93 758
94 286
94 596
95 618
95 779
96 664
97 478
97 547
98 191
98 788
99 576
100 222
100 664
101 699
101 851
102 450
103 149
103 229
104 689
104 730
105 514
105 679
106 782
107 448
108 210
108 777
109 211
109 825
110 442
110 659
111 235
112 401
112 713
113 312
114 293
114 851
115 855
116 283
116 870
117 736
118 581
118 740
119 153
119 557
120 182
120 359
121 122
121 389
123 499
124 719
124 868
125 366
125 494
126 239
126 385
127 206
127 411
128 504
128 625
129 226
129 486
130 201
130 291
131 732
131 749
132 173
132 184
133 767
134 818
134 880
135 651
136 447
136 718
137 362
137 669
138 713
139 711
139 789
140 297
140 623
141 830
141 857
142 203
142 694
143 212
143 613
144 484
144 845
145 426
145 859
146 195
146 657
147 872
148 444
148 811
149 519
150 285
150 462
151 352
151 435
152 246
152 716
153 379
154 879
155 217
155 682
156 243
156 806
157 281
157 848
158 337
158 886
159 681
160 465
160 517
161 373
161 847
162 616
163 339
164 421
165 265
165 707
166 466
167 667
167 770
168 294
168 313
169 798
169 810
170 382
170 708
171 589
171 747
172 412
172 568
174 655
174 822
175 186
176 520
176 660
177 352
177 899
178 432
178 753
179 304
179 785
180 331
180 416
181 496
181 640
183 417
183 827
184 505
185 427
185 540
186 888
187 589
188 647
188 813
189 374
189 887
190 256
190 410
191 247
192 326
192 498
193 297
193 427
194 615
194 890
195 652
197 308
198 272
198 697
199 434
199 770
200 240
200 542
201 816
202 483
203 856
204 371
204 815
205 338
206 248
207 481
208 238
208 316
209 407
209 583
211 561
212 751
213 573
213 687
214 819
214 889
215 268
215 648
216 370
216 746
218 229
218 368
219 224
219 467
220 575
220 798
221 378
221 394
222 892
223 648
223 826
224 289
225 321
225 336
226 262
227 507
227 595
228 674
230 549
230 701
231 414
232 369
232 598
233 595
233 841
234 508
234 763
235 425
236 616
237 678
237 835
238 782
239 888
240 839
241 353
241 803
242 251
242 756
243 720
244 804
244 843
245 676
246 872
248 360
249 686
249 705
250 400
250 438
251 513
252 668
253 315
253 769
254 434
254 742
255 391
255 423
256 585
257 346
257 519
258 698
259 555
259 883
260 588
261 388
261 821
262 619
263 699
263 768
264 498
264 604
265 376
266 276
266 720
267 420
268 512
269 350
269 679
270 605
271 701
273 468
274 279
274 707
275 466
275 858
276 812
277 354
278 357
279 516
280 491
280 561
281 762
282 552
282 604
283 452
284 710
284 717
285 684
286 772
287 421
287 863
289 591
290 318
290 361
291 457
292 745
292 835
293 545
294 601
295 375
295 650
296 347
296 848
298 502
298 524
299 500
299 520
300 349
300 670
301 438
301 665
302 688
303 325
304 605
305 656
305 860
306 510
306 592
307 346
307 766
308 324
309 558
310 315
310 639
311 734
311 877
312 390
313 542
314 476
314 832
316 544
317 642
318 487
319 458
319 625
320 551
321 640
322 392
323 588
324 876
325 391
326 367
327 566
327 864
328 592
328 753
329 538
329 728
330 402
330 725
332 759
332 878
333 877
334 757
335 668
335 783
336 634
337 617
338 629
339 817
340 469
341 533
341 685
342 809
343 867
343 897
344 541
344 854
345 485
345 599
347 837
348 476
348 632
349 631
350 658
351 800
353 563
354 457
355 584
355 895
356 598
356 758
357 780
358 696
358 810
359 387
362 836
363 377
363 781
364 529
365 594
365 731
366 820
367 746
368 543
369 859
371 875
372 833
372 885
373 703
374 619
375 463
376 726
377 450
378 642
379 722
380 645
380 898
381 477
381 786
383 618
383 884
384 385
384 709
386 571
386 673
387 669
388 525
389 862
390 803
392 776
393 502
395 638
395 647
396 822
397 662
397 735
398 837
398 881
399 556
399 652
400 884
402 755
403 408
403 751
404 439
404 487
406 532
406 722
407 693
408 565
409 454
409 750
411 649
412 549
413 617
413 891
414 821
415 486
415 673
416 817
418 849
418 873
419 624
419 801
420 474
422 474
423 580
424 649
425 518
426 653
428 521
429 484
429 628
430 449
431 807
432 739
433 795
435 842
436 743
437 473
437 493
439 550
440 697
440 794
441 603
441 683
443 488
443 641
444 796
445 727
445 854
446 735
446 893
447 755
451 677
451 806
452 710
453 637
453 680
454 700
455 530
455 593
456 629
456 785
458 586
459 473
459 740
460 516
460 836
461 576
461 675
462 508
463 893
464 702
464 871
465 597
467 596
468 756
469 724
470 885
471 548
471 721
472 488
472 828
475 732
475 879
478 691
479 482
479 593
480 524
480 702
481 509
482 831
483 882
485 537
489 632
489 797
490 529
490 685
491 667
492 733
493 816
495 534
496 695
497 660
497 883
499 744
500 569
501 600
501 765
503 635
503 748
506 610
506 853
507 558
509 626
510 527
511 606
511 762
513 818
514 570
515 654
515 687
518 799
521 812
522 615
522 748
523 601
526 630
526 643
527 608
528 612
528 784
531 574
531 789
532 729
533 882
535 856
535 896
536 578
536 709
538 556
540 844
541 682
543 811
544 725
546 865
547 560
548 842
550 892
551 692
553 575
553 602
554 814
555 657
557 820
559 734
559 773
560 580
562 861
562 899
563 662
564 637
564 793
566 689
567 654
567 889
568 741
569 608
570 792
571 852
572 636
572 750
573 744
574 715
577 754
577 800
578 666
579 597
579 891
581 869
582 641
582 730
584 871
585 780
586 788
587 761
587 796
591 690
594 747
599 676
602 609
603 791
607 638
607 691
609 861
610 795
611 661
611 772
612 745
614 719
614 742
620 895
621 706
621 790
622 630
622 874
623 708
626 636
627 681
627 754
628 833
633 666
633 805
634 781
639 672
644 767
644 823
645 739
646 731
650 724
651 807
655 671
656 677
658 757
659 815
661 875
663 844
665 850
671 678
672 791
674 743
680 711
684 805
690 741
692 736
693 846
696 846
698 841
700 824
703 863
704 712
704 721
705 776
712 831
717 897
718 723
723 832
726 777
737 881
738 814
749 769
752 850
759 768
760 801
761 775
763 826
764 771
764 898
771 855
774 775
778 787
779 866
783 794
784 808
786 864
787 847
793 869
797 824
799 880
808 867
809 858
819 834
823 840
825 845
828 874
839 849
886 894
900 546
901 686
-1 -1
282.347
