1
0 429
0 700
1 415
1 777
2 360
2 897
3 592
3 686
4 534
4 748
5 262
5 324
6 249
6 889
7 51
7 420
8 346
8 609
9 21
9 526
10 105
10 316
11 56
11 302
12 318
12 850
13 302
13 695
14 452
14 632
15 306
15 317
16 142
16 593
17 457
17 685
18 465
18 650
19 529
19 600
20 575
20 749
21 52
22 278
22 724
23 560
23 567
24 223
24 292
25 402
25 418
26 341
26 540
27 768
27 875
28 590
28 599
29 472
29 718
30 82
30 751
31 788
31 803
32 156
32 535
33 460
33 662
34 347
34 810
35 259
35 834
36 140
36 808
37 580
37 689
38 672
38 870
39 55
39 728
40 486
40 503
41 656
41 708
42 426
42 582
43 207
43 877
44 47
44 843
45 148
45 328
46 52
46 195
47 323
48 134
48 819
49 546
49 685
50 683
50 840
51 586
53 596
53 726
54 356
54 778
55 184
56 504
57 268
57 506
58 147
58 375
59 416
59 607
60 456
60 498
61 304
61 409
62 334
62 585
63 588
64 226
64 334
65 581
65 715
66 724
66 754
67 387
67 881
68 601
68 692
69 107
69 115
70 629
70 796
71 519
71 699
72 407
72 525
73 644
73 829
74 225
74 643
75 319
75 769
76 285
76 663
77 237
77 521
78 179
78 660
79 186
79 266
80 128
80 886
81 529
81 857
82 545
83 200
83 261
84 182
84 870
85 161
85 523
86 307
86 390
87 215
87 693
88 205
88 653
89 210
89 703
90 358
90 877
91 772
91 883
92 285
92 583
93 793
93 836
94 132
94 771
95 428
95 444
96 560
96 811
97 277
97 427
98 119
98 855
99 353
99 828
100 192
100 597
101 321
101 813
102 266
102 400
103 111
103 179
104 681
104 779
105 714
106 250
106 271
107 291
108 343
108 384
109 364
109 377
110 349
110 874
111 709
112 150
112 172
113 201
113 845
114 688
114 782
115 604
116 368
116 575
117 397
117 874
118 564
118 770
119 524
120 325
120 363
121 256
121 352
122 256
122 735
123 661
123 743
124 152
124 513
125 854
125 871
126 571
126 593
127 230
127 633
128 482
129 330
129 494
130 665
130 871
131 475
131 660
132 464
133 169
133 432
134 195
135 408
135 580
136 327
136 744
137 295
137 635
138 241
138 340
139 146
139 388
140 272
141 379
141 428
142 598
143 297
143 481
144 155
144 785
145 398
145 419
146 282
147 758
148 657
149 566
149 798
150 185
151 208
151 337
152 443
153 330
153 677
154 496
154 768
155 668
156 238
157 261
157 348
158 855
158 895
159 172
159 752
160 671
160 741
161 326
162 349
162 715
163 244
163 614
164 203
164 469
165 318
165 826
166 252
166 286
167 591
167 680
168 244
168 796
169 393
170 394
170 678
171 584
171 812
173 649
173 707
174 223
174 634
175 520
175 737
176 408
176 491
177 410
177 576
178 743
178 844
180 433
180 499
181 354
181 856
182 287
183 202
183 603
184 314
185 808
186 401
187 229
187 522
188 675
188 705
189 282
189 828
190 612
190 846
191 625
191 756
192 297
193 565
193 666
194 610
194 891
196 478
196 700
197 712
197 734
198 309
198 311
199 380
199 664
200 630
201 818
202 775
203 552
204 389
204 436
205 275
206 213
206 476
207 682
208 866
209 536
209 568
210 236
211 732
211 777
212 312
212 648
213 310
214 245
214 501
215 670
216 465
216 888
217 333
217 617
218 278
218 801
219 221
219 651
220 445
220 505
221 274
222 353
222 820
224 690
224 734
225 684
226 246
227 595
227 751
228 816
228 841
229 299
230 692
231 387
231 821
232 376
232 641
233 407
233 774
234 371
234 500
235 677
235 857
236 843
237 588
238 528
239 423
239 633
240 455
240 865
241 673
242 434
242 569
243 255
243 645
245 889
246 269
247 480
247 896
248 674
248 873
249 671
250 286
251 456
251 827
252 830
253 561
253 848
254 351
254 378
255 466
257 293
257 364
258 413
258 553
259 682
260 340
260 508
262 745
263 396
263 772
264 783
264 818
265 508
265 880
267 474
267 841
268 607
269 332
270 547
270 706
271 883
272 888
273 431
273 646
274 281
275 864
276 279
276 487
277 757
279 430
280 495
280 655
281 604
283 635
283 859
284 393
284 695
287 755
288 423
288 835
289 378
289 753
290 569
290 861
291 830
292 351
293 347
294 615
294 665
295 462
296 437
296 573
298 405
298 783
299 454
300 555
300 826
301 308
301 631
303 405
303 731
304 511
305 466
305 873
306 396
307 681
308 314
309 606
310 333
311 706
312 760
313 472
313 629
315 710
315 762
316 369
317 500
319 573
320 432
320 643
321 502
322 594
322 885
323 385
324 596
325 767
326 790
327 551
328 446
329 498
329 618
331 507
331 566
332 787
335 337
335 478
336 461
336 713
338 640
338 847
339 458
339 698
341 675
342 461
342 515
343 849
344 420
344 624
345 384
345 422
346 702
348 468
350 386
350 557
352 822
354 398
355 679
355 708
356 723
357 616
357 717
358 437
359 449
359 606
360 642
361 512
361 833
362 497
362 876
363 581
365 486
365 538
366 422
366 479
367 524
367 738
368 545
369 802
370 460
370 535
371 713
372 509
372 836
373 414
373 449
374 556
374 589
375 881
376 765
377 690
379 516
380 640
381 463
381 537
382 434
382 542
383 468
383 789
385 716
386 421
388 860
389 477
390 523
391 869
391 897
392 450
392 668
394 628
395 727
395 853
397 453
399 451
399 882
400 602
401 600
402 613
403 554
403 696
404 564
404 825
406 735
406 744
409 720
410 539
411 582
411 805
412 584
412 697
413 746
414 839
415 620
416 505
417 879
418 419
421 722
424 552
424 880
425 447
425 832
426 891
427 816
429 594
430 605
431 791
433 583
435 767
435 799
436 473
438 612
438 878
439 542
439 646
440 538
440 799
441 703
441 806
442 470
442 898
443 801
444 490
445 838
446 773
447 687
448 652
448 823
450 688
451 558
452 847
453 648
454 488
455 747
457 741
458 833
459 659
459 785
462 838
463 807
464 819
467 551
467 739
469 852
470 764
471 851
471 854
473 487
474 647
475 530
476 586
477 528
479 484
480 793
481 867
482 570
483 492
483 536
484 521
485 722
485 823
488 638
489 658
489 892
490 694
491 809
492 639
493 689
493 820
494 611
495 829
496 512
497 837
499 701
501 763
502 563
503 592
504 894
506 516
507 642
509 669
510 637
510 787
511 696
513 894
514 548
514 740
515 578
517 549
517 764
518 599
518 721
519 728
520 526
522 770
525 579
527 631
527 754
530 851
531 663
531 876
532 802
532 882
533 544
533 780
534 795
537 892
539 761
540 628
541 622
541 750
543 834
543 853
544 669
546 603
547 869
548 745
549 574
550 598
550 632
553 784
554 617
555 611
556 821
557 784
558 730
559 698
559 733
561 858
562 627
562 803
563 577
565 731
567 885
568 701
570 890
571 736
572 602
572 721
574 711
576 896
577 817
578 788
579 649
585 656
587 597
587 797
589 644
590 667
591 720
595 684
601 899
605 673
608 815
608 840
609 839
610 630
613 805
614 872
615 898
616 661
618 623
619 636
619 652
620 704
621 769
621 791
622 850
623 846
624 738
625 848
626 753
626 825
627 781
634 637
636 792
638 878
639 868
641 893
645 792
647 831
650 858
651 780
653 654
654 814
655 886
657 879
658 679
659 859
662 862
664 890
666 862
667 712
670 800
672 773
674 723
676 691
676 845
678 863
680 705
683 776
686 759
687 718
691 778
693 730
694 729
697 856
699 762
702 810
704 750
707 895
709 875
710 765
711 842
714 797
716 809
717 790
719 776
719 781
725 737
725 804
726 865
727 804
729 759
732 739
733 746
736 775
740 822
742 786
742 860
747 831
748 812
749 864
752 832
755 806
756 800
757 837
758 849
760 779
761 835
763 817
766 774
766 887
771 807
782 867
786 863
789 798
794 827
794 866
795 852
811 824
813 824
814 844
815 887
842 872
861 868
884 893
884 899
900 417
901 63
-1 -1
715.636
