1
0 257
0 322
1 2
1 247
2 552
3 103
3 327
4 194
4 459
5 266
5 535
6 209
6 755
7 792
7 818
8 461
8 868
9 460
9 637
10 630
10 780
11 58
11 790
12 28
12 687
13 89
13 168
14 44
14 250
15 285
15 484
16 34
16 562
17 454
17 792
18 458
18 794
19 288
19 542
20 499
20 682
21 228
22 467
22 656
23 165
23 190
24 579
24 775
25 165
25 782
26 106
26 235
27 548
27 585
28 329
29 71
29 735
30 121
30 234
31 119
31 269
32 55
32 548
33 436
33 485
34 236
35 734
35 778
36 366
36 816
37 371
37 619
38 287
38 539
39 98
39 220
40 555
40 751
41 750
41 849
42 226
42 360
43 330
43 868
44 714
45 584
45 708
46 235
46 490
47 254
47 558
48 248
48 648
49 387
49 739
50 130
50 889
51 61
51 338
52 465
52 793
53 387
53 676
54 147
54 685
55 637
56 545
56 894
57 134
57 618
58 532
59 283
59 721
60 491
60 569
61 261
62 117
62 146
63 367
63 775
64 515
64 835
65 286
65 694
66 403
66 529
67 558
67 782
68 719
68 799
69 707
69 826
70 647
70 744
71 581
72 340
72 767
73 436
73 628
74 326
74 731
75 161
75 814
76 157
76 397
77 225
77 443
78 683
78 716
79 124
79 690
80 199
80 650
81 644
81 849
82 361
82 416
83 237
83 495
84 242
84 431
85 428
85 841
86 439
86 858
87 211
87 741
88 227
88 405
89 686
90 228
90 317
91 227
91 740
92 529
92 878
93 141
93 170
94 129
94 602
95 505
95 531
96 496
96 703
97 470
97 520
98 109
99 265
99 325
100 158
100 608
101 241
101 697
102 244
102 538
103 457
104 239
104 563
105 268
105 394
106 875
107 146
107 245
108 364
108 803
109 414
110 752
110 882
111 365
111 631
112 460
112 746
113 347
113 819
114 204
114 514
115 234
115 287
116 164
116 564
117 333
118 507
118 648
119 300
120 156
120 375
121 860
122 720
122 760
123 555
123 804
124 732
125 135
125 845
126 253
126 508
127 586
127 840
128 726
128 857
129 164
130 536
131 700
131 785
132 438
132 756
133 488
133 639
134 456
135 332
136 395
136 670
137 296
137 376
138 645
138 708
139 225
139 770
140 657
140 701
141 543
142 395
142 711
143 668
143 819
144 250
144 386
145 399
145 865
147 214
148 524
148 681
149 622
149 727
150 259
150 633
151 292
151 530
152 298
152 492
153 354
153 892
154 450
154 821
155 377
155 899
156 532
157 642
158 834
159 194
159 327
160 649
160 862
161 252
162 451
162 712
163 773
163 781
166 263
166 607
167 208
167 474
168 476
169 587
169 810
170 751
171 356
171 664
172 750
172 770
173 610
173 740
174 295
174 843
175 830
175 873
176 656
176 704
177 189
177 303
178 185
178 317
179 805
179 844
180 188
180 358
181 766
181 886
182 595
182 808
183 307
183 877
184 716
184 816
185 456
186 308
186 599
187 576
187 620
188 497
189 616
190 511
191 339
191 444
192 568
192 699
193 607
193 872
195 300
195 594
196 254
196 545
197 433
197 452
198 302
198 885
199 536
200 525
200 898
201 407
201 443
202 404
202 873
203 812
203 896
204 666
205 278
205 742
206 297
206 570
207 518
207 824
208 295
209 614
210 810
210 874
211 255
212 525
212 706
213 272
213 727
214 860
215 218
215 728
216 802
216 899
217 331
217 462
218 220
219 560
219 580
221 319
221 448
222 370
222 455
223 616
223 817
224 382
224 450
226 292
229 478
229 678
230 335
230 397
231 279
231 382
232 586
232 718
233 310
233 482
236 797
237 678
238 377
238 474
239 735
240 264
240 351
241 512
242 730
243 440
243 825
244 508
245 429
246 464
246 789
247 877
248 304
249 265
249 270
251 776
251 866
252 641
253 544
255 885
256 283
256 835
257 808
258 414
258 544
259 876
260 378
260 725
261 281
262 432
262 744
263 741
264 523
266 722
267 578
268 501
269 515
270 430
271 531
271 745
272 519
273 533
273 662
274 764
274 890
275 696
275 869
276 506
276 597
277 709
277 811
278 684
279 401
280 513
280 690
281 608
282 360
282 701
284 528
284 783
285 748
286 564
288 571
289 659
289 822
290 322
290 599
291 418
291 624
293 593
293 684
294 413
294 605
296 526
297 649
298 854
299 345
299 437
301 372
301 411
302 739
303 658
304 837
305 475
305 551
306 736
306 838
307 346
308 646
309 527
309 776
310 793
311 320
311 815
312 671
312 825
313 343
313 617
314 469
314 677
315 539
315 718
316 362
316 767
318 698
318 826
319 660
320 402
321 504
321 681
323 591
323 641
324 355
324 667
325 601
326 458
328 354
328 517
329 359
330 671
331 337
332 702
333 396
334 401
334 807
335 839
336 506
336 870
337 575
338 499
339 554
340 399
341 482
341 781
342 640
342 864
343 411
344 677
344 809
345 398
346 439
347 890
348 373
348 795
349 392
349 652
350 715
350 765
351 796
352 672
352 850
353 639
353 642
355 778
356 361
357 419
357 879
358 369
359 805
362 848
363 567
363 789
364 579
365 843
366 732
367 527
368 392
368 618
369 612
370 500
371 563
372 473
373 840
374 572
374 887
375 705
376 783
378 791
379 595
379 788
380 390
380 468
381 676
381 878
383 587
383 596
384 516
384 798
385 606
385 795
386 480
388 393
388 638
389 824
389 881
390 891
391 496
391 895
393 832
394 702
396 859
398 846
400 583
400 673
402 774
403 804
404 762
405 870
406 787
406 814
407 417
408 565
408 811
409 556
409 845
410 691
410 700
412 762
412 823
413 553
415 609
415 887
416 461
417 809
418 769
419 447
420 583
420 663
421 535
421 786
422 829
422 857
423 487
423 866
424 426
424 861
425 651
425 661
426 650
427 449
427 880
428 711
429 872
430 623
431 714
432 440
433 534
434 665
434 893
435 471
435 621
437 666
438 453
441 733
441 801
442 669
442 822
444 833
445 485
445 759
446 763
446 803
447 509
448 696
449 895
451 609
452 799
453 464
454 768
455 568
457 469
459 662
462 669
463 483
463 777
465 855
466 480
466 503
467 869
468 852
470 625
471 572
472 806
472 875
473 670
475 541
476 693
477 707
477 871
478 617
479 483
479 848
481 604
481 685
484 737
486 693
486 794
487 630
488 692
489 552
489 654
490 603
491 606
492 695
493 598
493 880
494 772
494 896
495 598
497 812
498 550
498 759
500 850
501 629
502 505
502 854
503 731
504 755
507 589
509 715
510 591
510 592
511 883
512 543
513 786
514 833
516 697
517 722
518 837
519 876
520 665
521 836
521 853
522 576
522 611
523 562
524 646
526 623
528 834
530 571
533 723
534 832
537 561
537 752
538 660
540 546
540 774
541 658
542 881
546 886
547 632
547 747
549 757
549 801
550 635
551 596
553 796
554 688
556 823
557 615
557 713
559 780
559 874
560 726
561 754
565 667
566 643
566 815
567 861
569 589
570 590
573 756
573 898
574 753
574 784
575 655
577 712
577 743
578 807
580 615
581 717
582 600
582 634
584 753
585 689
588 694
588 856
590 779
592 698
593 647
594 884
597 879
600 673
601 627
602 865
603 785
604 638
605 831
610 754
611 765
612 798
613 699
613 766
614 724
619 871
620 709
621 625
622 855
624 653
626 768
626 800
627 734
628 894
629 653
631 689
632 710
633 777
634 790
635 705
636 680
636 839
640 760
643 757
644 692
645 838
651 729
652 773
654 706
655 743
657 738
659 749
661 897
663 758
664 758
668 710
672 695
674 858
674 888
675 733
675 761
679 842
679 852
680 725
682 851
683 847
686 882
687 728
688 769
691 791
703 717
704 818
713 893
719 729
720 820
721 817
723 891
724 806
730 828
736 787
737 829
738 797
742 771
745 862
746 846
747 892
748 813
749 800
761 864
763 813
764 827
771 853
772 856
779 828
784 851
788 897
802 884
820 836
821 863
827 841
830 883
831 847
842 888
844 867
859 889
863 867
900 267
901 21
-1 -1
144.907
