1
0 534
0 642
1 45
1 768
2 286
2 857
3 757
3 773
4 302
4 527
5 435
5 844
6 16
6 492
7 204
7 779
8 415
8 578
9 417
9 880
10 367
10 654
11 145
11 894
12 226
12 747
13 475
13 835
14 24
14 758
15 330
15 784
16 153
17 523
17 714
18 310
18 545
19 381
19 559
20 167
20 550
21 246
21 832
22 620
22 896
23 468
23 510
24 786
25 336
25 597
26 352
26 807
27 408
27 626
28 153
28 265
29 411
29 818
30 318
30 584
31 296
31 735
32 308
32 530
33 143
33 520
34 333
34 398
35 44
35 82
36 406
36 540
37 110
37 494
38 266
38 542
39 565
39 671
40 506
40 838
41 300
41 852
42 294
42 496
43 314
43 441
44 659
45 732
46 460
46 745
47 148
47 839
48 480
48 595
49 183
49 533
50 455
50 873
51 844
51 871
52 272
52 279
53 94
53 772
54 194
54 769
55 601
55 757
56 230
56 763
57 112
57 378
58 192
58 716
59 569
59 893
60 434
60 877
61 87
61 467
62 812
62 878
63 577
63 778
64 460
64 670
65 117
65 545
66 469
66 858
67 121
67 132
68 155
68 301
69 655
69 815
70 188
70 687
71 84
71 444
72 163
72 736
73 292
73 403
74 462
74 611
75 547
75 609
76 727
76 774
77 83
77 162
78 448
78 565
79 375
79 666
80 658
80 684
81 487
81 781
82 167
83 343
84 275
85 125
85 825
86 149
86 175
87 214
88 384
88 735
89 101
89 685
90 373
90 636
91 135
91 187
92 263
92 276
93 706
93 820
94 176
95 155
95 516
96 401
96 741
97 206
97 716
98 625
98 718
99 409
99 750
100 249
100 473
101 495
102 722
102 726
103 340
103 766
104 201
104 295
105 116
105 139
106 491
106 644
107 532
107 853
108 493
108 831
109 506
109 605
110 166
111 739
111 882
112 425
113 452
113 796
114 137
114 600
115 212
115 666
116 402
117 262
118 514
118 527
119 398
119 599
120 170
120 254
121 694
122 634
122 668
123 191
123 429
124 241
124 382
125 126
126 290
127 281
127 355
128 856
128 862
129 260
129 837
130 368
130 621
131 630
131 784
132 141
133 505
133 849
134 257
134 812
135 539
136 223
136 866
137 571
138 583
138 630
139 772
140 558
140 562
141 448
142 182
142 472
143 223
144 463
144 709
145 237
146 339
146 857
147 568
147 842
148 695
149 224
150 196
150 485
151 256
151 762
152 292
152 803
154 415
154 480
156 231
156 745
157 333
157 712
158 235
158 384
159 340
159 469
160 238
160 853
161 464
161 580
162 439
163 799
164 227
164 595
165 382
165 399
166 456
168 644
168 724
169 259
169 719
170 456
171 222
171 810
172 471
172 680
173 337
173 422
174 353
174 371
175 876
176 749
177 746
177 783
178 362
178 501
179 472
179 855
180 397
180 782
181 589
181 591
182 700
183 734
184 594
184 657
185 427
185 880
186 394
186 883
187 451
188 888
189 193
189 461
190 231
190 833
191 739
192 822
193 808
194 811
195 234
195 260
196 346
197 199
197 299
198 203
198 230
199 870
200 770
200 826
201 685
202 486
202 500
203 229
204 283
205 221
205 326
206 687
207 617
207 859
208 688
208 829
209 344
209 797
210 302
210 667
211 280
211 297
212 343
213 449
213 796
214 568
215 394
215 791
216 376
216 787
217 377
217 664
218 551
218 674
219 769
219 889
220 252
220 837
221 814
222 613
224 238
225 275
225 393
226 287
227 388
228 502
228 860
229 636
232 602
232 770
233 788
233 805
234 476
235 244
236 629
236 836
237 706
239 541
239 681
240 742
240 756
241 274
242 427
242 881
243 295
243 473
244 819
245 282
245 643
246 572
247 300
247 669
248 303
248 304
249 510
250 743
250 871
251 484
251 723
252 817
253 522
253 618
254 763
255 395
255 410
256 573
257 715
258 609
258 699
259 623
261 278
261 454
262 408
263 279
264 305
264 374
265 898
266 803
267 445
267 524
268 388
268 594
269 521
269 821
270 428
270 689
271 560
271 785
272 633
273 419
273 717
274 358
276 868
277 364
277 505
278 365
280 848
281 877
282 470
283 669
284 285
284 701
285 433
286 883
287 829
288 588
288 813
289 378
289 691
290 824
291 547
291 638
293 483
293 806
294 665
296 656
297 513
298 604
298 868
299 314
301 330
303 689
304 730
305 835
306 444
306 508
307 583
307 892
308 800
309 420
309 466
310 884
311 559
311 659
312 515
312 851
313 496
313 717
315 358
315 562
316 489
316 599
317 637
317 771
318 459
319 424
319 617
320 638
320 744
321 707
321 741
322 612
322 679
323 683
323 867
324 649
324 729
325 572
325 632
326 511
327 661
327 696
328 515
328 656
329 421
329 705
331 416
331 419
332 765
332 850
334 587
334 710
335 399
335 407
336 556
337 622
338 604
338 809
339 603
341 615
341 698
342 414
342 622
344 535
345 512
345 534
346 397
347 586
347 793
348 695
348 808
349 593
349 820
350 392
350 501
351 457
351 767
352 805
353 385
354 765
354 867
355 761
356 406
356 873
357 663
357 759
359 768
359 781
360 748
360 865
361 452
361 795
362 836
363 462
363 828
364 557
365 782
366 443
366 705
367 643
368 743
369 771
369 786
370 536
370 709
371 804
372 413
372 426
373 875
374 454
375 715
376 692
377 711
379 440
379 686
380 672
380 890
381 885
383 675
383 677
385 486
386 474
386 543
387 548
387 667
389 439
389 691
390 477
390 640
391 581
391 863
392 585
393 676
395 655
396 426
396 479
400 433
400 488
401 728
402 466
403 714
404 573
404 899
405 607
405 863
407 816
409 453
410 840
411 539
412 713
412 874
413 776
414 524
416 887
417 711
418 443
418 752
420 564
421 521
422 544
423 445
423 464
424 613
425 704
428 567
429 657
430 606
430 681
431 542
431 722
432 748
432 897
434 858
435 697
436 494
436 856
437 733
437 841
438 569
438 760
440 889
441 627
442 633
442 682
446 503
446 576
447 556
447 882
449 530
450 465
450 790
451 798
453 517
455 707
457 886
458 553
458 730
459 528
461 731
463 876
465 708
467 851
468 631
471 479
474 702
475 816
476 646
477 555
478 584
478 896
481 747
481 778
482 574
482 736
483 891
484 777
485 672
487 723
488 647
489 529
490 531
490 582
491 823
492 560
493 708
495 764
497 557
497 676
498 538
498 697
499 601
499 824
500 529
502 578
503 732
504 648
504 830
507 728
507 838
508 701
509 725
509 846
511 628
512 773
513 664
514 646
516 587
517 574
518 566
518 679
519 618
519 700
520 653
522 751
523 570
525 834
525 884
526 634
526 818
528 831
531 874
532 648
533 887
535 680
536 619
537 543
537 607
538 703
540 639
541 623
544 720
546 635
546 777
549 552
549 611
550 800
551 602
552 724
553 850
554 849
554 861
555 624
558 610
561 637
561 650
563 654
563 753
564 830
566 793
567 625
570 872
571 581
575 684
575 806
576 713
577 787
579 721
579 801
580 807
582 740
585 879
586 827
588 619
589 729
590 789
590 792
591 864
592 767
592 825
593 798
596 608
596 859
597 702
598 846
598 895
600 754
603 653
605 870
606 761
608 635
610 720
612 690
614 693
614 733
615 632
616 854
616 897
620 639
621 690
624 677
626 899
627 718
628 651
629 641
631 799
640 783
641 749
642 762
645 826
645 885
647 673
649 746
650 886
651 662
652 764
652 766
658 794
660 698
660 891
661 845
662 791
663 869
665 822
668 810
670 703
671 738
673 862
674 760
675 790
678 752
678 801
682 839
683 794
686 738
688 693
692 847
694 779
696 842
699 878
704 755
710 731
712 832
719 744
721 759
725 813
726 758
727 865
734 881
737 750
737 854
740 861
742 847
751 795
753 755
754 895
756 848
774 785
775 843
775 866
776 802
780 819
780 828
788 834
789 855
792 823
797 892
802 893
804 869
809 890
811 888
814 860
815 875
817 840
821 833
827 843
841 845
852 898
864 894
872 879
900 548
901 470
-1 -1
342.488
