1
0 49
0 436
1 599
1 712
2 63
2 197
3 456
3 464
4 695
4 760
5 320
5 745
6 51
6 320
7 459
7 798
8 710
8 869
9 321
9 625
10 91
10 718
11 83
11 876
12 119
12 264
13 430
13 530
14 170
14 784
15 283
15 817
16 786
16 859
17 442
17 739
18 214
18 274
19 79
19 823
20 428
20 785
21 39
21 898
22 696
22 711
23 752
23 822
24 375
24 427
25 162
25 631
26 383
26 536
27 713
27 739
28 79
28 708
29 403
29 688
30 316
30 678
31 231
31 306
32 608
32 803
33 400
33 625
34 616
34 836
35 682
35 882
36 459
36 691
37 349
38 300
38 874
39 195
40 129
40 472
41 461
41 857
42 823
42 847
43 114
43 801
44 468
44 622
45 157
45 560
46 294
46 683
47 74
47 330
48 481
48 611
49 133
50 729
50 879
51 325
52 392
52 815
53 218
53 769
54 209
54 480
55 749
55 830
56 368
56 665
57 88
57 704
58 373
58 633
59 725
59 852
60 592
60 651
61 463
61 765
62 119
62 476
63 864
64 200
64 272
65 68
65 510
66 198
66 295
67 244
67 277
68 696
69 111
69 775
70 749
70 800
71 241
71 577
72 732
72 766
73 555
73 887
74 878
75 515
75 742
76 182
76 596
77 313
77 705
78 93
78 327
80 259
80 344
81 100
81 451
82 95
82 846
83 168
84 202
84 329
85 518
85 730
86 522
86 564
87 110
87 357
88 533
89 472
89 819
90 565
90 583
91 568
92 183
92 866
93 632
94 550
94 665
95 759
96 179
96 449
97 217
97 834
98 453
98 654
99 530
99 819
100 269
101 585
101 794
102 148
102 177
103 603
103 670
104 533
104 814
105 168
105 299
106 687
106 875
107 144
107 466
108 192
108 509
109 418
109 760
110 402
111 745
112 262
112 703
113 249
113 368
114 772
115 207
115 519
116 438
116 755
117 118
117 861
118 298
120 511
120 846
121 648
121 869
122 367
122 447
123 613
123 838
124 158
124 826
125 184
125 248
126 538
126 796
127 140
127 460
128 366
128 889
129 250
130 190
130 769
131 659
131 840
132 317
132 526
133 238
134 569
134 626
135 352
135 641
136 712
136 727
137 541
137 645
138 493
138 582
139 391
139 831
140 737
141 458
141 514
142 396
142 702
143 194
143 241
144 391
145 176
145 478
146 490
146 731
147 343
147 506
148 730
149 356
149 497
150 310
150 737
151 342
151 416
152 210
152 610
153 279
153 604
154 297
154 768
155 204
155 462
156 798
156 860
157 173
158 811
159 240
159 421
160 276
160 314
161 339
161 888
162 201
163 257
163 891
164 584
164 896
165 566
165 724
166 563
166 754
167 325
167 528
169 513
169 804
170 317
171 230
171 448
172 506
172 588
173 443
174 298
174 547
175 359
175 539
176 285
177 302
178 337
178 440
179 293
180 394
180 576
181 220
181 833
182 640
183 292
184 780
185 316
185 616
186 615
186 802
187 352
187 355
188 271
188 707
189 324
189 604
190 191
191 500
192 334
193 268
193 467
194 768
195 772
196 551
196 645
197 674
198 263
199 447
199 813
200 494
201 662
202 639
203 570
203 793
204 623
205 215
205 236
206 630
206 766
207 791
208 453
208 482
209 376
210 290
211 216
211 462
212 679
212 856
213 630
213 808
214 552
215 606
216 640
217 393
218 268
219 442
219 536
220 452
221 517
221 755
222 652
222 717
223 672
223 701
224 699
224 892
225 267
225 448
226 663
226 872
227 542
227 825
228 369
228 614
229 346
229 535
230 265
231 782
232 710
232 832
233 465
233 686
234 482
234 586
235 273
235 701
236 284
237 531
237 646
238 697
239 778
239 868
240 875
242 751
242 845
243 405
243 527
244 438
245 691
245 796
246 261
246 664
247 641
247 762
248 697
249 493
250 512
251 382
251 870
252 490
252 721
253 851
253 861
254 455
254 677
255 483
255 550
256 572
256 883
257 855
258 336
258 756
259 799
260 287
260 863
261 315
262 707
263 378
264 288
265 610
266 398
266 857
267 323
269 351
270 348
270 784
271 767
272 422
273 809
274 341
275 519
275 566
276 666
277 686
278 357
278 668
279 781
280 326
280 605
281 429
281 558
282 389
282 558
283 643
284 704
285 425
286 615
286 722
287 698
288 672
289 461
289 562
290 836
291 356
291 486
292 716
293 318
294 489
295 331
296 489
296 736
297 423
299 653
300 445
301 500
301 824
302 429
303 656
303 753
304 387
304 412
305 655
306 806
307 525
307 829
308 484
308 783
309 507
309 624
310 580
311 571
311 889
312 417
312 579
313 810
314 496
315 535
318 412
319 505
319 811
321 329
322 401
322 833
323 659
324 670
326 619
327 470
328 458
328 484
330 655
331 521
332 354
332 629
333 434
333 491
334 476
335 848
335 854
336 377
337 788
338 366
338 816
339 771
340 463
340 589
341 588
342 355
343 515
344 347
345 653
345 812
346 734
347 606
348 390
349 435
350 517
350 880
351 495
353 386
353 544
354 540
358 380
358 475
359 492
360 523
360 662
361 409
361 510
362 478
362 853
363 449
363 452
364 669
364 677
365 370
365 612
367 379
369 639
370 831
371 432
371 488
372 469
372 877
373 671
374 441
374 827
375 654
376 706
377 813
378 553
379 841
380 695
381 479
381 821
382 597
383 596
384 396
384 635
385 545
385 780
386 607
387 547
388 746
388 818
389 720
390 890
392 807
393 578
394 527
395 499
395 650
397 571
397 802
398 873
399 548
399 778
400 613
401 765
402 839
403 445
404 676
404 779
405 499
406 408
406 844
407 441
407 525
408 735
409 791
410 689
410 878
411 816
411 830
413 423
413 866
414 877
414 881
415 491
415 584
416 873
417 729
418 826
419 568
419 809
420 574
420 626
421 805
422 556
424 572
424 828
425 789
426 522
426 598
427 715
428 464
430 504
431 602
431 719
432 676
433 850
433 892
434 694
435 759
436 473
437 595
437 843
439 790
439 794
440 887
443 694
444 514
444 620
446 557
446 835
450 703
450 773
451 650
454 553
454 554
455 762
456 581
457 542
457 894
460 637
465 859
466 570
467 897
468 717
469 848
470 711
471 502
471 681
473 841
474 576
474 724
475 518
477 561
477 774
479 785
480 602
481 687
483 578
485 690
485 849
486 543
487 839
487 882
488 638
492 825
494 718
495 744
496 657
497 617
498 508
498 661
501 627
501 893
502 805
503 669
503 748
504 534
505 582
507 837
508 726
509 637
511 673
512 589
513 733
516 579
516 847
520 799
520 812
521 544
523 524
524 736
526 741
528 664
529 543
529 594
531 618
532 564
532 658
534 700
537 705
537 746
538 632
539 562
540 726
541 883
545 575
546 668
546 790
548 690
549 758
549 884
551 893
552 894
554 870
555 865
556 750
557 862
559 577
559 688
560 620
561 740
563 829
565 675
567 740
567 770
569 628
573 583
573 797
574 649
575 603
580 897
581 636
585 898
586 801
587 605
587 679
590 611
590 684
591 600
591 612
592 636
593 714
593 722
594 845
595 835
597 886
598 698
599 622
600 803
601 728
601 879
607 618
608 747
609 689
609 871
614 752
617 623
619 738
621 706
621 792
624 661
627 734
628 658
629 795
631 852
633 884
634 779
634 858
635 715
638 709
642 783
642 793
643 767
644 725
644 815
646 827
647 719
647 842
648 700
649 667
651 860
652 876
656 854
657 858
660 708
660 890
663 895
666 781
667 771
671 732
673 853
674 899
675 770
678 871
680 685
680 787
681 747
682 763
683 832
684 828
685 792
692 764
692 886
693 738
693 757
699 788
702 820
709 750
713 808
714 863
716 773
720 868
721 864
723 761
723 888
727 787
728 733
731 896
735 881
741 810
742 814
743 754
743 786
744 763
748 818
751 782
753 824
756 850
757 837
758 855
761 851
764 807
774 844
775 789
776 806
776 885
777 800
777 867
795 895
797 843
804 840
817 838
820 862
821 891
822 880
834 874
842 849
856 899
865 867
872 885
900 305
901 37
-1 -1
82.0407
