1
0 60
0 270
1 324
1 459
2 115
2 291
3 315
3 431
4 228
4 386
5 65
5 321
6 269
6 438
7 53
7 348
8 497
8 542
9 392
9 591
10 341
10 450
11 272
11 498
12 70
12 363
13 411
13 540
14 439
14 534
15 72
15 328
16 210
16 590
17 113
17 323
18 246
18 255
19 62
19 329
20 432
20 469
21 250
21 416
22 334
22 353
23 71
23 392
24 320
24 340
25 34
25 316
26 403
26 438
27 486
27 598
28 232
28 479
29 137
29 453
30 48
30 506
31 222
31 394
32 207
32 281
33 170
33 549
35 93
35 114
36 103
36 304
37 75
37 559
38 93
38 332
39 295
39 442
40 260
40 261
41 47
41 537
42 61
42 319
43 343
43 466
44 81
44 362
45 367
45 505
46 136
46 156
47 545
48 298
49 361
49 567
50 74
50 278
51 257
51 388
52 188
52 208
53 542
54 266
54 529
55 176
55 247
56 374
56 522
57 68
57 352
58 168
58 320
59 163
59 568
60 111
61 107
62 308
63 176
63 304
64 396
64 453
65 407
66 167
66 185
67 309
67 417
68 596
69 568
69 587
70 339
71 558
72 83
73 401
73 418
74 212
75 440
76 89
76 427
77 373
77 481
78 360
78 590
79 536
79 584
80 190
80 483
81 535
82 96
82 495
83 505
84 530
84 595
85 118
85 469
86 251
86 270
87 103
87 591
88 233
88 572
89 248
90 487
90 513
91 161
91 225
92 94
92 150
94 318
95 183
95 400
96 365
97 312
97 544
98 278
98 526
99 125
99 586
100 521
100 165
101 185
101 385
102 108
102 323
104 264
104 372
105 502
105 525
106 442
106 475
107 399
108 174
109 471
109 531
110 122
110 456
111 588
112 463
112 519
113 133
114 142
115 353
116 474
116 494
117 447
117 589
118 530
119 296
119 449
120 356
120 451
121 129
121 177
122 485
123 342
123 424
124 359
124 516
125 293
126 496
126 508
127 368
127 489
128 299
128 370
129 213
130 345
130 544
131 462
131 471
132 203
132 577
133 314
134 393
134 529
135 214
135 562
136 513
137 240
138 300
138 459
139 556
139 566
140 172
140 184
141 537
141 243
142 274
143 224
143 293
144 147
144 265
145 452
145 564
146 305
146 375
147 171
148 492
148 579
149 352
149 395
150 307
151 454
151 561
152 491
152 565
153 330
153 415
154 496
154 599
155 192
155 448
156 517
157 384
157 447
158 279
158 420
159 169
159 382
160 161
160 338
162 326
162 518
163 195
164 526
164 201
165 329
166 262
166 508
167 178
168 261
169 239
170 561
171 230
172 327
173 283
173 399
174 426
175 228
175 283
177 186
178 547
179 269
179 574
180 211
180 212
181 344
181 409
182 322
182 351
183 455
184 202
186 480
187 461
187 492
188 582
189 204
189 334
190 276
191 494
191 597
192 282
193 226
193 289
194 226
194 354
195 420
196 247
196 254
197 249
197 587
198 206
198 418
199 286
199 511
200 378
200 436
201 545
202 389
203 523
204 275
205 265
205 349
206 546
207 313
208 284
209 325
209 429
210 364
211 510
213 401
214 524
215 256
215 259
216 480
216 594
217 588
217 350
218 311
218 403
219 230
219 414
220 532
220 533
221 426
221 559
222 468
223 306
223 409
224 482
225 456
227 233
227 375
229 298
229 502
231 302
231 473
232 445
234 412
234 433
235 376
235 460
236 553
236 578
237 271
237 525
238 554
238 584
239 244
240 389
241 370
241 565
242 281
242 458
243 406
244 248
245 441
245 546
246 332
249 296
250 499
251 327
252 405
252 443
253 383
253 498
254 491
255 585
256 552
257 452
258 292
258 466
259 586
260 412
262 477
263 330
263 348
264 357
266 552
267 274
267 593
268 536
268 589
271 515
272 563
273 341
273 390
275 301
276 350
277 317
277 464
279 335
280 316
280 490
282 488
284 322
285 386
285 562
286 592
287 487
287 489
288 379
288 539
289 488
290 383
290 599
291 535
292 551
294 335
294 338
295 576
297 356
297 577
299 581
300 344
301 520
302 507
303 362
303 462
305 484
306 328
307 414
308 314
309 570
310 423
310 474
311 534
312 444
313 355
315 486
317 434
318 436
319 421
321 479
324 573
325 575
326 407
331 372
331 478
333 449
333 464
336 430
336 563
337 514
337 448
339 490
340 435
342 408
343 497
345 395
346 371
346 435
347 473
347 539
349 549
351 416
354 391
355 579
357 439
358 556
358 560
359 360
361 366
363 364
365 441
366 382
367 597
368 541
369 461
369 573
371 551
373 575
374 528
376 422
377 381
377 385
378 531
379 445
380 388
380 437
381 501
384 397
387 460
387 585
390 472
391 503
393 516
394 557
396 495
397 468
398 523
398 572
400 548
402 422
402 540
404 444
404 514
405 571
406 566
408 476
410 527
410 485
413 512
413 574
415 595
417 472
419 440
419 598
421 555
423 558
424 527
425 509
425 548
427 580
428 457
428 528
429 553
430 499
431 433
432 555
434 550
437 451
443 583
446 493
446 506
450 576
454 524
455 570
457 519
458 596
463 465
465 477
467 470
467 583
470 500
475 569
476 582
478 509
481 510
482 581
483 517
484 520
493 500
501 512
503 594
504 507
504 554
511 522
515 532
518 571
521 538
533 538
541 569
543 550
543 567
547 560
557 593
564 592
578 580
600 34
601 411
-1 -1
82.4906
