1
0 74
0 555
1 147
1 387
2 157
2 253
3 65
3 483
4 59
4 103
5 330
5 458
6 460
6 469
7 434
7 447
8 411
8 546
9 19
9 359
10 61
10 177
11 131
11 405
12 142
12 227
13 292
13 342
14 441
14 495
15 146
15 498
16 25
16 559
17 146
17 209
18 24
18 218
19 100
20 400
20 562
21 554
21 593
22 82
22 498
23 106
23 415
24 358
25 51
26 273
26 278
27 324
27 407
28 400
28 449
29 213
29 313
30 396
30 413
31 350
31 511
32 520
32 594
33 163
33 429
34 72
34 330
35 109
35 237
36 241
36 559
37 162
37 334
38 344
38 482
39 124
39 592
40 151
40 153
41 115
41 358
42 225
42 230
43 320
43 391
44 276
44 365
45 365
45 515
46 182
46 377
47 56
47 524
48 56
48 586
49 88
49 154
50 314
50 353
51 183
52 270
52 422
53 204
53 419
54 482
54 581
55 385
55 551
57 523
57 546
58 243
58 461
59 485
60 172
60 384
61 245
62 254
62 571
63 119
63 580
64 432
64 543
65 574
66 249
66 392
67 97
67 266
68 431
68 589
69 298
69 531
70 430
70 599
71 95
71 374
72 193
73 318
73 331
74 216
75 105
75 588
76 131
76 312
77 228
77 439
78 169
78 573
79 558
79 574
80 180
80 506
81 180
81 474
82 123
83 533
83 556
84 178
84 541
85 437
85 507
86 424
86 503
87 393
87 588
88 404
89 275
89 444
90 226
90 361
91 303
91 468
92 156
92 282
93 466
93 471
94 302
94 484
95 258
96 268
96 565
97 591
98 108
98 531
99 541
99 454
100 259
101 308
101 505
102 104
102 208
103 488
104 145
105 572
106 274
107 356
107 550
108 539
109 577
110 139
110 294
111 295
111 475
112 234
112 372
113 374
113 394
114 161
114 549
115 548
116 447
116 577
117 192
117 378
118 134
118 310
119 415
120 259
120 425
121 191
121 440
122 221
122 382
123 127
124 430
125 157
125 527
126 483
126 491
127 307
128 191
128 529
129 150
129 362
130 504
130 543
132 463
132 553
133 248
133 459
134 578
135 434
135 501
136 312
136 525
137 188
137 436
138 409
138 472
139 341
140 485
140 507
141 238
141 473
142 397
143 308
143 386
144 262
144 413
145 596
147 311
148 164
148 433
149 304
149 421
150 153
151 597
152 417
152 584
154 173
155 181
155 364
156 479
158 522
158 571
159 229
159 316
160 209
160 333
161 542
162 378
163 476
164 223
165 199
165 392
166 481
166 489
167 200
167 423
168 266
168 443
169 225
170 518
170 535
171 172
171 418
173 324
174 267
174 520
175 320
175 592
176 399
176 544
177 283
178 384
179 261
179 532
181 309
182 436
184 193
184 457
185 206
185 322
186 197
186 343
187 260
187 325
188 582
189 287
189 385
190 290
190 409
192 310
194 219
194 444
195 246
195 552
196 338
196 549
197 271
198 216
198 487
199 306
200 563
201 257
201 446
202 211
202 456
203 210
203 257
204 442
205 236
205 379
206 283
207 290
207 412
208 406
210 362
211 417
212 285
212 561
213 454
214 299
214 410
215 352
215 511
217 469
217 596
218 544
219 281
220 231
220 241
221 338
222 289
222 305
223 519
224 347
224 395
226 410
227 352
228 402
229 284
230 536
231 390
232 315
232 499
233 526
233 530
234 433
235 438
235 545
236 340
237 587
238 440
239 376
239 464
240 254
240 497
242 394
242 566
243 270
244 292
244 584
245 460
246 293
247 307
247 404
248 491
249 368
250 356
250 490
251 468
251 570
252 380
252 537
253 386
255 300
255 500
256 327
256 351
258 387
260 393
261 388
262 587
263 471
263 521
264 371
264 504
265 389
267 480
268 445
269 369
269 509
271 441
272 465
272 517
273 509
274 435
275 414
276 579
277 336
277 581
278 515
279 428
279 445
280 327
280 545
281 341
282 481
284 455
285 293
286 370
286 462
287 376
288 419
288 466
289 568
291 501
291 516
294 473
295 551
296 459
296 562
297 435
297 521
298 547
299 390
300 421
301 412
301 457
302 461
303 437
304 402
305 354
306 528
309 557
311 340
313 484
314 496
315 558
316 538
317 349
317 361
318 346
319 381
319 407
321 375
321 523
322 525
323 403
323 463
325 391
326 357
326 375
328 472
328 539
329 446
329 518
331 366
332 495
332 561
333 480
334 368
335 519
335 597
336 569
337 344
337 453
339 467
339 590
342 350
343 426
345 464
345 530
346 582
347 489
348 458
348 478
349 524
351 554
353 411
354 569
355 502
355 591
357 488
359 452
360 443
360 512
363 364
363 567
366 589
367 429
367 455
369 542
370 565
371 538
372 499
373 510
373 579
377 548
379 526
380 494
381 424
382 451
383 534
383 560
388 492
389 420
395 494
396 512
397 575
398 428
398 497
399 594
401 575
401 580
403 534
405 427
406 474
408 450
408 493
414 599
416 477
416 568
418 585
420 598
422 508
423 470
425 514
426 578
427 528
431 510
432 451
438 540
439 503
442 573
448 453
448 583
449 479
450 496
452 533
456 564
462 535
465 486
467 585
470 598
475 513
476 527
477 478
486 552
487 537
490 572
492 508
493 595
500 570
502 590
505 557
506 516
513 595
514 522
517 536
529 576
532 547
540 564
550 566
553 583
555 593
556 586
560 576
563 567
600 183
601 265
-1 -1
859.909
