1
0 46
0 419
1 62
1 477
2 431
2 447
3 506
3 522
4 179
4 384
5 22
5 111
6 73
6 513
7 375
7 501
8 36
8 186
9 271
9 373
10 203
10 451
11 377
11 404
12 49
12 451
13 214
13 523
14 46
14 414
15 193
15 520
16 120
16 249
17 307
17 394
18 101
18 598
19 177
19 231
20 275
20 413
21 55
21 456
22 138
23 240
23 324
24 74
24 125
25 186
25 191
26 28
26 63
27 498
27 547
28 95
29 84
29 453
30 185
30 209
31 254
31 309
32 197
32 455
33 435
33 599
34 112
34 512
35 54
35 528
36 576
37 79
37 237
38 230
38 554
39 400
39 458
40 148
40 222
41 57
41 537
42 208
42 559
43 242
43 555
44 276
44 511
45 394
45 465
47 304
47 364
48 393
48 532
49 192
50 188
50 396
51 579
51 422
52 95
52 352
53 72
53 285
54 544
55 165
56 110
56 383
57 457
58 216
58 556
59 468
59 471
60 61
60 435
61 562
62 251
63 252
64 330
64 525
65 126
65 489
66 247
66 258
67 561
67 492
68 459
68 482
69 273
69 500
70 167
70 255
71 273
71 559
72 496
73 443
74 342
75 296
75 464
76 402
76 501
77 263
77 357
78 229
78 288
79 481
80 196
80 496
81 322
81 527
82 156
82 199
83 94
83 426
84 591
85 245
85 478
86 106
86 189
87 317
87 468
88 210
88 476
89 376
89 498
90 521
90 577
91 348
91 398
92 212
92 317
93 224
93 321
94 168
96 404
96 437
97 298
97 549
98 134
98 162
99 228
99 447
100 118
100 265
101 535
102 147
102 586
103 173
103 349
104 353
104 355
105 527
105 557
106 294
107 224
107 293
108 133
108 308
109 223
109 571
110 510
111 413
112 409
113 191
113 211
114 213
114 302
115 225
115 462
116 121
116 129
117 332
117 491
118 267
119 452
119 573
120 124
121 283
122 303
122 392
123 287
123 463
124 400
125 563
126 373
127 142
127 262
128 161
128 502
129 575
130 364
130 529
131 305
131 593
132 136
132 564
133 316
134 483
135 319
135 469
136 259
137 174
137 582
138 193
139 157
139 430
140 333
140 512
141 163
141 545
142 305
143 217
143 460
144 282
144 420
145 170
145 187
146 190
146 406
147 565
148 405
149 291
149 570
150 319
150 526
151 327
151 367
152 239
152 504
153 289
153 416
154 360
154 419
155 442
155 541
156 334
157 577
158 456
158 508
159 278
159 428
160 313
160 366
161 438
162 444
163 488
164 297
164 314
165 582
166 361
166 592
167 596
168 391
169 188
169 505
170 363
171 204
171 539
172 494
172 533
173 209
174 504
175 184
175 560
176 310
176 442
177 449
178 238
178 478
179 270
180 525
180 545
181 433
181 595
182 432
182 589
183 448
183 495
184 403
185 530
187 509
189 485
190 424
192 195
194 479
194 543
195 351
196 341
197 331
198 254
198 487
199 295
200 341
200 548
201 387
201 469
202 415
202 572
203 372
204 381
205 260
205 587
206 470
206 481
207 412
207 564
208 567
210 367
211 566
212 235
213 437
214 476
215 286
215 566
216 423
217 283
218 231
218 358
219 465
219 518
220 244
220 540
221 450
221 519
222 337
223 505
225 399
226 461
226 551
227 281
227 389
228 417
229 578
230 237
232 242
232 443
233 380
233 426
234 369
234 471
235 454
236 338
236 432
238 250
239 422
240 508
241 429
241 563
243 424
243 477
244 335
245 580
246 403
246 548
247 299
248 429
248 470
249 383
250 441
251 569
252 583
253 351
253 499
255 584
256 444
256 466
257 260
257 391
258 374
259 522
261 425
261 571
262 472
263 540
264 277
264 490
265 390
266 284
266 361
267 354
268 344
268 441
269 279
269 457
270 544
271 490
272 519
272 558
274 352
274 483
275 416
276 316
277 578
278 459
279 591
280 337
280 484
281 440
282 362
284 302
285 433
286 506
287 340
288 552
289 439
290 336
290 397
291 583
292 335
292 402
293 307
294 513
295 296
297 487
298 374
299 523
300 344
300 475
301 328
301 597
303 357
304 538
306 434
306 488
308 518
309 336
310 378
311 378
311 381
312 397
312 554
313 594
314 531
315 461
315 576
318 356
318 551
320 436
320 536
321 385
322 356
323 474
323 573
324 597
325 410
325 542
326 482
326 593
327 382
328 466
329 359
329 574
330 494
332 565
333 345
334 486
338 509
339 354
339 387
340 572
342 570
343 408
343 594
345 536
346 530
346 360
347 511
347 550
348 430
349 428
350 359
350 411
353 385
355 528
358 398
362 569
363 503
365 449
365 585
366 389
368 480
368 586
370 421
370 553
371 598
371 500
372 418
375 534
376 491
377 531
379 495
379 542
380 425
382 532
384 561
386 464
386 546
388 417
388 539
390 423
392 556
393 458
395 420
395 473
396 399
401 515
401 580
405 475
406 409
407 493
407 562
408 497
410 427
411 414
412 524
415 589
418 581
421 546
427 460
431 550
434 584
436 489
438 493
439 595
440 558
445 529
445 599
446 479
446 560
448 555
450 492
452 517
453 503
454 515
455 507
462 472
463 516
467 568
467 592
473 553
474 552
480 549
484 537
485 557
486 567
497 547
499 585
502 575
507 543
510 590
514 516
514 587
517 574
520 526
521 588
524 596
533 535
534 579
538 541
568 581
588 590
600 369
601 331
-1 -1
106.423
