1
0 47
0 343
1 79
1 219
2 381
2 583
3 240
3 388
4 24
4 477
5 183
5 511
6 67
6 468
7 172
7 500
8 298
8 567
9 311
9 383
10 231
10 282
11 101
11 580
12 292
12 504
13 528
13 563
14 93
14 429
15 28
15 489
16 151
16 325
17 22
17 425
18 19
18 57
19 23
20 415
20 562
21 205
21 504
22 231
23 580
24 345
25 155
25 317
26 339
26 497
27 428
27 594
28 381
29 53
29 182
30 59
30 218
31 110
31 487
32 278
32 412
33 118
33 531
34 125
34 309
35 241
35 503
36 238
36 411
37 338
37 428
38 84
38 435
39 331
39 598
40 88
40 482
41 108
41 395
42 511
42 589
43 121
43 214
44 355
44 433
45 490
45 556
46 138
46 308
47 416
48 71
48 190
49 374
49 579
50 322
50 380
51 524
51 546
52 193
52 592
53 307
54 306
54 327
55 300
55 367
56 176
56 266
57 540
58 159
58 436
59 123
60 158
60 547
61 226
61 592
62 235
62 555
63 178
63 538
64 314
64 469
65 251
65 385
66 260
66 379
67 496
68 301
68 582
69 466
69 484
70 492
70 505
71 318
72 222
72 589
73 226
73 474
74 286
74 567
75 111
75 347
76 491
76 593
77 140
77 478
78 242
78 400
79 382
80 319
80 327
81 189
81 562
82 392
82 405
83 349
83 424
84 585
85 227
85 294
86 520
86 578
87 488
87 572
88 95
89 123
89 282
90 193
90 387
91 378
91 432
92 107
92 116
93 525
94 162
94 293
95 596
96 163
96 414
97 284
97 403
98 165
98 221
99 341
99 350
100 287
100 473
101 250
102 283
102 540
103 402
103 443
104 384
104 388
105 229
105 587
106 260
107 230
108 507
109 135
109 233
110 342
111 259
112 283
112 566
113 421
113 541
114 423
114 494
115 245
115 297
116 485
117 238
117 436
118 353
119 229
119 413
120 241
120 293
121 346
122 516
122 581
124 154
124 269
125 154
126 201
126 354
127 173
127 225
128 273
128 501
129 210
129 371
130 217
130 244
131 257
131 488
132 443
132 594
133 459
133 554
134 420
134 471
135 550
136 552
136 205
137 162
137 209
138 199
139 331
139 410
140 465
141 310
141 390
142 510
142 569
143 483
143 578
144 290
144 577
145 463
145 590
146 203
146 207
147 246
147 267
148 265
148 483
149 352
149 506
150 257
150 484
151 396
152 394
152 451
153 295
153 404
155 206
156 261
156 367
157 237
157 406
158 431
159 478
160 253
160 518
161 560
161 586
163 266
164 493
164 599
165 551
166 475
166 569
167 218
167 391
168 512
168 522
169 458
169 597
170 313
170 363
171 447
171 517
172 311
173 445
174 339
174 370
175 393
175 459
176 235
177 401
177 557
178 464
179 189
179 563
180 549
180 565
181 183
181 438
182 435
184 430
184 575
185 213
185 348
186 252
186 532
187 350
187 588
188 536
188 460
190 261
191 545
191 575
192 402
192 469
194 196
194 376
195 571
195 586
196 539
197 426
197 593
198 251
198 550
199 338
200 271
200 535
201 299
202 330
202 529
203 591
204 265
204 479
206 292
207 429
208 445
208 515
209 441
210 362
211 399
211 508
212 409
212 446
213 430
214 433
215 390
215 417
216 273
216 555
217 498
219 268
220 324
220 426
221 379
222 223
223 337
224 542
224 547
225 514
227 548
228 449
228 516
230 528
232 296
232 573
233 523
234 506
234 521
236 323
236 558
237 596
239 303
239 479
240 332
242 530
243 259
243 444
244 255
245 509
246 531
247 290
247 494
248 409
249 284
249 497
250 291
252 481
253 316
254 431
254 568
255 465
256 271
256 295
258 527
258 470
262 455
262 515
263 365
263 482
264 371
264 518
267 576
268 452
269 387
270 369
270 462
272 312
272 480
274 519
274 561
275 393
275 490
276 305
276 505
277 366
277 560
278 457
279 386
279 599
280 530
280 513
281 315
281 328
285 286
285 451
287 457
288 394
288 437
289 368
289 543
291 548
294 336
296 551
297 309
298 473
299 403
300 537
301 468
302 364
302 413
303 500
304 306
304 502
305 502
307 408
308 372
310 355
312 418
313 373
314 405
315 448
316 498
317 570
318 412
319 507
320 414
320 590
321 364
321 597
322 492
323 344
324 362
325 557
326 534
326 554
328 386
329 401
329 545
330 570
332 340
333 377
333 544
334 380
334 487
335 356
335 357
336 598
337 481
340 536
341 462
342 425
343 397
344 477
345 454
346 546
347 374
348 582
349 571
351 375
351 543
352 556
353 376
354 447
356 395
357 432
358 444
358 587
359 471
359 588
360 467
360 538
361 561
361 595
363 486
365 417
366 534
368 449
369 373
370 392
372 573
375 450
377 476
378 460
382 485
383 398
384 423
385 527
389 419
389 541
391 400
396 574
397 579
398 559
399 416
404 472
406 450
407 499
407 559
408 422
410 438
411 461
415 437
418 519
419 520
420 470
421 532
422 476
424 564
427 463
427 572
434 448
434 464
439 456
439 584
440 521
440 537
441 544
442 495
442 553
446 565
452 503
453 513
453 525
454 533
455 466
456 574
458 501
461 486
467 496
472 524
474 568
475 542
480 522
489 533
491 591
493 539
495 526
499 576
508 577
509 581
510 584
512 566
514 549
517 552
523 585
526 564
529 558
535 583
553 595
600 106
601 248
-1 -1
34.4952
