1
0 14
0 117
1 51
1 215
2 3
2 291
3 289
4 9
4 278
5 199
5 204
6 50
6 68
7 109
7 196
8 287
8 126
9 261
10 282
10 176
11 86
11 181
12 84
12 194
13 17
13 245
14 240
15 224
15 235
16 152
16 195
17 25
18 96
18 105
19 272
19 225
20 277
20 217
21 192
21 252
22 69
22 86
23 281
23 138
24 78
24 247
25 184
26 226
26 244
27 48
27 182
28 87
28 213
29 261
29 226
30 149
30 187
31 269
31 80
32 74
32 229
33 275
33 239
34 187
35 162
35 188
36 294
36 213
37 39
37 93
38 276
38 176
39 154
40 134
40 235
41 102
41 113
42 270
42 234
43 260
43 203
44 296
44 246
45 130
45 151
46 158
46 168
47 72
47 287
48 64
49 83
49 108
50 288
51 214
52 53
52 228
53 279
54 102
54 139
55 292
55 113
56 59
56 205
57 69
57 87
58 269
58 62
59 85
60 152
60 249
61 129
61 184
62 254
63 274
63 124
64 272
65 273
65 163
66 103
66 185
67 290
67 150
68 232
70 90
70 92
71 165
71 243
72 245
73 116
73 154
74 101
75 133
75 164
76 260
76 181
77 122
77 171
78 206
79 258
79 196
80 114
81 121
81 251
82 89
82 123
83 223
84 271
85 262
88 298
88 99
89 189
90 211
91 195
91 217
92 131
93 163
94 218
94 220
95 175
95 198
96 210
97 229
97 254
98 283
98 108
99 105
100 230
100 246
101 132
103 111
104 166
104 216
106 227
106 241
107 123
107 178
109 122
110 280
110 297
111 128
112 157
112 236
114 255
115 186
115 242
116 251
117 174
118 268
118 239
119 200
119 253
120 202
120 205
121 263
124 296
125 200
125 257
126 175
127 270
127 141
128 140
129 265
130 186
131 274
132 147
133 143
134 135
135 216
136 148
136 212
137 142
137 255
138 183
139 225
140 206
141 193
142 207
143 170
144 271
144 289
145 164
145 221
146 153
146 160
147 290
148 248
149 167
150 228
151 165
153 241
155 284
155 273
156 190
156 244
157 202
158 173
159 293
159 242
160 201
161 221
161 230
166 256
167 172
168 177
169 259
169 286
170 231
171 262
172 212
173 291
174 189
177 214
178 283
179 297
179 295
180 263
180 224
182 294
183 250
185 295
188 280
190 215
191 266
191 259
192 278
193 210
194 284
197 207
197 237
198 249
199 219
201 247
203 298
204 233
208 232
208 243
209 281
209 279
211 275
218 258
219 299
220 267
222 277
222 240
223 299
227 264
231 252
233 256
234 267
236 285
237 257
238 285
238 276
248 250
253 292
264 286
265 282
266 288
268 293
300 34
301 162
-1 -1
1.49932
