1
0 2
0 85
1 100
1 232
2 12
3 260
3 48
4 16
4 145
5 17
5 149
6 288
6 128
7 263
7 127
8 155
8 219
9 108
9 139
10 296
10 206
11 83
11 102
12 222
13 215
13 247
14 292
14 248
15 184
15 235
16 251
17 152
18 61
18 251
19 145
19 213
20 80
20 196
21 50
21 126
22 78
22 246
23 168
23 191
24 56
24 104
25 273
25 154
26 295
26 78
27 133
27 221
28 99
28 165
29 205
29 223
30 234
30 240
31 268
31 274
32 269
32 211
33 60
33 168
34 66
34 195
35 117
35 189
36 38
36 239
37 140
37 210
38 182
39 267
39 153
40 264
40 73
41 236
41 248
42 287
42 193
43 148
43 189
44 272
44 187
45 291
45 154
46 49
46 250
47 52
47 173
48 286
49 201
50 271
51 104
51 124
52 197
53 98
53 160
54 63
54 232
55 124
55 193
56 203
57 87
57 188
58 146
58 253
59 97
59 130
60 208
61 66
62 79
62 252
63 208
64 174
64 178
65 257
65 135
67 131
67 161
68 74
68 82
69 102
69 238
70 278
70 201
71 175
71 194
72 284
72 269
73 229
74 228
75 147
75 152
76 133
76 158
77 100
77 132
79 114
80 244
81 86
81 118
82 286
83 182
84 265
84 273
85 96
86 299
87 111
88 121
88 218
89 135
89 156
90 120
90 185
91 256
91 283
92 262
92 261
93 166
93 209
94 280
94 242
95 170
95 237
96 197
97 262
98 253
99 214
101 105
101 206
103 276
103 184
105 148
106 265
106 199
107 180
107 216
108 282
109 132
109 199
110 288
110 252
111 268
112 297
112 139
113 117
113 214
114 276
115 171
115 247
116 136
116 223
118 255
119 220
119 231
120 191
121 146
122 280
122 194
123 292
123 186
125 298
125 156
126 255
127 172
128 211
129 175
129 196
130 230
131 166
134 169
134 222
136 143
137 144
137 159
138 150
138 190
140 235
141 151
141 225
142 287
142 234
143 181
144 267
147 158
149 277
150 237
151 212
153 216
155 266
157 204
157 217
159 164
161 170
162 293
162 192
163 294
163 230
164 249
165 277
167 181
167 243
169 259
171 254
172 245
173 226
174 271
176 260
176 283
177 270
177 224
178 263
179 289
179 250
180 190
183 294
183 198
185 278
186 249
187 275
188 209
192 220
195 239
198 281
200 298
200 204
202 297
202 215
203 233
205 227
207 261
207 241
210 285
213 284
217 266
218 258
219 289
221 241
224 296
225 259
226 229
227 295
228 257
231 270
233 242
236 282
238 246
240 245
243 299
244 293
254 285
256 264
258 279
272 291
274 290
275 290
279 281
300 212
301 160
-1 -1
7.11436
