1
0 264
0 124
1 127
1 164
2 261
2 291
3 32
3 95
4 9
4 41
5 89
5 194
6 285
6 139
7 192
7 250
8 27
8 200
9 31
10 203
10 216
11 262
11 274
12 121
12 298
13 72
13 165
14 209
14 214
15 276
15 243
16 282
16 198
17 266
17 175
18 150
18 175
19 55
19 85
20 87
20 144
21 71
21 95
22 75
22 208
23 44
23 51
24 256
24 57
25 53
25 113
26 260
26 286
27 79
28 166
28 174
29 292
29 90
30 53
30 102
31 59
32 179
33 259
33 297
34 291
34 227
35 299
35 233
36 277
36 147
37 133
37 288
38 56
38 217
39 171
39 238
40 119
40 193
41 294
42 138
42 180
43 188
43 249
44 46
45 68
45 276
46 118
47 266
47 153
48 263
48 265
49 72
49 177
50 135
50 254
51 172
52 166
52 199
54 163
54 289
55 173
56 162
57 255
58 282
58 218
59 66
60 280
60 234
61 125
61 239
62 229
63 176
64 258
64 148
65 74
65 231
66 84
67 161
67 251
68 85
69 103
69 156
70 161
70 205
71 223
73 133
73 203
74 222
75 245
76 101
76 150
77 270
77 199
78 83
78 205
79 87
80 169
80 178
81 167
81 170
82 113
82 141
83 115
84 185
86 140
86 228
88 142
88 165
89 237
90 247
91 292
91 213
92 284
92 146
93 132
93 134
94 99
94 254
96 274
96 206
97 259
97 295
98 275
98 118
99 245
100 126
100 183
101 168
102 248
103 177
104 110
104 143
105 284
105 283
106 114
106 215
107 164
107 224
108 114
108 195
109 285
109 154
110 148
111 129
111 179
112 202
112 252
115 193
116 184
116 244
117 296
117 155
119 160
120 139
120 197
121 149
122 281
122 207
123 125
123 146
124 256
126 157
127 190
128 212
128 249
129 246
130 212
130 224
131 273
131 204
132 242
134 230
135 298
136 270
136 235
137 142
137 222
138 265
140 158
141 163
143 216
144 202
145 221
145 233
147 260
149 290
151 263
151 239
152 181
152 297
153 286
154 252
155 178
156 169
157 253
158 218
159 172
159 187
160 194
162 241
167 200
168 215
170 244
171 191
173 257
174 230
176 247
180 186
181 182
182 234
183 196
184 232
185 223
186 208
187 293
188 268
189 295
189 241
190 257
191 231
192 287
195 279
196 267
197 288
198 246
201 271
201 240
204 294
206 217
207 283
209 258
210 281
210 237
211 262
211 261
213 227
214 242
219 226
219 264
220 268
220 278
221 228
225 273
225 278
226 232
229 251
235 280
236 293
236 253
238 267
240 272
243 296
248 279
250 277
255 289
269 290
269 299
271 275
272 287
300 62
301 63
-1 -1
3.84468
