1
0 1
0 207
1 114
2 287
2 284
3 260
3 104
4 58
4 218
5 36
5 47
6 171
6 244
7 59
7 217
8 267
9 261
9 50
10 74
10 113
11 36
11 70
12 40
12 102
13 59
13 224
14 299
14 104
15 103
15 247
16 137
16 184
17 164
17 193
18 47
18 286
19 22
19 156
20 199
21 40
21 151
22 258
23 122
23 178
24 27
24 71
25 61
25 67
26 131
26 232
27 42
28 267
28 127
29 129
29 160
30 70
30 106
31 263
31 248
32 103
32 183
33 68
33 262
34 264
34 73
35 134
35 242
37 291
37 68
38 46
38 95
39 256
39 265
41 77
41 105
42 126
43 148
43 232
44 276
44 175
45 295
45 240
46 186
48 257
48 228
49 265
49 91
50 116
51 215
51 249
52 54
52 250
53 168
53 245
54 140
55 235
55 240
56 279
56 81
57 62
57 220
58 160
60 69
60 76
61 212
62 74
63 107
63 140
64 128
64 254
65 123
65 155
66 226
66 231
67 258
69 184
71 190
72 102
72 147
73 204
75 149
75 161
76 294
77 166
78 287
78 246
79 275
79 213
80 294
80 229
81 277
82 106
82 176
83 292
83 225
84 113
84 215
85 100
85 244
86 284
86 112
87 159
87 233
88 290
88 251
89 96
89 235
90 272
90 115
91 247
92 274
92 211
93 95
93 278
94 111
94 132
96 298
97 98
97 110
98 131
99 117
99 138
100 226
101 157
101 200
105 181
107 211
108 238
108 264
109 204
109 231
110 288
111 219
112 282
114 227
115 285
116 234
117 212
118 293
118 201
119 138
119 190
120 197
120 205
121 280
121 193
122 299
123 297
124 185
124 253
125 270
125 145
126 206
127 150
128 196
129 242
130 191
130 192
132 262
133 182
133 188
134 144
135 136
135 222
136 186
137 173
139 269
139 216
141 148
141 169
142 293
142 228
143 150
143 187
144 225
145 234
146 286
146 181
147 251
149 175
151 152
152 172
153 219
153 238
154 285
154 166
155 199
156 276
157 192
158 297
158 243
159 189
161 241
162 270
162 165
163 266
163 214
164 281
165 259
167 195
167 246
168 198
169 272
170 268
170 185
171 220
172 268
173 254
174 283
174 195
176 189
177 210
177 230
178 207
179 263
179 208
180 289
180 243
182 229
183 289
187 233
188 291
191 210
194 271
194 295
196 222
197 249
198 260
200 252
201 217
202 296
202 255
203 292
203 266
205 216
206 214
208 227
209 278
209 223
213 280
218 230
221 298
221 253
223 259
224 239
236 241
236 248
237 283
237 252
239 261
245 274
250 279
255 273
256 277
257 290
269 273
271 288
275 296
281 282
300 20
301 8
-1 -1
0.611575
