1
0 15
0 117
1 94
1 274
2 123
2 178
3 18
3 98
4 269
4 151
5 205
5 224
6 168
6 287
7 56
7 273
8 78
8 124
9 37
9 252
10 93
10 109
11 141
12 170
12 239
13 17
13 81
14 94
14 279
15 169
16 257
16 143
17 196
18 161
19 77
19 126
20 276
20 105
21 80
21 215
22 256
22 205
23 298
23 180
24 83
24 108
25 183
25 185
26 260
26 53
27 45
27 148
28 106
28 174
29 57
29 138
30 280
30 185
31 109
31 184
32 262
32 178
33 76
33 172
34 265
34 208
35 190
35 209
36 38
36 100
37 291
38 155
39 45
39 177
40 42
40 272
41 188
41 221
42 128
43 60
43 146
44 264
44 285
46 65
46 182
47 103
47 136
48 57
48 213
49 263
49 226
50 181
50 251
51 132
51 297
52 280
52 222
53 79
54 264
54 192
55 275
55 189
56 140
58 275
58 137
59 111
59 220
60 240
61 120
61 173
62 155
62 209
63 67
63 227
64 96
64 291
65 92
66 72
66 121
67 84
68 116
68 187
69 181
69 207
70 111
70 143
71 219
71 250
72 197
73 218
73 247
74 199
74 218
75 286
75 297
76 199
77 115
78 96
79 145
80 217
81 108
82 99
82 135
83 288
84 274
85 261
85 279
86 290
86 130
87 268
87 282
88 92
88 138
89 101
89 180
90 134
90 241
91 153
91 236
93 114
95 154
95 215
97 159
97 237
98 266
99 150
100 226
101 204
102 171
102 175
103 164
104 129
104 164
105 152
106 229
107 116
107 220
110 186
110 211
112 265
112 174
113 258
113 201
114 193
115 234
117 127
118 186
118 252
119 163
119 244
120 259
121 157
122 130
122 216
123 162
124 235
125 142
125 203
126 289
127 165
128 169
129 231
131 197
131 223
132 282
133 281
133 201
134 253
135 168
136 285
137 268
139 286
139 289
140 191
141 213
142 254
144 204
144 230
145 190
146 295
147 270
147 192
148 184
149 288
149 150
151 156
152 242
153 243
154 211
156 158
157 161
158 189
159 266
160 299
160 234
162 219
163 235
165 296
166 195
166 236
167 179
167 240
170 210
171 239
172 241
173 200
175 281
176 228
176 247
177 273
179 276
182 229
183 299
187 202
188 248
191 196
193 250
194 271
194 212
195 262
198 256
198 225
200 272
202 269
203 246
206 257
206 232
207 267
208 255
210 271
212 260
214 244
214 253
216 225
217 292
221 283
222 246
223 238
224 233
227 230
228 270
231 245
232 245
233 238
237 263
242 267
243 277
248 277
249 284
249 296
251 293
254 259
255 295
258 261
278 294
278 298
283 284
290 293
292 294
300 287
301 11
-1 -1
13.5048
