50 116
0 43
0 19
0 4
0 21
0 7
0 9
0 11
0 37
1 11
1 28
2 31
2 12
2 7
3 16
3 32
3 4
3 38
3 41
3 44
3 31
4 17
4 5
4 22
4 49
4 38
4 27
4 35
5 47
5 21
5 39
6 16
6 49
6 38
7 24
7 44
7 32
8 10
8 34
8 38
8 37
9 34
9 40
9 25
9 10
9 29
10 36
10 26
10 43
10 28
11 32
11 49
11 39
11 27
11 45
12 32
13 43
13 44
13 21
13 23
14 41
14 31
15 19
16 20
16 37
16 41
16 26
16 46
17 32
17 41
17 45
18 41
18 27
18 36
18 49
19 35
19 44
19 38
21 48
21 49
21 28
21 29
22 29
23 47
23 39
24 40
24 44
24 43
24 36
26 37
27 37
27 47
27 31
28 35
28 38
28 49
28 43
29 40
29 46
30 44
30 38
30 31
31 35
32 33
32 35
33 49
33 46
35 38
35 45
36 40
36 48
37 40
38 49
39 49
40 41
42 49
44 46
