300 463
0 227
0 100
0 151
1 120
1 216
2 8
2 120
3 68
3 36
4 24
4 243
4 196
4 29
4 191
5 290
6 162
6 227
7 169
7 137
7 279
7 220
7 110
7 63
8 42
9 243
10 256
10 147
10 93
11 80
11 269
12 80
12 147
12 68
12 62
13 161
13 125
14 181
14 174
15 256
15 209
15 82
16 257
16 45
17 66
19 145
19 154
19 204
19 178
20 240
20 255
20 212
20 285
20 63
21 34
21 101
21 279
21 24
21 146
21 181
22 64
22 49
22 261
22 193
22 135
22 190
23 165
23 278
23 189
24 118
24 236
24 28
24 125
25 218
25 245
25 94
26 168
26 288
26 239
28 104
28 78
28 145
29 273
29 170
29 211
29 85
30 105
30 157
30 273
31 189
31 110
31 167
32 129
32 166
34 207
35 91
35 277
36 169
36 106
37 152
37 91
37 244
37 78
39 220
40 233
40 276
40 215
41 73
41 260
41 279
42 65
42 186
42 253
42 193
43 89
43 228
44 192
45 113
45 138
45 297
46 264
46 166
47 222
47 110
48 120
48 122
48 178
50 168
50 267
52 69
52 126
52 173
53 288
53 203
53 236
54 179
54 148
54 116
54 154
54 298
54 218
54 234
55 208
55 226
56 136
56 147
56 255
57 132
58 268
58 221
60 258
61 216
61 109
61 142
61 167
62 276
62 171
62 295
63 64
63 200
63 89
63 157
64 86
65 139
65 116
65 200
65 298
65 75
65 124
65 170
66 94
67 251
67 293
67 297
67 249
67 139
67 261
68 90
68 166
69 161
69 246
69 166
70 123
70 182
72 150
74 263
75 210
75 187
75 185
75 108
75 167
75 172
76 152
76 246
76 103
77 208
77 140
78 260
79 238
79 150
80 157
80 207
81 233
81 175
81 87
82 193
83 98
83 214
84 112
84 146
84 115
84 200
84 169
84 91
84 274
85 161
85 190
85 127
86 178
86 270
87 271
88 256
89 97
89 280
89 202
89 156
90 98
90 198
91 120
92 136
92 274
92 276
92 254
92 271
93 229
93 154
93 151
93 201
93 205
94 217
94 213
94 105
96 238
97 251
97 207
99 249
99 154
99 223
100 106
100 223
100 181
100 207
101 257
101 155
101 148
101 269
102 263
102 231
103 204
103 297
103 111
104 275
104 167
104 107
104 109
104 126
105 286
106 175
107 258
107 150
108 147
108 229
108 243
108 200
108 254
108 223
109 193
109 231
109 280
109 223
110 237
110 214
111 198
112 244
113 264
113 225
113 156
114 154
114 198
115 272
115 217
116 283
116 227
116 263
117 227
118 227
118 231
118 199
119 234
119 275
119 260
119 269
120 273
120 170
120 188
121 155
121 157
121 222
122 243
122 140
122 127
123 232
123 205
125 206
126 187
126 133
127 279
128 198
129 265
129 171
129 135
130 272
130 178
132 272
132 212
133 269
133 262
133 199
134 174
135 208
135 182
135 231
136 233
136 283
137 258
137 163
137 237
137 214
138 224
138 244
138 182
141 204
142 289
142 190
142 271
143 226
143 198
144 259
145 228
145 294
145 292
145 291
145 159
147 180
147 196
148 152
148 270
148 223
150 165
150 265
150 188
151 296
151 277
152 154
153 235
154 232
154 275
155 230
159 222
159 239
160 240
160 299
160 170
160 291
160 250
161 243
162 226
162 299
166 290
169 292
170 252
170 248
171 256
171 251
171 236
172 245
174 209
176 210
176 221
176 229
177 296
177 186
178 227
178 259
178 297
179 280
179 185
180 265
180 250
180 206
180 191
181 256
181 292
182 298
182 190
183 201
183 207
186 254
188 194
189 207
189 198
190 274
192 258
194 292
195 287
196 287
197 231
199 218
199 274
200 204
206 277
206 245
208 263
209 279
214 260
215 270
217 226
218 298
220 281
221 252
221 230
221 222
223 245
223 234
228 245
228 262
229 261
237 296
238 248
238 286
239 272
239 278
240 251
241 254
245 259
245 260
249 252
252 299
253 263
255 274
255 287
255 279
257 294
257 279
258 274
258 270
259 267
263 295
269 296
273 292
274 287
275 281
275 292
283 297
