1
0 33
0 171
1 193
1 296
2 198
2 379
3 83
3 84
4 86
4 103
5 96
5 59
6 128
6 351
7 286
7 318
8 22
8 110
9 386
9 24
10 16
10 88
11 35
12 201
12 77
13 29
13 230
14 308
14 221
15 28
15 392
16 148
17 288
17 113
18 147
18 106
19 157
19 162
20 339
20 214
21 143
21 283
22 299
23 25
23 248
24 25
26 174
26 293
27 257
27 280
28 241
29 148
30 144
30 149
31 278
31 231
32 97
32 60
33 185
34 349
34 377
35 200
36 259
36 124
37 197
37 394
38 359
38 371
39 258
39 120
40 82
40 345
41 349
41 229
42 172
42 127
43 288
43 357
44 144
44 224
45 380
45 232
46 123
46 208
47 102
47 205
48 96
48 306
49 372
49 367
50 118
50 330
51 214
51 87
52 99
52 182
53 262
53 175
54 128
54 389
55 321
55 142
56 281
56 122
57 151
57 305
58 71
58 189
59 371
60 337
61 209
61 93
62 130
62 199
63 211
63 309
64 199
64 242
65 356
65 287
66 284
66 119
67 207
67 399
68 347
68 298
69 197
69 348
70 365
70 264
71 308
72 332
72 254
73 177
73 250
74 91
74 316
75 259
75 79
76 347
76 380
77 86
78 264
78 335
79 212
80 392
80 247
81 320
81 360
82 326
83 306
84 278
85 217
85 188
87 167
88 174
89 322
89 134
90 172
90 274
91 117
92 165
92 229
93 234
94 108
94 231
95 395
95 314
97 187
98 131
98 267
99 180
100 157
100 309
101 223
101 253
102 164
103 266
104 161
104 183
105 143
105 213
106 206
107 292
107 378
108 153
109 324
109 187
110 114
111 119
111 219
112 300
112 277
113 275
114 196
115 381
115 181
116 398
116 185
117 163
118 245
120 243
121 130
121 385
122 125
123 129
124 376
125 310
126 225
126 191
127 388
129 366
131 268
132 201
132 388
133 247
133 291
134 141
135 331
135 312
136 289
136 169
137 265
137 195
138 342
138 368
139 261
139 238
140 330
140 364
141 169
142 249
145 358
145 294
146 313
146 186
147 355
149 208
150 359
150 243
151 173
152 192
152 217
153 346
154 260
154 292
155 285
155 305
156 390
156 295
158 386
158 307
159 269
159 275
160 289
160 183
161 367
162 384
163 304
164 387
165 333
166 397
166 279
167 198
168 325
168 280
170 298
170 372
171 220
173 249
175 384
176 225
176 233
177 303
178 200
178 302
179 301
179 181
180 271
182 339
184 209
184 379
186 323
188 194
189 256
190 215
190 377
191 282
192 232
193 370
194 252
195 212
196 325
202 353
202 274
203 204
203 233
204 226
205 299
206 385
207 276
210 227
210 361
211 344
213 307
215 218
216 329
216 295
218 273
219 300
220 354
221 396
222 343
222 338
223 369
224 342
226 235
227 284
228 323
228 370
230 236
234 265
235 241
236 363
237 239
237 293
238 373
239 382
240 320
240 296
242 319
244 290
244 336
245 345
246 286
246 277
248 311
250 383
251 333
251 334
252 291
253 315
254 346
255 340
255 350
256 319
257 390
258 317
260 395
261 262
263 334
263 318
266 322
267 351
268 387
269 340
270 283
270 383
271 317
272 302
272 304
273 391
276 337
279 310
281 321
282 287
285 361
294 366
297 376
297 313
301 348
303 328
311 399
312 352
314 354
315 327
316 327
324 365
326 338
328 336
329 373
331 360
332 393
335 368
341 364
341 378
343 397
344 362
350 356
352 375
353 381
355 393
357 363
358 398
362 396
369 382
374 389
374 394
375 391
400 11
401 290
-1 -1
2.86205
