1
0 260
0 443
1 487
1 663
2 154
2 332
3 72
3 194
4 441
4 469
5 32
5 79
6 599
6 158
7 152
7 410
8 590
8 148
9 540
9 394
10 439
11 591
11 625
12 212
12 446
13 21
13 291
14 521
14 697
15 424
15 512
16 118
16 128
17 156
17 476
18 48
18 455
19 48
19 98
20 502
20 690
21 535
22 124
22 136
23 155
23 284
24 211
24 598
25 177
25 178
26 82
26 486
27 56
27 524
28 87
28 225
29 279
29 683
30 85
30 299
31 683
31 266
32 438
33 206
33 248
34 356
34 688
35 149
35 271
36 272
36 416
37 249
37 698
38 350
38 539
39 340
39 537
40 134
40 594
41 53
41 608
42 392
42 464
43 44
43 645
44 415
45 488
45 631
46 432
46 605
47 198
47 324
49 76
49 342
50 406
50 525
51 323
51 403
52 61
52 442
53 567
54 385
54 437
55 192
55 649
56 368
57 119
57 390
58 532
58 656
59 517
59 549
60 339
60 619
61 557
62 95
62 587
63 409
63 663
64 275
64 601
65 362
65 694
66 331
66 471
67 80
67 271
68 496
68 586
69 135
69 272
70 192
70 325
71 355
71 541
72 208
73 372
73 623
74 126
74 185
75 311
75 350
76 92
77 210
77 578
78 196
78 610
79 496
80 211
81 330
81 452
82 165
83 374
83 560
84 297
84 423
85 287
86 372
86 476
87 513
88 417
88 466
89 106
89 484
90 207
90 254
91 218
92 403
93 325
93 427
94 525
94 541
95 530
96 262
96 620
97 629
97 205
98 369
99 384
99 539
100 612
100 256
101 206
101 354
102 170
102 373
103 164
103 224
104 595
104 401
105 139
105 239
106 335
107 428
107 448
108 370
108 499
109 281
109 578
110 127
110 611
111 445
111 470
112 253
112 467
113 190
113 431
114 213
114 577
115 666
115 461
116 309
116 582
117 286
117 637
118 516
119 618
120 374
120 520
121 463
121 519
122 125
122 266
123 363
123 609
124 439
125 550
126 681
127 361
128 547
129 692
129 227
130 526
130 359
131 268
131 506
132 379
132 531
133 169
133 432
134 614
135 449
136 616
137 371
137 692
138 475
138 571
139 574
140 558
140 336
141 215
141 371
142 340
142 344
143 527
143 657
144 202
144 288
145 381
145 530
146 306
146 653
147 559
147 191
148 552
149 566
150 605
150 671
151 277
151 677
152 390
153 408
153 557
154 606
155 212
156 435
157 179
157 235
158 280
159 213
159 499
160 193
160 411
161 301
161 386
162 668
162 235
163 250
163 686
164 474
165 425
166 422
166 601
167 250
167 293
168 358
168 590
169 323
170 586
171 592
171 671
172 300
172 696
173 377
173 447
174 289
174 302
175 551
175 636
176 233
176 607
177 561
178 336
179 205
180 396
180 647
181 573
181 232
182 226
182 679
183 349
183 565
184 349
184 558
185 662
186 548
186 616
187 322
187 581
188 354
188 420
189 517
189 562
190 334
191 482
193 686
194 365
195 486
195 646
196 556
197 405
197 522
198 680
199 222
199 675
200 609
200 215
201 337
201 489
202 348
203 583
203 415
204 251
204 456
207 581
208 531
209 395
209 602
210 333
214 300
214 434
216 223
216 307
217 583
217 611
218 666
219 269
219 404
220 387
220 489
221 413
221 444
222 636
223 224
225 568
226 304
227 278
228 342
228 480
229 454
229 459
230 264
230 630
231 614
231 674
232 570
233 368
234 282
234 658
236 311
236 621
237 641
237 695
238 639
238 661
239 543
240 519
240 672
241 283
241 648
242 423
242 646
243 446
243 632
244 348
244 445
245 426
245 430
246 298
246 464
247 426
247 659
248 436
249 326
251 312
252 416
252 553
253 624
254 382
255 536
255 685
256 363
257 367
257 576
258 573
258 457
259 404
259 494
260 411
261 450
261 491
262 633
263 602
263 667
264 682
265 335
265 582
267 315
267 377
268 597
269 532
270 554
270 643
273 624
273 506
274 455
274 477
275 400
276 344
276 542
277 334
278 465
279 345
280 491
281 495
282 678
283 357
284 302
285 382
285 391
286 533
287 679
288 674
289 410
290 469
290 561
291 329
292 457
292 685
293 564
294 470
294 555
295 552
295 650
296 483
296 523
297 516
298 524
299 316
301 461
303 577
303 672
304 642
305 376
305 383
306 402
307 330
308 596
308 676
309 649
310 424
310 488
312 495
313 598
313 631
314 418
314 436
315 492
316 389
317 504
317 606
318 630
318 697
319 617
319 695
320 383
320 405
321 352
321 412
322 473
324 575
326 444
327 456
327 676
328 399
328 511
329 523
331 603
332 353
333 375
337 698
338 546
338 682
339 615
341 494
341 515
343 393
343 599
345 460
346 401
346 509
347 652
347 669
351 429
351 490
352 474
353 362
355 412
356 370
357 438
358 595
359 643
360 665
360 556
361 580
364 537
364 610
365 459
366 387
366 543
367 493
369 654
373 653
375 419
376 651
378 515
378 604
379 596
380 559
380 645
381 471
384 642
385 500
386 440
388 458
388 584
389 549
391 544
392 509
393 562
394 462
395 669
396 434
397 535
397 615
398 501
398 507
399 560
400 498
402 547
406 652
407 420
407 475
408 696
409 553
413 648
414 641
414 664
417 633
418 640
419 655
421 618
421 684
422 563
425 650
427 693
428 451
429 468
430 585
431 634
433 675
433 472
435 521
437 483
440 575
441 677
442 480
443 647
447 497
448 659
449 526
450 508
451 452
453 538
453 699
454 632
458 600
460 635
462 529
463 518
465 681
466 589
467 658
468 627
472 585
473 593
477 678
478 589
478 626
479 503
479 571
481 545
481 566
482 638
484 619
485 554
485 565
487 527
490 694
492 699
493 507
497 513
498 623
500 514
501 603
502 569
503 687
504 628
505 518
505 580
508 644
510 570
510 665
511 634
512 639
514 691
520 534
522 572
528 656
528 661
529 587
533 567
534 542
536 684
538 563
540 670
544 664
545 584
546 635
548 613
550 604
551 687
555 568
564 620
569 693
572 591
574 597
576 640
579 654
579 600
588 673
588 680
592 660
593 690
594 628
607 622
608 626
612 629
613 622
617 689
621 660
625 689
627 670
637 691
638 651
644 673
655 662
657 667
668 688
700 10
701 91
-1 -1
746.097
