1
0 103
0 229
1 9
1 138
2 394
2 432
3 386
3 496
4 51
4 276
5 196
5 381
6 200
6 305
7 130
7 342
8 308
8 395
9 290
10 170
10 511
11 333
11 364
12 56
12 180
13 84
13 123
14 153
14 288
15 70
15 581
16 106
16 554
17 111
17 320
18 72
18 606
19 54
19 555
20 351
20 483
21 183
21 187
22 534
22 608
23 503
23 584
24 385
24 459
25 77
25 505
26 83
26 340
27 507
27 578
28 389
28 395
29 72
29 480
30 552
30 75
31 103
31 335
32 60
32 595
33 84
33 645
34 347
34 666
35 308
35 387
36 225
36 334
37 165
37 402
38 182
38 673
39 140
39 379
40 110
40 169
41 428
41 552
42 339
42 514
43 46
43 542
44 348
44 494
45 108
45 449
46 365
47 368
47 599
48 565
49 245
49 359
50 313
50 684
51 119
52 275
52 456
53 543
53 629
54 514
55 249
55 425
56 341
57 256
57 644
58 483
58 527
59 368
59 400
60 614
61 325
61 517
62 584
62 566
63 110
63 640
64 459
64 580
65 109
65 127
66 285
66 416
67 539
67 349
68 114
68 272
69 585
69 625
70 252
71 517
71 609
73 256
73 680
74 586
74 681
75 643
76 164
76 359
77 354
78 156
78 438
79 144
79 541
80 417
80 617
81 160
81 526
82 414
82 420
83 524
85 410
85 635
86 362
86 499
87 118
87 697
88 345
88 590
89 235
89 548
90 324
90 690
91 212
91 381
92 269
92 377
93 475
93 484
94 658
94 432
95 239
95 545
96 665
96 415
97 132
97 283
98 539
98 615
99 180
99 600
100 322
100 576
101 124
101 327
102 437
102 519
104 148
104 172
105 394
105 596
106 137
107 209
107 441
108 592
109 413
111 313
112 177
112 522
113 544
113 587
114 443
115 355
115 357
116 141
116 646
117 592
117 159
118 311
119 162
120 403
120 610
121 125
121 451
122 299
122 631
123 526
124 657
125 658
126 270
126 398
127 291
128 168
128 427
129 624
129 668
130 233
131 300
131 314
132 620
133 178
133 556
134 278
134 287
135 554
135 569
136 258
136 409
137 698
138 486
139 599
139 671
140 480
141 528
142 307
142 458
143 478
143 585
144 635
145 329
145 590
146 168
146 195
147 362
147 438
148 462
149 668
149 150
150 625
151 419
151 523
152 218
152 649
153 370
154 376
154 408
155 651
155 695
156 412
157 507
157 547
158 310
158 651
159 399
160 315
161 277
161 477
162 383
163 611
163 691
164 670
165 221
166 440
166 570
167 287
167 293
169 294
170 598
171 272
171 303
172 182
173 230
173 384
174 441
174 629
175 223
175 659
176 307
176 419
177 330
178 474
179 541
179 465
181 348
181 696
183 257
184 433
184 621
185 515
185 612
186 264
186 426
187 468
188 216
188 356
189 565
189 688
190 631
190 618
191 570
191 649
192 328
192 479
193 227
193 244
194 295
194 382
195 681
196 230
197 426
197 601
198 281
198 350
199 521
199 382
200 466
201 604
201 254
202 450
202 468
203 243
203 654
204 448
204 463
205 228
205 650
206 329
206 434
207 232
207 340
208 662
208 690
209 641
210 386
210 556
211 616
211 634
212 327
213 430
213 685
214 687
214 319
215 594
215 473
216 682
217 391
217 537
218 309
219 603
219 433
220 259
220 586
221 289
222 344
222 575
223 538
224 423
224 479
225 326
226 422
226 595
227 391
228 416
229 623
231 532
231 545
232 453
233 403
234 311
234 351
235 654
236 466
236 487
237 260
237 488
238 246
238 516
239 408
240 518
240 619
241 369
241 407
242 356
242 578
243 596
244 523
245 412
246 580
247 572
247 249
248 276
248 285
250 542
250 481
251 328
251 661
252 371
253 476
253 525
254 335
255 363
255 365
257 367
258 606
259 694
260 557
261 519
261 452
262 571
262 593
263 284
263 500
264 571
265 336
265 540
266 347
266 675
267 301
267 380
268 428
268 576
269 491
270 350
271 452
271 492
273 290
273 495
274 633
274 504
275 318
277 458
278 439
279 628
279 692
280 398
280 460
281 543
282 639
282 291
283 536
284 591
286 417
286 511
288 410
289 568
292 435
292 605
293 567
294 647
295 431
296 317
296 420
297 373
297 430
298 573
298 677
299 515
300 342
301 345
302 357
302 498
303 378
304 485
304 520
305 498
306 472
306 501
309 317
310 638
312 656
312 561
314 352
315 676
316 481
316 509
318 482
319 648
320 609
321 397
321 449
322 360
323 529
323 660
324 372
325 442
326 637
330 409
331 485
331 630
332 455
332 679
333 467
334 597
336 516
337 550
337 698
338 506
338 547
339 392
341 502
343 671
343 683
344 475
346 686
346 562
349 675
352 568
353 669
353 683
354 380
355 657
358 404
358 619
360 530
361 558
361 655
363 662
364 623
366 414
366 553
367 563
369 446
370 551
371 376
372 633
373 456
374 404
374 465
375 615
375 636
377 389
378 537
379 583
384 572
385 518
387 686
388 682
388 626
390 470
390 667
392 532
393 477
393 478
396 546
396 614
397 513
399 490
400 401
401 678
402 616
405 454
405 561
406 531
406 673
407 429
411 424
411 626
413 602
415 524
418 549
418 473
421 531
421 469
422 544
423 548
424 656
425 525
427 637
429 697
431 533
434 512
435 620
436 588
436 664
437 472
439 605
440 598
442 696
443 694
444 476
444 582
445 503
445 530
446 553
447 695
447 678
448 569
450 564
451 463
453 610
454 495
455 588
457 505
457 587
460 660
461 467
461 535
462 641
464 667
464 643
469 513
470 687
471 676
471 638
474 699
482 689
484 492
486 655
487 602
488 501
489 577
489 579
490 496
491 630
493 652
493 558
494 685
497 566
497 573
499 559
500 653
502 644
504 577
506 529
508 522
508 665
509 677
510 646
510 684
512 659
520 607
521 632
527 613
528 642
533 650
534 540
535 669
536 639
538 627
546 672
549 689
550 612
551 564
555 648
557 691
559 608
560 562
560 661
563 589
567 593
574 640
574 672
575 642
579 627
581 652
582 634
583 693
589 699
591 664
594 613
597 680
600 607
601 688
603 647
604 628
611 632
617 624
618 663
621 666
622 670
622 692
636 653
645 674
663 674
679 693
700 383
701 48
-1 -1
66.092
