1
0 401
0 540
1 235
1 440
2 85
2 219
3 160
3 453
4 18
4 62
5 391
5 578
6 494
6 679
7 228
7 591
8 108
8 667
9 443
9 445
10 151
10 198
11 227
11 236
12 200
12 455
13 136
13 688
14 259
14 277
15 129
15 353
16 33
16 112
17 33
17 499
18 256
19 627
19 639
20 161
20 467
21 469
21 502
22 341
22 468
23 35
23 349
24 184
24 337
25 190
25 193
26 411
26 593
27 158
27 681
28 131
28 259
29 77
29 102
30 117
30 573
31 178
31 645
32 130
32 332
34 162
34 696
35 380
36 50
36 159
37 74
37 237
38 557
38 641
39 72
39 271
40 382
40 505
41 71
41 86
42 106
42 159
43 283
43 539
44 340
44 610
45 484
45 576
46 51
46 112
47 150
47 479
48 105
48 207
49 537
49 68
50 490
51 356
52 261
52 296
53 261
53 548
54 241
54 445
55 67
55 376
56 70
56 320
57 146
57 682
58 564
58 639
59 459
59 481
60 638
60 389
61 299
61 377
62 523
63 615
63 443
64 329
64 415
65 527
65 625
66 175
66 594
67 362
68 394
69 621
69 338
70 94
71 199
72 176
73 216
73 279
74 439
75 416
75 583
76 202
76 326
77 504
78 169
78 374
79 143
79 335
80 414
80 651
81 559
81 616
82 434
82 650
83 117
83 619
84 134
84 530
85 471
86 244
87 216
87 319
88 554
88 594
89 328
89 399
90 132
90 148
91 596
91 431
92 272
92 474
93 133
93 241
94 473
95 135
95 346
96 498
96 612
97 120
97 590
98 327
98 650
99 561
99 656
100 172
100 584
101 113
101 322
102 489
103 274
103 623
104 147
104 247
105 106
107 357
107 547
108 426
109 370
109 555
110 258
110 282
111 395
111 426
113 572
114 194
114 586
115 297
115 556
116 127
116 272
118 412
118 466
119 609
120 442
121 154
121 369
122 467
122 683
123 226
123 239
124 127
124 341
125 266
125 571
126 225
126 348
128 156
128 360
129 686
130 656
131 137
132 354
133 444
134 601
135 614
136 492
137 184
138 144
138 152
139 664
139 675
140 521
140 538
141 165
141 541
142 189
142 214
143 605
144 441
145 146
145 456
147 471
148 417
149 163
149 276
150 606
151 553
152 229
153 242
153 411
154 307
155 586
155 333
156 191
157 275
157 513
158 215
160 497
161 421
162 425
163 204
164 548
164 661
165 588
166 286
166 571
167 242
167 519
168 192
168 470
169 444
170 569
170 678
171 389
171 490
172 383
173 205
173 567
174 429
174 598
175 641
176 549
177 300
177 528
178 387
179 447
179 634
180 183
180 366
181 694
181 488
182 671
182 448
183 375
185 195
185 325
186 573
186 424
187 218
187 579
188 400
188 637
189 257
190 392
191 275
192 428
193 433
194 487
195 591
196 610
196 681
197 220
197 336
198 331
199 600
200 520
201 346
201 645
202 589
203 680
203 646
204 252
205 323
206 278
206 303
207 404
208 461
208 581
209 223
209 264
210 351
210 395
211 387
211 472
212 257
212 654
213 653
213 660
214 427
215 375
217 425
217 666
218 264
219 666
220 310
221 332
221 410
222 290
222 496
223 647
224 301
224 534
225 356
226 283
227 466
228 475
229 555
230 374
230 670
231 308
231 427
232 342
232 663
233 675
233 314
234 483
234 615
235 363
236 532
237 561
238 552
238 699
239 348
240 533
240 674
243 480
243 535
244 273
245 531
245 648
246 352
246 418
247 372
248 254
248 515
249 313
249 331
250 315
250 644
251 436
251 485
252 557
253 390
253 600
254 477
255 420
255 652
256 294
258 673
260 399
260 409
262 606
262 526
263 617
263 619
265 273
265 640
266 496
267 343
267 435
268 543
268 662
269 689
269 378
270 404
270 429
271 622
274 678
276 424
277 577
278 676
279 696
280 298
280 439
281 620
281 469
282 545
284 565
284 616
285 330
285 632
286 430
287 420
287 442
288 587
288 607
289 400
289 593
290 350
291 493
291 498
292 416
292 572
293 478
293 672
294 536
295 562
295 636
296 369
297 432
298 480
299 355
300 618
301 454
302 317
302 506
303 381
304 351
304 504
305 391
305 406
306 367
306 553
307 622
308 648
309 360
309 511
310 465
311 438
311 584
312 358
312 672
313 518
314 482
315 491
316 545
316 457
317 481
318 630
318 660
319 552
320 494
321 485
321 677
322 324
323 685
324 402
325 580
326 682
327 689
328 347
329 394
330 647
333 560
334 423
334 486
335 390
336 583
337 635
338 668
339 633
340 370
342 510
343 479
344 462
344 522
345 544
345 422
347 613
349 663
350 476
352 528
353 649
354 605
355 495
357 632
358 519
359 464
359 629
361 525
361 595
362 450
363 631
364 451
364 500
365 382
365 601
366 577
367 446
368 458
368 541
371 518
371 697
372 542
373 408
373 507
376 378
377 607
379 449
379 515
380 388
381 657
383 385
384 667
384 508
385 473
386 402
386 562
388 560
392 654
393 670
393 465
396 493
396 631
397 614
397 669
398 419
398 698
401 634
403 653
403 697
405 529
405 662
406 658
407 592
407 415
408 637
409 669
410 608
412 652
413 661
413 531
414 458
417 692
418 693
419 659
421 671
422 474
423 680
428 456
430 487
431 509
432 602
433 642
434 507
435 628
436 575
437 500
437 664
438 581
440 455
441 535
446 597
447 590
448 690
449 488
450 570
451 683
452 566
452 695
453 559
454 460
457 687
459 530
460 618
461 563
462 525
463 537
463 585
464 604
468 588
470 613
472 532
475 655
476 657
477 611
478 536
482 529
483 512
484 495
486 524
489 550
491 521
492 517
497 643
499 585
501 635
501 698
502 538
503 621
503 582
505 551
506 629
508 516
509 587
510 570
511 627
512 527
513 642
514 624
514 665
516 599
517 540
520 693
522 695
523 574
524 688
526 630
533 563
534 658
539 575
542 638
543 558
544 676
546 699
546 665
547 640
549 574
550 551
554 569
556 592
558 626
564 623
565 687
566 633
567 624
568 612
568 646
576 691
578 644
579 603
580 659
582 617
589 643
595 694
596 597
598 626
599 620
602 608
603 668
604 677
609 692
611 655
625 690
628 674
636 684
649 685
651 686
673 679
684 691
700 339
701 119
-1 -1
144.94
