1
0 560
0 655
1 18
1 19
2 217
2 634
3 83
3 678
4 242
4 636
5 71
5 669
6 79
6 671
7 376
7 384
8 644
8 677
9 234
9 238
10 396
10 494
11 568
11 656
12 98
12 410
13 660
13 270
14 237
14 500
15 386
15 695
16 32
16 473
17 450
17 457
18 587
19 54
20 279
20 292
21 232
21 502
22 144
22 571
23 93
23 170
24 522
24 693
25 30
25 379
26 64
26 140
27 659
27 666
28 344
28 484
29 94
29 586
30 129
31 193
31 390
32 673
33 86
33 645
34 437
34 672
35 351
35 393
36 225
36 372
37 194
37 282
38 206
38 239
39 211
39 357
40 267
40 322
41 656
41 664
42 615
42 113
43 363
43 441
44 302
44 483
45 461
45 465
46 132
46 341
47 471
47 665
48 73
48 287
49 93
49 322
50 404
50 635
51 583
51 588
52 169
52 573
53 295
53 694
54 597
55 171
55 217
56 106
56 241
57 335
57 577
58 273
58 356
59 236
59 465
60 310
60 613
61 281
61 563
62 282
62 474
63 84
63 162
64 191
65 605
65 683
66 514
66 558
67 138
67 603
68 114
68 222
69 512
69 377
70 265
70 426
71 572
72 124
72 254
73 218
74 104
74 352
75 609
75 499
76 269
76 613
77 696
77 121
78 163
78 632
79 535
80 286
80 299
81 285
81 622
82 118
82 496
83 686
84 402
85 244
85 634
86 412
87 246
87 400
88 284
88 476
89 258
89 649
90 420
90 428
91 238
91 523
92 235
92 684
94 110
95 365
96 328
96 535
97 397
97 596
98 598
99 214
99 419
100 167
100 262
101 313
101 481
102 185
102 596
103 248
103 389
104 679
105 691
105 283
106 663
107 496
107 645
108 198
108 606
109 182
109 259
110 524
111 542
111 447
112 425
112 581
113 551
114 561
115 607
115 398
116 316
116 584
117 381
117 470
118 545
119 544
119 220
120 225
120 323
121 445
122 309
122 408
123 199
123 429
124 513
125 208
125 315
126 454
126 637
127 408
127 594
128 536
128 586
129 553
130 295
130 333
131 181
131 301
132 183
133 178
133 687
134 231
134 235
135 481
135 681
136 256
136 579
137 273
137 436
138 460
139 362
139 459
140 643
141 308
141 699
142 192
142 411
143 630
143 194
144 424
145 264
145 265
146 630
146 439
147 202
147 261
148 267
148 406
149 372
149 501
150 326
150 637
151 568
151 479
152 525
152 529
153 448
153 503
154 383
154 598
155 545
155 551
156 407
156 531
157 261
157 275
158 601
158 213
159 364
159 387
160 670
160 198
161 411
161 420
162 646
163 467
164 318
164 658
165 418
165 435
166 352
166 623
167 247
168 673
168 345
169 513
170 510
171 566
172 447
172 469
173 175
173 567
174 619
174 186
175 300
176 494
176 647
177 331
177 415
178 283
179 327
179 559
180 218
180 366
181 364
182 697
183 490
184 196
184 254
185 388
186 258
187 296
187 503
188 622
188 403
189 347
189 348
190 360
190 501
191 298
192 583
193 407
195 230
195 260
196 526
197 646
197 281
199 624
200 440
200 451
201 532
201 582
202 385
203 371
203 699
204 530
204 301
205 319
205 509
206 388
207 250
207 662
208 628
209 355
209 509
210 243
210 636
211 340
212 651
212 662
213 442
214 635
215 346
215 552
216 332
216 409
219 333
219 451
220 553
221 661
221 588
222 476
223 419
223 617
224 527
224 506
226 307
226 310
227 581
227 442
228 612
228 660
229 303
229 491
230 548
231 556
232 516
233 359
233 515
234 413
236 649
237 440
239 564
240 540
240 633
241 319
242 615
243 439
244 378
245 320
245 468
246 610
247 377
248 368
249 332
249 456
250 573
251 435
251 529
252 431
252 574
253 452
253 626
255 324
255 475
256 316
257 591
257 639
259 437
260 682
262 641
263 361
263 370
264 297
266 293
266 695
268 550
268 443
269 648
270 285
271 366
271 369
272 287
272 382
274 399
274 580
275 692
276 562
276 578
277 608
277 685
278 430
278 619
279 582
280 336
280 681
284 624
286 490
288 349
288 575
289 475
289 600
290 405
290 532
291 345
291 482
292 317
293 669
294 574
294 595
296 686
297 682
298 428
299 605
300 374
302 405
303 505
304 337
304 466
305 480
305 521
306 431
306 547
307 531
308 445
309 691
311 401
311 543
312 511
312 620
313 422
314 629
314 652
315 528
317 527
318 433
320 611
321 361
321 547
323 533
324 590
325 534
325 658
326 667
327 633
328 594
329 512
329 690
330 339
330 639
331 367
334 620
334 640
335 561
336 689
337 478
338 432
338 497
339 677
340 559
341 367
342 507
342 554
343 631
343 657
344 448
346 576
347 674
348 464
349 456
350 515
350 533
351 541
353 670
353 382
354 473
354 589
355 443
356 474
357 697
358 595
358 365
359 511
360 530
362 523
363 461
368 602
369 444
370 397
371 480
373 478
373 517
374 632
375 557
375 618
376 667
378 400
379 621
380 520
380 466
381 610
383 640
384 570
385 604
386 398
387 665
389 585
390 492
391 648
391 675
392 438
392 587
393 580
394 544
394 674
395 672
395 508
396 539
399 650
401 644
402 688
403 542
404 463
406 572
409 492
410 555
412 627
413 664
414 472
414 502
415 489
416 577
416 678
417 538
417 590
418 516
421 487
421 692
422 584
423 468
423 546
424 611
425 653
426 654
427 643
427 578
429 571
430 555
432 680
433 504
434 517
434 560
436 458
438 671
441 570
444 679
446 483
446 500
449 659
449 693
450 534
452 638
453 486
453 625
454 525
455 486
455 599
457 593
458 668
459 563
460 565
462 493
462 687
463 651
464 654
467 625
469 631
470 650
471 566
472 499
477 601
477 623
479 647
482 549
484 626
485 565
485 652
487 537
488 495
488 521
489 539
491 603
493 526
495 602
497 504
498 552
498 604
505 538
506 689
507 519
508 558
510 614
514 607
518 592
518 556
519 676
520 696
522 585
524 575
528 684
536 591
537 579
540 554
541 685
543 627
546 680
548 608
549 642
550 657
557 576
562 567
564 616
569 621
569 675
589 698
593 614
597 668
599 600
606 641
609 661
612 676
616 618
617 653
628 655
629 683
638 690
642 688
663 694
666 698
700 95
701 592
-1 -1
55.2132
