1
0 87
0 155
1 382
1 656
2 477
2 609
3 7
3 660
4 103
4 490
5 290
5 392
6 55
6 204
7 560
8 227
8 642
9 342
9 598
10 51
10 207
11 116
11 417
12 80
12 597
13 135
13 321
14 393
14 453
15 224
15 403
16 101
16 697
17 51
17 232
18 296
18 377
19 216
19 562
20 154
20 635
21 120
21 185
22 85
22 567
23 28
23 589
24 333
24 696
25 232
25 488
26 500
26 508
27 226
27 323
28 189
29 543
29 163
30 121
30 470
31 283
31 564
32 647
32 326
33 557
33 692
34 360
34 626
35 331
35 593
36 522
36 298
37 144
37 266
38 176
38 395
39 315
39 637
40 41
40 125
41 242
42 69
42 601
43 304
43 607
44 116
44 436
45 79
45 526
46 478
46 487
47 327
47 570
48 73
48 672
49 254
49 415
50 472
50 526
52 237
52 542
53 214
53 337
54 598
54 394
55 293
56 251
56 338
57 181
57 358
58 106
58 664
59 474
59 620
60 112
60 380
61 636
61 294
62 291
62 422
63 102
63 631
64 71
64 321
65 92
65 576
66 173
66 175
67 511
67 615
68 133
68 571
69 108
70 467
70 671
71 247
72 423
72 596
73 521
74 114
74 519
75 147
75 507
76 600
76 494
77 410
77 435
78 196
78 329
79 278
80 517
81 250
81 680
82 360
82 444
83 299
83 676
84 261
84 508
85 265
86 356
86 482
87 296
88 105
88 649
89 329
89 352
90 466
90 668
91 355
91 622
92 152
93 683
93 591
94 505
94 513
95 193
95 203
96 127
96 419
97 168
97 455
98 583
98 650
99 348
99 581
100 288
100 365
101 515
102 387
103 455
104 513
104 398
105 499
106 129
107 253
107 677
108 308
109 175
109 433
110 196
110 603
111 419
111 469
112 670
113 592
113 646
114 431
115 248
115 585
117 260
117 602
118 285
118 565
119 276
119 488
120 385
121 328
122 625
122 659
123 156
123 685
124 167
124 245
125 662
126 325
126 525
127 630
128 160
128 396
129 284
130 249
130 577
131 269
131 429
132 411
132 460
133 437
134 354
134 644
135 389
136 686
136 402
137 219
137 679
138 148
138 425
139 276
139 619
140 287
140 364
141 305
141 507
142 274
142 660
143 476
143 691
144 492
145 157
145 596
146 186
146 385
147 404
148 223
149 390
149 408
150 629
150 346
151 268
151 639
152 460
153 349
153 524
154 578
155 479
156 362
157 520
158 560
158 696
159 641
159 684
160 361
161 395
161 456
162 177
162 434
163 282
164 195
164 582
165 531
165 445
166 441
166 462
167 539
168 583
169 225
169 586
170 200
170 218
171 451
171 688
172 200
172 448
173 646
174 383
174 443
176 293
177 244
178 529
178 267
179 608
179 492
180 536
180 450
181 226
182 205
182 506
183 673
183 192
184 457
184 533
185 187
186 199
187 614
188 475
188 625
189 527
190 217
190 684
191 624
191 332
192 546
193 591
194 531
194 672
195 667
197 617
197 399
198 680
199 307
201 686
201 322
202 478
202 637
203 471
204 595
205 606
206 551
206 633
207 302
208 503
208 592
209 284
209 556
210 400
210 468
211 316
211 426
212 477
212 652
213 528
213 247
214 325
215 245
215 536
216 318
217 606
218 499
219 653
220 262
220 498
221 590
221 675
222 336
222 345
223 568
224 406
225 690
227 446
228 472
228 483
229 648
229 401
230 353
230 410
231 301
231 444
233 289
233 522
234 589
234 599
235 297
235 387
236 482
236 576
237 594
238 272
238 351
239 586
239 511
240 497
240 661
241 341
242 366
243 370
243 393
244 404
246 379
246 528
248 328
249 563
250 697
251 500
252 283
252 308
253 605
254 565
255 470
255 610
256 550
256 691
257 286
257 412
258 607
258 618
259 377
259 550
260 372
261 418
262 432
263 545
263 427
264 689
264 402
265 450
266 632
267 285
268 509
269 540
270 645
270 489
271 313
271 584
272 574
273 530
273 373
274 378
275 454
275 495
277 367
277 652
278 287
279 300
279 384
280 311
280 624
281 454
281 573
282 365
286 491
288 498
289 547
290 441
291 678
292 556
292 483
294 319
295 424
295 682
297 476
298 682
299 431
300 610
301 602
302 446
303 443
303 475
304 421
305 432
306 314
306 324
307 449
309 542
309 668
310 348
310 553
311 469
312 524
312 541
313 462
314 544
315 496
316 548
317 438
317 525
318 429
319 505
320 438
320 626
322 633
323 614
324 403
326 504
327 484
330 453
330 514
331 663
332 580
333 447
334 447
334 681
335 458
335 515
336 537
337 667
338 437
339 489
339 649
340 676
340 694
341 417
342 618
343 480
343 485
344 530
344 427
345 645
346 362
347 544
347 678
349 461
350 627
350 669
351 553
352 433
353 487
354 401
355 638
356 594
357 642
357 671
358 559
359 634
359 673
361 623
363 551
363 665
364 371
366 578
367 382
368 389
368 629
369 552
369 623
370 516
371 391
372 464
373 538
374 451
374 502
375 579
375 424
376 664
376 467
378 662
379 585
380 554
381 386
381 519
383 535
384 621
386 473
388 405
388 555
390 409
391 563
392 411
394 593
396 651
397 512
397 683
398 533
399 413
400 569
405 449
406 698
407 636
407 658
408 595
409 679
412 497
413 621
414 517
414 619
415 562
416 518
416 695
418 490
420 597
420 612
421 611
422 685
423 465
425 657
426 506
428 588
428 657
430 655
430 587
434 534
435 635
436 590
439 640
439 666
440 640
440 509
442 518
442 558
445 616
448 693
452 628
452 674
456 620
457 539
458 677
459 547
459 675
461 485
463 527
463 584
464 561
465 638
466 693
468 608
471 571
473 474
479 644
480 504
481 600
481 674
484 537
486 516
486 615
491 641
493 582
493 699
494 545
495 557
496 647
501 643
501 650
502 567
503 575
510 656
510 690
512 695
514 523
520 569
521 630
523 534
529 554
532 687
532 579
535 661
538 587
540 692
541 575
543 546
548 639
549 604
549 651
552 643
555 698
558 699
559 648
561 566
564 628
566 580
568 611
570 627
572 622
572 659
573 599
574 694
577 613
581 687
588 654
601 616
603 634
604 663
605 681
609 670
612 655
613 617
631 658
632 665
653 654
666 669
688 689
700 198
701 241
-1 -1
117.338
