1
0 334
0 491
1 489
1 52
2 214
2 234
3 21
3 105
4 470
4 477
5 354
5 478
6 400
6 95
7 268
7 43
8 193
8 179
9 14
9 174
10 332
10 116
11 342
11 25
12 265
12 341
13 505
13 125
14 400
15 74
15 562
16 323
16 146
17 283
17 356
18 67
18 416
19 326
19 403
20 586
20 254
21 383
22 219
22 246
23 83
23 406
24 163
24 297
25 460
26 588
26 232
27 273
27 166
28 230
28 300
29 146
29 467
30 96
30 302
31 352
31 120
32 141
32 443
33 159
33 189
34 554
34 549
35 350
35 288
36 194
36 109
37 262
37 469
38 91
38 487
39 164
39 554
40 528
40 237
41 596
41 463
42 92
42 184
43 520
44 512
44 438
45 118
45 251
46 399
46 540
47 196
47 530
48 555
48 240
49 414
49 581
50 420
50 511
51 561
51 501
52 85
53 326
53 101
54 552
54 122
55 435
55 56
56 424
57 429
57 181
58 210
58 343
59 321
59 379
60 391
60 123
61 93
61 63
62 431
62 124
63 82
64 276
64 570
65 493
65 553
66 278
66 154
67 210
68 330
68 336
69 215
69 410
70 142
70 472
71 336
71 245
72 124
72 221
73 387
73 364
74 145
75 180
75 574
76 486
76 506
77 466
77 311
78 224
78 589
79 147
79 442
80 430
80 183
81 503
81 396
82 270
83 551
84 328
84 398
85 546
86 151
86 419
87 286
87 291
88 534
88 353
89 263
89 178
90 539
90 127
91 523
92 524
93 516
94 250
94 266
95 158
96 587
97 261
97 373
98 351
98 358
99 322
99 253
100 205
100 528
101 219
102 174
102 181
103 450
103 377
104 289
104 301
105 195
106 499
106 179
107 453
107 512
108 563
108 372
109 590
110 338
110 313
111 531
111 118
112 546
112 295
113 343
113 439
114 579
114 390
115 572
115 126
116 137
117 359
117 425
119 482
119 475
120 211
121 563
121 490
122 206
123 203
125 584
126 560
127 239
128 158
128 553
129 423
129 361
130 202
130 474
131 260
131 157
132 577
132 190
133 160
133 171
134 325
134 485
135 212
135 226
136 481
136 497
137 328
138 348
138 500
139 274
139 151
140 258
140 241
141 504
142 441
143 448
143 144
144 237
145 344
147 287
148 170
148 274
149 208
149 275
150 486
150 368
152 177
152 566
153 268
153 437
154 285
155 275
155 513
156 572
156 227
157 317
159 382
160 332
161 437
161 592
162 593
162 313
163 485
164 573
165 583
165 408
166 235
167 557
167 407
168 329
168 323
169 579
169 246
170 440
171 368
172 562
172 461
173 329
173 423
175 279
175 334
176 513
176 547
177 496
178 257
180 457
182 206
182 534
183 382
184 444
185 598
185 427
186 521
186 345
187 405
187 573
188 418
188 294
189 247
190 433
191 333
191 417
192 402
192 443
193 575
194 337
195 498
196 257
197 216
197 482
198 566
198 318
199 292
199 290
200 404
200 409
201 583
201 362
202 509
203 224
204 520
204 422
205 517
207 532
207 446
208 301
209 457
209 558
211 351
212 399
213 529
213 335
214 541
215 233
216 320
217 518
217 269
218 393
218 350
220 258
220 548
221 576
222 425
222 296
223 312
223 595
225 272
225 429
226 458
227 317
228 244
228 252
229 576
229 251
230 324
231 527
231 544
232 308
233 376
234 394
235 364
236 524
236 289
238 473
238 494
239 518
240 467
241 509
242 397
242 339
243 522
243 594
244 436
245 401
247 452
248 415
248 550
249 538
249 316
250 432
252 296
253 526
254 465
255 451
255 567
256 538
256 483
259 280
259 446
261 387
262 500
263 584
264 582
264 492
265 559
266 561
267 489
267 494
269 599
270 456
271 565
271 379
272 381
273 595
276 359
277 388
277 283
278 475
279 471
280 304
281 461
281 536
282 415
282 463
284 488
284 293
285 478
286 344
287 363
288 547
290 395
291 454
292 542
293 312
294 577
295 433
297 354
298 369
298 442
299 321
299 305
300 464
302 362
303 592
303 371
304 588
305 535
306 428
306 367
307 466
307 487
308 311
309 508
309 409
310 378
310 431
314 390
314 515
315 367
315 507
316 462
318 434
319 386
319 481
320 585
322 490
324 456
325 578
327 360
327 447
330 470
331 366
331 495
333 574
335 568
337 370
338 462
339 555
340 451
340 597
341 503
342 505
345 483
346 412
347 357
347 426
348 548
349 545
349 556
352 435
353 369
355 386
355 371
356 407
357 578
358 495
360 597
361 370
363 393
365 418
365 564
366 449
372 484
373 551
374 389
374 593
375 468
375 570
376 541
377 567
378 543
380 585
380 403
381 436
383 537
384 476
384 497
385 479
385 428
388 559
389 565
391 527
392 430
392 419
394 510
395 458
396 477
397 580
398 493
401 532
402 491
404 519
405 450
406 499
408 474
410 455
411 596
411 469
412 586
413 516
413 533
414 557
416 441
417 454
420 549
421 492
421 556
422 552
424 508
426 599
427 459
432 506
434 525
438 511
439 540
440 537
444 464
445 525
445 568
447 479
448 459
449 523
452 571
453 472
455 543
460 569
465 545
468 582
471 526
473 535
476 504
480 533
480 521
484 598
488 587
496 536
498 522
501 544
502 530
502 591
507 531
510 514
514 571
515 542
517 519
529 580
539 560
550 558
564 594
569 589
575 581
590 591
600 260
601 346
-1 -1
4.91823
