1
0 34
0 445
1 598
1 645
2 82
2 666
3 464
3 594
4 189
4 526
5 452
5 660
6 111
6 749
7 685
7 786
8 33
8 504
9 74
9 767
10 93
10 357
11 68
11 125
12 499
12 554
13 127
13 736
14 349
14 608
15 141
15 160
16 322
16 339
17 417
17 447
18 449
18 640
19 45
19 471
20 126
20 750
21 126
21 633
22 93
22 566
23 516
23 605
24 381
24 707
25 741
25 798
26 72
26 123
27 257
27 300
28 106
28 246
29 498
29 769
30 425
30 458
31 231
31 651
32 172
32 649
33 201
34 180
35 125
35 269
36 278
36 287
37 189
37 646
38 336
38 661
39 314
39 664
40 549
40 729
41 439
41 552
42 339
42 445
43 129
43 756
44 82
44 257
45 533
46 62
46 65
47 303
47 656
48 541
48 785
49 58
49 330
50 491
50 500
51 85
51 712
52 756
52 760
53 317
53 484
54 381
54 548
55 219
55 477
56 661
56 727
57 134
57 563
58 83
59 321
59 509
60 92
60 630
61 184
61 725
62 559
63 535
63 588
64 561
64 584
65 268
66 105
66 280
67 358
67 752
68 728
69 209
69 735
70 144
70 599
71 571
71 657
72 238
73 152
73 392
74 193
75 161
75 630
76 328
76 532
77 527
77 647
78 142
78 443
79 288
79 604
80 311
80 521
81 458
81 467
83 601
84 262
84 304
85 766
86 138
86 624
87 122
87 702
88 141
88 689
89 549
89 674
90 283
90 692
91 206
91 239
92 475
94 355
94 537
95 355
95 573
96 272
96 364
97 239
97 434
98 268
98 688
99 263
99 347
100 346
100 460
101 397
101 427
102 173
102 536
103 375
103 701
104 160
104 571
105 543
106 482
107 426
107 518
108 180
108 229
109 147
109 768
110 279
110 506
111 748
112 350
112 595
113 177
113 192
114 319
114 354
115 567
115 760
116 390
116 658
117 297
117 627
118 535
118 665
119 692
119 732
120 713
120 754
121 295
121 725
122 683
123 547
124 370
124 610
127 715
128 210
128 342
129 281
130 389
130 551
131 136
131 774
132 253
132 406
133 345
133 517
134 746
135 390
135 733
136 496
137 327
137 799
138 349
139 373
139 448
140 317
140 508
142 749
143 170
143 177
144 356
145 277
145 778
146 363
146 399
147 417
148 154
148 457
149 451
149 563
150 320
150 376
151 479
151 757
152 377
153 553
153 781
154 167
155 156
155 214
156 678
157 262
157 631
158 261
158 479
159 209
159 366
161 613
162 250
162 282
163 450
163 779
164 182
164 550
165 597
165 674
166 564
166 731
167 513
168 178
168 273
169 419
169 793
170 258
171 230
171 264
172 702
173 776
174 585
174 786
175 271
175 312
176 237
176 336
178 284
179 202
179 617
181 586
181 787
182 422
183 272
183 367
184 472
185 241
185 421
186 596
186 612
187 588
187 611
188 637
188 719
190 492
190 790
191 720
191 755
192 759
193 215
194 259
194 627
195 321
195 418
196 581
196 609
197 217
197 537
198 570
198 784
199 429
199 454
200 207
200 305
201 668
202 758
203 231
203 344
204 405
204 693
205 306
205 691
206 462
207 432
208 347
208 600
210 739
211 385
211 499
212 494
212 601
213 497
213 619
214 621
215 676
216 309
216 638
217 369
218 434
218 705
219 690
220 644
220 680
221 469
221 763
222 367
222 745
223 517
223 618
224 337
224 420
225 362
225 520
226 605
226 632
227 591
227 634
228 380
228 648
229 585
230 388
232 294
232 487
233 622
233 657
234 650
234 687
235 298
235 383
236 446
236 450
237 788
238 308
240 465
240 579
241 278
242 385
242 503
243 538
243 653
244 534
244 761
245 249
245 547
246 433
247 265
247 682
248 541
248 562
249 649
250 626
251 628
251 640
252 352
252 735
253 675
254 468
254 550
255 466
255 695
256 488
256 743
258 522
259 716
260 402
260 483
261 490
263 714
264 308
265 615
266 542
266 706
267 724
267 795
269 485
270 425
270 552
271 677
273 460
274 676
274 755
275 374
275 753
276 292
276 723
277 409
279 291
280 776
281 428
282 734
283 384
284 693
285 407
285 476
286 444
286 524
287 299
288 316
289 359
289 361
290 435
290 527
291 731
292 684
293 629
293 726
294 394
295 343
296 419
296 726
297 632
298 739
299 459
300 710
301 523
301 758
302 334
302 615
303 457
304 606
305 546
306 433
307 370
307 747
309 436
310 392
310 703
311 771
312 529
313 413
313 543
314 403
315 643
315 780
316 548
318 418
318 797
319 659
320 368
322 567
323 516
323 747
324 348
324 453
325 600
325 616
326 506
326 589
327 787
328 522
329 351
329 384
330 565
331 353
331 481
332 402
332 792
333 438
333 442
334 534
335 737
335 765
337 754
338 415
338 670
340 477
340 590
341 584
341 658
342 631
343 484
344 539
345 515
346 704
348 356
350 734
351 505
352 420
353 456
354 663
357 498
358 580
359 469
360 592
360 677
361 784
362 401
363 773
364 578
365 444
365 614
366 568
368 542
369 645
371 372
371 706
372 789
373 791
374 501
375 772
376 393
377 691
378 441
378 489
379 395
379 475
380 711
382 437
382 518
383 514
386 497
386 621
387 717
387 795
388 757
389 666
391 545
391 741
393 500
394 513
395 714
396 471
396 574
397 451
398 410
398 679
399 544
400 718
400 745
401 628
403 673
404 642
404 697
405 700
406 612
407 545
408 421
408 521
409 722
410 507
411 669
411 698
412 662
412 740
413 515
414 474
414 617
415 583
416 587
416 697
422 467
423 449
423 748
424 668
424 672
426 727
427 509
428 582
429 592
430 637
431 659
431 778
432 625
435 512
436 765
437 721
438 613
439 555
440 482
440 717
441 596
442 768
443 511
446 687
447 704
448 544
452 616
453 728
454 708
455 574
455 713
456 629
459 673
461 504
461 589
462 781
463 622
463 715
464 766
465 742
466 565
468 494
470 536
470 572
472 777
473 570
473 598
474 481
476 559
478 602
478 738
480 619
480 773
483 602
485 603
486 560
486 761
487 530
488 502
489 721
490 579
491 576
492 558
493 551
493 779
495 744
495 762
496 718
501 788
502 682
503 654
505 595
507 696
508 742
510 558
510 636
511 583
512 562
514 686
519 594
519 694
520 623
523 647
524 526
525 663
525 793
528 636
528 669
529 557
530 777
531 606
531 646
532 546
533 662
538 656
539 540
540 660
553 626
554 716
555 576
556 642
556 794
557 796
560 670
561 569
564 586
566 650
568 770
569 752
572 707
573 695
575 730
575 753
577 599
577 783
578 790
580 681
581 763
582 624
587 625
590 722
591 699
593 671
593 678
603 782
604 744
607 623
607 729
608 634
609 737
610 775
611 655
614 719
618 638
620 723
620 732
633 746
635 738
635 785
639 751
639 796
641 654
641 797
643 772
644 740
648 775
651 696
652 698
652 791
653 671
655 675
664 708
665 767
667 711
667 733
672 770
679 689
680 694
681 764
683 743
684 709
685 799
686 703
688 782
690 699
700 789
701 764
705 774
709 771
710 751
712 720
724 762
730 750
736 794
759 792
769 798
780 783
800 430
801 597
-1 -1
269.235
