1
0 224
0 575
1 35
1 260
2 196
2 347
3 44
3 48
4 217
4 613
5 6
5 191
6 487
7 9
7 520
8 277
8 792
9 748
10 210
10 752
11 576
11 589
12 473
12 755
13 388
13 493
14 114
14 138
15 248
15 532
16 548
16 734
17 323
17 406
18 271
18 445
19 120
19 748
20 32
20 258
21 423
21 581
22 152
22 513
23 104
23 495
24 134
24 321
25 626
25 704
26 65
26 440
27 34
27 609
28 431
28 689
29 182
29 351
30 673
30 677
31 396
32 728
33 86
33 793
34 198
35 327
36 67
36 686
37 260
37 486
38 234
38 502
39 221
39 591
40 263
40 675
41 326
41 352
42 207
42 782
43 513
43 738
44 776
45 265
45 751
46 656
46 690
47 123
47 266
48 399
49 329
49 602
50 542
50 633
51 426
51 739
52 194
52 560
53 634
53 693
54 317
54 471
55 235
56 500
56 530
57 352
57 630
58 213
58 233
59 275
59 332
60 144
60 629
61 469
61 795
62 607
62 692
63 335
63 587
64 451
64 562
65 745
66 560
66 584
67 270
68 683
68 768
69 523
69 695
70 85
70 381
71 492
71 580
72 243
72 757
73 187
73 195
74 227
74 245
75 85
75 295
76 152
76 751
77 113
77 214
78 228
78 591
79 200
79 632
80 376
80 444
81 408
81 534
82 411
82 443
83 493
83 515
84 167
84 206
86 446
87 345
87 697
88 272
88 339
89 404
89 708
90 282
90 482
91 653
91 738
92 706
92 756
93 703
93 726
94 691
94 786
95 651
95 799
96 435
96 619
97 315
97 538
98 416
98 693
99 627
99 722
100 248
100 735
101 142
101 723
102 526
102 731
103 171
103 295
104 124
105 332
105 466
106 253
106 578
107 283
107 607
108 374
108 517
109 175
109 779
110 195
110 648
111 559
111 707
112 221
112 296
113 612
114 790
115 116
115 205
116 713
117 143
117 364
118 555
118 655
119 541
119 717
120 690
121 160
121 412
122 140
122 354
123 725
124 458
125 203
125 551
126 517
126 596
127 644
127 685
128 537
128 573
129 151
129 797
130 191
130 298
131 494
131 642
132 338
132 429
133 577
133 780
134 253
135 550
135 787
136 375
136 710
137 430
137 656
138 686
139 299
139 570
140 227
141 218
141 753
142 508
143 445
144 347
145 625
145 754
146 249
146 711
147 319
147 483
148 478
148 767
149 438
149 587
150 278
150 688
151 181
153 279
153 376
154 746
154 759
155 322
155 468
156 472
156 750
157 617
157 727
158 479
158 702
159 740
159 771
160 369
161 474
161 648
162 462
162 624
163 409
163 632
164 533
164 599
165 519
165 622
166 417
166 605
167 358
168 331
168 604
169 251
169 789
170 754
170 799
171 699
172 369
172 441
173 250
173 424
174 567
174 765
175 660
176 593
176 732
177 199
177 231
178 429
178 679
179 639
179 715
180 308
180 414
181 682
182 618
183 638
183 729
184 521
184 688
185 304
185 631
186 360
186 626
187 749
188 274
188 576
189 268
189 370
190 312
190 333
192 382
192 414
193 372
193 611
194 667
196 666
197 362
197 391
198 672
199 251
200 556
201 271
201 413
202 397
202 796
203 430
204 665
204 763
205 432
206 262
207 504
208 367
208 485
209 501
209 755
210 501
211 459
211 771
212 288
212 433
213 288
214 223
215 388
215 435
216 371
216 403
217 341
218 758
219 624
219 654
220 511
220 539
222 432
222 697
223 518
224 614
225 300
225 727
226 356
226 483
228 528
229 399
229 567
230 395
230 636
231 531
232 269
232 406
233 455
234 645
235 509
236 379
236 663
237 385
237 566
238 259
238 341
239 509
239 554
240 529
240 569
241 245
241 267
242 364
242 516
243 389
244 579
244 784
246 492
246 561
247 307
247 425
249 418
250 442
252 415
252 696
254 646
254 719
255 485
255 647
256 535
256 744
257 383
257 605
258 443
259 562
261 328
261 601
262 279
263 439
264 546
264 588
265 506
266 743
267 662
268 571
269 620
270 721
272 733
273 583
273 786
274 711
275 636
276 302
276 384
277 311
278 524
280 337
280 652
281 340
281 468
282 694
283 403
284 389
284 448
285 470
285 498
286 503
286 663
287 292
287 665
289 366
289 461
290 687
290 730
291 479
291 783
292 600
293 678
293 692
294 310
294 774
296 491
297 303
297 401
298 600
299 423
300 463
301 412
301 652
302 747
303 313
304 418
305 572
305 604
306 353
306 721
307 598
308 657
309 328
309 743
310 488
311 708
312 749
313 782
314 639
314 735
315 530
316 342
316 528
317 325
318 620
318 720
319 666
320 334
320 661
321 672
322 324
323 398
324 498
325 363
326 781
327 458
329 427
330 420
330 664
331 568
333 776
334 671
335 490
336 510
336 759
337 526
338 629
339 791
340 378
342 465
343 454
343 773
344 408
344 680
345 350
346 592
346 685
348 413
348 452
349 510
349 549
350 467
351 570
353 531
354 633
355 366
355 431
356 627
357 383
357 584
358 411
359 574
359 662
360 552
361 709
361 779
362 673
363 464
365 477
365 586
367 476
368 499
368 669
370 544
371 402
372 377
373 519
373 621
374 622
375 628
377 506
378 427
379 392
380 571
380 747
381 616
382 394
384 762
385 580
386 541
386 687
387 475
387 539
390 574
390 578
391 595
392 407
393 472
393 505
394 728
395 457
396 489
397 785
398 419
400 568
400 775
401 453
402 457
404 714
405 642
405 705
407 502
409 684
410 415
410 525
416 714
417 505
419 716
420 577
421 538
421 700
422 496
422 529
424 650
425 718
426 556
428 610
428 668
433 757
434 630
434 696
436 473
436 788
437 540
437 737
438 534
439 790
440 585
441 514
442 461
444 449
446 770
447 516
447 555
448 651
449 564
450 667
450 698
451 734
452 742
453 615
454 597
455 726
456 464
456 522
459 676
460 701
460 707
462 710
463 671
465 758
466 619
467 732
469 689
470 640
471 763
474 646
475 512
476 669
477 545
478 701
480 481
480 681
481 590
482 487
484 769
484 794
486 700
488 772
489 586
490 608
491 540
494 718
495 709
496 742
497 635
497 729
499 561
500 716
503 760
504 543
507 569
507 647
508 606
511 793
512 775
514 525
515 521
518 717
520 670
522 753
523 781
524 664
527 590
527 658
532 549
533 712
535 761
536 581
536 774
537 603
542 550
543 589
544 705
545 649
546 760
547 645
547 746
548 628
551 784
552 670
553 780
553 794
554 741
557 703
557 731
558 655
558 798
559 683
563 641
563 777
564 566
565 585
565 783
572 637
573 641
575 767
579 643
582 611
582 798
583 797
588 674
592 675
593 788
594 682
594 745
595 614
596 674
597 733
598 623
599 603
601 764
602 613
606 616
608 712
609 744
610 660
612 736
615 787
617 765
618 768
621 720
623 704
625 657
631 694
634 762
635 676
637 679
638 750
640 785
643 681
644 653
649 702
650 773
654 661
658 724
659 698
659 777
668 695
677 766
678 741
680 715
684 772
691 736
699 756
706 778
713 723
719 761
722 730
724 796
725 778
737 764
739 795
740 766
752 791
769 792
770 789
800 31
801 55
-1 -1
669.684
