1
0 428
0 465
1 68
1 409
2 410
2 739
3 4
3 756
4 375
5 40
5 425
6 426
6 433
7 75
7 333
8 35
8 39
9 27
9 417
10 33
10 424
11 482
11 589
12 412
12 737
13 24
13 87
14 589
14 599
15 555
15 628
16 17
16 338
17 356
18 447
18 535
19 82
19 472
20 484
20 664
21 185
21 416
22 138
22 647
23 197
23 460
24 422
25 364
25 799
26 411
26 792
27 753
28 134
28 227
29 415
29 777
30 410
30 601
31 353
31 694
32 343
32 398
33 773
34 441
34 479
35 667
36 246
36 261
37 361
37 689
38 296
38 747
39 502
40 788
41 314
41 559
42 591
42 618
43 475
43 656
44 150
44 332
45 274
45 764
46 113
46 147
47 566
47 676
48 424
48 544
49 255
49 559
50 188
50 274
51 418
51 546
52 305
52 713
53 236
53 747
54 500
54 704
55 301
55 400
56 380
56 545
57 418
57 697
58 450
58 472
59 466
59 733
60 377
60 584
61 116
61 182
62 120
62 773
63 265
63 369
64 161
64 534
65 537
65 621
66 169
66 444
67 518
67 605
68 89
69 379
69 719
70 555
70 595
71 538
71 591
72 401
72 684
73 415
73 487
74 214
74 360
75 86
76 232
76 529
77 620
77 673
78 147
78 680
79 340
79 744
80 194
80 603
81 586
81 741
82 334
83 95
83 551
84 190
84 198
85 714
85 735
86 272
87 554
88 626
88 761
89 509
90 440
90 609
91 140
91 651
92 117
92 507
93 165
93 573
94 190
94 754
95 222
96 459
96 716
97 738
97 794
98 371
98 535
99 377
99 577
100 507
100 629
101 321
101 532
102 170
102 578
103 478
103 543
104 244
104 360
105 421
105 594
106 282
106 708
107 339
107 430
108 238
108 538
109 346
109 348
110 387
110 739
111 125
111 671
112 450
112 603
113 518
114 440
114 461
115 252
115 547
116 640
117 686
118 662
118 699
119 615
119 618
120 702
121 627
121 639
122 394
122 459
123 140
123 381
124 736
124 744
125 666
126 137
126 553
127 423
127 790
128 670
128 756
129 324
129 631
130 649
130 665
131 223
131 655
132 171
132 614
133 759
133 785
134 512
135 710
135 757
136 249
136 404
137 462
138 350
139 180
139 182
141 389
141 708
142 473
142 793
143 307
143 780
144 566
144 783
145 183
145 332
146 434
146 705
148 308
148 523
149 638
149 768
150 436
151 295
151 309
152 310
152 346
153 192
153 693
154 707
154 765
155 235
155 388
156 336
156 593
157 542
157 548
158 224
158 433
159 571
159 573
160 226
160 302
161 454
162 349
162 446
163 188
163 617
164 270
164 420
165 569
166 709
166 775
167 371
167 523
168 359
168 426
169 550
170 222
171 207
172 295
172 386
173 186
173 229
174 281
174 640
175 220
175 604
176 315
176 584
177 318
177 530
178 469
178 614
179 264
179 275
180 666
181 605
181 607
183 397
184 355
184 419
185 508
186 384
187 294
187 484
189 394
189 487
191 593
191 623
192 769
193 303
193 684
194 718
195 493
195 732
196 519
196 592
197 464
198 607
199 498
199 740
200 434
200 557
201 442
201 506
202 219
202 658
203 245
203 260
204 224
204 266
205 477
205 727
206 431
206 642
207 659
208 220
208 798
209 361
209 650
210 283
210 385
211 533
211 552
212 596
212 794
213 280
213 654
214 522
215 471
215 776
216 256
216 373
217 613
217 659
218 625
218 650
219 490
221 721
221 786
223 761
225 314
225 368
226 420
227 700
228 362
228 691
229 740
230 562
230 655
231 257
231 582
232 510
233 376
233 788
234 254
234 261
235 351
236 777
237 488
237 671
238 545
239 470
239 495
240 734
240 765
241 301
241 713
242 549
242 679
243 320
243 779
244 319
245 630
246 682
247 366
247 731
248 388
248 432
249 616
250 370
250 643
251 575
251 781
252 358
253 499
253 531
254 552
255 525
256 694
257 711
258 323
258 737
259 265
259 310
260 391
262 321
262 711
263 408
263 602
264 515
266 681
267 277
267 508
268 654
268 729
269 423
269 436
270 704
271 378
271 685
272 663
273 370
273 683
275 297
276 413
276 724
277 290
278 633
278 745
279 576
279 632
280 354
281 701
282 698
283 456
284 497
284 498
285 556
285 598
286 291
286 657
287 574
287 782
288 397
288 787
289 356
289 689
290 768
291 701
292 352
292 601
293 653
293 772
294 715
296 405
297 581
298 485
298 717
299 581
299 746
300 479
300 634
302 312
303 336
304 465
304 520
305 342
306 551
306 695
307 389
308 590
309 790
311 670
311 742
312 641
313 577
313 645
315 754
316 489
316 658
317 357
317 449
318 755
319 741
320 769
322 643
322 758
323 585
324 571
325 513
325 690
326 448
326 469
327 488
327 556
328 586
328 681
329 395
329 481
330 501
330 722
331 530
331 778
333 456
334 720
335 529
335 543
337 549
337 767
338 652
339 516
340 782
341 672
341 731
342 438
343 611
344 748
344 789
345 429
345 437
347 461
347 597
348 748
349 385
350 516
351 706
352 390
353 476
354 705
355 781
357 700
358 669
359 531
362 677
363 409
363 664
364 494
365 539
365 630
366 462
367 497
367 660
368 406
369 682
372 504
372 526
373 451
374 467
374 746
375 524
376 383
378 716
379 760
381 588
382 494
382 722
383 770
384 406
386 504
387 606
390 599
391 757
392 399
392 475
393 578
393 764
396 542
396 649
398 636
399 745
400 448
401 511
402 509
402 625
403 570
403 787
404 656
405 445
407 544
407 758
408 483
411 457
412 717
413 637
414 522
414 695
416 561
417 653
419 505
421 647
422 478
425 562
427 624
427 644
428 620
429 598
430 766
431 783
432 451
435 463
435 501
437 786
438 636
439 554
439 685
441 736
442 527
443 534
443 762
444 587
445 662
446 641
447 732
449 546
452 540
452 696
453 468
453 798
454 676
455 567
455 610
457 496
458 502
458 597
460 767
463 665
464 726
466 723
467 611
468 663
470 642
471 627
473 609
474 610
474 644
476 715
477 733
480 537
480 703
481 751
482 533
483 646
485 796
486 579
486 730
489 645
490 750
491 749
491 778
492 558
492 660
493 779
495 726
496 514
499 763
500 749
503 621
503 723
505 799
506 582
510 774
511 550
512 688
513 608
514 707
515 789
517 604
517 771
519 528
520 588
521 565
521 696
524 784
525 564
526 751
527 612
528 579
532 771
536 637
536 735
539 720
540 569
541 583
541 622
547 766
548 793
553 770
557 619
558 669
560 570
560 795
561 730
563 567
563 634
564 675
565 712
568 635
568 743
572 667
572 691
574 608
575 774
576 797
580 668
580 762
583 674
585 759
587 628
590 632
592 687
594 602
595 674
596 633
600 615
600 752
606 795
612 683
613 729
616 673
617 776
619 661
622 719
623 703
624 686
626 750
629 693
631 690
635 675
638 712
639 680
646 721
648 692
648 710
651 791
652 728
657 714
661 738
668 734
672 780
677 752
678 784
678 796
679 742
687 725
688 718
692 727
697 797
698 706
699 763
702 775
709 791
724 792
725 753
728 785
743 760
755 772
800 395
801 380
-1 -1
63.901
