1
0 307
0 777
1 297
2 72
2 368
3 246
3 278
4 560
4 794
5 43
5 389
6 395
6 466
7 398
7 523
8 255
8 423
9 729
9 741
10 53
10 476
11 16
11 552
12 57
12 441
13 522
13 708
14 383
14 778
15 21
15 691
16 218
17 284
17 565
18 205
18 572
19 408
19 442
20 500
20 789
21 762
22 520
22 633
23 623
23 657
24 168
24 303
25 59
25 381
26 350
26 526
27 138
27 383
28 309
28 578
29 378
29 712
30 215
30 669
31 266
31 618
32 66
32 239
33 259
33 482
34 506
34 717
35 162
35 675
36 248
36 701
37 390
37 481
38 392
38 524
39 103
39 541
40 308
40 760
41 425
41 602
42 490
42 664
43 443
44 122
44 193
45 162
45 250
46 532
46 547
47 90
47 772
48 275
48 475
49 268
49 660
50 58
50 158
51 335
51 444
52 60
52 639
53 542
54 640
54 673
55 82
55 419
56 94
56 579
57 371
58 137
59 254
60 752
61 576
61 736
62 245
62 525
63 391
63 507
64 325
64 780
65 646
65 657
66 459
67 654
67 795
68 540
68 632
69 333
69 490
70 247
70 367
71 571
71 705
72 310
73 181
73 380
74 136
74 260
75 81
75 213
76 123
76 178
77 101
77 235
78 487
78 769
79 99
79 525
80 722
80 799
81 140
82 231
83 597
83 624
84 485
84 521
85 259
85 375
86 370
86 796
87 313
87 791
88 232
88 406
89 177
89 271
90 535
91 211
91 361
92 418
92 773
93 256
93 611
94 541
95 252
95 459
96 114
96 144
97 288
97 305
98 198
98 355
99 716
100 327
100 399
101 273
102 627
102 765
103 293
104 148
104 697
105 386
105 757
106 196
106 351
107 178
107 338
108 562
108 605
109 545
109 554
110 414
110 486
111 594
111 798
112 287
112 589
113 291
113 421
114 543
115 731
115 793
116 129
116 195
117 190
117 302
118 413
118 767
119 523
119 566
120 233
120 785
121 335
121 725
122 688
123 689
124 437
124 706
125 175
125 749
126 364
126 666
127 489
127 714
128 448
128 568
129 131
130 503
130 754
131 762
132 161
132 403
133 198
133 548
134 576
134 629
135 597
135 667
136 574
137 758
138 429
139 635
139 689
140 373
141 296
141 739
142 298
142 532
143 226
143 415
144 294
145 181
145 281
146 156
146 321
147 622
147 709
148 680
149 339
149 341
150 432
150 473
151 308
151 771
152 422
152 774
153 249
153 748
154 240
154 406
155 485
155 724
156 462
157 167
157 715
158 472
159 481
159 550
160 314
160 420
161 367
163 408
163 677
164 293
164 786
165 464
165 790
166 659
166 678
167 734
168 346
169 391
169 727
170 433
170 567
171 451
171 676
172 416
172 770
173 545
173 796
174 315
174 694
175 244
176 184
176 261
177 249
179 530
179 642
180 191
180 719
182 620
182 671
183 279
183 351
184 250
185 614
185 631
186 342
186 687
187 463
187 764
188 309
188 600
189 464
189 568
190 544
191 279
192 493
192 751
193 362
194 270
194 643
195 356
196 743
197 234
197 646
199 387
199 621
200 529
200 702
201 463
201 715
202 661
202 783
203 500
203 753
204 285
204 603
205 539
206 397
206 465
207 526
207 652
208 496
208 621
209 519
209 771
210 222
210 430
211 747
212 613
212 676
213 755
214 585
214 706
215 390
216 289
216 352
217 588
217 631
218 389
219 626
219 641
220 393
220 612
221 374
221 638
222 340
223 482
223 484
224 318
224 510
225 709
225 767
226 684
227 400
227 559
228 538
228 582
229 508
229 782
230 375
230 698
231 487
232 494
233 492
234 696
235 295
236 334
236 694
237 414
237 682
238 323
238 609
239 661
240 357
241 330
241 602
242 275
242 672
243 477
243 501
244 262
245 606
246 493
247 318
248 468
251 436
251 726
252 711
253 732
253 768
254 320
255 557
256 533
257 476
257 593
258 400
258 510
260 684
261 404
262 320
263 457
263 724
264 326
264 511
265 455
265 617
266 469
267 430
267 495
268 362
269 435
269 536
270 531
271 683
272 376
272 777
273 450
274 434
274 700
276 492
276 627
277 614
277 650
278 382
280 587
280 630
281 474
282 310
282 730
283 531
283 547
284 397
285 596
286 461
286 517
287 288
289 713
290 558
290 658
291 382
292 365
292 693
294 516
295 564
296 565
297 432
298 566
299 331
299 699
300 409
300 732
301 369
301 504
302 498
303 781
304 461
304 681
305 628
306 537
306 629
307 518
311 410
311 563
312 720
312 723
313 616
314 321
315 637
316 428
316 579
317 773
317 788
319 449
319 757
322 405
322 502
323 680
324 520
324 651
325 594
326 656
327 768
328 581
328 738
329 334
329 750
330 574
331 471
332 553
332 569
333 465
336 544
336 563
337 350
337 644
338 720
339 436
340 396
341 747
342 496
343 374
343 534
344 378
344 683
345 513
345 542
346 662
347 354
347 479
348 619
348 633
349 441
349 471
352 623
353 501
353 776
354 444
355 517
356 733
357 699
358 548
358 716
359 360
359 394
360 462
361 722
363 394
363 567
364 388
365 750
366 388
366 601
368 555
369 707
370 673
371 498
372 624
372 742
373 779
376 759
377 577
377 653
379 505
379 791
380 763
381 538
384 448
384 546
385 756
385 787
386 727
387 477
392 424
393 528
395 753
396 402
398 480
399 744
401 422
401 731
402 606
403 527
404 451
405 439
407 713
407 740
409 518
410 595
411 592
411 758
412 415
412 543
413 502
416 534
417 719
417 754
418 703
419 784
420 607
421 431
423 603
424 653
425 610
426 591
426 697
427 622
427 690
428 558
429 794
431 766
433 458
434 775
435 781
437 573
438 669
438 735
439 677
440 619
440 775
442 625
443 452
445 551
445 664
446 700
446 761
447 535
447 748
449 575
450 537
452 639
453 710
453 712
454 598
454 738
455 599
456 721
456 772
457 784
458 696
460 488
460 641
466 644
467 756
467 780
468 741
469 529
470 509
470 655
472 546
473 570
474 779
475 751
478 607
478 620
479 515
480 551
483 554
483 583
484 692
486 742
488 766
489 503
491 494
491 506
495 739
497 638
497 764
499 514
499 648
504 688
505 675
507 587
508 604
509 571
511 586
512 759
512 789
513 591
514 667
515 655
516 581
519 590
521 553
522 658
524 681
527 573
528 734
530 601
533 666
536 736
539 617
540 746
549 635
549 698
550 787
552 695
555 618
556 604
556 785
557 797
559 778
560 588
561 582
561 615
562 652
564 703
569 672
570 670
572 665
575 637
577 745
578 695
580 730
580 745
583 670
584 649
584 686
585 586
589 705
590 648
592 685
593 702
595 599
596 668
598 765
600 729
605 679
608 654
608 686
609 691
610 647
611 776
612 795
613 797
615 744
616 630
625 656
626 733
628 663
632 718
634 651
634 701
636 704
636 760
640 690
642 717
643 728
645 674
645 710
647 650
649 721
659 671
660 665
662 769
663 743
668 792
674 726
678 711
679 799
682 786
685 788
687 737
692 798
693 707
704 783
714 746
718 752
723 761
725 774
728 755
735 749
737 740
763 793
770 782
790 792
800 1
801 708
-1 -1
334.788
