1
0 312
0 626
1 30
1 546
2 126
2 563
3 477
3 530
4 114
4 491
5 121
5 274
6 419
6 726
7 550
7 614
8 203
8 546
9 272
9 769
10 466
10 516
11 197
11 606
12 247
12 338
13 74
13 392
14 107
14 206
15 211
15 612
16 564
16 651
17 83
17 670
18 30
18 220
19 148
19 371
20 388
20 636
21 46
21 206
22 274
22 413
23 597
23 781
24 657
24 705
25 550
25 717
26 675
26 751
27 135
27 397
28 706
28 797
29 524
29 754
31 302
31 558
32 342
32 471
33 471
33 712
34 59
34 658
35 81
35 285
36 486
36 799
37 124
37 399
38 512
38 702
39 288
39 713
40 228
40 776
41 409
41 481
42 522
42 595
43 122
43 383
44 305
44 636
45 80
45 366
46 221
47 88
47 254
48 577
48 607
49 394
49 485
50 167
50 346
51 184
51 734
52 154
52 456
53 541
53 724
54 244
54 755
55 372
55 724
56 411
56 599
57 655
57 766
58 107
58 684
59 149
60 314
61 87
61 680
62 246
62 402
63 292
63 783
64 103
64 357
65 483
65 786
66 347
66 552
67 396
67 489
68 281
68 717
69 280
69 695
70 258
70 557
71 226
71 687
72 384
72 779
73 125
73 415
74 469
75 481
75 655
76 461
76 566
77 495
77 539
78 96
78 139
79 306
79 502
80 427
81 720
82 84
82 435
83 722
84 749
85 222
85 464
86 200
86 677
87 372
88 772
89 280
89 496
90 159
90 370
91 131
91 575
92 265
92 787
93 486
93 584
94 662
94 719
95 100
95 580
96 128
97 583
97 684
98 152
98 639
99 144
99 659
100 601
101 269
101 627
102 502
102 623
103 469
104 359
104 577
105 163
105 292
106 260
106 261
108 437
108 453
109 239
109 455
110 122
110 468
111 298
111 490
112 652
112 778
113 342
113 617
114 700
115 287
115 465
116 545
116 701
117 740
117 793
118 361
118 555
119 574
119 630
120 199
120 453
121 609
123 205
123 582
124 450
125 726
126 166
127 327
127 631
128 147
129 556
129 689
130 322
130 564
131 551
132 517
132 538
133 436
133 722
134 225
134 463
135 565
136 547
136 773
137 234
137 721
138 367
138 536
139 694
140 269
140 407
141 290
141 683
142 152
142 260
143 485
143 529
144 432
145 169
145 408
146 358
146 568
147 705
148 365
149 311
150 275
150 572
151 523
151 559
153 326
153 362
154 503
155 414
155 763
156 359
156 531
157 430
157 640
158 551
158 729
159 605
160 544
160 586
161 669
161 703
162 460
162 679
163 208
164 223
164 774
165 322
165 553
166 400
167 794
168 774
168 793
169 760
170 290
170 691
171 230
171 667
172 184
172 534
173 192
173 602
174 630
174 700
175 404
175 570
176 253
176 363
177 324
177 421
178 299
178 723
179 317
179 716
180 378
180 383
181 410
181 573
182 547
182 604
183 358
183 693
185 525
185 781
186 595
186 747
187 500
187 513
188 270
188 484
189 386
189 712
190 263
190 553
191 234
191 794
192 275
193 218
193 418
194 213
194 224
195 422
195 666
196 590
196 739
197 621
198 387
198 628
199 569
200 462
201 406
201 480
202 363
202 539
203 479
204 533
204 741
205 412
207 626
207 761
208 638
209 320
209 416
210 568
210 608
211 585
212 235
212 703
213 330
214 352
214 588
215 716
215 721
216 267
216 327
217 560
217 632
218 284
219 242
219 572
220 227
221 662
222 307
223 579
224 463
225 307
226 773
227 602
228 643
229 599
229 625
230 576
231 445
231 737
232 245
232 618
233 337
233 425
235 598
236 289
236 540
237 262
237 369
238 395
238 612
239 411
240 268
240 300
241 735
241 749
242 442
243 526
243 619
244 428
245 711
246 273
247 452
248 375
248 377
249 515
249 719
250 258
250 496
251 499
251 760
252 374
252 573
253 389
254 381
255 368
255 699
256 386
256 403
257 286
257 795
259 474
259 714
261 732
262 295
263 340
264 706
264 757
265 397
266 682
266 759
267 487
268 591
270 782
271 351
271 454
272 752
273 299
276 284
276 344
277 435
277 623
278 329
278 649
279 494
279 707
281 532
282 516
282 696
283 348
283 593
285 373
286 480
287 507
288 324
289 498
291 294
291 476
293 566
293 693
294 601
295 775
296 530
296 593
297 434
297 574
298 478
300 422
301 507
301 681
302 675
303 520
303 745
304 508
304 668
305 396
306 786
308 754
308 792
309 403
309 537
310 510
310 772
311 379
312 672
313 440
313 743
314 785
315 613
315 736
316 392
316 673
317 355
318 455
318 598
319 339
319 400
320 750
321 559
321 648
323 549
323 795
325 514
325 725
326 367
328 554
328 674
329 778
330 633
331 472
331 676
332 356
332 576
333 349
333 746
334 596
334 654
335 687
335 711
336 350
336 756
337 738
338 408
339 542
340 523
341 723
341 765
343 424
343 668
344 792
345 431
345 444
346 556
347 541
348 677
349 355
350 647
351 353
352 579
353 354
354 362
356 441
357 567
360 558
360 764
361 798
364 497
364 799
365 425
366 532
368 665
369 466
370 379
371 415
373 624
374 505
375 797
376 473
376 592
377 758
378 569
380 399
380 433
381 798
382 637
382 777
384 692
385 511
385 728
387 791
388 483
389 790
390 608
390 780
391 488
391 768
393 449
393 690
394 518
395 676
398 418
398 482
401 686
401 789
402 519
404 587
405 439
405 440
406 641
407 548
409 607
410 759
412 663
413 633
414 554
416 715
417 785
417 788
419 656
420 497
420 744
421 661
423 562
423 783
424 766
426 506
426 619
427 531
428 648
429 671
429 728
430 698
431 521
432 618
433 770
434 517
436 581
437 777
438 644
438 660
439 571
441 443
442 528
443 543
444 762
445 780
446 458
446 661
447 492
447 685
448 511
449 561
450 659
451 750
451 782
452 508
454 594
456 493
457 731
457 748
458 616
459 477
459 504
460 475
461 473
462 787
464 770
465 575
467 738
467 784
468 694
470 521
470 610
472 624
474 545
475 796
476 578
478 689
479 747
482 555
484 775
487 704
488 769
489 790
490 592
491 734
492 666
493 730
494 737
495 591
498 665
499 606
500 524
501 638
501 720
503 745
504 514
505 767
506 588
509 642
509 671
510 627
512 784
513 664
515 571
518 741
519 789
520 680
522 562
525 632
526 600
527 590
527 755
528 653
529 650
533 701
534 704
535 631
535 715
536 542
537 587
538 751
540 686
543 646
544 776
548 650
549 654
552 639
557 707
560 692
561 578
563 739
565 691
567 752
570 596
580 731
581 614
582 660
583 727
584 713
585 764
586 634
589 756
589 767
594 791
597 620
600 604
603 727
603 744
605 742
609 663
610 678
611 644
611 735
613 788
615 625
615 635
616 761
617 709
620 758
621 645
622 673
622 796
628 683
629 653
629 765
634 664
635 733
637 642
640 699
641 736
643 652
645 688
646 708
647 649
651 674
656 714
657 685
658 678
667 779
669 746
670 730
672 771
679 740
681 702
682 695
688 708
690 709
696 768
697 729
697 753
698 753
710 743
710 748
718 725
718 733
732 762
742 763
757 771
800 448
801 60
-1 -1
190.889
