1
0 171
0 95
1 191
1 228
2 205
2 91
3 135
3 223
4 81
4 245
5 272
5 88
6 83
6 234
7 68
7 211
8 220
8 243
9 66
9 147
10 55
10 87
11 289
11 63
12 137
12 159
13 277
13 53
14 123
14 125
15 141
15 281
16 201
16 295
17 138
17 174
18 74
18 232
19 288
19 72
20 173
20 249
21 256
21 94
22 286
22 72
23 149
23 175
24 208
24 225
25 297
25 60
26 142
26 54
27 137
27 222
28 170
28 82
29 160
29 77
30 240
30 187
31 212
31 119
32 58
32 206
33 234
33 113
34 146
34 232
35 176
35 103
36 167
36 206
37 67
37 122
38 70
38 114
39 161
39 63
40 165
40 184
41 68
41 252
42 107
42 188
43 130
43 98
44 163
44 101
45 129
45 150
46 263
46 124
47 53
47 121
48 151
48 77
49 75
49 209
50 90
50 96
51 215
51 113
52 172
52 239
54 177
55 249
56 158
56 293
57 71
57 175
58 173
59 194
59 237
60 250
61 145
61 218
62 73
62 258
64 200
64 242
65 228
65 235
66 75
67 162
69 270
69 298
70 97
71 269
73 254
74 262
76 140
76 229
78 146
78 185
79 224
79 230
80 143
80 262
81 209
82 196
83 278
84 258
84 264
85 182
85 198
86 110
86 251
87 231
88 155
89 149
89 214
90 153
91 290
92 275
92 296
93 144
93 203
94 134
95 122
96 126
97 296
98 178
99 163
99 240
100 183
100 216
101 132
102 126
102 254
103 299
104 154
104 171
105 168
105 246
106 217
106 298
107 255
108 156
108 267
109 190
109 252
110 213
111 193
111 233
112 189
112 231
114 261
115 172
115 224
116 164
116 211
117 238
117 297
118 135
118 195
119 204
120 186
120 294
121 162
123 275
124 139
125 257
127 259
127 280
128 147
128 165
129 186
130 177
131 244
131 265
132 287
133 199
133 243
134 174
136 260
136 261
138 169
139 215
140 145
141 216
142 160
143 273
144 257
148 170
148 237
150 194
151 274
152 179
152 242
153 158
154 214
155 282
156 264
157 181
157 187
159 268
161 271
164 221
166 247
166 281
167 183
168 286
169 220
176 290
178 284
179 283
180 195
180 226
181 218
182 185
184 285
188 196
189 213
190 250
191 294
192 277
192 238
193 270
197 299
197 274
198 207
199 284
200 210
201 291
202 263
202 239
203 256
204 219
205 280
207 291
208 233
210 235
212 223
219 287
221 241
222 279
225 251
226 285
227 267
227 292
229 259
230 269
236 260
236 246
241 253
244 279
245 293
247 282
248 292
248 255
253 273
265 266
266 276
268 289
271 272
276 295
278 288
300 283
301 217
-1 -1
11.6187
