1
0 492
1 634
1 754
2 273
2 454
3 166
3 499
4 237
4 599
5 255
5 704
6 481
6 495
7 127
7 213
8 142
8 289
9 549
9 567
10 16
10 118
11 104
11 226
12 270
12 688
13 246
13 695
14 198
14 348
15 167
15 233
16 43
17 91
17 555
18 413
18 782
19 470
19 756
20 406
20 475
21 347
21 654
22 129
22 282
23 39
23 727
24 641
24 745
25 408
25 771
26 141
26 369
27 264
27 267
28 230
28 720
29 296
29 344
30 575
30 766
31 150
31 368
32 235
32 640
33 580
33 614
34 313
34 709
35 261
35 264
36 223
36 272
37 558
37 725
38 350
38 711
39 281
40 57
40 146
41 187
41 312
42 693
42 718
43 188
44 138
44 405
45 366
45 621
46 128
46 794
47 713
47 774
48 457
48 753
49 114
49 466
50 163
50 204
51 332
51 794
52 485
52 628
53 740
53 768
54 228
54 778
55 205
55 373
56 126
56 692
57 333
58 383
58 425
59 259
59 278
60 541
60 715
61 476
61 687
62 374
62 738
63 325
63 558
64 158
64 695
65 243
65 316
66 432
66 464
67 222
67 684
68 424
68 524
69 525
69 570
70 179
70 786
71 472
71 724
72 132
72 479
73 423
73 528
74 128
74 520
75 538
75 722
76 247
76 436
77 454
77 737
78 699
78 733
79 327
79 788
80 614
80 719
81 643
81 680
82 161
82 613
83 460
83 698
84 250
84 442
85 157
85 726
86 220
86 224
87 593
87 706
88 456
88 629
89 381
89 531
90 437
90 502
91 162
92 412
92 463
93 438
93 618
94 148
94 402
95 477
95 552
96 474
96 733
97 225
97 532
98 388
98 578
99 438
99 736
100 568
100 629
101 407
101 557
102 599
102 639
103 609
103 682
104 167
105 198
105 231
106 153
106 279
107 257
107 333
108 544
108 751
109 459
109 484
110 494
110 664
111 340
111 520
112 470
112 770
113 482
113 748
114 631
115 380
115 384
116 393
116 793
117 385
117 694
118 488
119 635
119 776
120 378
120 507
121 271
121 408
122 131
122 593
123 450
123 606
124 321
124 421
125 227
125 435
126 153
127 342
129 745
130 199
130 428
131 717
132 552
133 144
133 576
134 587
134 604
135 227
135 459
136 447
136 721
137 510
137 522
138 486
139 630
139 789
140 303
140 650
141 266
142 677
143 336
143 799
144 600
145 168
145 633
146 320
147 312
147 641
148 534
149 369
149 690
150 642
151 209
151 626
152 596
152 671
154 516
154 676
155 340
155 648
156 404
156 632
157 665
158 731
159 410
159 600
160 625
160 759
161 356
162 262
163 234
164 174
164 206
165 245
165 615
166 716
168 796
169 338
169 341
170 362
170 735
171 389
171 417
172 409
172 572
173 374
173 746
174 399
175 496
175 508
176 489
176 725
177 210
177 652
178 316
178 756
179 535
180 339
180 650
181 586
181 665
182 667
182 686
183 656
183 696
184 443
184 484
185 265
185 321
186 397
186 773
187 324
188 517
189 602
189 677
190 200
190 623
191 388
191 446
192 259
192 563
193 269
193 583
194 400
194 673
195 311
195 782
196 500
196 732
197 564
197 681
199 513
200 363
201 276
201 318
202 305
202 601
203 678
203 697
204 288
205 385
206 715
207 734
207 784
208 317
208 568
209 214
210 330
211 293
211 310
212 290
212 516
213 787
214 455
215 376
215 378
216 244
216 365
217 682
217 730
218 368
218 792
219 301
219 581
220 619
221 344
221 389
222 632
223 700
224 674
225 529
226 747
228 242
229 521
229 525
230 464
231 763
232 601
232 714
233 234
235 659
236 623
236 754
237 613
238 337
238 653
239 326
239 514
240 241
240 659
241 278
242 277
243 505
244 499
245 791
246 707
247 429
248 551
248 795
249 292
249 308
250 679
251 490
251 658
252 527
252 735
253 482
253 720
254 338
254 562
255 739
256 415
256 707
257 722
258 293
258 624
260 430
260 615
261 382
262 498
263 322
263 582
265 681
266 309
267 570
268 315
268 366
269 497
270 736
271 284
272 669
273 531
274 555
274 605
275 536
275 585
276 510
277 495
279 501
280 420
280 634
281 627
282 748
283 390
283 788
284 604
285 343
285 576
286 610
286 779
287 299
287 352
288 551
289 781
290 347
291 310
291 670
292 608
294 384
294 519
295 509
295 755
296 415
297 361
297 566
298 487
298 513
299 418
300 422
300 775
301 345
302 467
302 578
303 684
304 379
304 691
305 744
306 661
306 729
307 508
307 762
308 412
309 462
311 518
313 741
314 469
314 486
315 370
317 635
318 493
319 414
319 772
320 765
322 441
323 443
323 468
324 577
325 750
326 705
327 718
328 375
328 683
329 376
329 458
330 426
331 574
331 773
332 780
334 353
334 503
335 359
335 392
336 383
337 447
339 539
341 675
342 553
343 487
345 638
346 497
346 539
348 372
349 416
349 743
350 496
351 608
351 777
352 611
353 405
354 521
354 685
355 403
355 731
356 644
357 480
357 728
358 382
358 612
359 386
360 434
360 461
361 560
362 589
363 571
364 417
364 603
365 616
367 703
367 783
370 709
371 461
371 771
372 648
373 791
375 784
377 714
377 759
379 586
380 394
381 744
386 591
387 553
387 764
390 609
391 655
391 757
392 515
393 483
394 676
395 402
395 421
396 469
396 472
397 554
398 620
398 708
399 512
400 444
401 658
401 690
403 518
404 441
406 514
407 708
409 697
410 620
411 528
411 730
413 732
414 775
416 704
418 509
419 649
419 786
420 426
422 502
423 673
424 767
425 742
427 580
427 710
428 627
429 549
430 517
431 724
431 767
432 597
433 563
433 711
434 512
435 749
436 439
437 651
439 538
440 584
440 683
442 655
444 626
445 478
445 692
446 644
448 636
448 772
449 474
449 590
450 671
451 471
451 781
452 607
452 769
453 456
453 550
455 774
457 547
458 611
460 743
462 790
463 597
465 488
465 579
466 494
467 710
468 559
471 566
473 533
473 753
475 741
476 678
477 550
478 700
479 530
480 752
481 561
483 672
485 537
489 546
490 640
491 798
491 799
492 654
493 760
498 646
500 541
501 667
503 536
504 592
504 647
505 689
506 605
506 638
507 698
511 628
511 790
515 746
519 795
522 660
523 587
523 740
524 780
526 618
526 797
527 562
529 619
530 596
532 643
533 642
534 546
535 581
537 543
540 657
540 701
542 647
542 734
543 758
544 675
545 703
545 728
547 719
548 588
548 755
554 617
556 565
556 766
557 687
559 637
560 663
561 595
564 763
565 765
567 792
569 662
569 679
571 686
572 645
573 689
573 739
574 645
575 592
577 699
579 598
582 603
583 672
584 729
585 702
588 598
589 760
590 798
591 694
594 661
594 757
595 649
602 750
606 717
607 785
610 621
612 701
616 662
617 761
622 668
622 777
624 685
625 652
630 669
631 702
633 680
636 674
637 666
639 797
646 776
651 749
653 793
656 657
660 663
664 761
666 779
668 737
670 723
688 764
693 752
696 721
705 783
706 769
712 778
712 789
713 768
716 758
723 727
726 785
738 751
742 796
747 762
770 787
800 0
801 691
-1 -1
1.53381
