1
0 139
0 216
1 120
1 266
2 220
2 159
3 164
3 108
4 50
4 223
5 75
5 159
6 21
6 207
7 144
7 188
8 37
8 108
9 254
9 22
10 82
10 280
11 233
11 176
12 263
12 275
13 244
13 92
14 214
14 55
15 101
15 299
16 137
16 239
17 198
17 225
18 180
18 295
19 53
19 255
20 216
20 185
21 81
22 175
23 70
23 219
24 232
24 126
25 102
25 281
26 243
26 87
27 296
27 140
28 138
28 286
29 178
29 41
30 127
30 107
31 236
31 170
32 33
32 184
33 239
34 97
34 293
35 128
35 135
36 262
36 177
37 69
38 66
38 40
39 240
39 250
40 246
41 203
42 64
42 212
43 103
43 253
44 132
44 94
45 131
45 183
46 278
46 79
47 166
47 221
48 192
48 259
49 225
49 56
50 186
51 76
51 188
52 113
52 297
53 82
54 195
54 139
55 190
56 235
57 211
57 101
58 129
58 74
59 124
59 253
60 285
60 111
61 226
61 63
62 186
62 279
63 143
64 237
65 144
65 172
66 288
67 68
67 205
68 138
69 276
70 237
71 224
71 118
72 112
72 273
73 202
73 172
74 219
75 187
76 204
77 182
77 142
78 241
78 292
79 185
80 226
80 184
81 85
83 161
83 107
84 88
84 93
85 298
86 288
86 269
87 163
88 282
89 114
89 95
90 91
90 255
91 119
92 169
93 228
94 120
95 102
96 248
96 234
97 148
98 263
98 121
99 196
99 124
100 265
100 173
103 296
104 240
104 181
105 143
105 191
106 177
106 197
109 162
109 274
110 128
110 268
111 208
112 245
113 145
114 230
115 182
115 245
116 289
116 249
117 224
117 196
118 278
119 146
121 276
122 260
122 271
123 150
123 157
125 171
125 279
126 294
127 275
129 191
130 131
130 206
132 193
133 140
133 213
134 209
134 163
135 147
136 290
136 178
137 158
141 155
141 201
142 241
145 214
146 287
147 280
148 149
149 165
150 266
151 199
151 285
152 243
152 246
153 198
153 190
154 249
155 238
156 215
156 231
157 167
158 261
160 166
160 175
161 221
162 271
164 286
165 299
167 291
168 195
168 217
169 251
170 242
171 258
173 264
174 248
174 250
176 256
179 289
179 235
180 205
181 227
183 187
189 217
189 277
192 247
193 244
194 295
194 220
197 282
199 234
200 232
200 298
201 287
202 208
203 281
204 238
206 260
207 284
209 291
210 270
210 265
211 229
212 290
215 257
218 258
218 233
222 262
222 272
223 231
227 272
228 283
229 294
230 256
236 277
242 252
247 267
251 270
252 267
254 259
257 268
261 293
264 284
269 274
273 297
283 292
300 154
301 213
-1 -1
1.10192
