600 7188
0 56
0 60
0 77
0 81
0 82
0 120
0 138
0 201
0 202
0 238
0 243
0 249
0 263
0 276
0 293
0 391
0 509
0 526
0 529
0 530
0 546
0 573
0 586
1 24
1 37
1 48
1 83
1 130
1 154
1 176
1 186
1 292
1 334
1 352
1 367
1 390
1 411
1 446
1 523
1 540
1 552
2 67
2 82
2 99
2 104
2 156
2 167
2 173
2 210
2 222
2 249
2 267
2 357
2 386
2 418
2 442
2 450
2 453
2 517
2 546
2 548
2 557
3 28
3 59
3 75
3 83
3 89
3 111
3 131
3 177
3 189
3 224
3 243
3 285
3 288
3 290
3 357
3 362
3 427
3 430
3 436
3 465
3 479
3 484
3 506
3 518
3 582
4 38
4 53
4 54
4 101
4 188
4 239
4 265
4 278
4 280
4 304
4 307
4 378
4 451
4 509
4 533
5 28
5 78
5 80
5 91
5 97
5 134
5 137
5 159
5 198
5 276
5 328
5 337
5 365
5 404
5 489
5 509
5 514
5 541
5 552
5 574
5 594
6 51
6 91
6 96
6 108
6 141
6 145
6 159
6 165
6 167
6 176
6 188
6 243
6 302
6 304
6 343
6 367
6 368
6 405
6 422
6 441
6 466
6 500
6 531
7 11
7 42
7 47
7 69
7 93
7 107
7 118
7 119
7 142
7 160
7 179
7 192
7 225
7 228
7 247
7 289
7 315
7 325
7 337
7 339
7 427
7 447
7 459
7 508
7 593
8 29
8 32
8 117
8 125
8 138
8 155
8 174
8 193
8 231
8 237
8 273
8 287
8 354
8 371
8 421
8 430
8 478
8 511
8 597
9 14
9 68
9 93
9 111
9 135
9 221
9 251
9 274
9 297
9 300
9 375
9 466
9 474
9 496
9 514
9 538
9 543
9 550
10 91
10 106
10 112
10 136
10 173
10 188
10 242
10 262
10 266
10 268
10 274
10 315
10 353
10 386
10 387
10 443
10 477
10 481
10 524
10 566
10 569
10 576
10 579
10 583
10 584
10 586
11 62
11 76
11 87
11 97
11 101
11 120
11 153
11 204
11 214
11 321
11 377
11 381
11 398
11 407
11 414
11 420
11 435
11 478
11 492
12 35
12 56
12 57
12 72
12 82
12 177
12 223
12 226
12 301
12 306
12 319
12 335
12 362
12 368
12 380
12 432
12 448
12 529
12 561
13 62
13 115
13 135
13 142
13 175
13 196
13 206
13 212
13 227
13 232
13 279
13 299
13 325
13 416
13 420
13 445
13 464
13 490
13 544
14 22
14 60
14 61
14 95
14 113
14 125
14 185
14 198
14 304
14 321
14 339
14 352
14 355
14 370
14 415
14 428
14 479
14 523
14 536
14 573
14 578
14 596
14 599
15 53
15 104
15 170
15 187
15 270
15 286
15 291
15 303
15 304
15 390
15 435
15 444
15 457
15 461
15 463
15 549
15 563
15 583
16 25
16 26
16 27
16 69
16 70
16 139
16 145
16 166
16 193
16 264
16 265
16 269
16 273
16 344
16 345
16 348
16 384
16 404
16 424
16 451
16 474
16 475
16 513
16 521
16 558
16 568
16 595
17 41
17 52
17 76
17 100
17 135
17 148
17 205
17 229
17 258
17 354
17 377
17 419
17 427
17 431
17 434
17 464
17 548
18 47
18 63
18 68
18 88
18 121
18 130
18 138
18 183
18 187
18 225
18 258
18 275
18 278
18 280
18 302
18 310
18 365
18 380
18 390
18 449
18 493
18 504
18 516
18 528
18 531
18 535
18 555
18 575
18 585
18 598
19 30
19 44
19 111
19 127
19 148
19 163
19 185
19 190
19 224
19 229
19 244
19 281
19 290
19 340
19 359
19 387
19 424
19 447
19 448
19 458
19 488
19 494
19 536
19 551
19 591
20 30
20 108
20 131
20 132
20 143
20 195
20 202
20 205
20 206
20 247
20 344
20 346
20 368
20 372
20 385
20 388
20 401
20 415
20 416
20 476
20 496
20 555
20 572
20 598
21 57
21 79
21 113
21 155
21 171
21 222
21 231
21 264
21 317
21 331
21 340
21 351
21 356
21 367
21 400
21 421
21 433
21 448
21 524
22 58
22 63
22 64
22 91
22 152
22 153
22 207
22 215
22 216
22 233
22 234
22 264
22 305
22 329
22 334
22 366
22 369
22 377
22 386
22 411
22 498
22 550
22 551
22 599
23 24
23 47
23 65
23 118
23 157
23 172
23 213
23 221
23 269
23 277
23 279
23 348
23 359
23 389
23 423
23 439
23 495
23 501
23 534
23 598
24 49
24 78
24 98
24 112
24 133
24 176
24 178
24 191
24 294
24 301
24 305
24 339
24 354
24 381
24 458
24 513
24 519
24 573
24 584
25 49
25 66
25 92
25 109
25 156
25 171
25 197
25 207
25 228
25 295
25 308
25 313
25 368
25 385
25 392
25 399
25 420
25 468
25 495
25 515
25 521
25 553
25 559
26 29
26 81
26 89
26 98
26 108
26 110
26 134
26 152
26 168
26 215
26 273
26 280
26 299
26 382
26 391
26 396
26 398
26 434
26 435
26 446
26 517
26 545
26 593
27 33
27 39
27 59
27 92
27 109
27 111
27 113
27 120
27 146
27 150
27 156
27 173
27 188
27 210
27 241
27 251
27 307
27 309
27 319
27 338
27 347
27 367
27 375
27 427
27 465
27 476
27 479
27 491
27 506
27 510
27 527
27 542
27 595
28 41
28 59
28 81
28 94
28 102
28 140
28 148
28 166
28 257
28 297
28 323
28 358
28 361
28 371
28 396
28 435
28 452
28 463
28 483
28 515
28 543
28 559
28 567
28 573
29 78
29 97
29 124
29 133
29 138
29 155
29 235
29 259
29 260
29 267
29 286
29 310
29 363
29 377
29 385
29 390
29 401
29 404
29 420
29 496
29 504
29 511
29 512
29 518
29 524
29 526
29 532
29 553
29 566
29 576
30 36
30 44
30 47
30 60
30 74
30 79
30 94
30 95
30 113
30 120
30 130
30 179
30 200
30 329
30 348
30 361
30 436
30 438
30 456
30 463
30 483
30 491
30 497
30 526
30 532
30 580
30 591
31 87
31 114
31 123
31 178
31 192
31 204
31 250
31 260
31 271
31 284
31 287
31 376
31 390
31 395
31 408
31 419
31 420
31 435
31 444
31 492
31 499
31 525
31 540
31 573
32 59
32 71
32 81
32 85
32 136
32 163
32 170
32 205
32 219
32 223
32 224
32 236
32 246
32 250
32 318
32 335
32 341
32 359
32 400
32 402
32 422
32 430
32 456
32 496
32 499
32 505
32 507
32 521
32 547
32 555
32 575
33 43
33 57
33 68
33 85
33 87
33 119
33 120
33 124
33 151
33 157
33 187
33 221
33 226
33 258
33 291
33 292
33 306
33 321
33 330
33 348
33 354
33 381
33 419
33 461
33 480
33 491
33 522
33 542
34 51
34 90
34 95
34 124
34 132
34 150
34 159
34 196
34 235
34 239
34 254
34 281
34 286
34 311
34 313
34 362
34 374
34 411
34 429
34 430
34 463
34 494
34 521
34 525
34 541
34 590
34 598
35 83
35 107
35 143
35 166
35 187
35 214
35 243
35 255
35 260
35 311
35 318
35 324
35 359
35 362
35 396
35 440
35 451
35 481
35 516
35 560
36 66
36 68
36 93
36 155
36 161
36 175
36 180
36 195
36 197
36 221
36 227
36 232
36 234
36 235
36 250
36 303
36 311
36 336
36 344
36 363
36 366
36 388
36 450
36 519
36 521
36 527
36 538
36 541
36 564
37 81
37 129
37 130
37 169
37 196
37 202
37 216
37 270
37 331
37 340
37 344
37 353
37 394
37 403
37 414
37 455
37 458
37 459
37 483
37 539
37 542
37 555
37 599
38 46
38 82
38 122
38 140
38 149
38 153
38 164
38 188
38 192
38 219
38 257
38 269
38 281
38 284
38 317
38 321
38 373
38 422
38 442
38 491
38 505
39 101
39 104
39 105
39 117
39 149
39 151
39 159
39 172
39 189
39 191
39 226
39 230
39 239
39 304
39 338
39 356
39 392
39 466
39 518
39 531
39 536
39 544
39 552
39 577
39 588
39 592
39 593
40 109
40 139
40 164
40 169
40 207
40 210
40 253
40 258
40 271
40 303
40 329
40 341
40 342
40 367
40 371
40 429
40 470
41 106
41 115
41 121
41 142
41 172
41 204
41 240
41 242
41 255
41 263
41 287
41 356
41 432
41 478
41 480
41 494
41 515
41 578
42 83
42 90
42 123
42 143
42 147
42 167
42 169
42 195
42 196
42 261
42 271
42 272
42 290
42 294
42 295
42 311
42 313
42 318
42 321
42 348
42 416
42 435
42 440
42 456
42 468
42 479
42 501
42 525
42 545
42 577
43 60
43 61
43 66
43 78
43 87
43 146
43 208
43 235
43 289
43 408
43 500
43 515
43 523
43 545
43 553
44 50
44 75
44 127
44 130
44 143
44 145
44 160
44 195
44 196
44 218
44 246
44 263
44 272
44 293
44 315
44 323
44 358
44 384
44 401
44 443
44 449
44 468
44 473
44 491
44 572
44 587
45 48
45 50
45 62
45 119
45 152
45 185
45 186
45 209
45 241
45 270
45 305
45 310
45 333
45 425
45 476
45 547
45 548
45 564
45 567
45 574
45 582
45 585
45 596
46 47
46 56
46 59
46 81
46 97
46 107
46 116
46 123
46 139
46 152
46 207
46 231
46 240
46 284
46 287
46 289
46 339
46 343
46 357
46 428
46 431
46 440
46 450
46 488
46 493
46 533
46 534
46 562
46 569
46 588
47 59
47 74
47 89
47 129
47 151
47 179
47 192
47 236
47 245
47 250
47 270
47 294
47 324
47 338
47 352
47 370
47 381
47 404
47 416
47 435
47 439
47 445
47 447
47 465
47 490
47 525
47 535
47 553
47 567
47 575
47 590
48 69
48 70
48 92
48 131
48 135
48 170
48 180
48 187
48 206
48 222
48 230
48 254
48 312
48 384
48 435
48 437
48 500
48 504
48 519
48 521
48 574
48 579
49 63
49 84
49 126
49 140
49 168
49 171
49 191
49 256
49 279
49 293
49 331
49 403
49 415
49 421
49 445
49 459
49 464
49 521
49 552
49 554
49 597
50 51
50 98
50 106
50 126
50 154
50 180
50 196
50 235
50 252
50 261
50 294
50 306
50 318
50 332
50 356
50 392
50 405
50 408
50 433
50 437
50 441
50 492
50 503
50 523
50 542
50 564
50 567
50 576
50 588
51 93
51 135
51 137
51 206
51 232
51 254
51 270
51 295
51 308
51 314
51 323
51 345
51 363
51 376
51 386
51 389
51 394
51 397
51 401
51 414
51 419
51 431
51 498
51 556
51 591
51 595
52 91
52 107
52 131
52 182
52 186
52 191
52 253
52 292
52 307
52 337
52 378
52 394
52 411
52 412
52 469
52 533
52 544
52 549
52 550
52 560
52 566
52 577
53 71
53 93
53 110
53 118
53 130
53 168
53 169
53 188
53 217
53 236
53 275
53 305
53 307
53 341
53 371
53 388
53 401
53 428
53 432
53 433
53 437
53 438
53 466
53 472
53 528
53 540
53 564
54 134
54 141
54 161
54 218
54 242
54 250
54 269
54 288
54 289
54 388
54 441
54 450
54 451
54 465
54 472
54 481
54 498
54 513
54 525
54 532
54 534
54 546
54 549
54 564
55 65
55 80
55 88
55 96
55 97
55 102
55 142
55 151
55 157
55 160
55 434
55 435
55 456
55 477
55 509
55 527
55 537
55 563
56 83
56 87
56 94
56 100
56 130
56 135
56 143
56 151
56 208
56 215
56 222
56 313
56 333
56 337
56 354
56 410
56 461
56 472
56 483
56 560
56 574
56 584
57 83
57 84
57 113
57 138
57 148
57 151
57 152
57 161
57 167
57 177
57 185
57 209
57 268
57 351
57 354
57 366
57 378
57 379
57 397
57 415
57 428
57 468
57 488
57 508
57 512
57 565
57 568
57 587
57 597
58 78
58 120
58 249
58 263
58 264
58 266
58 305
58 330
58 335
58 336
58 345
58 401
58 404
58 493
58 498
58 510
58 524
58 549
58 558
58 581
59 71
59 75
59 92
59 134
59 137
59 189
59 210
59 277
59 373
59 380
59 382
59 385
59 406
59 428
59 434
59 541
59 582
60 118
60 122
60 194
60 211
60 214
60 220
60 222
60 262
60 268
60 308
60 312
60 340
60 354
60 356
60 390
60 427
60 444
60 506
60 527
60 532
60 561
60 584
60 585
61 86
61 160
61 246
61 253
61 260
61 328
61 340
61 365
61 368
61 408
61 411
61 442
61 534
61 539
61 550
61 555
61 584
61 590
62 64
62 100
62 130
62 218
62 224
62 297
62 309
62 310
62 419
62 428
62 498
62 541
62 576
62 598
63 87
63 98
63 101
63 113
63 143
63 147
63 152
63 165
63 187
63 244
63 273
63 315
63 341
63 348
63 375
63 379
63 384
63 408
63 411
63 413
63 453
63 483
63 496
63 504
63 540
64 68
64 72
64 99
64 111
64 112
64 120
64 150
64 229
64 234
64 276
64 290
64 313
64 330
64 335
64 396
64 499
64 519
64 534
64 566
64 569
64 582
65 83
65 159
65 204
65 212
65 239
65 269
65 295
65 313
65 319
65 333
65 343
65 395
65 429
65 453
65 456
65 459
65 482
65 573
65 593
66 98
66 113
66 140
66 158
66 215
66 236
66 285
66 305
66 328
66 337
66 338
66 360
66 366
66 376
66 399
66 434
66 441
66 443
66 454
66 478
66 481
66 490
66 496
66 544
66 549
66 569
67 132
67 137
67 160
67 208
67 238
67 247
67 269
67 275
67 312
67 364
67 388
67 402
67 515
67 518
67 519
67 554
68 69
68 116
68 127
68 162
68 186
68 188
68 192
68 197
68 283
68 376
68 465
68 472
68 476
68 495
68 501
68 505
68 511
68 525
68 559
68 572
69 111
69 125
69 137
69 147
69 170
69 171
69 173
69 189
69 214
69 222
69 230
69 243
69 285
69 298
69 308
69 314
69 340
69 353
69 355
69 370
69 380
69 389
69 442
69 452
69 456
69 468
69 474
69 514
69 542
69 559
69 561
69 569
69 572
69 583
70 74
70 81
70 153
70 164
70 224
70 292
70 328
70 354
70 359
70 364
70 366
70 411
70 412
70 419
70 456
70 487
70 494
70 505
70 544
70 582
71 79
71 85
71 143
71 148
71 159
71 167
71 238
71 256
71 273
71 278
71 371
71 390
71 405
71 429
71 457
71 460
71 464
71 488
71 529
71 595
72 125
72 150
72 198
72 222
72 267
72 292
72 356
72 361
72 399
72 434
72 463
72 475
72 505
72 506
72 508
72 515
72 529
72 565
72 566
73 76
73 77
73 78
73 100
73 128
73 137
73 147
73 180
73 188
73 212
73 229
73 244
73 296
73 319
73 350
73 376
73 396
73 454
73 462
73 466
73 578
73 590
74 76
74 101
74 127
74 144
74 156
74 165
74 205
74 214
74 264
74 275
74 342
74 359
74 372
74 379
74 423
74 461
74 463
74 467
74 495
74 503
74 578
74 585
75 93
75 126
75 222
75 234
75 265
75 281
75 323
75 328
75 358
75 388
75 408
75 425
75 468
75 479
75 506
75 520
75 531
75 567
76 77
76 195
76 200
76 208
76 218
76 230
76 254
76 282
76 306
76 396
76 407
76 433
76 456
76 457
76 467
76 473
76 534
76 542
76 547
76 567
76 577
76 578
77 98
77 106
77 184
77 222
77 251
77 252
77 257
77 316
77 346
77 415
77 439
77 448
77 469
77 489
77 525
77 533
77 543
77 558
77 560
77 583
78 81
78 88
78 105
78 127
78 158
78 161
78 173
78 256
78 273
78 284
78 317
78 340
78 366
78 382
78 389
78 401
78 447
78 491
78 494
78 505
78 575
79 147
79 149
79 201
79 203
79 206
79 318
79 333
79 341
79 345
79 393
79 422
79 476
79 489
79 546
79 571
79 584
80 87
80 91
80 98
80 114
80 154
80 161
80 163
80 194
80 257
80 260
80 320
80 440
80 478
80 503
80 511
80 544
80 562
80 580
81 119
81 138
81 156
81 171
81 173
81 225
81 295
81 315
81 342
81 354
81 382
81 405
81 552
81 553
81 559
81 586
82 84
82 107
82 110
82 146
82 149
82 175
82 178
82 182
82 201
82 236
82 251
82 288
82 302
82 311
82 327
82 385
82 390
82 403
82 410
82 461
82 513
82 514
83 100
83 138
83 168
83 172
83 204
83 223
83 225
83 257
83 271
83 293
83 308
83 325
83 353
83 380
83 384
83 392
83 397
83 411
83 427
83 433
83 443
83 475
83 500
83 501
83 538
83 583
84 89
84 91
84 101
84 118
84 156
84 158
84 161
84 243
84 344
84 357
84 423
84 505
84 516
84 524
84 567
85 99
85 102
85 122
85 139
85 158
85 185
85 188
85 205
85 244
85 249
85 266
85 270
85 315
85 321
85 326
85 327
85 360
85 368
85 449
85 458
85 463
85 473
85 551
85 558
86 172
86 209
86 218
86 221
86 263
86 322
86 325
86 330
86 337
86 348
86 351
86 418
86 440
86 464
86 493
86 500
86 508
86 532
86 545
86 553
86 567
86 576
86 586
87 149
87 161
87 167
87 194
87 222
87 256
87 262
87 298
87 366
87 450
87 461
87 479
87 540
87 570
88 127
88 216
88 220
88 222
88 234
88 253
88 306
88 325
88 343
88 392
88 410
88 448
88 480
88 481
88 490
88 593
89 93
89 95
89 114
89 143
89 148
89 165
89 229
89 230
89 254
89 282
89 318
89 327
89 333
89 335
89 343
89 350
89 357
89 371
89 456
89 482
89 517
89 521
89 541
89 578
90 97
90 124
90 148
90 151
90 220
90 243
90 249
90 274
90 287
90 315
90 329
90 340
90 347
90 358
90 361
90 368
90 404
90 415
90 419
90 420
90 422
90 426
90 480
90 503
90 508
90 522
90 525
90 598
91 121
91 122
91 150
91 199
91 212
91 220
91 227
91 234
91 285
91 333
91 465
92 105
92 115
92 149
92 163
92 189
92 216
92 258
92 264
92 269
92 273
92 274
92 319
92 389
92 390
92 415
92 429
92 453
92 473
92 486
92 501
92 538
92 550
92 561
92 565
92 566
92 595
93 109
93 167
93 181
93 182
93 184
93 197
93 270
93 283
93 344
93 352
93 359
93 437
93 442
93 453
93 465
93 472
93 478
93 496
93 503
93 523
93 563
94 214
94 221
94 225
94 250
94 305
94 351
94 354
94 374
94 417
94 453
94 505
94 542
95 147
95 224
95 232
95 270
95 293
95 306
95 374
95 385
95 402
95 436
95 452
95 466
95 502
95 561
96 155
96 174
96 180
96 196
96 201
96 211
96 219
96 238
96 242
96 255
96 268
96 301
96 306
96 346
96 352
96 353
96 361
96 378
96 384
96 407
96 408
96 411
96 412
96 439
96 445
96 468
96 471
96 472
96 498
96 505
96 506
96 575
96 583
96 595
97 112
97 196
97 198
97 213
97 230
97 240
97 293
97 379
97 410
97 437
97 456
97 596
98 143
98 146
98 154
98 169
98 172
98 205
98 225
98 236
98 269
98 301
98 336
98 339
98 360
98 369
98 389
98 468
98 472
98 487
98 576
99 105
99 164
99 181
99 210
99 256
99 289
99 301
99 311
99 327
99 335
99 356
99 367
99 451
99 461
99 489
99 499
99 533
99 536
99 537
99 583
100 114
100 121
100 166
100 180
100 190
100 208
100 215
100 224
100 225
100 227
100 245
100 251
100 252
100 254
100 255
100 259
100 267
100 285
100 302
100 321
100 323
100 367
100 371
100 470
100 523
100 533
100 567
100 569
101 104
101 137
101 139
101 189
101 202
101 210
101 232
101 250
101 251
101 284
101 297
101 323
101 360
101 369
101 384
101 400
101 401
101 414
101 424
101 462
101 491
101 495
101 508
101 533
101 553
101 563
101 568
101 571
101 592
102 126
102 134
102 149
102 154
102 165
102 221
102 236
102 253
102 274
102 284
102 311
102 314
102 323
102 370
102 405
102 481
102 495
102 526
102 553
102 576
102 588
102 590
102 598
103 111
103 112
103 133
103 139
103 147
103 201
103 266
103 267
103 268
103 326
103 329
103 357
103 369
103 375
103 390
103 401
103 412
103 432
103 446
103 548
103 565
103 576
103 592
104 144
104 184
104 187
104 200
104 243
104 301
104 394
104 401
104 443
104 490
104 516
104 547
104 550
104 579
104 590
105 108
105 119
105 138
105 218
105 257
105 263
105 285
105 327
105 330
105 397
105 460
105 484
105 488
105 551
106 173
106 205
106 235
106 249
106 256
106 271
106 323
106 325
106 359
106 385
106 483
106 526
106 538
106 546
106 579
107 132
107 138
107 159
107 196
107 210
107 220
107 232
107 293
107 366
107 369
107 385
107 411
107 496
107 499
107 536
107 540
107 573
107 582
108 110
108 116
108 134
108 157
108 171
108 180
108 275
108 322
108 328
108 369
108 370
108 417
108 448
108 454
108 467
108 481
108 484
108 487
108 502
108 503
108 512
108 522
108 523
108 565
108 576
108 597
109 133
109 183
109 232
109 234
109 255
109 272
109 275
109 347
109 353
109 359
109 376
109 401
109 419
109 427
109 468
109 472
109 520
109 539
110 119
110 128
110 148
110 155
110 166
110 189
110 236
110 241
110 264
110 266
110 270
110 273
110 345
110 402
110 407
110 415
110 416
110 431
110 456
110 574
110 598
110 599
111 124
111 136
111 171
111 230
111 268
111 270
111 272
111 278
111 305
111 313
111 323
111 337
111 345
111 391
111 447
111 453
111 468
111 472
111 523
111 562
111 569
111 581
112 134
112 176
112 181
112 182
112 203
112 248
112 270
112 274
112 276
112 294
112 297
112 309
112 328
112 362
112 383
112 403
112 471
112 483
112 562
113 141
113 152
113 153
113 168
113 169
113 199
113 206
113 289
113 364
113 403
113 462
113 472
113 499
113 518
113 570
113 591
114 132
114 143
114 156
114 173
114 254
114 266
114 268
114 295
114 348
114 375
114 476
114 513
114 520
114 532
114 535
114 575
114 579
115 137
115 172
115 225
115 315
115 317
115 327
115 428
115 520
115 533
115 542
115 553
115 582
115 583
116 160
116 204
116 209
116 223
116 228
116 290
116 302
116 305
116 336
116 369
116 382
116 396
116 431
116 437
116 524
116 559
117 170
117 182
117 203
117 216
117 239
117 274
117 292
117 308
117 327
117 353
117 364
117 368
117 382
117 386
117 451
117 500
117 599
118 147
118 175
118 191
118 272
118 292
118 318
118 395
118 454
118 533
118 570
118 575
118 578
119 156
119 174
119 202
119 224
119 230
119 304
119 356
119 373
119 383
119 392
119 400
119 409
119 429
119 441
119 445
119 481
119 503
119 505
119 571
120 125
120 136
120 141
120 145
120 174
120 224
120 256
120 258
120 332
120 367
120 416
120 435
120 444
120 446
120 519
120 527
120 546
120 555
121 127
121 133
121 165
121 250
121 256
121 284
121 295
121 367
121 383
121 384
121 393
121 415
121 435
121 464
121 472
121 481
121 483
121 509
121 515
121 544
121 562
121 584
122 163
122 191
122 202
122 222
122 237
122 241
122 246
122 254
122 263
122 271
122 301
122 357
122 360
122 361
122 366
122 383
122 431
122 474
122 502
122 558
123 140
123 178
123 182
123 198
123 201
123 221
123 244
123 259
123 269
123 350
123 355
123 360
123 362
123 407
123 417
123 426
123 451
123 470
123 489
123 500
123 519
123 561
123 595
124 176
124 182
124 203
124 236
124 250
124 296
124 322
124 348
124 388
124 422
124 479
124 484
124 509
124 528
124 597
125 158
125 171
125 196
125 213
125 235
125 275
125 293
125 314
125 319
125 345
125 358
125 448
125 453
125 545
125 575
125 583
126 144
126 151
126 210
126 217
126 240
126 241
126 250
126 281
126 290
126 299
126 302
126 311
126 329
126 345
126 381
126 382
126 392
126 425
126 459
126 461
126 500
126 565
126 569
127 140
127 147
127 153
127 163
127 170
127 202
127 236
127 242
127 291
127 310
127 337
127 347
127 386
127 389
127 429
127 499
127 503
127 533
127 565
128 173
128 187
128 209
128 222
128 231
128 241
128 263
128 289
128 328
128 336
128 357
128 385
128 404
128 411
128 426
128 451
128 468
128 479
128 513
128 534
128 539
128 554
128 567
128 593
129 156
129 188
129 245
129 249
129 263
129 270
129 276
129 291
129 295
129 343
129 346
129 366
129 390
129 399
129 403
129 420
129 435
129 443
130 201
130 224
130 283
130 304
130 325
130 339
130 341
130 378
130 397
130 474
130 480
130 504
130 520
130 537
130 539
130 565
130 585
131 145
131 164
131 179
131 202
131 206
131 209
131 221
131 226
131 229
131 230
131 240
131 258
131 261
131 303
131 312
131 315
131 334
131 335
131 356
131 363
131 365
131 375
131 393
131 440
131 443
131 452
131 460
131 476
131 484
131 514
131 558
131 598
131 599
132 149
132 214
132 257
132 269
132 277
132 297
132 329
132 332
132 402
132 406
132 414
132 417
132 494
132 541
132 547
132 562
133 139
133 144
133 158
133 172
133 177
133 178
133 278
133 296
133 306
133 328
133 354
133 420
133 425
133 447
133 453
133 458
133 480
133 491
133 511
133 519
133 522
133 542
134 190
134 229
134 256
134 335
134 337
134 374
134 430
134 433
134 448
134 529
134 544
134 563
135 178
135 193
135 220
135 229
135 235
135 283
135 291
135 302
135 342
135 452
135 458
135 476
135 499
135 528
136 184
136 187
136 194
136 221
136 253
136 266
136 295
136 302
136 355
136 360
136 369
136 422
136 497
136 520
136 535
136 540
136 564
136 571
136 590
137 180
137 209
137 242
137 243
137 250
137 292
137 295
137 309
137 389
137 395
137 401
137 489
137 516
137 518
137 526
137 543
137 553
137 563
137 596
138 203
138 242
138 246
138 265
138 279
138 290
138 300
138 343
138 361
138 392
138 395
138 406
138 458
138 532
138 541
138 570
139 186
139 219
139 254
139 261
139 266
139 318
139 355
139 357
139 399
139 430
139 436
139 454
139 456
139 476
139 481
139 486
139 492
139 504
139 507
139 508
139 518
139 519
139 525
139 526
139 528
139 535
139 561
139 568
139 577
139 588
139 596
140 206
140 215
140 240
140 271
140 352
140 403
140 496
140 522
140 541
140 557
140 564
140 568
140 586
141 159
141 164
141 211
141 231
141 315
141 324
141 332
141 348
141 354
141 415
141 445
141 472
141 497
141 505
141 549
141 555
141 556
142 163
142 183
142 187
142 194
142 300
142 320
142 334
142 336
142 350
142 416
142 431
142 440
142 521
142 571
143 155
143 187
143 213
143 284
143 316
143 323
143 337
143 338
143 341
143 378
143 381
143 398
143 407
143 424
143 431
143 469
143 492
143 544
143 554
144 187
144 197
144 205
144 208
144 215
144 237
144 260
144 273
144 274
144 309
144 316
144 345
144 376
144 412
144 428
144 436
144 477
144 502
144 516
144 517
144 527
144 553
144 585
144 596
145 202
145 245
145 246
145 247
145 337
145 384
145 408
145 441
145 455
145 456
145 479
145 510
145 521
145 533
145 546
146 148
146 157
146 186
146 195
146 202
146 212
146 281
146 289
146 308
146 327
146 370
146 407
146 426
146 428
146 433
146 440
146 444
146 469
146 535
146 543
146 564
147 167
147 210
147 229
147 273
147 308
147 372
147 380
147 410
147 421
147 425
147 492
147 520
147 540
147 561
147 562
148 177
148 200
148 204
148 292
148 298
148 372
148 376
148 412
148 425
148 428
148 457
148 492
148 536
148 563
148 570
148 590
149 152
149 187
149 209
149 215
149 218
149 237
149 242
149 248
149 263
149 283
149 285
149 292
149 295
149 305
149 309
149 348
149 361
149 384
149 414
149 441
149 485
149 491
149 494
149 501
149 503
149 524
149 537
149 548
149 558
149 565
149 587
149 593
149 598
150 166
150 172
150 174
150 186
150 217
150 249
150 251
150 265
150 267
150 313
150 414
150 427
150 434
150 471
150 482
150 498
150 507
150 548
150 585
151 221
151 222
151 228
151 235
151 258
151 263
151 265
151 273
151 295
151 297
151 310
151 314
151 316
151 322
151 377
151 418
151 429
151 431
151 472
151 488
151 528
151 543
151 584
151 592
152 172
152 174
152 185
152 193
152 210
152 225
152 271
152 285
152 288
152 312
152 314
152 339
152 353
152 361
152 368
152 397
152 424
152 488
152 501
152 516
152 556
153 246
153 253
153 254
153 294
153 311
153 330
153 356
153 369
153 380
153 409
153 430
153 459
153 462
153 505
153 540
153 541
153 552
153 553
153 558
153 579
153 592
154 169
154 215
154 228
154 240
154 262
154 356
154 390
154 394
154 419
154 437
154 487
154 545
154 551
154 567
154 586
154 590
155 182
155 218
155 220
155 251
155 262
155 287
155 294
155 327
155 330
155 344
155 365
155 405
155 447
155 451
155 461
155 462
155 477
155 555
156 170
156 179
156 180
156 181
156 271
156 345
156 363
156 383
156 430
156 468
156 474
156 493
156 581
157 180
157 215
157 217
157 226
157 245
157 299
157 306
157 317
157 340
157 380
157 481
157 490
157 508
157 510
157 537
157 545
157 558
157 589
157 595
158 179
158 184
158 308
158 309
158 376
158 378
158 422
158 451
158 484
158 491
158 556
158 566
159 164
159 201
159 207
159 225
159 283
159 309
159 312
159 314
159 328
159 332
159 336
159 356
159 367
159 432
159 466
159 494
159 536
159 537
159 578
159 582
159 598
160 193
160 232
160 241
160 273
160 277
160 303
160 340
160 364
160 381
160 383
160 411
160 413
160 425
160 439
160 462
160 472
160 479
160 500
160 515
160 526
160 532
160 565
161 180
161 202
161 207
161 216
161 274
161 339
161 356
161 379
161 383
161 391
161 407
161 489
161 501
161 529
161 557
161 595
162 181
162 190
162 221
162 243
162 326
162 352
162 405
162 423
162 466
162 484
162 485
162 525
162 534
162 548
162 591
163 164
163 181
163 194
163 207
163 236
163 279
163 288
163 343
163 353
163 374
163 375
163 383
163 398
163 420
163 440
163 459
163 495
163 524
163 538
163 547
163 550
163 568
164 191
164 205
164 216
164 223
164 237
164 244
164 250
164 264
164 294
164 354
164 403
164 418
164 463
164 468
164 481
164 511
164 522
164 535
164 567
165 173
165 177
165 224
165 268
165 290
165 301
165 315
165 352
165 397
165 438
165 481
165 487
165 496
165 523
165 536
165 541
165 579
166 228
166 233
166 236
166 241
166 264
166 270
166 275
166 292
166 297
166 299
166 309
166 325
166 352
166 358
166 365
166 371
166 450
166 456
166 457
166 502
166 515
166 524
166 537
166 550
167 172
167 201
167 211
167 238
167 253
167 254
167 344
167 362
167 370
167 372
167 408
167 415
167 426
167 459
167 498
167 517
167 550
167 592
168 175
168 204
168 205
168 207
168 258
168 267
168 291
168 345
168 346
168 347
168 454
168 460
168 482
168 511
168 519
168 526
168 544
168 562
168 568
168 572
168 574
169 170
169 196
169 227
169 232
169 235
169 236
169 238
169 265
169 268
169 334
169 362
169 369
169 389
169 390
169 432
169 455
169 492
169 511
169 537
169 548
169 559
169 588
170 183
170 210
170 234
170 251
170 285
170 299
170 301
170 305
170 327
170 341
170 393
170 434
170 486
170 538
170 554
171 173
171 208
171 241
171 269
171 278
171 310
171 399
171 427
171 501
171 516
171 524
171 546
171 563
172 191
172 238
172 260
172 290
172 314
172 315
172 327
172 370
172 374
172 426
172 468
172 481
172 560
173 174
173 214
173 265
173 270
173 279
173 302
173 369
173 406
173 427
173 434
173 440
173 470
173 489
173 494
173 516
173 535
173 582
174 190
174 192
174 259
174 267
174 273
174 277
174 279
174 303
174 334
174 337
174 362
174 371
174 379
174 382
174 391
174 402
174 425
174 440
174 528
174 531
174 575
174 581
174 585
175 178
175 180
175 191
175 196
175 199
175 233
175 237
175 293
175 329
175 453
175 459
175 479
175 492
175 496
175 500
175 544
175 583
176 195
176 197
176 224
176 254
176 265
176 268
176 271
176 314
176 328
176 329
176 353
176 377
176 396
176 408
176 424
176 449
176 475
176 477
176 479
176 498
176 528
176 560
176 569
176 596
176 597
177 194
177 216
177 219
177 274
177 276
177 322
177 345
177 378
177 422
177 429
177 434
177 436
177 462
177 489
177 538
177 539
177 540
177 565
178 199
178 200
178 203
178 206
178 235
178 256
178 332
178 368
178 379
178 399
178 442
178 456
178 460
178 553
179 234
179 249
179 254
179 276
179 297
179 301
179 310
179 342
179 343
179 360
179 405
179 449
179 486
179 487
179 507
179 513
179 547
179 575
179 580
180 196
180 228
180 288
180 294
180 331
180 346
180 374
180 431
180 461
180 534
180 546
180 551
180 575
180 584
181 193
181 205
181 223
181 239
181 242
181 246
181 343
181 391
181 426
181 471
181 474
181 478
181 482
181 529
181 555
181 579
182 214
182 239
182 257
182 284
182 291
182 341
182 347
182 349
182 364
182 408
182 413
182 416
182 436
182 461
182 462
182 463
182 498
182 502
182 508
182 523
182 533
182 553
182 564
183 239
183 240
183 254
183 260
183 293
183 374
183 415
183 422
183 515
184 193
184 222
184 290
184 297
184 340
184 403
184 410
184 415
184 433
184 439
184 477
184 498
184 508
184 522
184 544
184 550
184 590
184 596
185 186
185 244
185 293
185 374
185 384
185 429
185 439
185 522
185 524
185 541
185 564
186 207
186 211
186 215
186 230
186 243
186 322
186 342
186 354
186 372
186 401
186 434
186 435
186 464
186 487
186 502
186 528
186 572
187 208
187 226
187 231
187 259
187 263
187 320
187 324
187 349
187 383
187 391
187 406
187 489
187 596
188 196
188 227
188 253
188 274
188 358
188 364
188 393
188 396
188 410
188 435
188 460
188 476
188 513
188 562
188 592
188 596
189 201
189 208
189 225
189 228
189 240
189 260
189 270
189 281
189 295
189 302
189 331
189 364
189 375
189 406
189 410
189 422
189 424
189 428
189 433
189 439
189 440
189 465
189 466
189 473
189 496
189 526
189 539
189 566
189 568
189 584
190 242
190 254
190 284
190 311
190 336
190 349
190 352
190 425
190 504
190 514
190 530
190 534
190 556
190 561
190 568
191 203
191 208
191 250
191 325
191 374
191 377
191 383
191 386
191 400
191 408
191 424
191 431
191 464
191 477
191 507
191 529
191 555
191 574
192 200
192 209
192 229
192 243
192 282
192 283
192 309
192 342
192 384
192 444
192 445
192 480
192 481
192 497
192 505
192 573
192 577
193 220
193 221
193 235
193 275
193 293
193 305
193 332
193 390
193 407
193 428
193 460
193 473
193 478
193 486
193 502
193 520
193 572
194 197
194 207
194 211
194 270
194 325
194 345
194 461
194 478
194 482
194 491
194 530
194 543
194 556
194 565
194 574
194 587
195 229
195 266
195 268
195 280
195 291
195 306
195 348
195 406
195 429
195 448
195 449
195 480
195 521
195 557
195 590
196 217
196 282
196 297
196 317
196 339
196 348
196 360
196 370
196 393
196 409
196 439
196 448
196 453
196 456
196 467
196 483
196 520
196 524
196 553
196 584
197 202
197 234
197 290
197 294
197 321
197 439
197 514
197 530
197 538
197 570
197 574
198 200
198 224
198 239
198 252
198 262
198 317
198 360
198 380
198 394
198 416
198 426
198 450
198 474
198 484
198 499
198 528
198 530
198 541
198 546
198 549
198 558
198 568
198 582
198 591
199 241
199 267
199 293
199 339
199 345
199 377
199 393
199 472
199 475
200 220
200 236
200 249
200 257
200 272
200 290
200 292
200 304
200 306
200 307
200 331
200 348
200 382
200 383
200 385
200 391
200 440
200 444
200 461
200 465
200 496
200 499
201 227
201 259
201 281
201 292
201 310
201 320
201 366
201 399
201 439
201 440
201 442
201 449
201 470
201 476
201 540
201 551
201 564
201 566
201 583
202 245
202 267
202 284
202 290
202 295
202 307
202 319
202 362
202 364
202 384
202 412
202 420
202 455
202 504
202 505
202 533
202 561
202 594
203 253
203 269
203 291
203 295
203 367
203 392
203 393
203 414
203 419
203 426
203 437
203 462
203 471
203 534
203 561
203 562
203 572
204 208
204 245
204 264
204 279
204 302
204 351
204 399
204 442
204 476
204 531
204 566
204 598
205 220
205 248
205 258
205 285
205 291
205 396
205 466
205 479
205 528
205 542
205 582
206 233
206 245
206 421
206 510
206 522
206 550
206 565
207 249
207 274
207 343
207 369
207 423
207 460
207 489
207 497
207 505
207 531
207 558
207 563
207 598
208 221
208 248
208 275
208 279
208 294
208 322
208 330
208 356
208 378
208 406
208 420
208 440
208 459
208 470
208 471
208 474
208 492
208 524
208 551
208 583
208 593
208 597
209 230
209 235
209 239
209 253
209 270
209 271
209 307
209 314
209 319
209 359
209 369
209 392
209 402
209 416
209 448
209 478
209 494
209 522
209 529
209 549
210 245
210 255
210 260
210 367
210 437
210 488
210 522
210 524
210 526
211 230
211 245
211 253
211 266
211 267
211 269
211 276
211 286
211 343
211 352
211 362
211 368
211 430
211 504
211 512
211 534
211 574
211 585
212 219
212 230
212 265
212 312
212 316
212 318
212 346
212 380
212 386
212 440
212 463
212 472
212 476
212 490
212 503
212 534
212 547
212 593
213 226
213 229
213 244
213 246
213 272
213 273
213 277
213 284
213 292
213 303
213 307
213 327
213 370
213 402
213 476
213 485
213 504
213 582
214 326
214 337
214 362
214 382
214 387
214 395
214 399
214 454
214 487
214 510
214 535
214 549
214 558
214 574
215 249
215 284
215 292
215 299
215 302
215 320
215 380
215 381
215 383
215 388
215 403
215 418
215 438
215 476
215 500
215 503
215 516
215 551
215 574
216 217
216 236
216 241
216 255
216 263
216 265
216 271
216 290
216 314
216 346
216 350
216 437
216 480
216 494
216 504
216 506
216 528
216 545
216 563
216 568
217 231
217 235
217 248
217 307
217 366
217 422
217 471
217 499
217 506
217 541
217 558
217 585
217 586
217 588
218 228
218 229
218 241
218 276
218 281
218 298
218 334
218 355
218 359
218 386
218 394
218 413
218 417
218 427
218 448
218 450
218 471
218 553
218 555
218 578
218 598
219 226
219 231
219 235
219 268
219 333
219 381
219 408
219 411
219 416
219 448
219 471
219 472
219 537
219 547
219 557
219 565
220 266
220 317
220 372
220 385
220 399
220 458
220 475
220 482
220 520
220 586
221 309
221 321
221 323
221 324
221 346
221 379
221 410
221 421
221 442
221 444
221 450
221 485
221 506
221 509
221 548
221 573
221 578
221 580
221 595
222 225
222 245
222 269
222 276
222 310
222 316
222 445
222 455
222 471
222 480
222 511
222 550
222 585
223 295
223 322
223 327
223 350
223 370
223 408
223 419
223 443
223 471
223 503
223 535
223 543
223 551
224 225
224 262
224 296
224 299
224 367
224 396
224 454
224 465
224 493
224 520
224 537
224 542
225 230
225 237
225 292
225 349
225 367
225 393
225 465
225 492
225 546
225 584
225 586
226 228
226 247
226 251
226 267
226 268
226 273
226 285
226 415
226 441
226 442
226 456
226 457
226 504
226 511
226 526
226 572
226 593
227 261
227 275
227 303
227 338
227 344
227 429
227 437
227 507
227 511
227 525
227 560
227 568
227 578
228 268
228 272
228 301
228 344
228 378
228 384
228 402
228 408
228 412
228 482
228 539
228 581
228 599
229 269
229 291
229 374
229 392
229 411
229 413
229 414
229 436
229 489
229 504
229 544
229 551
229 583
230 237
230 242
230 250
230 260
230 263
230 289
230 293
230 354
230 376
230 380
230 415
230 448
230 480
230 498
230 511
230 513
230 515
230 531
230 553
230 584
230 599
231 249
231 323
231 324
231 340
231 372
231 507
231 540
231 572
231 573
231 585
231 587
232 233
232 236
232 280
232 285
232 288
232 329
232 349
232 383
232 416
232 486
232 506
232 510
232 541
232 559
233 276
233 285
233 301
233 345
233 376
233 416
233 437
233 459
233 477
233 492
233 501
233 523
233 525
233 551
234 245
234 258
234 295
234 329
234 373
234 380
234 394
234 410
234 412
234 438
234 531
234 578
235 245
235 266
235 272
235 288
235 289
235 320
235 334
235 350
235 387
235 425
235 491
235 523
235 573
235 593
236 242
236 286
236 287
236 305
236 320
236 324
236 332
236 346
236 347
236 394
236 395
236 427
236 439
236 446
236 454
236 520
236 559
236 562
236 583
236 588
237 283
237 294
237 316
237 321
237 344
237 392
237 409
237 414
237 432
237 458
237 483
237 485
237 503
238 242
238 263
238 292
238 300
238 353
238 357
238 377
238 434
238 444
238 524
238 532
238 568
238 571
238 576
238 594
239 255
239 261
239 265
239 290
239 295
239 299
239 301
239 329
239 356
239 381
239 385
239 460
239 582
239 592
239 594
240 391
240 411
240 415
240 491
240 495
240 516
240 560
240 563
240 593
241 376
241 395
241 495
241 516
241 518
241 521
241 543
241 560
241 590
242 279
242 317
242 321
242 323
242 334
242 351
242 362
242 379
242 412
242 420
242 439
242 505
242 507
242 512
242 523
242 534
242 566
242 595
243 349
243 372
243 400
243 444
243 456
243 467
243 481
243 494
243 500
243 506
243 585
243 590
243 593
244 268
244 293
244 313
244 322
244 329
244 381
244 400
244 422
244 429
244 445
244 453
244 461
244 477
244 478
244 485
244 491
244 494
244 534
244 535
244 538
244 541
244 577
244 585
245 364
245 386
245 438
245 439
245 459
245 464
245 514
245 592
246 276
246 307
246 312
246 395
246 396
246 399
246 407
246 429
246 435
246 471
246 481
246 485
246 516
246 544
246 563
246 584
246 597
247 259
247 290
247 294
247 306
247 338
247 367
247 381
247 399
247 402
247 445
247 446
247 470
247 497
247 499
247 501
247 509
247 512
247 531
247 580
247 595
248 267
248 285
248 363
248 386
248 442
248 444
248 446
248 460
248 465
248 482
248 523
248 539
248 540
248 556
248 560
248 570
248 596
249 280
249 302
249 326
249 331
249 346
249 378
249 419
249 421
249 428
249 469
249 472
249 475
249 491
249 502
249 554
249 558
249 562
250 276
250 293
250 298
250 306
250 342
250 395
250 397
250 438
250 478
250 505
250 507
250 522
250 525
250 529
250 538
250 551
250 579
250 583
250 595
251 298
251 320
251 340
251 385
251 407
251 417
251 418
251 448
251 494
251 510
251 525
251 560
251 574
251 582
251 593
252 268
252 294
252 330
252 344
252 380
252 479
252 502
252 542
252 553
252 574
253 299
253 315
253 349
253 364
253 377
253 386
253 400
253 408
253 437
253 576
253 587
254 280
254 286
254 303
254 321
254 344
254 365
254 428
254 478
254 489
254 556
254 582
255 267
255 275
255 322
255 351
255 363
255 375
255 405
255 433
255 479
255 512
255 517
255 523
255 527
255 565
255 569
255 571
255 572
255 589
256 282
256 322
256 345
256 397
256 499
256 500
256 545
256 552
256 559
256 563
256 580
257 262
257 263
257 278
257 282
257 310
257 318
257 330
257 367
257 383
257 406
257 423
257 459
257 470
257 478
257 510
257 556
257 580
258 294
258 303
258 334
258 374
258 421
258 423
258 444
258 455
258 459
258 467
258 491
258 496
258 524
258 571
258 578
258 584
259 267
259 307
259 324
259 327
259 341
259 439
259 442
259 467
259 486
259 501
260 289
260 298
260 339
260 398
260 402
260 411
260 425
260 443
260 503
260 513
260 543
260 567
260 570
260 571
260 574
260 585
261 316
261 317
261 323
261 343
261 346
261 351
261 399
261 492
261 523
261 525
261 534
261 553
261 557
261 564
262 265
262 304
262 361
262 378
262 418
262 433
262 468
262 485
262 487
262 508
262 516
262 519
262 540
262 568
263 307
263 308
263 373
263 428
263 460
263 467
263 473
263 506
263 515
263 533
263 549
263 593
264 309
264 314
264 322
264 335
264 357
264 377
264 426
264 455
264 460
264 485
264 530
264 533
264 551
265 275
265 281
265 351
265 364
265 407
265 434
265 438
265 452
265 478
265 506
265 510
265 548
266 280
266 286
266 288
266 398
266 409
266 422
266 478
266 481
266 515
266 526
267 272
267 299
267 309
267 310
267 328
267 334
267 402
267 469
267 507
267 517
267 528
267 573
268 273
268 294
268 306
268 324
268 330
268 382
268 385
268 422
268 442
268 460
268 491
268 501
268 596
269 288
269 293
269 317
269 362
269 460
269 505
269 530
269 543
270 294
270 310
270 337
270 340
270 379
270 394
270 397
270 464
270 465
270 493
270 558
270 560
270 568
270 582
270 595
271 435
271 441
271 476
271 483
271 517
271 522
271 525
271 534
271 542
271 571
271 581
271 594
272 285
272 298
272 300
272 321
272 350
272 359
272 376
272 438
272 500
272 579
273 282
273 331
273 344
273 397
273 439
273 521
273 538
273 565
273 577
274 290
274 310
274 330
274 332
274 347
274 383
274 396
274 472
274 491
274 496
274 526
274 541
275 282
275 301
275 356
275 433
275 440
275 454
275 484
275 525
275 557
275 558
276 287
276 309
276 319
276 320
276 324
276 347
276 353
276 425
276 437
276 454
276 494
276 571
277 279
277 287
277 321
277 358
277 393
277 437
277 445
277 468
277 482
277 515
277 552
278 289
278 299
278 339
278 353
278 360
278 460
278 473
278 509
278 526
278 573
278 577
278 581
279 283
279 314
279 347
279 362
279 367
279 376
279 398
279 419
279 432
279 439
279 450
279 478
280 281
280 292
280 309
280 342
280 348
280 357
280 387
280 392
280 415
280 448
280 476
280 548
281 390
281 430
281 454
281 485
281 491
281 504
281 521
281 523
281 567
281 573
281 578
281 586
281 592
282 285
282 298
282 300
282 309
282 369
282 400
282 426
282 428
282 497
282 508
282 518
282 583
283 306
283 343
283 352
283 367
283 420
283 472
283 506
283 509
283 529
283 593
283 594
284 325
284 337
284 345
284 355
284 367
284 394
284 400
284 435
284 444
284 452
284 469
284 472
284 536
284 547
285 337
285 425
285 440
285 443
285 480
285 489
285 492
285 499
285 532
285 542
285 566
285 574
285 585
286 288
286 309
286 328
286 354
286 355
286 361
286 389
286 411
286 420
286 426
286 429
286 470
286 564
286 592
286 593
287 344
287 358
287 377
287 423
287 441
287 443
287 459
287 465
287 477
287 490
287 496
287 510
287 524
287 526
287 561
287 575
288 307
288 324
288 325
288 366
288 412
288 424
288 450
288 511
288 531
288 599
289 290
289 308
289 345
289 392
289 405
289 435
289 462
289 479
289 485
289 502
289 510
289 513
289 573
289 576
289 581
289 588
290 316
290 317
290 347
290 388
290 390
290 414
290 423
290 450
290 460
290 479
290 493
290 538
290 548
290 549
291 298
291 310
291 354
291 386
291 392
291 412
291 426
291 456
291 495
291 503
291 506
291 528
291 550
291 559
291 567
291 569
292 328
292 341
292 351
292 402
292 431
292 454
292 479
292 516
292 576
292 585
292 596
293 327
293 373
293 377
293 381
293 387
293 407
293 447
293 454
293 482
293 515
293 577
293 586
293 589
293 595
294 298
294 315
294 321
294 337
294 345
294 364
294 369
294 379
294 381
294 409
294 419
294 436
294 485
294 489
294 500
294 508
294 509
294 510
294 511
294 542
294 543
294 575
294 580
295 333
295 340
295 358
295 370
295 376
295 412
295 430
295 450
295 519
295 548
295 572
295 595
296 297
296 322
296 381
296 389
296 402
296 408
296 435
296 448
296 497
296 538
296 544
296 554
296 570
297 328
297 374
297 424
297 441
297 489
297 509
297 530
297 591
297 599
298 310
298 350
298 351
298 365
298 374
298 424
298 431
298 495
298 507
298 528
298 552
298 565
299 337
299 373
299 380
299 395
299 405
299 428
299 431
299 444
299 464
299 479
299 488
299 489
299 504
299 518
299 544
299 571
299 590
300 313
300 384
300 444
300 455
300 461
300 463
300 530
300 577
301 371
301 372
301 424
301 470
301 505
301 507
301 525
301 580
301 591
302 316
302 337
302 402
302 419
302 422
302 432
302 451
302 485
302 496
302 520
302 529
302 562
302 584
302 591
303 345
303 371
303 384
303 387
303 391
303 400
303 463
303 470
303 494
303 513
303 598
304 325
304 360
304 371
304 374
304 378
304 413
304 414
304 436
304 438
304 463
304 470
304 477
304 485
304 517
304 525
304 533
304 535
304 536
304 539
304 551
305 346
305 375
305 412
305 446
305 549
305 551
305 580
305 589
306 351
306 353
306 376
306 388
306 466
306 501
306 523
306 541
306 553
306 579
307 354
307 360
307 447
307 462
307 468
307 490
307 504
307 505
307 548
307 576
308 309
308 371
308 387
308 391
308 441
308 488
308 492
308 512
308 530
308 558
308 596
309 384
309 393
309 395
309 402
309 412
309 418
309 429
309 471
309 496
309 513
309 520
309 548
309 574
309 578
310 325
310 334
310 354
310 373
310 381
310 393
310 396
310 459
310 476
310 520
310 522
310 552
310 564
311 352
311 353
311 364
311 381
311 388
311 399
311 422
311 447
311 464
311 503
311 517
311 537
311 563
312 341
312 372
312 435
312 438
312 482
312 485
312 495
312 518
312 533
312 566
312 575
312 598
313 328
313 336
313 339
313 346
313 441
313 452
313 467
313 483
313 517
313 536
314 356
314 397
314 411
314 419
314 429
314 434
314 465
314 472
314 513
314 552
315 345
315 374
315 379
315 406
315 430
315 432
315 521
315 550
315 561
315 571
315 578
316 317
316 329
316 362
316 367
316 425
316 426
316 471
316 479
316 508
316 511
316 536
316 586
316 597
317 368
317 376
317 423
317 428
317 448
317 452
317 491
317 505
317 524
317 545
317 547
317 559
317 574
317 586
317 587
318 331
318 345
318 356
318 424
318 434
318 448
318 456
318 465
318 535
318 547
318 555
319 374
319 411
319 419
319 423
319 450
319 476
319 515
319 593
319 598
320 326
320 349
320 361
320 400
320 413
320 466
320 490
320 493
320 521
320 524
320 548
320 550
320 573
320 585
321 328
321 341
321 373
321 384
321 404
321 445
321 463
321 505
321 570
321 594
322 326
322 332
322 380
322 386
322 404
322 421
322 422
322 447
322 458
322 521
322 523
322 544
322 559
323 325
323 390
323 424
323 451
323 477
323 544
323 570
323 579
324 357
324 359
324 397
324 418
324 444
324 485
324 491
324 561
324 573
324 576
325 331
325 365
325 406
325 418
325 422
325 426
325 445
325 481
325 528
325 594
326 376
326 379
326 396
326 416
326 471
326 490
326 520
326 558
327 356
327 397
327 402
327 424
327 427
327 439
327 446
327 448
327 481
327 537
328 375
328 399
328 423
328 436
328 437
328 502
328 504
328 525
328 536
328 565
329 356
329 384
329 465
329 491
329 507
329 555
329 588
329 591
330 348
330 363
330 376
330 377
330 379
330 405
330 414
330 428
330 460
330 471
330 482
330 484
330 485
330 488
330 490
330 519
330 560
330 565
331 339
331 356
331 360
331 403
331 417
331 443
331 453
331 460
331 520
331 538
331 571
331 583
331 587
332 336
332 339
332 467
332 483
332 500
332 502
332 503
332 521
332 547
332 572
332 587
332 596
333 337
333 354
333 358
333 384
333 389
333 420
333 457
333 498
333 593
334 360
334 421
334 447
334 454
334 459
334 479
334 520
334 532
335 337
335 354
335 440
335 450
335 474
335 496
335 506
335 558
335 598
336 337
336 342
336 361
336 400
336 404
336 412
336 417
336 446
336 490
336 497
336 502
336 519
336 532
336 580
337 357
337 362
337 418
337 450
337 489
337 570
337 584
337 597
338 346
338 378
338 411
338 415
338 436
338 465
338 492
338 506
338 564
338 568
338 572
338 586
339 344
339 345
339 398
339 446
339 466
339 552
340 386
340 410
340 453
340 544
340 548
340 555
340 556
340 580
341 352
341 366
341 385
341 416
341 420
341 443
341 467
341 509
341 515
341 537
341 597
342 344
342 355
342 403
342 500
342 545
343 388
343 414
343 453
343 498
343 523
343 532
344 368
344 373
344 424
344 441
344 447
344 459
344 489
344 498
344 521
344 522
344 540
344 541
344 554
345 376
345 386
345 423
345 461
345 494
345 513
345 528
345 551
345 554
346 437
346 471
346 474
346 507
346 517
347 350
347 373
347 399
347 437
347 441
347 442
347 447
347 454
347 490
347 492
347 511
347 518
347 535
347 540
347 567
347 581
347 594
348 367
348 391
348 438
348 489
348 519
349 415
349 436
349 499
349 543
349 581
349 585
349 589
350 396
350 463
350 493
350 589
351 383
351 384
351 415
351 416
351 451
351 457
351 459
351 488
351 513
351 518
351 551
352 359
352 384
352 394
352 419
352 428
352 430
352 458
352 493
352 517
352 518
352 574
352 581
352 593
353 372
353 378
353 389
353 406
353 407
353 427
353 508
353 578
354 355
354 374
354 411
354 416
354 444
354 456
354 488
354 510
354 525
354 526
354 594
355 373
355 392
355 429
355 433
355 444
355 495
355 519
355 520
355 527
355 528
355 536
355 553
355 596
356 361
356 380
356 393
356 409
356 443
356 451
356 468
356 495
356 551
356 569
356 574
356 597
357 371
357 372
357 388
357 440
357 484
357 541
357 547
358 364
358 374
358 383
358 406
358 416
358 458
358 462
358 465
358 491
358 521
358 537
358 542
358 553
359 372
359 442
359 488
359 536
359 539
359 546
359 589
359 599
360 368
360 396
360 401
360 416
360 451
360 480
360 482
360 533
360 538
360 552
360 585
360 592
360 593
361 393
361 420
361 436
361 516
363 390
363 395
363 411
363 439
363 444
363 472
363 512
363 558
364 399
364 403
364 405
364 416
364 436
364 458
364 459
364 502
364 509
364 517
364 559
364 580
364 585
364 587
364 594
365 402
365 411
365 421
365 422
365 432
365 498
365 499
365 507
365 516
365 534
365 554
365 575
365 582
366 404
366 421
366 449
366 458
366 477
366 492
366 500
366 531
366 532
366 585
366 590
367 404
367 512
367 536
367 545
367 580
367 588
367 594
368 378
368 482
368 506
369 372
369 380
369 420
369 466
369 471
369 485
369 518
369 541
370 409
370 455
370 484
370 511
370 513
370 521
370 549
370 551
371 429
371 485
371 489
371 550
371 569
372 400
372 416
372 418
372 427
372 552
372 565
372 595
373 455
373 469
373 514
373 522
373 557
373 598
374 413
374 442
374 463
374 484
374 570
375 380
375 391
375 425
375 458
375 499
375 554
375 556
375 561
375 564
376 377
376 396
376 404
376 416
376 449
376 453
376 458
376 474
376 487
376 492
376 504
376 525
376 529
376 558
376 582
376 586
377 451
377 473
377 514
377 515
377 522
377 554
378 411
378 441
378 500
378 502
378 518
378 528
378 569
378 584
378 590
379 400
379 445
379 447
379 491
379 507
379 511
379 527
379 577
380 500
380 505
381 450
381 461
381 495
381 528
381 562
382 389
382 397
382 399
382 415
382 456
382 470
382 481
382 543
382 581
383 422
383 425
383 447
383 498
383 527
383 559
383 588
384 409
384 415
384 419
384 422
384 478
384 487
384 540
384 553
384 580
384 599
385 393
385 415
385 417
385 428
385 499
385 500
385 517
385 519
385 539
385 550
385 562
385 581
386 461
386 462
386 536
386 586
387 444
387 447
387 470
387 512
387 522
387 526
387 528
387 584
387 585
387 586
388 397
388 407
388 416
388 418
388 464
388 492
388 497
388 507
388 513
388 517
388 524
388 575
388 594
389 411
389 422
389 429
389 437
389 460
389 475
389 485
389 495
389 531
389 559
390 391
390 392
390 515
390 551
390 583
391 447
391 500
391 567
392 415
392 418
392 488
392 511
392 513
392 523
392 553
393 398
393 404
393 424
393 440
393 478
393 497
393 514
393 522
393 553
393 570
393 571
394 395
394 421
394 431
394 484
394 586
395 414
395 448
395 450
395 481
395 504
395 511
395 537
395 565
395 590
395 592
396 404
396 462
396 487
396 494
396 519
396 535
396 574
396 579
396 588
396 593
396 596
397 405
397 476
397 492
397 494
397 563
397 567
398 400
398 436
398 442
398 472
398 485
398 498
398 507
398 546
399 409
399 436
399 456
399 459
399 467
399 488
399 500
399 521
399 542
399 547
399 567
400 405
400 414
400 440
400 451
400 454
400 511
400 516
400 573
400 576
400 586
400 590
400 598
401 435
401 492
401 499
401 550
401 580
401 583
402 425
402 442
402 502
402 519
402 528
402 540
402 561
403 420
403 430
403 456
403 477
403 478
403 522
403 548
403 599
404 439
404 493
404 503
404 513
404 517
404 539
404 541
404 547
404 565
404 573
404 574
405 414
405 426
405 436
405 438
405 447
405 476
405 494
405 572
405 590
405 595
406 438
406 459
406 493
406 494
406 538
406 549
406 556
406 559
406 573
407 536
407 554
407 564
407 592
408 513
408 520
408 527
408 543
408 561
408 563
408 591
408 599
409 427
409 429
409 447
409 467
409 515
409 519
409 524
409 589
410 416
410 463
410 478
410 498
410 499
410 524
410 531
410 533
410 589
411 493
411 557
411 581
412 449
412 473
412 495
412 507
412 516
412 526
412 559
412 562
412 565
412 573
412 589
413 463
413 465
413 472
413 488
413 512
413 523
413 527
413 565
413 577
414 423
414 430
414 495
414 508
414 517
414 540
414 554
415 452
415 491
415 492
415 502
415 515
415 533
415 551
416 426
416 444
416 469
416 489
416 538
416 546
416 579
416 586
416 593
417 428
417 440
417 481
417 499
417 509
417 564
418 432
418 500
418 508
419 483
419 500
419 507
419 511
419 561
419 563
419 573
420 440
420 509
420 550
420 576
421 507
421 583
422 443
422 446
422 452
422 455
422 482
422 502
422 511
422 522
422 527
422 547
422 571
422 572
423 426
423 499
423 528
423 559
424 479
424 500
424 529
424 532
425 526
426 432
426 450
426 494
426 511
426 531
426 561
427 455
427 477
427 492
427 506
427 536
427 559
427 574
427 577
428 432
428 450
428 468
428 478
428 479
428 484
428 505
428 554
429 462
429 492
429 498
429 501
429 502
429 599
430 439
430 447
430 456
430 458
430 495
430 522
430 528
430 543
431 475
431 481
431 488
431 501
431 509
431 514
431 584
432 473
432 542
432 555
433 457
433 467
433 499
433 501
433 514
433 531
433 566
433 583
434 529
434 548
434 552
434 565
435 442
435 456
435 504
435 543
435 584
435 598
436 463
436 469
436 525
436 545
437 455
437 485
437 494
437 520
437 531
437 533
437 538
437 541
437 565
437 593
438 462
438 476
438 522
438 533
438 543
438 547
439 460
439 478
439 494
439 522
439 543
439 596
440 524
440 525
440 545
440 555
440 581
440 589
440 590
441 463
441 503
441 522
441 549
441 573
441 587
442 458
442 481
442 482
442 496
442 524
442 532
442 561
442 596
443 481
443 513
443 561
443 565
443 566
443 579
443 585
443 593
444 478
444 499
444 516
444 547
444 558
445 453
445 477
445 501
446 457
446 467
446 478
446 483
446 486
446 488
446 523
446 566
446 568
446 569
446 575
447 458
447 467
447 507
447 515
447 520
447 529
447 579
448 449
448 475
448 478
448 493
448 501
448 507
448 575
448 579
449 458
449 468
449 506
449 520
449 521
449 557
449 586
450 483
450 498
450 562
451 455
451 482
451 492
451 505
451 543
452 494
452 519
452 526
452 557
453 463
453 509
453 524
453 591
454 467
454 523
455 491
455 558
455 563
455 580
455 596
456 481
456 519
456 537
456 569
456 583
457 462
457 476
457 492
457 510
457 515
457 572
457 583
458 499
458 559
458 564
459 502
459 512
459 551
459 556
460 499
460 574
460 586
461 467
461 495
461 499
461 511
461 529
461 532
461 539
461 569
461 578
461 586
462 485
462 514
462 536
462 574
462 592
462 599
463 530
463 551
464 490
464 594
465 475
465 478
465 485
465 535
465 544
465 546
465 559
465 583
465 590
466 570
466 578
467 471
467 508
467 526
468 524
468 553
468 572
469 486
469 521
469 525
469 529
469 542
469 557
469 597
470 495
470 496
470 500
470 522
470 525
470 531
471 480
471 482
471 501
471 551
471 576
471 597
472 513
472 524
472 531
472 540
472 570
472 585
472 590
473 482
473 494
473 526
473 534
473 565
473 569
473 584
473 596
474 524
474 531
474 532
474 571
474 586
475 491
475 496
475 538
475 554
475 567
475 581
475 589
476 510
476 570
476 583
476 595
477 488
477 501
477 510
477 512
477 533
477 580
478 486
478 506
478 529
478 536
478 552
478 558
479 530
479 599
480 481
480 485
480 494
480 495
480 496
480 513
480 522
480 551
481 487
481 513
481 547
481 560
481 588
481 599
482 494
482 498
483 515
483 525
484 510
484 512
484 515
484 520
485 488
485 490
485 507
485 515
485 517
485 573
485 588
486 504
486 520
486 521
486 549
486 564
486 583
487 519
487 524
487 527
487 544
487 573
487 577
488 519
488 548
489 492
489 506
489 509
489 512
489 514
489 527
489 536
489 544
489 545
489 571
489 578
489 591
489 596
490 584
491 504
491 548
491 562
492 495
492 503
492 505
492 520
492 531
492 574
493 512
493 553
493 585
494 508
494 574
495 503
495 518
495 523
495 531
495 595
496 532
496 574
496 593
496 596
497 518
497 527
497 536
497 538
497 539
497 561
497 567
497 576
498 503
498 506
498 509
498 511
498 514
498 560
498 583
498 589
498 594
499 530
499 548
499 582
500 568
501 509
501 513
501 580
501 587
501 598
502 517
502 518
502 571
502 573
502 590
502 597
503 539
503 581
503 597
504 522
504 523
504 528
504 596
505 521
505 532
505 539
505 595
506 507
506 520
506 584
506 599
507 513
508 577
509 523
509 560
509 580
509 598
510 516
510 521
510 570
510 592
511 557
511 572
511 581
511 597
512 528
512 551
512 580
513 518
514 517
514 552
514 558
514 562
514 572
514 586
516 578
517 587
518 530
518 545
518 576
519 587
520 522
520 578
520 582
520 588
520 592
521 522
521 599
522 539
522 541
522 555
522 563
523 524
523 526
523 534
523 556
523 557
523 564
523 565
523 568
524 543
524 568
524 590
526 547
526 572
528 535
529 551
529 554
529 575
529 587
529 591
530 542
530 572
530 579
530 595
531 539
531 543
531 557
531 577
531 582
531 586
532 575
533 535
533 549
533 579
533 597
534 598
535 573
536 546
536 581
538 544
538 553
539 572
539 598
541 594
542 545
542 573
542 597
543 550
543 557
544 553
544 596
545 585
546 552
547 584
547 590
547 598
548 550
548 556
548 561
548 565
548 572
548 594
549 550
549 577
549 582
549 587
550 579
550 584
550 593
552 570
552 578
552 586
554 568
554 583
554 593
554 594
555 561
555 563
555 577
555 593
556 582
556 587
556 591
557 572
557 580
557 587
558 586
559 577
560 580
560 598
562 590
563 591
563 597
564 570
564 588
565 591
566 570
566 597
567 583
567 593
569 582
570 583
571 581
571 592
573 592
573 599
574 582
575 582
575 598
576 577
576 579
576 594
577 593
579 585
582 591
584 590
584 596
586 591
587 592
595 598
