600 7188
0 166
0 182
0 224
0 229
0 296
0 327
0 328
0 347
0 370
0 383
0 385
0 386
0 398
0 439
0 445
0 460
0 463
0 527
0 548
0 565
1 50
1 59
1 67
1 75
1 77
1 137
1 163
1 197
1 199
1 206
1 213
1 240
1 243
1 285
1 332
1 378
1 380
1 476
1 520
1 522
1 524
2 144
2 157
2 180
2 218
2 232
2 290
2 351
2 361
2 424
2 429
2 449
2 450
2 456
2 469
2 547
2 556
2 562
2 564
2 591
3 39
3 45
3 74
3 86
3 103
3 112
3 122
3 143
3 179
3 272
3 302
3 323
3 330
3 354
3 363
3 381
3 440
3 457
3 478
3 525
3 542
3 579
4 6
4 48
4 144
4 147
4 153
4 161
4 177
4 272
4 281
4 306
4 336
4 412
4 418
4 479
4 533
4 576
5 20
5 22
5 66
5 69
5 108
5 111
5 156
5 165
5 209
5 224
5 247
5 286
5 331
5 332
5 340
5 359
5 378
5 400
5 402
5 415
5 432
5 452
5 496
5 534
5 580
5 586
5 588
5 593
5 599
6 19
6 26
6 35
6 82
6 140
6 157
6 170
6 177
6 220
6 227
6 286
6 290
6 296
6 347
6 356
6 402
6 412
6 426
6 437
6 444
6 476
6 500
6 513
6 567
6 572
7 54
7 137
7 181
7 195
7 207
7 249
7 252
7 265
7 282
7 294
7 298
7 299
7 303
7 327
7 396
7 397
7 443
7 449
7 452
7 460
7 561
8 43
8 57
8 106
8 162
8 215
8 216
8 255
8 269
8 270
8 276
8 310
8 316
8 318
8 341
8 342
8 347
8 371
8 401
8 441
8 448
8 455
8 471
8 517
8 553
8 584
8 585
8 587
8 588
9 119
9 138
9 139
9 144
9 164
9 175
9 200
9 223
9 242
9 342
9 351
9 406
9 413
9 498
9 504
9 548
9 555
9 579
9 583
10 88
10 124
10 129
10 192
10 197
10 204
10 208
10 209
10 213
10 231
10 241
10 271
10 293
10 300
10 332
10 335
10 338
10 355
10 363
10 457
10 469
10 475
10 487
10 567
10 576
11 54
11 65
11 70
11 71
11 85
11 140
11 145
11 147
11 163
11 166
11 169
11 208
11 277
11 280
11 311
11 340
11 351
11 356
11 357
11 374
11 452
11 464
11 480
11 498
11 568
11 591
12 14
12 47
12 74
12 85
12 87
12 91
12 131
12 156
12 183
12 200
12 212
12 230
12 239
12 243
12 295
12 309
12 310
12 335
12 346
12 347
12 376
12 396
12 435
12 448
12 522
12 581
13 32
13 40
13 51
13 77
13 84
13 99
13 119
13 134
13 151
13 168
13 170
13 189
13 191
13 197
13 204
13 210
13 232
13 238
13 243
13 271
13 340
13 369
13 405
13 445
13 446
13 467
13 486
13 496
13 515
13 530
13 550
13 594
13 597
14 25
14 57
14 79
14 82
14 87
14 133
14 153
14 165
14 228
14 261
14 272
14 288
14 317
14 318
14 371
14 378
14 382
14 410
14 419
14 490
14 496
14 515
14 522
15 148
15 177
15 219
15 233
15 249
15 252
15 258
15 270
15 282
15 289
15 312
15 342
15 347
15 363
15 370
15 395
15 396
15 458
15 466
15 474
15 481
15 495
15 558
15 559
15 592
16 39
16 60
16 76
16 82
16 84
16 112
16 132
16 154
16 158
16 160
16 166
16 182
16 202
16 206
16 211
16 229
16 265
16 270
16 300
16 344
16 392
16 424
16 437
16 445
16 492
16 507
16 515
16 542
16 552
16 591
17 62
17 82
17 93
17 130
17 154
17 194
17 264
17 305
17 323
17 328
17 335
17 343
17 354
17 356
17 359
17 368
17 443
17 505
17 512
17 526
17 531
17 542
17 548
17 549
17 564
17 569
18 63
18 65
18 85
18 100
18 116
18 168
18 177
18 204
18 224
18 240
18 246
18 248
18 253
18 269
18 275
18 309
18 437
18 446
18 465
18 486
18 490
18 537
18 556
18 570
19 73
19 110
19 127
19 130
19 157
19 198
19 206
19 211
19 228
19 243
19 269
19 281
19 287
19 343
19 382
19 432
19 445
19 454
19 472
19 485
19 491
19 513
19 529
19 538
19 540
19 556
19 564
19 573
19 575
19 587
19 596
20 46
20 47
20 79
20 87
20 107
20 118
20 121
20 135
20 171
20 181
20 192
20 236
20 243
20 248
20 360
20 370
20 371
20 415
20 467
20 511
20 556
21 32
21 133
21 136
21 161
21 187
21 191
21 222
21 254
21 345
21 440
21 455
21 516
22 23
22 137
22 139
22 160
22 200
22 221
22 234
22 238
22 298
22 325
22 343
22 355
22 473
22 495
22 500
22 571
23 32
23 51
23 100
23 109
23 111
23 113
23 129
23 195
23 202
23 209
23 213
23 217
23 223
23 273
23 282
23 324
23 398
23 458
23 466
23 481
23 482
23 486
23 490
23 494
23 495
23 539
23 544
23 562
23 568
24 26
24 46
24 87
24 159
24 194
24 249
24 252
24 303
24 387
24 421
24 435
24 450
24 501
24 510
24 539
24 554
24 568
24 571
24 597
25 55
25 98
25 106
25 110
25 125
25 143
25 147
25 150
25 171
25 177
25 222
25 273
25 277
25 299
25 308
25 329
25 349
25 377
25 401
25 407
25 426
25 442
25 503
25 509
25 514
25 582
26 37
26 75
26 101
26 133
26 147
26 154
26 164
26 172
26 173
26 199
26 237
26 241
26 283
26 402
26 424
26 443
26 461
26 478
26 497
26 506
26 510
26 515
26 521
26 524
26 530
26 559
26 573
26 583
26 597
27 75
27 84
27 112
27 168
27 184
27 247
27 287
27 291
27 303
27 315
27 338
27 339
27 356
27 390
27 403
27 406
27 411
27 427
27 435
27 441
27 480
27 482
27 496
27 501
27 533
27 555
28 157
28 182
28 186
28 241
28 243
28 266
28 288
28 307
28 317
28 357
28 418
28 431
28 452
28 456
28 481
28 503
28 504
28 542
28 552
28 580
28 590
28 594
28 596
28 597
29 37
29 41
29 69
29 97
29 107
29 109
29 119
29 185
29 191
29 232
29 265
29 303
29 351
29 370
29 388
29 397
29 420
29 428
29 432
29 458
29 490
29 591
30 32
30 81
30 91
30 134
30 146
30 151
30 157
30 168
30 174
30 191
30 237
30 281
30 315
30 328
30 337
30 377
30 379
30 387
30 409
30 422
30 426
30 431
30 456
30 458
30 472
30 485
30 487
30 501
30 506
30 533
30 535
30 545
30 595
31 32
31 37
31 59
31 72
31 98
31 104
31 121
31 127
31 177
31 181
31 192
31 208
31 235
31 243
31 245
31 251
31 278
31 312
31 350
31 356
31 375
31 478
31 533
31 554
31 570
32 34
32 43
32 92
32 94
32 95
32 126
32 136
32 203
32 283
32 290
32 330
32 362
32 385
32 418
32 455
32 531
32 540
32 559
32 598
33 57
33 144
33 151
33 168
33 222
33 235
33 313
33 344
33 363
33 399
33 422
33 446
33 461
33 487
33 495
33 501
33 521
33 544
33 545
33 549
34 59
34 110
34 118
34 128
34 191
34 213
34 231
34 296
34 335
34 346
34 363
34 375
34 385
34 389
34 401
34 409
34 446
34 449
34 561
34 598
35 52
35 87
35 97
35 100
35 102
35 106
35 266
35 346
35 386
35 479
35 484
35 492
35 559
35 560
35 573
36 136
36 175
36 228
36 244
36 286
36 293
36 297
36 300
36 317
36 367
36 405
36 427
36 446
36 459
36 479
36 485
36 548
36 579
37 49
37 81
37 109
37 111
37 154
37 167
37 194
37 254
37 271
37 293
37 302
37 305
37 332
37 376
37 424
37 482
37 520
37 524
37 530
37 531
37 552
37 556
38 44
38 64
38 75
38 92
38 117
38 118
38 164
38 183
38 189
38 213
38 235
38 304
38 318
38 325
38 369
38 445
38 451
38 462
38 599
39 43
39 86
39 142
39 157
39 183
39 230
39 232
39 254
39 277
39 290
39 297
39 336
39 474
39 476
39 537
39 556
39 558
40 48
40 75
40 93
40 103
40 137
40 151
40 179
40 186
40 201
40 220
40 221
40 252
40 328
40 335
40 344
40 363
40 370
40 378
40 400
40 439
40 445
40 490
40 518
40 523
40 529
40 530
40 534
40 550
40 558
40 561
40 563
40 585
41 48
41 53
41 108
41 121
41 130
41 131
41 175
41 200
41 213
41 217
41 231
41 277
41 365
41 392
41 401
41 411
41 419
41 452
41 476
41 489
41 501
41 508
41 517
41 549
41 591
42 47
42 115
42 171
42 245
42 312
42 315
42 319
42 328
42 332
42 378
42 381
42 408
42 413
42 464
42 525
42 533
42 559
43 52
43 111
43 167
43 176
43 181
43 185
43 201
43 213
43 224
43 238
43 270
43 282
43 287
43 291
43 298
43 342
43 353
43 355
43 397
43 399
43 411
43 424
43 441
43 444
43 448
43 459
43 534
43 545
43 547
43 583
43 597
44 104
44 111
44 128
44 171
44 204
44 228
44 244
44 337
44 340
44 346
44 358
44 364
44 419
44 441
44 456
44 475
44 476
44 536
44 568
44 581
45 105
45 178
45 207
45 325
45 328
45 349
45 373
45 403
45 500
45 504
45 507
45 515
45 537
45 553
45 555
45 558
45 576
45 589
46 49
46 71
46 131
46 155
46 205
46 206
46 228
46 297
46 303
46 313
46 335
46 351
46 386
46 388
46 481
46 494
46 516
46 531
46 550
46 573
47 54
47 71
47 116
47 142
47 146
47 185
47 191
47 244
47 270
47 331
47 337
47 346
47 374
47 462
47 482
47 497
47 498
47 522
47 537
47 553
47 578
48 165
48 196
48 199
48 238
48 253
48 324
48 355
48 366
48 385
48 403
48 438
48 459
48 463
48 475
48 537
48 548
48 561
48 569
49 57
49 147
49 207
49 219
49 224
49 265
49 266
49 277
49 284
49 287
49 295
49 328
49 330
49 342
49 369
49 382
49 407
49 425
49 459
49 473
49 490
49 520
49 527
50 73
50 85
50 91
50 116
50 171
50 195
50 224
50 264
50 265
50 270
50 292
50 309
50 313
50 321
50 329
50 368
50 418
50 420
50 487
50 511
50 520
50 534
50 553
51 57
51 112
51 165
51 167
51 199
51 224
51 301
51 364
51 380
51 406
51 418
51 447
51 455
51 458
51 525
51 552
51 559
51 577
51 587
52 95
52 127
52 138
52 161
52 167
52 171
52 181
52 186
52 196
52 221
52 231
52 318
52 320
52 339
52 353
52 361
52 374
52 390
52 394
52 399
52 403
52 406
52 443
52 493
52 521
52 578
52 584
52 599
53 110
53 112
53 132
53 153
53 156
53 193
53 195
53 203
53 216
53 220
53 228
53 258
53 271
53 293
53 296
53 301
53 342
53 351
53 363
53 434
53 442
53 462
53 465
53 493
53 496
53 500
53 506
53 511
53 558
53 591
53 598
54 59
54 64
54 78
54 91
54 93
54 101
54 111
54 113
54 118
54 156
54 157
54 159
54 188
54 220
54 240
54 263
54 274
54 302
54 305
54 340
54 375
54 387
54 423
54 483
54 517
54 567
55 70
55 74
55 93
55 108
55 110
55 124
55 129
55 135
55 147
55 151
55 160
55 189
55 204
55 238
55 299
55 300
55 316
55 367
55 372
55 382
55 385
55 434
55 439
55 457
55 488
55 492
55 518
55 519
55 529
55 544
55 573
55 592
55 596
56 96
56 158
56 209
56 236
56 245
56 272
56 285
56 286
56 298
56 311
56 368
56 369
56 393
56 422
56 432
56 462
56 474
56 500
56 533
56 580
56 588
56 598
57 217
57 221
57 307
57 341
57 376
57 377
57 381
57 385
57 387
57 405
57 450
57 458
57 486
57 526
57 567
57 575
57 576
57 581
58 87
58 89
58 96
58 99
58 175
58 203
58 221
58 226
58 250
58 269
58 291
58 309
58 342
58 358
58 384
58 427
58 452
58 462
58 466
58 472
58 490
58 495
58 563
58 576
59 73
59 123
59 124
59 152
59 157
59 234
59 250
59 271
59 276
59 333
59 336
59 340
59 352
59 368
59 396
59 398
59 405
59 463
59 473
59 494
59 504
59 514
59 515
59 526
59 537
59 545
59 563
59 588
60 105
60 118
60 154
60 171
60 174
60 231
60 263
60 312
60 372
60 425
60 429
60 450
60 476
60 477
60 514
60 537
60 560
60 562
60 585
60 599
61 93
61 99
61 100
61 140
61 151
61 174
61 175
61 179
61 191
61 240
61 241
61 261
61 272
61 277
61 282
61 284
61 299
61 320
61 331
61 339
61 343
61 365
61 395
61 405
61 414
61 518
61 536
61 569
61 576
61 578
61 581
61 599
62 137
62 147
62 150
62 176
62 177
62 246
62 251
62 277
62 284
62 314
62 350
62 435
62 448
62 467
63 81
63 84
63 119
63 125
63 131
63 180
63 187
63 188
63 196
63 235
63 254
63 319
63 330
63 342
63 358
63 417
63 419
63 454
63 455
63 475
63 488
63 489
63 491
63 513
63 581
64 67
64 133
64 154
64 168
64 178
64 197
64 237
64 283
64 311
64 312
64 341
64 352
64 357
64 360
64 363
64 390
64 424
64 434
64 442
64 491
64 536
64 564
64 570
64 592
65 104
65 131
65 132
65 138
65 159
65 171
65 173
65 176
65 199
65 313
65 339
65 377
65 420
65 470
65 473
65 480
65 501
65 561
65 595
66 96
66 167
66 206
66 221
66 270
66 286
66 349
66 361
66 362
66 391
66 465
66 471
66 485
66 503
66 515
66 523
66 564
66 573
66 577
66 592
66 595
67 95
67 177
67 191
67 202
67 207
67 217
67 274
67 281
67 288
67 310
67 347
67 371
67 375
67 438
67 503
67 537
67 542
68 69
68 143
68 157
68 250
68 271
68 285
68 291
68 315
68 333
68 357
68 445
68 451
68 489
68 499
68 510
68 572
69 98
69 109
69 209
69 215
69 233
69 272
69 290
69 291
69 293
69 331
69 391
69 404
69 461
69 467
69 536
69 545
69 550
69 589
69 594
70 88
70 96
70 119
70 150
70 153
70 174
70 203
70 284
70 335
70 343
70 361
70 398
70 465
70 472
70 488
70 532
70 533
70 564
71 108
71 120
71 190
71 238
71 274
71 275
71 291
71 306
71 350
71 399
71 401
71 413
71 442
71 476
71 494
71 519
71 545
71 588
72 97
72 108
72 141
72 160
72 191
72 222
72 229
72 235
72 238
72 239
72 245
72 305
72 358
72 372
72 398
72 492
72 579
73 87
73 100
73 106
73 142
73 177
73 187
73 196
73 233
73 262
73 284
73 309
73 318
73 374
73 375
73 387
73 392
73 444
73 490
73 491
73 507
73 510
74 81
74 82
74 103
74 107
74 155
74 197
74 235
74 241
74 256
74 263
74 275
74 336
74 386
74 424
74 436
74 439
74 444
74 473
74 539
74 581
75 85
75 116
75 187
75 241
75 256
75 258
75 286
75 318
75 325
75 332
75 365
75 378
75 380
75 405
75 409
75 437
75 453
75 479
75 507
75 518
75 530
75 563
75 570
75 579
75 583
75 586
76 86
76 101
76 121
76 148
76 163
76 176
76 179
76 198
76 224
76 232
76 271
76 277
76 358
76 359
76 374
76 392
76 395
76 404
76 423
76 425
76 457
76 467
76 502
76 518
76 526
76 530
76 552
76 574
76 581
77 88
77 114
77 174
77 187
77 205
77 288
77 299
77 309
77 412
77 443
77 446
77 449
77 509
77 534
77 535
77 536
77 577
77 580
78 119
78 132
78 178
78 203
78 216
78 268
78 276
78 300
78 322
78 337
78 348
78 415
78 428
78 437
78 459
78 460
78 469
78 486
78 500
78 589
79 109
79 130
79 161
79 163
79 164
79 178
79 184
79 191
79 210
79 227
79 265
79 284
79 290
79 297
79 324
79 367
79 372
79 397
79 441
79 453
79 484
79 485
79 519
79 528
80 90
80 107
80 154
80 163
80 195
80 198
80 226
80 236
80 245
80 262
80 279
80 303
80 328
80 329
80 393
80 399
80 426
80 454
80 459
80 473
80 481
80 487
80 490
80 501
80 503
80 533
80 539
80 544
80 555
80 582
80 594
81 137
81 151
81 200
81 235
81 257
81 268
81 332
81 344
81 383
81 387
81 423
81 424
81 445
81 459
81 468
81 480
81 486
81 489
81 519
81 566
82 87
82 116
82 138
82 154
82 160
82 180
82 184
82 218
82 225
82 256
82 263
82 301
82 355
82 407
82 495
82 516
82 565
83 205
83 220
83 223
83 224
83 326
83 360
83 390
83 391
83 488
83 496
83 505
83 513
83 517
83 542
83 561
83 585
83 594
84 88
84 90
84 104
84 163
84 181
84 197
84 213
84 238
84 267
84 284
84 287
84 305
84 306
84 330
84 410
84 449
84 458
84 473
84 522
84 561
84 579
85 96
85 146
85 150
85 172
85 204
85 212
85 256
85 258
85 271
85 273
85 303
85 308
85 316
85 327
85 345
85 350
85 410
85 504
85 575
85 576
86 99
86 107
86 152
86 171
86 174
86 199
86 229
86 239
86 309
86 313
86 317
86 348
86 360
86 368
86 369
86 393
86 415
86 428
86 463
86 530
86 542
86 545
87 113
87 172
87 193
87 205
87 215
87 233
87 246
87 264
87 286
87 316
87 328
87 348
87 352
87 406
87 452
87 477
87 570
88 92
88 97
88 114
88 122
88 157
88 235
88 247
88 248
88 290
88 331
88 333
88 337
88 351
88 390
88 504
88 539
89 91
89 95
89 158
89 166
89 168
89 199
89 214
89 254
89 304
89 307
89 336
89 354
89 360
89 373
89 435
89 470
89 472
89 492
89 521
89 528
89 568
89 587
90 119
90 145
90 169
90 192
90 211
90 225
90 234
90 241
90 274
90 300
90 306
90 314
90 353
90 373
90 381
90 391
90 401
90 415
90 452
90 456
90 463
90 501
90 507
90 547
90 549
90 561
91 102
91 109
91 110
91 117
91 137
91 144
91 152
91 223
91 260
91 299
91 305
91 323
91 352
91 396
91 403
91 413
91 445
91 448
91 468
91 470
91 477
91 486
91 515
91 524
91 551
91 573
91 576
91 582
92 106
92 126
92 158
92 170
92 181
92 196
92 216
92 226
92 228
92 272
92 327
92 385
92 386
92 414
92 450
92 453
92 459
92 472
92 477
92 496
92 511
92 531
92 557
92 569
92 588
93 102
93 160
93 169
93 170
93 176
93 204
93 208
93 250
93 284
93 301
93 353
93 374
93 388
93 447
93 455
93 478
93 493
93 497
93 524
93 528
93 552
93 560
94 107
94 109
94 112
94 131
94 145
94 159
94 174
94 232
94 250
94 313
94 376
94 410
94 451
94 499
94 504
94 547
94 577
95 133
95 134
95 141
95 147
95 161
95 189
95 201
95 207
95 215
95 233
95 247
95 262
95 278
95 349
95 376
95 421
95 485
95 538
95 562
95 568
95 590
95 599
96 121
96 149
96 162
96 182
96 210
96 236
96 253
96 279
96 282
96 315
96 336
96 349
96 358
96 366
96 386
96 394
96 401
96 409
96 472
96 537
96 575
97 182
97 193
97 223
97 237
97 256
97 301
97 315
97 343
97 346
97 361
97 371
97 384
97 454
97 470
97 488
97 506
97 517
97 522
97 558
97 580
97 582
97 591
98 188
98 225
98 242
98 274
98 280
98 292
98 293
98 310
98 323
98 420
98 431
98 438
98 513
98 526
98 537
98 581
98 586
99 122
99 134
99 198
99 204
99 208
99 212
99 247
99 264
99 273
99 275
99 287
99 297
99 318
99 328
99 340
99 341
99 350
99 356
99 466
99 467
99 484
99 491
99 529
99 539
99 562
99 574
99 580
99 594
100 162
100 164
100 167
100 170
100 192
100 206
100 211
100 216
100 239
100 266
100 280
100 299
100 313
100 327
100 350
100 372
100 385
100 405
100 408
100 420
100 479
100 486
100 493
100 512
100 543
100 548
101 104
101 116
101 139
101 159
101 222
101 224
101 236
101 253
101 254
101 277
101 294
101 316
101 324
101 343
101 355
101 362
101 372
101 380
101 397
101 520
101 525
101 588
102 146
102 207
102 220
102 245
102 264
102 275
102 358
102 375
102 432
102 460
102 541
103 112
103 117
103 131
103 194
103 203
103 211
103 231
103 234
103 245
103 275
103 277
103 286
103 292
103 339
103 343
103 353
103 419
103 458
103 473
103 488
103 519
103 559
103 570
103 574
103 589
104 147
104 166
104 180
104 187
104 199
104 211
104 231
104 278
104 332
104 340
104 394
104 417
104 422
104 424
104 426
104 440
104 463
104 494
104 521
104 576
104 596
105 115
105 203
105 223
105 240
105 273
105 339
105 349
105 352
105 440
105 449
105 557
105 584
106 107
106 110
106 135
106 155
106 179
106 209
106 229
106 232
106 263
106 270
106 274
106 317
106 318
106 325
106 354
106 359
106 374
106 387
106 388
106 394
106 396
106 409
106 431
106 438
106 450
106 480
106 505
106 511
106 526
106 534
106 542
106 552
106 570
106 581
107 125
107 167
107 177
107 201
107 247
107 253
107 271
107 308
107 332
107 347
107 364
107 370
107 371
107 373
107 387
107 420
107 465
107 489
107 519
107 565
107 577
108 149
108 154
108 222
108 232
108 248
108 251
108 279
108 304
108 351
108 377
108 422
108 424
108 437
108 463
108 487
108 516
108 544
108 551
108 582
109 142
109 163
109 165
109 187
109 207
109 214
109 221
109 222
109 257
109 318
109 327
109 340
109 356
109 386
109 398
109 399
109 435
109 448
109 449
109 459
109 469
109 475
109 496
109 574
109 584
109 595
110 142
110 189
110 199
110 200
110 310
110 365
110 433
110 444
110 449
110 453
110 500
110 510
110 526
110 530
110 548
111 115
111 129
111 151
111 152
111 155
111 207
111 213
111 259
111 349
111 385
111 470
111 490
111 522
111 542
111 555
111 569
112 126
112 138
112 181
112 184
112 189
112 225
112 236
112 245
112 255
112 264
112 287
112 348
112 359
112 454
112 481
112 529
112 530
112 559
112 560
112 570
112 588
113 117
113 148
113 155
113 167
113 174
113 217
113 219
113 235
113 250
113 257
113 258
113 267
113 272
113 294
113 335
113 361
113 380
113 394
113 431
113 439
113 441
113 531
113 591
114 118
114 171
114 173
114 222
114 239
114 273
114 299
114 351
114 368
114 426
114 431
114 461
114 462
114 476
114 497
114 504
114 526
114 548
114 559
115 118
115 189
115 200
115 217
115 264
115 273
115 305
115 383
115 386
115 405
115 425
115 436
115 437
115 446
115 458
115 512
115 590
115 593
116 146
116 166
116 197
116 256
116 270
116 277
116 315
116 317
116 346
116 380
116 389
116 396
116 481
116 528
116 541
116 590
117 125
117 130
117 144
117 201
117 285
117 317
117 338
117 372
117 391
117 396
117 404
117 407
117 415
117 431
117 436
117 463
117 473
117 492
117 513
117 542
117 566
117 571
117 577
117 586
117 593
118 121
118 139
118 148
118 161
118 163
118 203
118 293
118 313
118 320
118 336
118 339
118 406
118 428
118 464
118 482
118 519
118 524
118 558
118 570
118 586
119 293
119 371
119 420
119 540
119 562
119 589
119 593
120 139
120 162
120 163
120 229
120 308
120 347
120 388
120 411
120 415
120 416
120 472
120 480
120 503
120 546
120 553
120 587
121 161
121 200
121 203
121 216
121 238
121 252
121 257
121 269
121 271
121 280
121 301
121 310
121 320
121 345
121 356
121 390
121 511
121 529
121 530
121 540
121 544
121 564
121 593
122 130
122 198
122 244
122 302
122 398
122 431
122 444
122 477
122 494
122 496
122 528
123 174
123 192
123 256
123 263
123 292
123 336
123 422
123 426
123 430
123 465
123 482
123 502
123 526
123 567
123 582
124 210
124 300
124 328
124 354
124 407
124 409
124 426
124 438
124 497
124 515
124 558
124 573
124 595
125 165
125 166
125 190
125 191
125 249
125 250
125 278
125 295
125 320
125 321
125 396
125 402
125 468
125 519
125 577
126 145
126 207
126 231
126 240
126 245
126 264
126 270
126 305
126 368
126 399
126 422
126 465
126 468
126 482
126 499
126 566
127 224
127 266
127 278
127 285
127 288
127 308
127 348
127 350
127 363
127 367
127 384
127 393
127 394
127 399
127 400
127 413
127 419
127 432
127 550
128 133
128 139
128 170
128 176
128 259
128 289
128 302
128 310
128 347
128 348
128 366
128 368
128 392
128 400
128 406
128 435
128 485
128 514
128 516
128 519
128 522
128 524
128 561
128 590
129 132
129 165
129 175
129 212
129 228
129 233
129 242
129 252
129 265
129 339
129 350
129 358
129 503
129 574
129 587
130 131
130 132
130 149
130 155
130 177
130 178
130 182
130 209
130 278
130 368
130 422
130 451
130 505
130 523
130 524
130 554
130 561
130 568
130 569
130 589
131 132
131 145
131 151
131 154
131 156
131 174
131 189
131 217
131 259
131 280
131 285
131 288
131 314
131 350
131 424
131 431
131 433
131 465
131 472
131 481
131 544
132 149
132 153
132 167
132 241
132 295
132 306
132 377
132 406
132 439
132 457
132 478
132 484
132 527
132 528
132 539
132 559
132 581
132 593
133 137
133 173
133 178
133 201
133 215
133 285
133 418
133 456
133 485
133 515
133 522
133 545
133 598
134 135
134 202
134 218
134 221
134 272
134 313
134 358
134 376
134 393
134 395
134 407
134 449
134 480
134 512
134 576
134 588
134 591
135 230
135 268
135 278
135 370
135 387
135 391
135 424
135 456
135 469
135 476
135 481
135 525
135 565
135 592
136 169
136 197
136 210
136 253
136 269
136 282
136 378
136 441
136 442
136 561
136 566
137 141
137 151
137 154
137 190
137 239
137 270
137 271
137 277
137 354
137 357
137 362
137 392
137 429
137 430
137 441
137 450
137 452
137 455
137 458
137 460
137 514
137 517
137 547
137 577
137 590
138 150
138 155
138 159
138 166
138 275
138 276
138 293
138 297
138 317
138 321
138 326
138 343
138 369
138 375
138 389
138 402
138 421
138 445
138 454
138 469
138 507
138 532
138 550
138 551
138 575
138 580
138 581
139 163
139 169
139 192
139 201
139 208
139 231
139 241
139 269
139 273
139 344
139 399
139 437
139 508
139 570
140 151
140 159
140 201
140 218
140 297
140 300
140 339
140 404
140 467
140 479
140 521
140 522
140 561
140 591
141 161
141 165
141 184
141 190
141 196
141 208
141 247
141 254
141 269
141 282
141 294
141 323
141 345
141 348
141 370
141 410
141 438
141 440
141 459
141 483
141 505
141 567
141 591
142 258
142 291
142 348
142 376
142 396
142 402
142 443
142 510
142 542
143 197
143 205
143 214
143 245
143 267
143 292
143 306
143 330
143 363
143 371
143 378
143 382
143 386
143 411
143 488
143 490
143 536
143 571
143 583
143 588
144 180
144 188
144 199
144 220
144 254
144 255
144 256
144 261
144 264
144 300
144 314
144 327
144 357
144 361
144 373
144 421
144 529
144 534
144 544
145 160
145 200
145 211
145 215
145 217
145 228
145 271
145 281
145 303
145 323
145 335
145 376
145 420
145 437
145 442
145 477
145 482
145 515
145 528
145 530
145 535
145 538
145 543
145 549
145 575
145 577
145 596
145 599
146 194
146 212
146 227
146 269
146 290
146 322
146 368
146 396
146 405
146 432
146 437
146 521
146 554
146 577
147 194
147 204
147 233
147 244
147 260
147 269
147 275
147 305
147 331
147 355
147 385
147 399
147 434
147 451
147 454
147 468
147 471
147 488
147 492
147 495
147 511
147 522
147 523
147 532
147 579
147 584
148 235
148 241
148 288
148 319
148 340
148 367
148 404
148 421
148 482
148 518
148 519
148 586
149 165
149 177
149 191
149 243
149 252
149 253
149 284
149 319
149 329
149 378
149 380
149 390
149 397
149 405
149 424
149 433
149 437
149 458
149 496
149 520
149 580
149 587
149 589
150 154
150 163
150 174
150 208
150 214
150 233
150 252
150 257
150 286
150 306
150 312
150 387
150 402
150 433
150 448
150 501
150 549
150 585
151 152
151 162
151 180
151 207
151 208
151 214
151 239
151 259
151 316
151 323
151 348
151 350
151 366
151 382
151 433
151 452
151 483
151 516
151 572
151 595
152 157
152 190
152 193
152 205
152 208
152 235
152 269
152 370
152 374
152 380
152 512
152 522
152 554
152 580
152 596
153 194
153 225
153 236
153 253
153 265
153 274
153 282
153 310
153 312
153 323
153 359
153 442
153 490
153 491
153 496
153 518
154 216
154 285
154 288
154 289
154 316
154 320
154 366
154 381
154 417
154 418
154 428
154 429
154 440
154 454
154 502
154 526
154 539
154 562
154 589
155 176
155 220
155 250
155 255
155 266
155 278
155 307
155 308
155 326
155 329
155 348
155 457
155 465
155 485
155 557
155 572
156 169
156 171
156 181
156 265
156 297
156 315
156 323
156 344
156 379
156 384
156 388
156 406
156 492
156 541
156 544
156 564
156 588
157 165
157 204
157 223
157 265
157 284
157 303
157 305
157 384
157 389
157 394
157 407
157 440
157 470
157 503
157 507
157 527
157 552
158 181
158 299
158 325
158 368
158 387
158 404
158 423
158 430
158 431
158 442
158 454
158 455
158 461
158 537
159 161
159 171
159 173
159 181
159 200
159 223
159 227
159 278
159 318
159 434
159 456
159 499
159 506
159 529
159 538
159 549
159 551
159 558
159 574
159 577
160 221
160 251
160 290
160 334
160 338
160 377
160 387
160 390
160 437
160 463
160 496
160 508
160 513
160 514
160 547
160 558
161 199
161 220
161 226
161 241
161 252
161 260
161 296
161 317
161 324
161 358
161 362
161 376
161 466
161 522
161 540
161 556
161 594
162 210
162 284
162 287
162 335
162 343
162 350
162 352
162 355
162 360
162 411
162 422
162 432
162 437
162 501
162 517
162 535
162 538
162 542
162 546
162 578
162 579
163 170
163 173
163 256
163 263
163 307
163 318
163 355
163 424
163 452
163 460
163 513
163 553
163 575
163 592
164 181
164 196
164 238
164 251
164 276
164 278
164 308
164 311
164 403
164 406
164 410
164 419
164 420
164 504
164 554
164 562
164 588
165 254
165 294
165 350
165 388
165 424
165 431
165 480
165 492
165 494
165 498
165 500
165 502
165 511
165 551
165 554
165 567
166 174
166 175
166 177
166 202
166 216
166 221
166 234
166 244
166 323
166 324
166 398
166 453
166 485
166 495
166 519
166 554
166 559
167 221
167 239
167 271
167 277
167 346
167 372
167 392
167 393
167 412
167 416
167 438
167 440
167 483
167 489
167 511
167 526
167 582
167 589
168 209
168 224
168 240
168 313
168 323
168 371
168 382
168 407
168 488
168 555
168 587
168 590
169 196
169 223
169 245
169 258
169 268
169 308
169 353
169 356
169 361
169 376
169 389
169 447
169 465
169 486
169 504
169 519
169 589
169 599
170 293
170 299
170 358
170 379
170 417
170 419
170 424
170 524
170 531
170 541
170 556
170 585
171 184
171 237
171 261
171 270
171 283
171 305
171 325
171 333
171 338
171 350
171 355
171 368
171 370
171 382
171 406
171 442
171 453
171 522
172 201
172 276
172 379
172 404
172 443
172 463
172 476
172 510
172 513
172 552
173 218
173 263
173 295
173 300
173 313
173 328
173 355
173 357
173 409
173 434
173 447
173 466
173 480
173 518
173 522
173 537
173 572
173 585
174 185
174 188
174 189
174 227
174 296
174 300
174 310
174 319
174 346
174 354
174 400
174 412
174 465
174 466
174 471
174 486
174 510
174 524
174 529
174 559
174 589
175 184
175 191
175 226
175 232
175 246
175 269
175 301
175 352
175 354
175 358
175 373
175 375
175 382
175 440
175 442
175 449
175 477
175 519
175 532
175 543
175 547
175 551
175 567
175 568
176 242
176 243
176 262
176 290
176 311
176 336
176 344
176 362
176 377
176 385
176 391
176 426
176 446
176 486
176 521
176 537
176 563
176 568
176 577
176 580
176 590
177 188
177 219
177 257
177 270
177 327
177 359
177 408
177 410
177 428
177 444
177 454
177 477
177 512
177 523
177 553
177 577
177 590
178 182
178 225
178 229
178 238
178 242
178 311
178 313
178 377
178 398
178 399
178 481
178 563
178 572
178 576
179 187
179 202
179 216
179 235
179 250
179 270
179 288
179 314
179 344
179 384
179 390
179 415
179 437
179 454
179 457
179 479
179 485
179 491
179 497
179 553
179 562
179 589
180 204
180 212
180 235
180 303
180 334
180 371
180 373
180 413
180 432
180 468
180 514
180 557
180 574
181 233
181 235
181 246
181 275
181 278
181 279
181 297
181 306
181 333
181 415
181 524
181 596
182 233
182 258
182 293
182 306
182 342
182 362
182 366
182 383
182 420
182 448
182 477
182 493
182 523
182 548
182 558
182 583
182 593
183 219
183 230
183 241
183 267
183 279
183 295
183 338
183 356
183 358
183 376
183 412
183 434
183 525
183 527
183 545
184 186
184 191
184 198
184 222
184 272
184 273
184 288
184 292
184 308
184 331
184 358
184 365
184 369
184 387
184 439
184 451
184 487
184 516
184 537
184 588
184 590
185 191
185 212
185 214
185 216
185 218
185 252
185 270
185 322
185 428
185 442
185 482
185 497
185 502
185 559
185 560
186 199
186 212
186 220
186 284
186 298
186 305
186 306
186 344
186 365
186 367
186 419
186 423
186 426
186 443
186 450
186 456
186 473
186 551
186 557
187 217
187 234
187 269
187 289
187 345
187 349
187 380
187 390
187 396
187 405
187 426
187 463
187 484
187 503
187 510
187 552
187 574
188 234
188 248
188 253
188 262
188 305
188 306
188 331
188 338
188 347
188 365
188 378
188 381
188 471
188 474
188 485
188 552
188 565
188 587
189 241
189 252
189 273
189 290
189 303
189 327
189 330
189 364
189 393
189 396
189 424
189 429
189 503
189 530
189 539
189 562
189 564
189 586
190 191
190 194
190 312
190 335
190 346
190 354
190 371
190 396
190 436
190 457
190 512
190 515
190 562
190 586
190 597
191 199
191 211
191 262
191 268
191 278
191 291
191 324
191 383
191 391
191 400
191 431
191 466
191 483
191 539
191 595
192 193
192 230
192 254
192 303
192 304
192 308
192 310
192 343
192 353
192 363
192 433
192 438
192 442
192 455
192 476
192 478
192 494
192 518
192 548
192 559
192 572
193 230
193 247
193 249
193 271
193 275
193 280
193 301
193 321
193 398
193 468
193 507
193 539
193 551
193 556
194 195
194 222
194 224
194 250
194 276
194 281
194 341
194 414
194 429
194 447
194 460
194 462
194 470
194 495
194 513
194 535
194 583
194 584
194 598
195 226
195 231
195 263
195 277
195 299
195 318
195 338
195 361
195 363
195 375
195 405
195 410
195 423
195 437
195 479
195 508
195 541
195 555
196 214
196 236
196 245
196 249
196 300
196 302
196 343
196 350
196 457
196 470
196 487
196 506
196 529
196 586
196 598
197 297
197 381
197 415
197 425
197 460
197 489
197 532
197 539
197 566
197 573
197 582
197 583
198 219
198 263
198 265
198 327
198 335
198 344
198 434
198 478
198 521
198 574
199 206
199 238
199 254
199 269
199 292
199 304
199 330
199 385
199 415
199 428
199 436
199 451
199 460
199 462
199 517
199 551
199 577
199 582
200 210
200 213
200 234
200 290
200 307
200 318
200 327
200 346
200 396
200 417
200 422
200 512
200 556
200 580
200 582
201 285
201 298
201 340
201 341
201 392
201 413
201 440
201 442
201 464
201 472
201 473
201 476
201 514
201 518
201 559
201 583
202 205
202 217
202 225
202 244
202 305
202 357
202 362
202 384
202 396
202 426
202 440
202 502
202 513
202 532
202 552
202 561
202 575
202 581
203 216
203 219
203 244
203 260
203 281
203 288
203 302
203 310
203 327
203 328
203 356
203 368
203 379
203 451
203 473
203 478
203 488
203 557
203 587
203 592
204 213
204 231
204 281
204 298
204 359
204 399
204 414
204 438
204 489
204 563
204 580
204 586
204 592
205 216
205 220
205 256
205 260
205 262
205 267
205 284
205 309
205 317
205 351
205 358
205 379
205 411
205 425
205 469
205 489
205 490
205 508
205 513
205 514
206 238
206 243
206 251
206 253
206 273
206 288
206 296
206 314
206 324
206 335
206 354
206 358
206 359
206 376
206 380
206 383
206 390
206 413
206 415
206 416
206 465
206 472
206 499
206 500
206 521
206 556
207 275
207 285
207 295
207 342
207 405
207 472
207 480
207 495
207 518
207 529
207 586
208 211
208 224
208 320
208 359
208 364
208 386
208 459
208 501
208 526
208 534
209 252
209 276
209 287
209 304
209 305
209 310
209 347
209 379
209 388
209 406
209 431
209 444
209 458
209 468
209 476
209 506
209 516
209 547
209 551
210 267
210 327
210 328
210 373
210 441
210 474
210 489
210 492
210 511
211 222
211 225
211 234
211 242
211 271
211 277
211 283
211 331
211 430
211 436
211 471
211 475
211 563
211 569
211 595
212 252
212 262
212 270
212 275
212 307
212 334
212 347
212 364
212 398
212 445
212 484
212 526
212 539
212 590
213 219
213 222
213 227
213 229
213 304
213 310
213 342
213 346
213 376
213 456
213 457
213 499
213 530
213 567
213 581
213 594
213 597
214 226
214 229
214 248
214 250
214 265
214 266
214 294
214 306
214 309
214 336
214 366
214 396
214 445
214 449
214 492
214 503
214 510
214 550
214 554
214 578
214 581
215 242
215 252
215 257
215 259
215 323
215 336
215 358
215 417
215 476
215 479
216 245
216 259
216 271
216 306
216 361
216 367
216 381
216 403
216 417
216 448
216 477
216 530
216 541
216 554
216 574
216 583
217 231
217 244
217 256
217 257
217 286
217 305
217 335
217 348
217 352
217 366
217 369
217 408
217 437
217 461
217 465
217 479
217 481
217 538
217 581
218 241
218 318
218 383
218 390
218 440
218 502
218 512
218 523
218 535
219 222
219 261
219 326
219 344
219 446
219 477
219 488
219 493
219 534
219 538
219 556
219 562
219 573
220 233
220 234
220 253
220 266
220 278
220 279
220 313
220 315
220 317
220 473
220 488
220 491
220 493
220 578
220 585
221 223
221 242
221 276
221 332
221 363
221 383
221 495
221 506
221 519
221 532
221 545
222 225
222 229
222 230
222 288
222 315
222 336
222 339
222 356
222 372
222 376
222 377
222 385
222 394
222 431
222 491
222 516
222 548
222 591
223 225
223 233
223 239
223 249
223 273
223 305
223 324
223 371
223 481
223 515
223 550
223 557
223 566
223 593
224 238
224 247
224 248
224 277
224 292
224 322
224 331
224 346
224 360
224 395
224 404
224 422
224 512
224 514
224 558
224 585
224 592
225 227
225 232
225 262
225 274
225 328
225 337
225 347
225 412
225 450
225 474
225 484
225 522
225 553
225 555
225 556
225 571
225 585
225 592
226 260
226 360
226 402
226 418
226 423
226 444
226 462
226 475
226 507
226 509
226 556
226 565
226 599
227 297
227 372
227 385
227 416
227 431
227 433
227 446
227 458
227 466
227 484
227 582
227 586
227 591
228 244
228 254
228 286
228 295
228 305
228 355
228 385
228 399
228 487
228 489
228 503
228 536
228 545
228 575
228 584
228 586
228 596
229 251
229 278
229 280
229 351
229 397
229 407
229 423
229 425
229 428
229 448
229 525
229 541
229 596
230 234
230 276
230 277
230 285
230 296
230 300
230 328
230 330
230 470
230 533
230 549
231 237
231 250
231 309
231 336
231 338
231 354
231 369
231 387
231 417
231 445
231 489
231 496
231 502
231 598
232 273
232 301
232 372
232 402
232 412
232 433
232 475
232 488
232 493
232 528
232 532
232 599
233 237
233 239
233 244
233 250
233 266
233 267
233 274
233 288
233 315
233 322
233 395
233 409
233 463
233 488
233 542
233 546
233 548
233 561
233 568
233 591
233 594
234 247
234 268
234 273
234 298
234 310
234 323
234 324
234 326
234 360
234 400
234 412
234 445
234 499
234 572
234 573
234 579
234 584
234 589
234 592
235 264
235 305
235 350
235 377
235 378
235 431
235 470
235 508
235 536
236 238
236 246
236 269
236 286
236 341
236 347
236 375
236 415
236 452
236 461
236 554
236 567
236 574
236 586
237 257
237 285
237 343
237 371
237 481
237 482
237 504
237 510
237 525
237 580
237 585
238 282
238 306
238 318
238 410
238 454
238 479
238 502
238 518
238 534
238 538
238 572
239 247
239 249
239 250
239 265
239 295
239 315
239 325
239 367
239 387
239 399
239 405
239 411
239 423
239 491
239 584
240 245
240 265
240 326
240 354
240 358
240 427
240 449
240 453
240 464
240 471
240 475
240 596
241 243
241 302
241 356
241 395
241 398
241 440
241 445
241 504
241 513
241 535
241 551
241 567
241 594
242 336
242 392
242 415
242 416
242 431
242 444
242 486
242 488
242 504
242 514
242 515
242 533
242 579
243 279
243 337
243 348
243 351
243 358
243 366
243 378
243 416
243 452
243 504
243 545
243 564
244 259
244 301
244 309
244 338
244 358
244 398
244 408
244 426
244 456
244 489
244 530
244 557
244 593
244 594
244 599
245 248
245 271
245 315
245 351
245 364
245 447
245 452
245 459
245 476
245 500
245 555
245 569
245 571
245 592
246 325
246 329
246 330
246 348
246 362
246 420
246 425
246 455
246 462
246 467
246 485
246 550
246 554
246 581
247 259
247 262
247 309
247 314
247 388
247 397
247 454
247 477
247 479
247 504
247 527
247 568
247 579
247 587
248 278
248 323
248 344
248 345
248 361
248 377
248 384
248 413
248 424
248 431
248 492
248 501
248 511
248 524
248 535
248 536
248 554
248 572
248 573
248 575
248 576
249 317
249 320
249 337
249 402
249 458
249 513
249 528
249 537
249 539
249 547
250 257
250 283
250 284
250 294
250 320
250 337
250 375
250 380
250 420
250 464
250 515
250 560
250 563
251 271
251 274
251 301
251 309
251 351
251 362
251 369
251 384
251 471
251 478
251 483
251 528
251 576
252 299
252 337
252 360
252 392
252 487
252 552
252 559
252 573
252 596
253 265
253 338
253 413
253 423
253 460
253 533
253 537
253 540
254 275
254 280
254 287
254 305
254 309
254 323
254 384
254 402
254 405
254 459
254 478
254 479
254 496
254 507
254 510
254 559
254 588
255 312
255 314
255 316
255 331
255 334
255 340
255 354
255 396
255 412
255 423
255 478
255 520
255 562
255 595
255 597
256 267
256 274
256 287
256 294
256 310
256 359
256 362
256 364
256 470
256 498
256 501
256 505
256 519
256 561
256 578
257 261
257 273
257 290
257 291
257 305
257 310
257 319
257 324
257 329
257 336
257 369
257 376
257 378
257 430
257 438
257 447
257 483
257 520
257 583
257 589
258 281
258 309
258 323
258 346
258 399
258 437
258 464
258 491
258 499
258 526
258 544
258 557
258 571
258 578
258 579
259 295
259 313
259 340
259 344
259 369
259 491
259 493
259 522
259 532
259 545
259 567
260 397
260 443
260 448
260 482
260 486
260 490
260 534
260 554
260 568
260 591
261 333
261 353
261 380
261 459
261 476
261 504
261 506
261 521
261 554
261 555
261 567
261 573
262 278
262 287
262 317
262 343
262 349
262 359
262 379
262 413
262 577
263 272
263 284
263 292
263 302
263 336
263 342
263 348
263 464
263 546
263 551
264 277
264 289
264 328
264 393
264 434
264 475
264 480
264 497
264 513
264 549
264 596
265 285
265 378
265 388
265 389
265 401
265 402
265 429
265 431
265 444
265 445
265 447
265 467
265 471
265 507
265 511
265 529
265 550
265 561
265 578
266 278
266 295
266 337
266 350
266 366
266 376
266 377
266 379
266 395
266 400
266 450
266 465
266 481
266 508
266 529
266 540
266 549
266 551
266 560
266 569
266 586
267 283
267 290
267 292
267 344
267 372
267 392
267 416
267 440
267 538
267 577
267 581
267 590
268 315
268 354
268 359
268 411
268 446
268 447
268 485
268 508
268 594
268 599
269 294
269 330
269 344
269 353
269 357
269 364
269 387
269 412
269 448
269 475
269 488
269 499
269 504
269 513
269 528
269 529
269 538
269 598
270 279
270 299
270 309
270 328
270 332
270 345
270 379
270 384
270 418
270 463
270 475
270 480
270 497
270 543
270 550
270 565
271 286
271 311
271 322
271 340
271 347
271 364
271 396
271 434
271 460
271 526
271 560
271 569
271 571
271 591
272 276
272 368
272 381
272 401
272 403
272 405
272 465
272 490
272 499
272 537
272 567
272 575
273 279
273 298
273 332
273 346
273 413
273 423
273 484
273 573
273 594
273 597
274 288
274 324
274 365
274 413
274 418
274 452
274 460
274 472
274 493
274 496
274 515
274 528
274 536
274 537
275 297
275 340
275 347
275 348
275 375
275 378
275 428
275 437
275 497
275 513
275 515
275 520
275 579
276 325
276 330
276 339
276 380
276 469
276 520
276 536
276 544
276 556
276 593
277 304
277 311
277 324
277 326
277 353
277 431
278 297
278 330
278 338
278 372
278 390
278 405
278 417
278 438
278 453
278 485
278 491
278 503
278 565
278 570
278 575
278 597
279 292
279 317
279 325
279 350
279 354
279 355
279 382
279 390
279 424
279 452
279 480
279 518
279 561
280 281
280 322
280 326
280 327
280 361
280 368
280 372
280 389
280 408
280 435
280 437
280 439
280 443
280 470
280 492
281 285
281 293
281 304
281 315
281 316
281 346
281 352
281 363
281 376
281 438
281 440
281 489
281 521
281 539
281 581
282 290
282 295
282 340
282 355
282 369
282 374
282 420
282 434
282 486
282 488
282 497
282 524
282 531
282 546
282 588
283 295
283 298
283 325
283 332
283 344
283 349
283 359
283 361
283 363
283 377
283 449
283 471
283 480
283 487
283 507
283 510
283 544
283 546
283 568
283 575
283 577
283 590
283 599
284 290
284 303
284 311
284 329
284 364
284 411
284 439
284 453
284 506
284 544
284 554
284 599
285 290
285 294
285 307
285 327
285 331
285 342
285 386
285 404
285 549
285 560
286 296
286 326
286 361
286 388
286 396
286 397
286 407
286 448
286 482
286 548
286 556
286 557
287 292
287 300
287 306
287 337
287 412
287 419
287 473
287 483
287 498
287 513
287 529
287 591
288 335
288 337
288 356
288 365
288 381
288 386
288 394
288 409
288 465
288 479
288 514
288 526
288 534
288 549
288 550
288 551
288 555
288 556
288 582
289 317
289 319
289 470
289 472
289 478
289 488
289 490
289 516
289 528
289 529
289 551
289 555
290 294
290 297
290 300
290 370
290 384
290 387
290 426
290 512
290 515
290 519
290 529
290 574
290 575
291 362
291 363
291 416
291 427
291 455
291 461
291 489
291 506
291 535
291 540
291 557
292 293
292 314
292 326
292 346
292 395
292 398
292 401
292 462
292 498
292 511
292 533
292 564
292 574
292 590
293 302
293 307
293 349
293 360
293 413
293 433
293 440
293 460
293 474
293 546
293 581
294 339
294 345
294 362
294 363
294 382
294 417
294 425
294 433
294 458
294 493
294 526
294 544
294 558
295 388
295 408
295 414
295 419
295 460
295 477
295 482
295 527
295 548
295 549
295 553
296 305
296 335
296 405
296 493
296 506
296 528
296 541
296 548
296 563
296 578
296 585
296 587
297 299
297 342
297 351
297 382
297 399
297 437
297 447
297 455
297 456
297 480
297 483
297 521
297 532
297 533
297 568
297 585
297 595
298 305
298 355
298 357
298 442
298 502
298 507
298 519
298 521
298 526
298 535
298 539
298 553
298 574
299 375
299 470
299 475
299 478
299 484
299 487
299 580
300 305
300 370
300 392
300 393
300 507
300 545
300 558
300 564
300 593
300 597
301 363
301 390
301 426
301 462
301 514
301 578
301 595
301 596
302 320
302 395
302 429
302 440
302 473
302 522
302 566
302 594
302 595
303 311
303 339
303 403
303 501
303 510
303 568
303 579
303 582
303 588
304 357
304 384
304 394
304 412
304 418
304 457
304 522
304 553
304 595
305 306
305 310
305 313
305 368
305 427
305 433
305 435
305 460
305 484
305 536
305 547
305 597
306 323
306 340
306 347
306 368
306 419
306 441
306 451
306 461
306 485
306 500
306 505
306 517
307 337
307 339
307 380
307 381
307 387
307 518
307 535
307 554
307 572
307 583
308 328
308 338
308 355
308 411
308 477
308 486
308 518
308 556
308 586
308 587
309 314
309 355
309 363
309 383
309 404
309 406
309 425
309 457
309 479
309 522
309 541
309 582
309 597
310 317
310 318
310 386
310 391
310 412
310 424
310 453
310 458
310 539
310 561
311 336
311 350
311 365
311 388
311 393
311 406
311 408
311 429
311 485
311 493
311 507
311 510
311 523
311 525
311 527
311 551
311 563
311 576
312 344
312 346
312 347
312 357
312 364
312 368
312 395
312 434
312 512
312 542
313 315
313 355
313 395
313 434
313 441
313 482
313 500
313 507
313 519
313 584
314 379
314 452
314 485
314 571
314 588
315 321
315 324
315 332
315 397
315 473
315 475
315 484
315 496
315 499
315 517
315 518
315 596
316 327
316 333
316 368
316 378
316 384
316 432
316 438
316 457
316 458
316 464
316 537
316 538
316 549
317 319
317 343
317 383
317 390
317 400
317 403
317 410
317 412
317 425
317 436
317 452
317 478
317 539
317 553
317 581
317 590
318 331
318 339
318 360
318 393
318 470
318 495
318 518
318 552
318 591
319 412
319 466
319 539
319 580
319 582
319 596
320 359
320 422
320 435
320 436
320 496
320 499
320 573
321 362
321 376
321 435
321 437
321 497
321 516
321 534
321 545
321 553
321 586
321 587
322 327
322 356
322 377
322 382
322 448
322 480
322 515
322 520
322 527
322 563
322 572
322 575
322 585
322 597
323 331
323 452
323 468
323 477
323 479
323 546
323 547
323 587
323 594
324 337
324 364
324 375
324 376
324 441
324 451
324 524
324 530
324 584
325 333
325 345
325 371
325 462
325 473
325 482
325 505
325 543
325 560
325 569
326 363
326 398
326 449
326 452
326 531
326 551
326 552
326 556
327 332
327 350
327 423
327 444
327 510
327 518
327 519
327 529
327 588
328 367
328 392
328 461
328 473
328 507
328 511
328 514
328 565
328 569
328 571
329 369
329 397
329 403
329 413
329 419
329 439
329 445
329 459
329 460
329 484
329 499
329 586
330 347
330 352
330 368
330 409
330 430
330 436
330 559
330 564
330 565
330 580
330 591
330 597
331 359
331 360
331 404
331 465
331 466
331 482
331 522
331 544
331 552
331 556
331 577
332 343
332 430
332 432
332 437
332 470
332 476
332 478
333 388
333 390
333 414
333 427
333 428
333 447
333 467
333 472
333 540
333 544
333 569
333 580
334 350
334 366
334 390
334 417
334 455
334 505
334 558
334 570
335 394
335 420
335 464
335 465
335 553
335 560
335 579
335 581
336 403
336 436
336 547
337 371
337 373
337 406
337 423
337 434
337 461
337 474
337 532
337 547
337 550
337 551
337 553
337 596
338 360
338 426
338 455
338 522
338 560
338 573
338 579
339 371
339 372
339 388
339 398
339 430
339 433
339 500
339 567
339 585
339 598
340 419
340 451
340 467
340 486
340 520
340 541
340 569
340 581
340 590
341 370
341 400
341 450
341 477
341 491
341 539
341 562
341 572
341 576
341 577
341 587
342 347
342 372
342 387
342 394
342 420
342 443
342 481
342 525
342 530
342 532
342 537
342 547
342 558
342 579
342 585
342 594
343 406
343 431
343 480
343 514
343 515
343 517
343 533
343 575
343 590
344 351
344 364
344 365
344 393
344 410
344 428
344 459
344 472
344 489
344 525
344 571
344 577
344 579
344 589
345 349
345 390
345 414
345 422
345 444
345 466
345 489
345 520
345 554
345 561
345 575
345 589
346 384
346 483
347 376
347 381
347 413
347 418
347 421
347 430
347 459
347 472
347 474
347 483
347 493
347 545
347 585
348 364
348 372
348 393
348 398
348 428
348 492
348 503
348 568
348 584
348 591
349 351
349 381
349 425
349 426
349 428
349 456
349 471
349 487
349 488
349 498
349 499
349 503
349 519
349 555
350 352
350 367
350 391
350 419
350 452
350 457
350 479
350 547
350 581
350 590
351 355
351 392
351 396
351 400
351 474
351 486
351 490
351 509
351 548
351 557
351 588
352 367
352 385
352 386
352 390
352 472
352 478
352 533
352 588
353 398
353 404
353 405
353 413
353 447
353 476
353 504
353 506
353 536
353 562
354 403
354 409
354 471
354 495
354 546
355 378
355 381
355 413
355 421
355 453
355 511
355 534
355 570
355 591
355 594
355 599
356 377
356 381
356 386
356 389
356 411
356 443
356 446
356 487
356 489
356 511
356 532
356 570
357 380
357 382
357 396
357 400
357 430
357 467
357 480
357 481
357 483
357 485
357 497
357 507
357 539
357 551
357 562
357 572
357 589
357 595
358 368
358 395
358 419
358 424
358 463
358 467
358 486
358 488
358 507
358 511
358 524
358 531
358 540
358 590
359 393
359 425
359 463
359 495
359 513
359 524
359 541
359 553
359 561
359 593
359 598
360 380
360 440
360 451
360 452
360 468
360 507
360 542
360 545
361 379
361 382
361 435
361 445
361 455
361 466
361 495
361 519
361 536
361 565
362 363
362 456
362 464
362 482
362 484
362 499
362 551
362 599
363 495
363 512
363 514
363 525
363 565
363 578
364 375
364 396
364 416
364 423
364 438
364 452
364 499
364 579
365 375
365 399
365 416
365 429
365 453
365 471
365 490
365 491
365 525
365 526
365 528
365 539
365 548
365 583
366 473
366 476
366 481
366 484
366 530
366 560
366 565
366 587
367 374
367 380
367 398
367 403
367 405
367 427
367 433
367 438
367 502
367 518
367 528
367 567
367 570
368 415
368 424
368 442
368 496
368 506
368 522
368 540
368 548
368 560
368 571
369 400
369 451
369 513
369 563
369 570
369 591
370 418
370 435
370 442
370 457
370 462
370 483
370 511
370 545
370 558
370 581
371 375
371 424
371 438
371 555
371 589
371 590
372 387
372 419
372 421
372 452
372 481
372 506
372 524
372 529
372 539
373 443
373 463
373 466
373 470
373 490
373 498
373 511
373 520
373 524
373 585
374 430
374 442
374 460
374 462
374 469
374 549
374 590
374 597
375 388
375 395
375 406
375 426
375 463
375 468
375 470
375 473
375 496
375 547
375 552
375 565
376 378
376 399
376 411
376 428
376 440
376 461
376 469
377 386
377 402
377 436
377 497
377 558
377 561
377 584
378 392
378 402
378 429
378 434
378 475
378 505
378 551
379 395
379 412
379 429
379 440
379 445
379 514
379 561
379 592
380 383
380 384
380 440
380 452
380 458
380 464
380 504
380 548
381 400
381 503
381 530
381 590
381 596
381 598
382 438
382 451
382 452
382 463
382 469
382 477
382 499
382 529
382 532
382 569
382 574
382 584
382 586
383 404
383 442
383 482
383 503
383 513
383 516
383 525
383 530
383 565
383 582
384 398
384 402
384 438
384 477
384 505
384 545
384 566
385 388
385 394
385 427
385 459
385 508
385 545
385 561
385 562
386 389
386 410
386 435
386 457
386 489
386 491
386 498
386 504
386 514
386 517
386 535
386 546
386 558
387 414
387 422
387 428
387 441
387 459
387 489
387 492
387 538
387 539
387 543
387 551
387 554
388 404
388 451
388 467
388 475
388 485
388 500
388 529
388 535
388 545
388 557
388 559
388 573
388 590
388 596
389 397
389 402
389 403
389 407
389 416
389 441
389 468
389 484
389 524
389 529
389 544
389 584
389 597
390 407
390 438
390 441
390 449
390 453
390 459
390 469
390 488
390 495
390 534
390 544
390 569
391 422
391 423
391 462
391 481
391 517
391 590
391 595
392 426
392 521
392 526
392 533
392 541
392 561
392 571
393 482
393 501
393 557
394 406
394 424
394 439
394 491
394 524
394 537
394 589
395 420
395 436
395 442
395 457
395 512
395 523
395 528
395 551
395 565
395 585
396 421
396 527
396 532
396 555
396 565
397 423
397 467
397 497
397 498
397 534
397 536
397 559
397 570
397 585
397 597
398 417
398 434
398 467
398 491
398 511
398 541
398 573
399 429
399 432
399 456
399 477
399 521
399 552
399 565
400 405
400 468
400 472
400 475
400 476
400 485
400 546
400 589
401 454
401 483
401 487
401 506
401 551
401 555
401 557
402 403
402 405
402 427
402 462
402 479
402 520
402 544
402 571
402 587
402 593
402 595
403 408
403 425
403 454
403 475
403 499
403 514
403 546
403 584
404 417
404 430
404 431
404 443
404 469
404 556
404 574
404 597
405 408
405 488
405 499
405 500
405 516
405 555
406 425
406 445
406 460
406 468
406 504
406 512
406 536
407 419
407 463
407 466
407 475
407 477
407 550
407 590
408 447
408 464
408 468
408 477
408 593
409 433
409 436
409 479
409 545
409 575
409 581
409 590
409 596
410 440
410 491
410 580
410 585
410 596
411 428
411 442
411 459
411 469
411 505
411 509
411 515
411 587
411 588
412 432
412 457
412 465
412 469
412 524
412 525
412 533
412 548
413 431
413 439
413 481
413 496
414 471
414 537
414 566
414 586
415 446
415 448
415 456
415 469
415 479
415 516
415 542
415 559
415 587
415 593
416 417
416 467
416 482
416 489
416 497
416 502
416 519
416 581
417 435
417 437
417 446
417 493
417 495
417 561
417 584
418 423
418 451
418 457
418 494
418 501
418 542
418 555
418 584
419 429
419 431
419 443
419 450
419 456
419 468
419 477
419 506
419 567
420 422
420 479
420 520
420 542
420 543
421 422
421 460
421 518
421 520
421 565
421 573
421 592
422 454
422 460
422 487
422 490
422 521
422 522
422 587
423 464
423 475
423 476
423 481
423 495
423 500
423 568
424 482
424 486
424 505
424 514
424 518
424 531
424 532
424 550
425 441
425 542
425 575
425 582
425 589
425 595
426 428
426 433
426 437
426 469
426 474
426 482
426 495
426 498
426 505
426 562
426 592
426 598
427 461
427 483
427 508
427 526
427 536
427 537
428 449
428 451
428 456
428 475
428 487
428 504
428 512
428 535
428 542
428 546
428 561
428 569
428 598
429 446
429 560
430 435
430 457
430 469
430 474
430 487
430 492
431 453
431 460
431 482
431 515
431 586
432 465
432 492
432 588
433 446
433 463
433 466
433 498
433 512
433 518
433 549
433 560
434 448
434 488
434 506
434 546
434 580
434 597
435 462
435 473
435 570
436 437
436 451
436 452
436 469
436 480
436 484
436 489
436 507
436 558
436 577
436 583
436 594
437 442
437 473
437 475
437 496
437 505
437 527
437 528
437 533
437 550
437 595
438 459
438 491
438 507
438 530
438 578
438 579
439 474
439 481
439 526
439 545
439 552
439 568
439 587
440 461
440 462
440 507
440 512
440 515
440 519
440 538
440 579
441 467
441 486
441 575
441 587
442 457
442 468
442 496
442 508
442 537
442 540
442 543
442 567
442 576
442 596
443 447
443 452
443 474
443 495
443 496
443 516
443 518
443 526
443 553
443 554
443 561
443 594
444 451
444 458
444 473
444 474
444 481
444 495
444 499
444 540
445 448
445 480
445 493
445 508
445 514
445 520
445 557
446 487
446 535
446 543
446 551
446 558
447 467
447 485
447 487
447 489
447 509
447 550
447 564
448 449
448 462
448 481
448 560
448 586
448 595
449 465
449 493
449 505
449 524
449 560
450 464
450 482
450 486
450 588
451 469
451 498
451 506
451 517
451 528
451 582
452 462
452 473
452 518
452 523
452 544
452 546
452 567
452 590
452 594
453 454
453 474
453 537
453 584
454 511
454 516
455 477
455 523
455 535
455 594
456 461
456 471
456 487
456 508
456 520
456 572
457 505
457 517
457 524
457 545
458 461
458 488
458 518
458 525
458 539
458 564
458 565
458 596
459 533
459 538
459 557
459 573
459 586
459 594
460 461
460 495
460 525
460 537
460 547
460 585
460 595
461 472
461 476
461 523
461 555
462 478
462 493
462 498
462 510
462 530
462 558
462 596
463 472
464 480
464 481
464 486
464 567
464 596
465 472
465 509
465 533
465 561
465 588
466 520
466 522
466 544
466 583
467 479
467 497
467 500
467 506
467 521
467 537
467 540
467 541
467 557
467 571
468 478
468 498
468 518
468 526
468 537
468 557
468 562
469 539
469 557
470 482
470 501
470 515
470 570
470 596
471 482
471 489
471 514
471 530
471 551
471 592
472 505
472 530
472 563
472 584
472 597
473 502
473 511
473 533
473 538
473 555
473 588
473 596
474 475
475 491
475 494
475 510
475 575
476 479
476 535
477 543
477 569
477 596
478 537
478 554
478 583
478 594
479 491
479 579
479 582
480 505
480 513
480 590
480 593
480 598
481 483
481 496
481 544
481 559
481 576
482 490
482 541
482 542
482 587
482 593
482 596
483 488
483 523
483 535
484 528
484 548
484 558
484 587
485 539
485 541
485 543
485 564
485 565
485 599
486 491
486 502
486 513
486 525
486 550
487 517
487 545
487 562
487 564
487 574
487 595
488 513
488 586
489 493
489 502
489 520
489 533
489 588
490 496
490 524
490 531
490 539
490 591
490 594
491 521
491 522
491 551
491 556
492 500
492 545
492 552
492 573
493 497
493 499
493 503
493 519
493 587
493 594
494 496
494 534
494 548
495 521
495 522
495 579
496 499
496 506
496 512
496 545
496 547
496 567
497 500
497 502
497 563
497 574
497 588
498 514
498 558
498 584
499 530
499 556
499 569
500 503
500 505
500 511
500 519
500 558
500 578
501 503
501 523
501 541
501 567
501 579
502 568
503 540
503 571
503 597
503 599
504 527
504 583
504 585
504 593
504 599
505 517
505 520
505 527
505 536
505 551
506 513
506 521
506 540
506 542
506 552
506 565
507 515
507 523
507 529
507 543
507 564
507 566
507 585
507 591
508 553
508 557
509 531
509 551
510 542
510 580
510 581
510 585
511 562
511 568
511 577
511 583
512 523
512 541
512 571
512 588
513 515
513 528
513 541
513 543
513 549
514 533
514 549
514 575
514 590
514 596
515 521
515 533
515 556
515 578
515 587
516 563
517 555
517 587
518 552
518 558
518 570
518 584
519 542
519 592
519 598
520 549
520 569
520 577
521 539
521 583
522 550
522 576
523 527
523 533
523 594
524 528
524 558
524 567
524 570
524 574
524 577
525 526
525 553
525 568
526 545
526 554
526 559
526 591
527 543
527 575
527 593
528 539
528 559
528 586
528 591
529 565
529 597
530 549
530 576
530 577
530 582
530 594
531 571
532 533
532 540
532 549
532 590
533 561
534 542
534 551
534 557
534 586
534 593
535 541
536 539
536 541
536 594
537 557
537 580
538 539
538 545
538 555
538 596
539 576
539 580
541 547
541 557
541 564
541 565
541 570
541 599
542 553
542 590
543 575
543 592
544 547
544 585
544 589
545 579
546 550
546 577
546 580
546 596
547 565
547 570
547 581
548 553
548 581
549 551
549 565
549 566
549 567
549 585
550 590
551 579
551 593
552 588
553 586
553 592
554 574
554 579
555 573
555 574
555 589
555 598
558 560
558 594
558 595
559 587
562 565
562 567
562 573
562 575
562 577
563 566
563 595
567 569
567 577
571 580
571 598
572 577
572 583
576 586
576 588
578 598
580 585
580 591
581 585
582 596
585 588
586 593
587 591
589 596
591 593
