600 7188
0 57
0 84
0 89
0 112
0 191
0 241
0 248
0 260
0 266
0 277
0 329
0 342
0 363
0 376
0 380
0 441
0 469
0 481
0 517
0 520
0 544
0 592
1 8
1 65
1 119
1 173
1 184
1 360
1 372
1 387
1 417
1 430
1 440
1 479
1 530
1 540
1 559
2 25
2 32
2 40
2 66
2 126
2 197
2 206
2 230
2 290
2 295
2 307
2 389
2 419
2 427
2 500
2 547
2 563
2 565
2 580
2 588
3 40
3 42
3 43
3 55
3 61
3 167
3 181
3 206
3 245
3 253
3 255
3 263
3 264
3 307
3 345
3 388
3 389
3 393
3 419
3 468
3 471
3 478
3 488
3 495
3 514
3 522
3 544
3 567
3 569
4 6
4 15
4 16
4 61
4 72
4 88
4 91
4 112
4 122
4 141
4 150
4 166
4 168
4 208
4 252
4 260
4 263
4 318
4 324
4 361
4 385
4 439
4 444
4 460
4 513
4 540
4 576
4 588
5 8
5 28
5 96
5 106
5 127
5 210
5 226
5 248
5 290
5 324
5 351
5 353
5 364
5 373
5 385
5 398
5 419
5 455
5 456
5 517
5 527
5 573
6 12
6 20
6 23
6 54
6 65
6 107
6 258
6 328
6 346
6 361
6 375
6 392
6 518
6 521
6 539
6 575
6 592
7 46
7 68
7 79
7 92
7 138
7 187
7 198
7 249
7 257
7 317
7 359
7 394
7 401
7 421
7 477
7 527
7 564
7 593
8 9
8 19
8 39
8 48
8 96
8 100
8 121
8 162
8 189
8 196
8 215
8 240
8 256
8 281
8 327
8 348
8 355
8 358
8 386
8 412
8 427
8 434
8 440
8 461
8 469
8 492
8 560
8 566
9 20
9 27
9 55
9 56
9 155
9 191
9 214
9 228
9 346
9 350
9 407
9 421
9 474
9 485
9 507
9 530
9 537
10 37
10 71
10 77
10 96
10 137
10 144
10 169
10 175
10 205
10 221
10 304
10 327
10 343
10 367
10 369
10 433
10 452
10 455
10 506
10 518
10 555
10 556
10 560
11 15
11 32
11 38
11 44
11 72
11 117
11 118
11 124
11 125
11 140
11 155
11 192
11 219
11 222
11 236
11 240
11 266
11 284
11 286
11 301
11 332
11 345
11 377
11 390
11 401
11 406
11 418
11 427
11 458
11 478
11 518
11 563
12 40
12 61
12 67
12 72
12 106
12 115
12 130
12 132
12 134
12 167
12 173
12 175
12 206
12 208
12 226
12 254
12 347
12 390
12 441
12 448
12 454
12 467
12 498
12 518
12 530
12 559
12 586
13 24
13 34
13 152
13 161
13 167
13 171
13 185
13 186
13 189
13 207
13 219
13 253
13 302
13 319
13 326
13 356
13 365
13 385
13 388
13 410
13 438
13 469
13 519
13 551
13 582
14 20
14 42
14 100
14 130
14 136
14 142
14 148
14 150
14 179
14 180
14 190
14 196
14 221
14 225
14 355
14 378
14 389
14 425
14 427
14 428
14 454
14 465
14 467
14 480
14 511
14 512
14 535
14 546
14 549
14 556
15 49
15 76
15 89
15 90
15 135
15 136
15 170
15 171
15 202
15 221
15 229
15 260
15 313
15 348
15 353
15 418
15 429
15 447
15 460
15 475
15 503
16 27
16 45
16 49
16 50
16 63
16 97
16 108
16 113
16 115
16 134
16 140
16 161
16 177
16 194
16 222
16 228
16 258
16 287
16 306
16 345
16 348
16 364
16 372
16 426
16 459
16 468
16 488
16 522
16 533
16 539
16 595
17 19
17 94
17 193
17 212
17 218
17 270
17 272
17 340
17 359
17 449
17 450
17 464
17 575
17 592
17 598
18 19
18 33
18 40
18 49
18 108
18 109
18 134
18 137
18 172
18 179
18 214
18 220
18 223
18 225
18 240
18 248
18 290
18 300
18 313
18 342
18 343
18 364
18 372
18 373
18 417
18 425
18 436
18 438
18 493
18 509
18 527
18 560
18 573
19 29
19 41
19 67
19 109
19 130
19 134
19 148
19 273
19 276
19 315
19 345
19 413
19 431
19 452
19 475
19 532
19 542
19 580
19 587
20 28
20 45
20 58
20 77
20 84
20 142
20 156
20 188
20 217
20 223
20 234
20 247
20 291
20 356
20 383
20 426
20 453
20 460
20 484
20 508
20 556
20 557
20 562
20 569
20 570
20 577
20 595
21 46
21 50
21 75
21 95
21 105
21 133
21 161
21 185
21 205
21 217
21 239
21 251
21 311
21 337
21 364
21 400
21 421
21 427
21 430
21 452
21 481
21 497
21 499
21 520
21 538
21 565
21 585
21 590
22 136
22 155
22 210
22 216
22 220
22 227
22 231
22 248
22 272
22 321
22 339
22 363
22 385
22 429
22 459
22 488
22 503
22 528
22 549
22 555
23 25
23 91
23 123
23 159
23 173
23 175
23 186
23 263
23 320
23 376
23 386
23 465
23 503
23 542
23 554
24 30
24 57
24 63
24 122
24 175
24 190
24 207
24 211
24 217
24 245
24 282
24 287
24 300
24 357
24 363
24 367
24 407
24 432
24 443
24 448
24 455
24 464
24 479
24 514
24 523
24 542
25 50
25 56
25 65
25 82
25 98
25 113
25 127
25 145
25 146
25 193
25 215
25 318
25 334
25 339
25 385
25 390
25 413
25 416
25 427
25 435
25 476
25 526
25 555
25 557
26 63
26 90
26 96
26 152
26 154
26 180
26 191
26 216
26 224
26 238
26 245
26 271
26 278
26 407
26 432
26 452
26 513
26 584
26 592
26 595
27 44
27 49
27 63
27 72
27 83
27 91
27 102
27 104
27 153
27 175
27 195
27 203
27 219
27 237
27 270
27 310
27 488
27 568
28 36
28 116
28 256
28 297
28 322
28 335
28 413
28 450
28 456
28 485
28 502
28 509
28 528
28 544
28 549
28 558
28 569
28 576
28 581
29 92
29 133
29 169
29 172
29 181
29 198
29 229
29 265
29 268
29 270
29 379
29 383
29 401
29 405
29 453
29 460
29 486
29 488
29 507
29 510
29 534
30 85
30 86
30 135
30 197
30 214
30 222
30 273
30 288
30 308
30 354
30 360
30 394
30 396
30 416
30 442
30 455
30 462
30 490
30 525
30 540
31 38
31 51
31 64
31 83
31 105
31 110
31 129
31 188
31 222
31 226
31 290
31 302
31 316
31 320
31 361
31 368
31 435
31 462
31 512
31 528
32 35
32 45
32 51
32 88
32 121
32 173
32 201
32 232
32 240
32 242
32 333
32 339
32 387
32 428
32 432
32 445
32 484
32 485
32 504
32 514
32 532
32 538
33 76
33 81
33 85
33 139
33 153
33 155
33 203
33 225
33 246
33 260
33 263
33 276
33 324
33 342
33 369
33 416
33 437
33 442
33 471
33 504
33 552
33 560
33 566
34 132
34 205
34 213
34 214
34 230
34 256
34 325
34 343
34 353
34 399
34 424
34 429
34 434
34 452
34 460
34 463
34 523
35 43
35 55
35 69
35 124
35 134
35 209
35 295
35 309
35 327
35 342
35 384
35 387
35 388
35 392
35 430
35 434
35 444
35 470
35 502
35 505
35 536
35 557
35 560
36 44
36 50
36 66
36 79
36 89
36 91
36 102
36 157
36 235
36 255
36 287
36 323
36 335
36 343
36 356
36 366
36 379
36 431
36 487
36 489
36 547
36 557
37 48
37 89
37 105
37 143
37 217
37 281
37 314
37 323
37 343
37 350
37 368
37 388
37 405
37 422
37 432
37 451
37 479
37 486
37 490
37 499
37 500
37 504
37 515
37 521
37 560
37 565
38 91
38 113
38 117
38 206
38 212
38 224
38 241
38 253
38 257
38 270
38 306
38 329
38 381
38 418
38 435
38 457
38 475
38 514
38 519
38 520
38 525
39 41
39 117
39 120
39 163
39 198
39 215
39 245
39 270
39 278
39 321
39 334
39 355
39 399
39 416
39 423
39 476
39 486
39 497
39 498
39 507
39 530
39 538
39 572
39 587
40 44
40 65
40 86
40 133
40 148
40 164
40 218
40 241
40 277
40 292
40 314
40 347
40 351
40 358
40 371
40 416
40 424
40 439
40 474
40 481
40 490
40 501
40 519
40 542
40 576
40 583
41 67
41 95
41 97
41 130
41 196
41 201
41 246
41 248
41 253
41 301
41 311
41 328
41 373
41 391
41 489
41 495
41 508
41 517
41 577
41 582
42 44
42 54
42 108
42 119
42 122
42 131
42 141
42 183
42 203
42 217
42 247
42 252
42 265
42 314
42 315
42 317
42 345
42 354
42 389
42 390
42 429
42 430
42 484
42 518
42 540
42 567
43 51
43 58
43 62
43 124
43 126
43 136
43 146
43 165
43 166
43 174
43 191
43 201
43 202
43 206
43 209
43 218
43 227
43 236
43 244
43 254
43 255
43 279
43 319
43 323
43 336
43 374
43 432
43 508
43 519
43 534
43 543
43 582
43 596
44 48
44 71
44 112
44 117
44 123
44 167
44 176
44 207
44 209
44 224
44 243
44 245
44 274
44 275
44 279
44 288
44 298
44 370
44 396
44 410
44 430
44 434
44 438
44 470
44 481
44 488
44 492
44 515
44 522
44 554
44 573
44 582
44 596
45 48
45 53
45 94
45 101
45 103
45 127
45 142
45 157
45 168
45 190
45 192
45 195
45 257
45 291
45 330
45 348
45 350
45 365
45 443
45 445
45 522
45 537
45 546
45 556
45 559
45 580
46 54
46 60
46 65
46 70
46 85
46 100
46 105
46 110
46 120
46 173
46 185
46 188
46 209
46 224
46 227
46 344
46 366
46 387
46 433
46 441
46 447
46 488
46 531
46 534
46 537
46 550
46 551
47 54
47 55
47 75
47 98
47 126
47 157
47 225
47 233
47 248
47 280
47 288
47 296
47 329
47 344
47 366
47 393
47 398
47 402
47 446
47 474
47 479
47 491
47 543
47 566
48 65
48 113
48 125
48 132
48 134
48 137
48 156
48 257
48 270
48 280
48 299
48 309
48 387
48 411
48 424
48 433
48 435
48 442
48 518
48 519
48 555
48 574
49 56
49 57
49 104
49 165
49 170
49 175
49 201
49 288
49 305
49 334
49 364
49 448
49 476
49 523
49 534
49 541
49 545
49 554
49 570
49 579
49 580
50 97
50 129
50 145
50 177
50 189
50 198
50 228
50 230
50 235
50 247
50 330
50 336
50 338
50 344
50 353
50 441
50 465
50 474
50 480
50 524
50 530
50 574
51 87
51 90
51 130
51 143
51 145
51 157
51 164
51 181
51 199
51 200
51 243
51 247
51 265
51 315
51 329
51 332
51 361
51 447
51 456
51 482
51 483
51 486
51 507
51 513
51 530
51 564
51 590
52 104
52 118
52 119
52 124
52 142
52 148
52 179
52 192
52 220
52 222
52 223
52 237
52 264
52 274
52 317
52 329
52 360
52 372
52 377
52 515
52 532
52 570
52 587
53 61
53 67
53 71
53 78
53 90
53 129
53 147
53 158
53 222
53 238
53 244
53 282
53 287
53 289
53 290
53 329
53 390
53 426
53 459
53 460
53 505
53 544
54 103
54 110
54 122
54 135
54 137
54 149
54 187
54 225
54 230
54 251
54 278
54 356
54 436
54 492
54 499
54 505
54 541
54 565
54 592
55 56
55 61
55 65
55 77
55 84
55 151
55 155
55 179
55 243
55 281
55 282
55 326
55 337
55 338
55 369
55 396
55 398
55 403
55 409
55 512
55 557
55 574
55 588
55 596
56 61
56 115
56 122
56 154
56 168
56 170
56 217
56 229
56 244
56 245
56 258
56 315
56 326
56 371
56 378
56 386
56 409
56 425
56 432
56 438
56 446
56 516
56 522
56 523
56 538
56 556
56 580
57 80
57 115
57 193
57 198
57 202
57 203
57 221
57 256
57 262
57 267
57 301
57 325
57 337
57 370
57 376
57 415
57 545
57 553
57 583
57 591
58 59
58 70
58 99
58 136
58 152
58 192
58 208
58 209
58 221
58 247
58 277
58 278
58 314
58 343
58 367
58 373
58 396
58 415
58 420
58 431
58 490
58 493
58 495
58 529
58 553
58 573
59 68
59 152
59 159
59 167
59 172
59 204
59 210
59 226
59 244
59 258
59 261
59 270
59 313
59 329
59 354
59 369
59 397
59 403
59 421
59 428
59 447
59 451
59 460
59 536
60 61
60 187
60 190
60 192
60 196
60 230
60 244
60 274
60 281
60 291
60 338
60 377
60 415
60 484
60 490
60 537
60 542
60 553
60 568
60 570
61 66
61 70
61 152
61 170
61 204
61 209
61 234
61 263
61 264
61 384
61 420
61 427
61 430
61 450
61 475
61 563
62 68
62 104
62 106
62 112
62 148
62 168
62 174
62 222
62 234
62 235
62 263
62 269
62 302
62 328
62 337
62 379
62 402
62 464
62 471
62 484
62 531
62 532
62 588
62 593
63 68
63 80
63 91
63 192
63 204
63 233
63 299
63 300
63 313
63 381
63 439
63 447
63 451
63 463
63 524
63 556
63 564
63 576
63 592
64 72
64 79
64 120
64 121
64 177
64 186
64 202
64 253
64 260
64 271
64 277
64 279
64 282
64 373
64 415
64 433
64 488
64 506
64 509
64 532
64 542
64 559
64 571
64 579
64 582
65 70
65 109
65 144
65 149
65 155
65 180
65 185
65 207
65 212
65 214
65 223
65 240
65 265
65 271
65 363
65 384
65 409
65 420
65 431
65 436
65 444
65 448
65 517
65 519
65 541
65 590
65 594
66 75
66 105
66 110
66 113
66 221
66 224
66 245
66 333
66 394
66 457
66 519
66 555
67 75
67 85
67 101
67 159
67 207
67 288
67 311
67 321
67 364
67 386
67 389
67 425
67 441
67 458
67 491
67 520
67 523
67 586
68 136
68 142
68 153
68 184
68 188
68 190
68 260
68 283
68 347
68 372
68 384
68 405
68 430
68 439
68 454
68 562
68 565
69 75
69 188
69 237
69 272
69 336
69 354
69 374
69 396
69 471
69 483
69 501
69 540
70 102
70 117
70 151
70 188
70 211
70 215
70 221
70 228
70 236
70 280
70 349
70 371
70 387
70 388
70 391
70 396
70 481
70 487
70 560
70 561
70 579
71 169
71 186
71 190
71 213
71 255
71 271
71 280
71 297
71 366
71 382
71 389
71 409
71 412
71 444
71 461
71 465
71 479
71 552
71 559
71 578
71 582
72 75
72 77
72 113
72 175
72 177
72 198
72 213
72 258
72 259
72 273
72 289
72 311
72 336
72 353
72 355
72 374
72 453
72 531
72 537
72 552
72 566
72 567
72 573
72 592
73 85
73 111
73 118
73 139
73 151
73 166
73 169
73 180
73 213
73 256
73 272
73 274
73 278
73 294
73 307
73 309
73 323
73 362
73 416
73 448
73 487
73 494
73 524
73 535
73 538
73 541
73 583
74 108
74 185
74 206
74 227
74 296
74 367
74 382
74 393
74 406
74 449
74 467
74 506
74 528
74 544
74 583
74 593
75 101
75 134
75 135
75 147
75 155
75 158
75 247
75 253
75 324
75 355
75 362
75 384
75 386
75 431
75 437
75 490
75 553
75 573
75 583
75 596
76 77
76 138
76 181
76 199
76 207
76 218
76 236
76 256
76 258
76 259
76 272
76 278
76 295
76 303
76 321
76 327
76 371
76 417
76 498
77 113
77 139
77 202
77 209
77 218
77 235
77 279
77 303
77 344
77 360
77 396
77 410
77 427
77 436
77 462
77 463
77 475
77 540
77 566
77 573
78 131
78 141
78 146
78 149
78 162
78 188
78 196
78 198
78 205
78 219
78 318
78 329
78 332
78 342
78 374
78 377
78 395
78 396
78 448
78 486
78 556
78 559
78 570
78 575
79 96
79 120
79 122
79 136
79 143
79 163
79 174
79 192
79 198
79 247
79 258
79 286
79 294
79 307
79 318
79 360
79 366
79 418
79 434
79 435
79 447
79 460
79 511
79 546
79 547
79 548
79 558
79 570
79 572
80 82
80 102
80 117
80 120
80 124
80 207
80 268
80 286
80 301
80 307
80 309
80 329
80 330
80 380
80 410
80 416
80 437
80 488
80 510
80 516
80 527
80 545
80 564
80 565
80 577
80 578
81 97
81 164
81 170
81 177
81 206
81 211
81 217
81 259
81 288
81 297
81 321
81 336
81 343
81 360
81 365
81 396
81 404
81 411
81 419
81 424
81 426
81 442
81 464
81 473
81 572
81 594
81 599
82 84
82 105
82 127
82 181
82 205
82 206
82 223
82 241
82 243
82 316
82 322
82 328
82 334
82 347
82 378
82 426
82 431
82 446
82 447
82 515
82 523
82 536
82 542
83 93
83 132
83 169
83 170
83 174
83 176
83 190
83 213
83 218
83 286
83 349
83 410
83 417
83 433
83 444
83 493
83 497
83 509
83 545
83 560
83 594
84 117
84 120
84 128
84 153
84 155
84 165
84 180
84 203
84 213
84 253
84 280
84 289
84 333
84 345
84 379
84 405
84 462
84 495
84 502
84 520
84 521
84 543
84 548
84 572
84 588
85 122
85 149
85 181
85 187
85 198
85 199
85 212
85 284
85 288
85 313
85 327
85 328
85 393
85 427
85 431
85 436
85 455
85 467
85 471
85 474
85 502
85 555
86 109
86 136
86 139
86 142
86 180
86 211
86 264
86 275
86 283
86 290
86 305
86 312
86 381
86 385
86 437
86 463
86 465
86 506
86 509
86 526
86 567
86 577
86 588
87 93
87 103
87 105
87 128
87 131
87 147
87 174
87 190
87 253
87 268
87 271
87 292
87 293
87 302
87 304
87 345
87 366
87 394
87 418
87 450
87 478
87 523
87 556
88 94
88 206
88 246
88 288
88 292
88 312
88 318
88 334
88 386
88 394
88 406
88 407
88 411
88 437
88 441
88 450
88 463
88 468
88 484
88 503
88 512
88 525
88 552
88 592
89 156
89 211
89 251
89 302
89 313
89 337
89 358
89 393
89 398
89 414
89 465
89 498
89 514
89 518
90 105
90 121
90 168
90 192
90 196
90 216
90 258
90 303
90 304
90 305
90 311
90 355
90 356
90 380
90 473
90 511
90 529
90 556
90 575
90 582
91 107
91 108
91 119
91 151
91 209
91 229
91 246
91 305
91 320
91 337
91 361
91 362
91 406
91 544
91 565
91 591
92 128
92 139
92 197
92 226
92 230
92 255
92 258
92 260
92 272
92 319
92 385
92 412
92 422
92 439
92 494
92 527
92 543
92 549
92 565
93 152
93 194
93 218
93 262
93 290
93 300
93 329
93 353
93 374
93 443
93 472
93 484
93 518
93 535
93 538
93 547
93 554
93 592
93 594
94 117
94 121
94 146
94 158
94 197
94 231
94 245
94 249
94 278
94 305
94 360
94 387
94 400
94 459
94 488
94 536
94 549
94 576
94 594
95 126
95 140
95 142
95 157
95 259
95 263
95 273
95 289
95 304
95 318
95 357
95 363
95 425
95 436
95 449
95 484
95 533
95 591
95 597
96 127
96 129
96 130
96 182
96 224
96 243
96 302
96 315
96 332
96 348
96 356
96 365
96 410
96 436
96 470
96 481
96 497
96 527
96 571
96 586
96 596
97 106
97 149
97 197
97 232
97 283
97 313
97 341
97 347
97 468
97 475
97 514
97 541
97 567
98 236
98 241
98 249
98 257
98 275
98 276
98 309
98 324
98 338
98 344
98 364
98 371
98 420
98 427
98 434
98 467
98 471
98 474
98 485
98 487
98 508
98 532
98 599
99 120
99 127
99 145
99 147
99 210
99 250
99 252
99 253
99 264
99 267
99 281
99 282
99 300
99 324
99 327
99 437
99 450
99 453
99 479
99 505
99 515
99 516
99 532
99 543
99 569
99 589
99 591
100 136
100 141
100 176
100 179
100 182
100 194
100 210
100 263
100 281
100 291
100 298
100 313
100 317
100 345
100 361
100 396
100 413
100 414
100 426
100 447
100 451
100 455
100 520
100 523
100 581
100 586
101 122
101 142
101 171
101 237
101 262
101 277
101 284
101 286
101 336
101 340
101 371
101 397
101 417
101 426
101 468
101 489
101 525
102 117
102 133
102 153
102 161
102 174
102 203
102 219
102 231
102 240
102 286
102 308
102 342
102 347
102 367
102 368
102 404
102 442
102 458
102 514
102 577
102 586
103 106
103 146
103 212
103 246
103 259
103 302
103 316
103 328
103 352
103 388
103 410
103 442
103 453
103 459
103 473
103 481
103 490
103 497
103 534
103 535
103 546
103 560
103 580
103 586
103 589
104 187
104 220
104 223
104 249
104 268
104 274
104 344
104 357
104 434
104 457
104 505
104 517
104 526
104 560
105 141
105 153
105 212
105 213
105 322
105 382
105 391
105 432
105 484
105 506
105 525
105 527
105 553
105 579
106 139
106 155
106 158
106 193
106 226
106 341
106 379
106 439
106 444
106 588
107 110
107 176
107 190
107 214
107 220
107 226
107 233
107 245
107 310
107 333
107 345
107 347
107 364
107 385
107 424
107 425
107 430
107 467
107 473
107 495
107 525
107 544
107 553
108 144
108 166
108 167
108 185
108 219
108 226
108 262
108 270
108 274
108 313
108 314
108 329
108 342
108 388
108 427
108 489
108 526
108 582
109 111
109 133
109 168
109 204
109 205
109 221
109 255
109 269
109 322
109 380
109 400
109 456
109 463
109 485
109 512
109 520
109 522
109 586
110 143
110 150
110 160
110 173
110 174
110 192
110 246
110 247
110 256
110 279
110 309
110 327
110 340
110 387
110 405
110 410
110 432
110 450
110 459
110 476
110 498
110 514
110 560
110 586
111 115
111 118
111 125
111 164
111 167
111 182
111 220
111 227
111 239
111 255
111 256
111 274
111 294
111 300
111 337
111 360
111 391
111 422
111 441
111 505
111 506
111 523
111 567
112 115
112 138
112 192
112 209
112 220
112 260
112 298
112 400
112 401
112 443
112 475
112 507
112 511
112 513
112 577
112 593
113 135
113 162
113 163
113 164
113 199
113 214
113 288
113 303
113 306
113 357
113 414
113 481
113 490
113 500
113 523
113 567
113 596
114 116
114 120
114 126
114 303
114 322
114 357
114 359
114 425
114 461
114 479
114 512
114 517
114 549
114 579
114 595
115 166
115 189
115 207
115 218
115 220
115 228
115 254
115 265
115 275
115 278
115 282
115 298
115 408
115 435
115 463
115 490
115 519
115 523
115 544
116 133
116 160
116 211
116 212
116 235
116 244
116 258
116 261
116 264
116 273
116 275
116 287
116 292
116 294
116 333
116 378
116 426
116 467
116 485
116 510
116 527
116 570
116 582
117 137
117 145
117 187
117 203
117 205
117 213
117 235
117 249
117 309
117 358
117 443
117 445
117 480
117 535
117 584
117 597
118 119
118 133
118 175
118 185
118 186
118 247
118 304
118 375
118 386
118 415
118 461
118 465
118 473
118 485
118 498
118 528
119 122
119 128
119 140
119 151
119 160
119 193
119 203
119 207
119 211
119 224
119 274
119 295
119 321
119 344
119 381
119 409
119 442
119 447
119 473
119 493
119 497
119 510
119 513
119 524
119 553
119 588
120 150
120 159
120 212
120 232
120 235
120 259
120 282
120 287
120 304
120 312
120 323
120 350
120 357
120 388
120 400
120 461
120 472
120 495
120 519
120 553
120 594
121 125
121 157
121 177
121 199
121 218
121 254
121 272
121 280
121 285
121 302
121 310
121 320
121 331
121 352
121 507
121 513
121 515
121 535
121 559
122 138
122 208
122 220
122 223
122 225
122 244
122 257
122 259
122 271
122 278
122 280
122 304
122 307
122 329
122 345
122 389
122 394
122 432
122 462
122 482
122 486
122 524
122 526
122 560
122 590
123 131
123 155
123 159
123 182
123 203
123 225
123 242
123 246
123 265
123 299
123 327
123 334
123 338
123 349
123 364
123 394
123 399
123 434
123 508
123 538
123 564
123 567
123 583
123 588
124 139
124 152
124 197
124 239
124 251
124 264
124 275
124 278
124 281
124 333
124 367
124 393
124 419
124 456
124 494
124 511
124 515
124 516
124 553
124 583
125 126
125 186
125 202
125 221
125 228
125 233
125 308
125 323
125 339
125 384
125 385
125 401
125 442
125 460
125 479
125 495
125 566
125 578
126 150
126 160
126 226
126 260
126 306
126 325
126 398
126 435
126 448
126 499
126 522
126 570
126 595
127 133
127 190
127 198
127 232
127 303
127 310
127 350
127 379
127 389
127 432
127 497
127 515
127 519
127 539
127 546
127 567
128 168
128 181
128 266
128 280
128 301
128 381
128 387
128 399
128 419
128 446
128 462
128 470
128 474
128 478
128 532
129 131
129 143
129 155
129 221
129 234
129 237
129 281
129 295
129 297
129 359
129 363
129 380
129 398
129 403
129 440
129 500
129 502
129 543
129 563
130 152
130 154
130 172
130 203
130 222
130 236
130 290
130 304
130 364
130 366
130 377
130 381
130 416
130 453
130 519
130 522
130 540
130 569
130 593
131 148
131 167
131 173
131 180
131 216
131 246
131 269
131 271
131 407
131 460
131 464
131 474
131 488
131 518
131 520
131 540
131 544
131 574
131 578
132 133
132 222
132 232
132 257
132 261
132 294
132 330
132 358
132 377
132 382
132 384
132 399
132 419
132 456
132 482
132 488
132 490
132 509
132 517
132 537
132 546
132 570
132 582
133 143
133 167
133 184
133 254
133 270
133 284
133 294
133 331
133 379
133 389
133 437
133 445
133 447
133 458
133 467
133 472
133 499
133 504
133 516
133 540
133 569
134 176
134 184
134 216
134 229
134 231
134 240
134 270
134 280
134 381
134 409
134 423
134 439
134 441
134 463
134 477
134 516
134 542
134 545
134 569
135 140
135 153
135 197
135 199
135 299
135 302
135 338
135 427
135 489
135 506
135 534
135 546
135 561
135 570
136 181
136 229
136 235
136 291
136 297
136 311
136 368
136 386
136 469
136 518
136 525
136 535
136 537
136 548
136 556
137 138
137 176
137 177
137 184
137 227
137 228
137 267
137 282
137 284
137 302
137 329
137 363
137 409
137 414
137 420
137 464
137 466
137 467
137 516
137 521
137 525
138 155
138 186
138 224
138 242
138 254
138 275
138 355
138 356
138 409
138 434
138 445
138 458
138 473
138 496
138 512
138 523
138 550
138 572
139 141
139 159
139 160
139 162
139 296
139 302
139 326
139 327
139 336
139 341
139 342
139 365
139 384
139 414
139 440
139 457
139 458
139 480
139 497
139 541
139 552
140 166
140 178
140 198
140 214
140 254
140 281
140 288
140 301
140 323
140 337
140 396
140 405
140 430
140 506
140 533
140 547
140 557
140 578
141 161
141 177
141 206
141 290
141 303
141 348
141 404
141 427
141 429
141 468
141 488
141 491
141 499
141 512
141 528
141 545
141 558
141 571
141 578
141 588
141 598
142 149
142 173
142 207
142 263
142 333
142 341
142 354
142 385
142 414
142 415
142 463
142 498
142 518
142 529
142 536
142 555
143 164
143 166
143 199
143 230
143 271
143 317
143 337
143 370
143 419
143 420
143 447
143 456
143 459
143 471
143 478
143 491
143 521
143 522
143 531
143 542
143 561
143 575
143 577
143 586
143 591
143 594
144 157
144 177
144 230
144 252
144 266
144 268
144 275
144 326
144 357
144 388
144 406
144 427
144 434
144 437
144 463
144 474
144 486
144 489
144 501
144 506
144 565
144 570
144 587
144 591
145 180
145 183
145 218
145 224
145 321
145 323
145 352
145 391
145 465
145 468
145 473
145 487
145 500
145 534
145 587
146 185
146 186
146 208
146 280
146 311
146 385
146 388
146 445
146 470
146 538
146 539
146 560
147 180
147 184
147 194
147 223
147 226
147 304
147 318
147 339
147 374
147 425
147 434
147 455
147 462
147 482
147 491
147 501
147 560
148 155
148 166
148 204
148 270
148 289
148 315
148 324
148 386
148 427
148 428
148 437
148 455
148 504
148 517
148 520
148 537
148 542
148 554
148 557
148 561
149 210
149 240
149 253
149 320
149 328
149 330
149 343
149 372
149 386
149 444
149 459
149 504
149 534
149 593
150 153
150 157
150 204
150 207
150 255
150 265
150 303
150 313
150 341
150 352
150 490
150 526
150 571
150 578
150 586
151 160
151 187
151 233
151 296
151 332
151 344
151 356
151 370
151 415
151 443
151 451
151 460
151 517
151 531
151 579
152 178
152 291
152 312
152 330
152 333
152 337
152 346
152 354
152 375
152 389
152 396
152 398
152 481
152 482
152 485
152 486
152 535
152 545
152 571
153 240
153 258
153 269
153 271
153 308
153 339
153 369
153 386
153 403
153 463
153 546
153 561
153 569
153 570
153 575
154 188
154 207
154 276
154 290
154 293
154 308
154 361
154 421
154 437
154 458
154 470
154 494
154 553
154 577
155 188
155 202
155 209
155 266
155 268
155 293
155 334
155 343
155 405
155 427
155 438
155 529
155 559
155 560
155 579
156 170
156 193
156 201
156 202
156 217
156 237
156 285
156 304
156 360
156 362
156 380
156 395
156 410
156 427
156 472
156 475
156 501
156 515
156 518
156 592
157 221
157 226
157 234
157 253
157 293
157 302
157 307
157 315
157 357
157 363
157 381
157 408
157 437
157 491
157 492
157 497
157 531
157 583
157 597
158 167
158 203
158 314
158 328
158 338
158 339
158 359
158 378
158 421
158 425
158 469
158 486
158 498
158 506
158 508
158 512
158 528
158 531
158 544
158 570
159 166
159 246
159 257
159 260
159 269
159 276
159 289
159 301
159 320
159 350
159 352
159 395
159 407
159 417
159 437
159 459
159 461
159 495
159 516
159 588
160 183
160 266
160 279
160 337
160 366
160 406
160 411
160 474
160 487
160 504
160 536
160 546
160 548
161 164
161 179
161 290
161 376
161 394
161 417
161 425
161 470
161 476
161 592
162 185
162 187
162 206
162 214
162 261
162 277
162 341
162 361
162 370
162 373
162 418
162 438
162 457
162 587
163 176
163 211
163 220
163 222
163 269
163 289
163 301
163 333
163 334
163 335
163 339
163 354
163 412
163 436
163 447
163 467
163 503
163 530
163 545
163 563
163 565
163 590
164 185
164 220
164 237
164 241
164 255
164 264
164 270
164 297
164 318
164 319
164 330
164 347
164 349
164 371
164 398
164 429
164 461
164 528
164 547
164 553
164 566
164 577
165 232
165 256
165 282
165 301
165 328
165 336
165 350
165 370
165 384
165 386
165 407
165 408
165 427
165 444
165 452
165 473
165 492
165 495
165 501
165 525
165 534
165 583
165 591
165 599
166 173
166 199
166 264
166 302
166 304
166 322
166 326
166 342
166 401
166 406
166 414
166 434
166 450
166 465
166 511
166 558
166 566
167 223
167 378
167 393
167 407
167 415
167 447
167 459
167 475
167 544
167 586
168 175
168 179
168 194
168 198
168 269
168 273
168 278
168 311
168 354
168 447
168 452
168 465
168 497
168 498
168 507
168 522
168 534
169 172
169 263
169 311
169 370
169 398
169 400
169 410
169 426
169 451
169 479
169 485
169 498
169 528
169 546
169 564
169 584
170 219
170 276
170 292
170 299
170 326
170 346
170 368
170 395
170 400
170 415
170 424
170 437
170 442
170 446
170 473
170 536
170 553
170 573
171 210
171 213
171 271
171 353
171 375
171 455
171 456
171 532
171 548
171 552
171 554
171 560
171 566
171 573
171 574
172 205
172 274
172 301
172 357
172 364
172 376
172 396
172 415
172 425
172 451
172 454
172 484
172 491
172 500
172 565
172 574
173 176
173 180
173 195
173 220
173 246
173 250
173 256
173 265
173 284
173 305
173 306
173 311
173 325
173 351
173 372
173 384
173 417
173 442
173 451
173 474
173 539
173 566
174 180
174 247
174 281
174 289
174 347
174 376
174 387
174 448
174 473
174 500
174 501
174 504
174 506
174 536
174 548
174 565
175 216
175 220
175 246
175 253
175 260
175 290
175 309
175 328
175 363
175 370
175 397
175 420
175 422
175 424
175 444
175 460
175 463
175 508
175 582
175 593
176 195
176 211
176 235
176 239
176 290
176 314
176 336
176 346
176 393
176 406
176 427
176 428
176 443
176 449
176 469
176 482
176 502
176 540
176 581
177 205
177 213
177 226
177 242
177 267
177 358
177 405
177 427
177 450
177 469
177 499
177 541
177 544
177 583
177 590
178 253
178 268
178 319
178 323
178 338
178 357
178 389
178 392
178 446
178 493
178 511
178 521
178 556
178 569
178 580
178 585
178 588
179 180
179 217
179 231
179 236
179 246
179 250
179 252
179 261
179 338
179 357
179 362
179 374
179 376
179 382
179 384
179 393
179 398
179 404
179 420
179 436
180 231
180 247
180 288
180 350
180 356
180 378
180 401
180 424
180 490
180 498
180 569
180 570
181 197
181 242
181 251
181 287
181 304
181 317
181 319
181 325
181 334
181 337
181 409
181 484
181 507
181 526
181 544
181 578
181 593
182 209
182 212
182 233
182 237
182 265
182 280
182 291
182 311
182 333
182 336
182 353
182 356
182 363
182 388
182 429
182 456
182 466
182 491
182 508
182 535
182 572
183 192
183 227
183 274
183 298
183 304
183 345
183 357
183 372
183 424
183 469
183 498
183 525
183 528
183 543
183 561
184 187
184 200
184 204
184 228
184 272
184 301
184 354
184 446
184 488
184 490
184 510
184 515
184 521
184 553
184 583
185 289
185 341
185 344
185 363
185 383
185 397
185 409
185 453
185 492
185 504
185 523
185 579
185 591
185 599
186 194
186 199
186 206
186 224
186 228
186 231
186 307
186 309
186 342
186 358
186 400
186 448
186 467
186 469
186 490
186 498
186 527
186 585
187 199
187 205
187 266
187 292
187 298
187 302
187 325
187 336
187 340
187 353
187 378
187 411
187 439
187 455
187 457
187 481
187 504
187 507
187 513
187 514
187 531
187 535
187 566
187 567
188 195
188 214
188 248
188 294
188 353
188 368
188 406
188 432
188 435
188 460
188 462
188 478
188 493
188 504
188 523
188 538
188 546
188 565
189 197
189 199
189 220
189 243
189 295
189 337
189 360
189 377
189 391
189 397
189 405
189 435
189 487
189 495
189 509
189 523
189 529
189 542
189 558
189 582
190 196
190 208
190 218
190 225
190 236
190 276
190 292
190 299
190 305
190 323
190 346
190 370
190 372
190 408
190 427
190 439
190 444
190 450
190 454
190 476
190 485
190 543
190 566
191 218
191 232
191 244
191 262
191 277
191 280
191 333
191 355
191 394
191 407
191 420
191 430
191 466
191 469
191 503
191 545
191 563
191 579
192 198
192 257
192 308
192 344
192 370
192 374
192 383
192 405
192 445
192 467
192 481
192 483
192 500
192 510
192 547
192 555
192 571
192 586
193 225
193 256
193 260
193 357
193 376
193 378
193 446
193 447
193 467
193 494
193 532
193 533
193 540
193 550
193 558
194 323
194 324
194 334
194 340
194 354
194 429
194 437
194 444
194 450
194 452
194 463
194 487
194 488
194 533
194 579
194 592
195 203
195 208
195 210
195 216
195 234
195 265
195 271
195 286
195 288
195 290
195 297
195 298
195 319
195 331
195 358
195 459
195 492
195 530
196 210
196 215
196 225
196 251
196 272
196 281
196 295
196 307
196 352
196 388
196 402
196 555
196 570
196 572
196 583
196 588
197 198
197 244
197 326
197 362
197 370
197 386
197 390
197 412
197 427
197 478
197 509
197 523
197 547
197 549
197 573
198 220
198 226
198 255
198 285
198 291
198 330
198 343
198 345
198 364
198 477
198 515
198 526
198 534
198 551
198 573
199 225
199 228
199 236
199 287
199 390
199 468
199 469
199 484
199 487
199 522
199 576
199 591
200 212
200 274
200 321
200 325
200 416
200 418
200 433
200 466
200 488
200 507
200 537
200 592
201 206
201 210
201 265
201 337
201 345
201 369
201 396
201 405
201 406
201 423
201 480
201 529
202 217
202 249
202 284
202 308
202 325
202 346
202 368
202 462
202 492
202 537
202 570
202 578
203 204
203 222
203 246
203 264
203 279
203 283
203 327
203 349
203 385
203 421
203 425
203 429
203 447
203 488
203 516
203 521
203 593
203 594
204 207
204 208
204 220
204 223
204 288
204 351
204 354
204 371
204 392
204 407
204 425
204 445
204 509
204 522
204 524
204 531
204 560
204 598
205 220
205 226
205 232
205 250
205 290
205 294
205 319
205 331
205 384
205 391
205 426
205 459
205 464
205 494
205 510
205 560
205 563
205 579
206 303
206 326
206 329
206 342
206 345
206 350
206 351
206 359
206 431
206 470
206 571
206 583
207 235
207 269
207 307
207 310
207 356
207 359
207 365
207 366
207 394
207 412
207 445
207 458
207 461
207 524
207 526
207 553
208 255
208 265
208 301
208 310
208 312
208 349
208 374
208 392
208 393
208 411
208 433
208 438
208 473
208 478
208 503
208 511
208 529
209 220
209 237
209 253
209 266
209 285
209 287
209 301
209 304
209 339
209 402
209 412
209 476
209 487
209 558
209 564
210 223
210 233
210 239
210 241
210 268
210 277
210 284
210 285
210 290
210 325
210 384
210 447
210 465
210 499
210 505
210 519
210 570
211 225
211 253
211 299
211 318
211 371
211 376
211 392
211 400
211 446
211 452
211 494
211 544
212 242
212 249
212 254
212 306
212 332
212 337
212 346
212 433
212 436
212 447
212 513
212 515
212 528
212 545
212 551
212 566
212 572
212 573
212 590
213 258
213 268
213 322
213 344
213 347
213 351
213 367
213 388
213 415
213 423
213 431
213 479
213 501
213 522
213 545
213 551
214 221
214 244
214 285
214 301
214 313
214 321
214 351
214 368
214 402
214 434
214 448
214 512
214 520
214 599
215 226
215 235
215 273
215 305
215 372
215 399
215 407
215 481
215 510
215 518
215 538
215 569
216 225
216 229
216 303
216 304
216 320
216 328
216 359
216 370
216 372
216 515
216 520
216 532
216 537
216 563
216 586
217 276
217 309
217 353
217 385
217 390
217 393
217 408
217 443
217 484
217 505
217 529
217 540
217 570
218 219
218 266
218 344
218 352
218 358
218 416
218 438
218 462
218 463
218 508
218 533
218 583
218 596
218 599
219 220
219 235
219 240
219 247
219 289
219 298
219 363
219 367
219 369
219 404
219 418
219 492
219 499
219 522
219 558
220 245
220 249
220 276
220 277
220 278
220 297
220 312
220 317
220 337
220 378
220 397
220 441
220 446
220 474
220 496
220 533
221 268
221 277
221 294
221 320
221 377
221 395
221 417
221 451
221 476
221 497
221 504
221 528
222 232
222 282
222 299
222 324
222 346
222 355
222 426
222 458
222 547
222 588
223 238
223 240
223 250
223 305
223 307
223 312
223 314
223 329
223 330
223 332
223 346
223 360
223 378
223 434
223 440
223 479
223 511
223 516
224 237
224 267
224 311
224 396
224 408
224 458
224 505
224 525
224 529
224 585
224 593
224 595
225 255
225 299
225 361
225 410
225 447
225 489
225 503
225 512
225 521
225 577
226 231
226 235
226 273
226 278
226 316
226 329
226 399
226 463
226 489
226 541
226 571
227 306
227 402
227 417
227 420
227 423
227 424
227 437
227 481
227 485
227 488
227 490
227 495
227 498
227 511
227 543
227 553
228 231
228 240
228 246
228 266
228 267
228 299
228 309
228 311
228 321
228 323
228 365
228 378
228 499
228 501
228 507
228 517
228 528
228 541
228 555
228 559
228 561
228 568
229 294
229 306
229 318
229 332
229 343
229 447
229 512
229 553
229 593
229 597
230 231
230 316
230 369
230 386
230 388
230 390
230 432
230 448
230 466
230 483
230 527
231 364
231 368
231 409
231 423
231 429
231 438
231 445
231 454
231 493
231 503
231 509
231 513
231 523
231 537
231 559
231 561
232 244
232 253
232 262
232 294
232 311
232 353
232 454
232 496
232 540
232 551
232 576
232 597
233 262
233 267
233 275
233 285
233 296
233 304
233 350
233 369
233 388
233 411
233 449
233 483
233 484
233 485
233 506
233 538
233 542
233 543
233 563
233 564
234 252
234 302
234 323
234 348
234 353
234 355
234 361
234 382
234 388
234 404
234 430
234 437
234 444
234 456
234 484
234 565
235 310
235 315
235 336
235 337
235 370
235 389
235 396
235 397
235 442
235 462
235 467
235 470
235 483
235 496
235 518
235 529
235 549
235 563
235 587
235 594
236 239
236 267
236 268
236 315
236 326
236 328
236 329
236 340
236 343
236 382
236 387
236 423
236 454
236 468
236 476
236 525
236 540
236 551
237 268
237 296
237 314
237 445
237 449
237 492
237 532
237 534
237 539
237 555
237 588
237 590
238 250
238 260
238 289
238 320
238 364
238 400
238 424
238 499
238 503
238 528
238 539
238 547
238 576
238 588
239 245
239 288
239 336
239 346
239 353
239 389
239 499
239 579
239 584
240 276
240 292
240 346
240 359
240 424
240 441
240 444
240 463
240 499
240 520
240 535
240 543
240 573
240 583
241 296
241 315
241 331
241 348
241 352
241 411
241 470
241 480
241 517
241 523
241 527
241 547
241 561
241 570
241 580
241 586
241 588
242 252
242 306
242 311
242 321
242 405
242 422
242 433
242 436
242 497
242 499
242 513
242 565
242 575
242 595
243 252
243 254
243 294
243 328
243 333
243 357
243 367
243 407
243 450
243 499
243 524
243 541
243 553
243 570
243 579
243 588
243 597
244 249
244 260
244 268
244 354
244 379
244 395
244 397
244 440
244 451
244 508
244 517
244 585
245 264
245 274
245 277
245 363
245 364
245 366
245 381
245 385
245 403
245 444
245 450
245 464
245 481
245 523
245 554
245 588
246 281
246 302
246 394
246 395
246 453
246 457
246 486
246 501
246 518
246 529
246 590
246 591
247 271
247 303
247 307
247 308
247 379
247 451
247 473
247 483
247 506
247 521
247 539
248 285
248 300
248 406
248 421
248 446
248 505
248 514
248 542
248 577
248 592
249 262
249 273
249 279
249 312
249 350
249 362
249 420
249 439
249 452
249 458
249 536
249 541
250 257
250 260
250 269
250 274
250 289
250 295
250 355
250 383
250 393
250 416
250 431
250 443
250 476
250 485
250 515
250 542
250 578
251 254
251 308
251 314
251 331
251 352
251 353
251 364
251 365
251 395
251 410
251 411
251 455
251 492
251 521
251 527
251 551
251 553
251 584
252 281
252 287
252 313
252 335
252 399
252 405
252 447
252 468
252 487
252 519
252 591
253 390
253 399
253 435
253 459
253 460
253 582
254 300
254 310
254 313
254 315
254 326
254 341
254 354
254 357
254 435
254 526
254 534
254 556
254 574
255 279
255 317
255 328
255 344
255 370
255 421
255 429
255 440
255 444
255 461
255 468
255 470
255 487
255 527
255 552
255 555
255 583
256 277
256 336
256 356
256 366
256 389
256 395
256 455
256 477
256 481
256 493
256 494
256 518
256 522
256 551
256 555
257 258
257 263
257 268
257 290
257 310
257 311
257 325
257 333
257 336
257 351
257 441
257 446
257 450
257 463
257 499
257 534
257 570
257 577
258 277
258 281
258 313
258 333
258 352
258 368
258 432
258 498
258 502
258 504
258 547
259 326
259 329
259 365
259 366
259 419
259 444
259 450
259 470
259 498
259 537
259 558
259 565
259 583
260 271
260 275
260 283
260 289
260 302
260 312
260 323
260 456
260 486
260 495
260 585
261 265
261 334
261 369
261 419
261 497
261 549
261 562
261 581
261 588
262 269
262 292
262 306
262 343
262 392
262 395
262 396
262 400
262 414
262 420
262 423
262 425
262 443
262 462
262 501
262 527
263 278
263 280
263 296
263 313
263 317
263 318
263 321
263 343
263 351
263 383
263 424
263 517
263 552
263 569
263 571
263 580
264 288
264 401
264 463
264 475
264 482
264 483
264 498
264 544
264 548
264 550
264 553
264 556
264 584
265 292
265 299
265 316
265 367
265 407
265 445
265 454
265 483
265 506
265 516
265 555
265 594
266 294
266 300
266 348
266 359
266 378
266 389
266 409
266 422
266 423
266 432
266 493
266 554
267 268
267 269
267 293
267 308
267 384
267 388
267 395
267 406
267 412
267 477
267 505
267 518
267 526
267 575
267 576
267 577
267 597
268 280
268 291
268 293
268 304
268 351
268 395
268 419
268 433
268 461
268 530
268 568
268 592
269 291
269 312
269 337
269 351
269 372
269 381
269 421
269 427
269 515
269 518
269 539
269 570
269 591
269 598
270 281
270 295
270 308
270 317
270 349
270 380
270 417
270 435
270 478
270 513
270 543
270 550
270 593
271 320
271 333
271 357
271 390
271 398
271 461
271 491
271 550
271 597
272 301
272 351
272 356
272 368
272 388
272 417
272 422
272 444
272 450
272 457
272 458
272 516
272 517
272 523
272 580
273 369
273 404
273 413
273 419
273 428
273 431
273 434
273 445
273 484
273 490
273 493
273 511
273 564
274 308
274 343
274 346
274 397
274 398
274 443
274 452
274 460
274 500
274 550
274 551
274 556
274 558
274 572
274 577
274 593
275 279
275 345
275 407
275 418
275 435
275 509
275 532
275 535
275 543
275 561
276 293
276 332
276 347
276 390
276 419
276 434
276 442
276 455
276 526
276 541
277 278
277 290
277 347
277 363
277 381
277 391
277 413
277 425
277 442
277 450
277 458
277 481
277 488
277 496
277 538
277 551
277 557
278 281
278 324
278 405
278 425
278 430
278 449
278 460
278 463
278 513
278 514
278 531
278 571
278 580
278 587
279 284
279 287
279 302
279 333
279 344
279 351
279 352
279 380
279 403
279 408
279 414
279 415
279 421
279 440
279 486
279 496
279 520
279 543
279 589
280 300
280 338
280 355
280 358
280 368
280 372
280 429
280 478
280 492
280 497
280 530
280 578
280 591
281 289
281 307
281 337
281 346
281 390
281 475
281 485
281 500
281 515
281 525
281 564
281 590
282 354
282 360
282 414
282 419
282 432
282 492
282 503
282 506
282 515
282 547
282 558
282 573
282 588
283 285
283 288
283 327
283 337
283 343
283 369
283 429
283 439
283 461
283 520
283 560
284 285
284 295
284 308
284 358
284 390
284 411
284 414
284 454
284 555
285 317
285 330
285 375
285 411
285 415
285 431
285 437
285 450
285 469
285 479
285 511
285 538
285 545
286 293
286 308
286 311
286 403
286 408
286 412
286 462
286 496
286 550
287 300
287 337
287 354
287 368
287 398
287 445
287 465
287 471
287 481
287 515
287 560
287 576
288 355
288 379
288 382
288 389
288 423
288 457
288 481
288 489
288 572
288 582
289 298
289 326
289 414
289 425
289 460
289 471
289 477
289 480
289 495
289 501
290 292
290 335
290 350
290 357
290 378
290 383
290 394
290 411
290 438
290 466
290 501
290 509
290 511
290 515
290 554
290 586
290 589
291 315
291 367
291 398
291 405
291 436
291 437
291 457
291 471
291 525
292 314
292 341
292 351
292 364
292 393
292 401
292 412
292 413
292 425
292 440
292 467
292 470
292 481
292 485
292 488
292 523
292 563
292 587
293 297
293 302
293 307
293 312
293 315
293 326
293 357
293 407
293 427
293 437
293 501
293 507
293 539
293 594
294 306
294 315
294 335
294 355
294 357
294 366
294 373
294 400
294 422
294 434
294 545
294 551
294 561
294 586
295 296
295 301
295 308
295 332
295 352
295 369
295 383
295 389
295 471
295 476
296 313
296 320
296 338
296 339
296 341
296 379
296 397
296 425
296 483
296 490
296 500
296 505
296 553
296 566
296 572
296 590
296 597
297 349
297 355
297 372
297 389
297 402
297 479
297 492
297 530
297 533
297 579
297 582
297 591
298 323
298 328
298 334
298 344
298 351
298 365
298 388
298 393
298 411
298 477
298 540
298 554
298 565
299 301
299 359
299 360
299 380
299 385
299 419
299 521
299 538
299 550
299 581
299 599
300 334
300 404
300 433
300 511
300 548
300 550
300 564
300 569
300 575
301 302
301 333
301 382
301 384
301 389
301 412
301 414
301 430
301 442
301 454
301 532
301 539
301 545
301 548
301 566
301 590
302 309
302 311
302 348
302 445
302 451
302 461
302 481
302 486
302 489
302 514
302 516
302 530
302 558
303 317
303 330
303 357
303 360
303 363
303 384
303 448
303 454
303 494
303 504
303 518
304 308
304 346
304 399
304 416
304 422
304 458
304 466
304 504
304 527
304 536
304 568
304 569
304 573
304 580
304 581
305 318
305 338
305 364
305 417
305 450
305 452
305 455
305 466
305 486
305 526
305 532
305 537
305 554
305 565
305 573
306 325
306 326
306 356
306 358
306 359
306 382
306 391
306 421
306 422
306 460
306 573
307 327
307 332
307 347
307 411
307 459
307 504
307 515
307 519
307 524
307 545
307 549
307 557
308 311
308 318
308 356
308 371
308 384
308 386
308 417
308 473
308 474
308 488
308 496
308 497
308 509
308 524
308 529
308 589
309 391
309 392
309 400
309 411
309 420
309 427
309 431
309 461
309 481
309 555
309 593
309 598
310 326
310 332
310 356
310 383
310 395
310 420
310 441
310 490
310 513
310 552
310 576
310 596
311 364
311 375
311 376
311 386
311 410
311 455
311 462
311 490
311 507
311 528
311 529
311 543
311 567
311 568
312 375
312 445
312 460
312 501
312 542
312 545
312 550
312 561
313 316
313 346
313 392
313 437
313 480
313 509
313 548
313 557
314 406
314 426
314 443
314 486
314 490
314 514
314 515
314 543
315 372
315 377
315 378
315 451
315 480
315 512
315 552
315 567
316 328
316 337
316 356
316 394
316 403
316 423
316 430
316 432
316 451
316 461
316 489
316 539
316 561
316 565
316 583
317 324
317 351
317 384
317 406
317 472
317 562
317 586
318 331
318 391
318 423
318 425
318 430
318 443
318 444
318 455
318 466
318 477
318 506
318 541
318 551
318 568
318 598
319 324
319 328
319 345
319 395
319 409
319 413
319 435
319 451
319 482
319 487
319 562
319 585
320 326
320 329
320 379
320 454
320 475
320 546
320 547
320 563
320 573
320 584
320 598
321 342
321 350
321 356
321 379
321 391
321 394
321 434
321 467
321 494
321 495
321 512
321 527
321 534
321 541
321 549
321 564
321 566
322 382
322 400
322 485
322 508
322 541
322 551
322 554
322 555
322 571
323 338
323 342
323 395
323 454
323 470
323 473
323 477
323 480
323 496
323 536
323 547
323 564
324 338
324 346
324 364
324 494
324 502
324 504
324 507
324 557
324 564
324 577
324 580
324 591
325 328
325 329
325 342
325 351
325 367
325 463
325 496
325 519
325 528
325 539
325 578
325 591
326 338
326 428
326 448
326 528
326 557
326 580
327 399
327 442
327 448
327 449
327 463
327 497
327 503
327 540
327 553
327 585
328 362
328 374
328 402
328 408
328 417
328 419
328 457
328 493
328 519
328 536
328 561
328 591
328 592
329 334
329 362
329 375
329 379
329 381
329 431
329 500
329 512
329 522
329 547
329 549
329 560
330 348
330 367
330 481
330 493
330 519
330 524
330 554
330 581
331 353
331 354
331 377
331 382
331 395
331 475
331 496
331 511
331 513
331 577
332 393
332 412
332 433
332 467
332 480
332 511
332 565
332 573
332 581
333 337
333 370
333 383
333 394
333 402
333 411
333 446
333 458
333 534
333 572
333 589
334 376
334 381
334 452
334 489
334 529
334 547
334 566
334 597
335 372
335 390
335 448
335 450
335 459
335 480
335 495
336 347
336 352
336 362
336 369
336 375
336 380
336 396
336 399
336 403
336 431
336 481
336 484
336 520
336 533
336 564
336 571
336 591
337 365
337 402
337 406
337 418
337 425
337 445
337 484
337 541
337 543
337 544
338 389
338 402
338 435
338 461
338 491
338 519
338 542
338 565
338 590
339 357
339 381
339 391
339 411
339 451
339 458
339 469
339 501
339 530
340 402
340 442
340 443
340 506
340 518
340 543
340 580
340 588
341 351
341 356
341 357
341 435
341 436
341 447
341 459
341 468
341 480
342 422
342 432
342 464
342 471
342 477
342 578
343 345
343 346
343 356
343 379
343 427
343 434
343 468
343 475
343 486
343 504
343 525
343 543
343 595
344 377
344 385
344 424
344 439
344 447
344 453
344 456
344 478
344 494
344 552
344 587
344 589
344 594
345 413
345 449
345 452
345 479
345 488
345 491
345 505
345 523
345 535
345 550
346 351
346 373
346 411
346 422
346 447
346 459
346 485
346 503
346 539
346 550
346 555
346 571
346 572
346 584
347 363
347 381
347 438
347 532
347 553
348 389
348 393
348 424
348 447
348 460
348 479
348 523
349 366
349 367
349 375
349 377
349 420
349 436
349 471
350 359
350 369
350 385
350 402
350 420
350 450
350 451
350 481
350 500
350 511
350 557
351 421
351 428
351 506
351 546
351 565
351 570
351 580
351 581
352 354
352 370
352 382
352 390
352 414
352 461
352 497
352 548
352 549
352 560
352 589
353 440
353 441
353 473
353 482
353 485
353 487
353 493
353 501
353 542
353 585
353 587
353 592
354 382
354 401
354 425
354 485
354 493
354 517
354 518
354 581
355 356
355 369
355 376
355 377
355 389
355 400
355 421
355 462
355 467
355 518
355 526
356 384
356 393
356 416
356 436
356 484
356 490
356 508
356 512
356 514
356 532
356 554
356 576
356 594
357 394
357 417
357 426
357 447
357 463
357 464
357 467
357 504
357 506
357 515
357 598
358 373
358 417
358 456
358 457
358 474
358 480
359 366
359 379
359 471
359 516
359 526
359 577
360 375
360 452
360 458
360 577
361 370
361 378
361 389
361 393
361 419
361 461
361 463
361 486
361 490
361 515
361 519
361 522
361 573
361 588
362 365
362 415
362 421
362 451
362 469
362 558
363 367
363 380
363 398
363 412
363 435
363 466
363 509
363 541
363 547
363 552
363 553
363 560
363 582
364 380
364 436
364 452
364 493
364 518
364 572
364 588
365 378
365 408
365 452
365 495
365 510
366 398
366 431
366 450
366 454
366 463
366 468
366 501
366 504
366 513
366 551
366 563
366 566
366 591
366 596
366 599
367 391
367 420
367 462
367 560
367 584
367 591
368 385
368 397
368 455
368 479
368 525
368 547
368 554
369 411
369 416
369 421
369 427
369 468
369 474
369 475
369 476
369 487
369 541
369 553
369 557
369 589
369 590
370 389
370 404
370 436
370 442
370 447
370 466
370 505
370 526
370 545
370 555
370 576
370 593
371 379
371 421
371 423
371 425
371 504
371 527
371 538
371 575
371 582
371 590
371 591
372 412
372 414
372 461
372 492
372 524
372 528
372 568
372 579
373 377
373 412
373 432
373 449
373 469
373 498
373 521
373 531
373 544
373 560
373 587
373 591
373 594
374 382
374 383
374 473
374 497
374 516
374 521
374 558
374 583
375 377
375 378
375 382
375 499
375 513
375 514
375 524
375 567
376 414
376 430
376 437
376 438
376 479
376 482
376 502
376 530
376 566
376 583
377 386
377 402
377 418
377 432
377 447
377 454
377 460
377 468
377 529
377 530
377 537
378 379
378 410
378 412
378 459
378 480
378 481
378 485
378 513
378 557
378 587
379 421
379 427
379 458
379 473
379 503
379 515
379 534
379 540
379 546
379 547
379 590
379 592
380 402
380 406
380 451
380 459
380 497
380 530
381 461
381 487
381 552
381 562
381 570
381 573
382 429
382 469
382 475
382 588
383 398
383 415
383 416
383 463
383 500
383 506
383 518
383 532
383 539
383 548
384 402
384 432
384 433
384 439
384 454
384 530
384 540
384 542
384 544
385 477
385 478
385 507
385 520
385 546
385 552
385 555
385 560
385 562
385 565
385 566
385 582
386 412
386 433
386 466
386 477
386 493
386 549
386 577
386 586
387 403
387 490
387 527
387 570
387 571
388 400
388 405
388 407
388 435
388 461
388 518
388 537
388 571
389 454
389 471
389 479
389 499
389 510
389 521
389 524
389 539
389 550
389 581
389 584
390 397
390 404
390 450
390 472
390 479
390 532
390 586
391 405
391 409
391 461
391 516
391 522
391 544
391 545
391 554
391 579
391 588
392 452
392 453
392 467
392 470
392 496
392 499
392 512
392 541
392 550
392 555
392 580
393 414
393 421
393 463
393 464
393 478
393 519
393 520
393 562
394 472
394 481
394 484
394 517
394 532
394 544
394 580
394 586
395 400
395 438
395 473
395 486
395 493
395 510
395 529
395 562
395 567
395 572
395 584
396 419
396 422
396 438
396 446
396 462
396 466
396 500
396 518
396 524
396 562
396 571
397 468
397 470
397 484
397 501
397 541
397 543
397 579
398 427
398 454
398 460
399 447
399 461
399 512
399 525
399 551
399 554
399 559
399 575
400 504
400 505
400 528
400 534
400 556
400 561
400 572
400 576
401 404
401 405
401 409
401 427
401 436
401 439
401 487
401 568
402 440
402 487
402 496
402 498
402 501
402 523
402 546
402 566
402 584
402 593
403 407
403 408
403 412
403 425
403 434
403 436
403 443
403 453
403 473
403 544
404 450
404 493
404 496
404 522
404 544
404 567
404 571
404 593
405 466
405 507
405 516
405 565
405 567
405 580
406 440
406 450
406 455
406 469
406 494
406 539
406 571
406 595
407 431
407 432
407 448
407 484
407 510
407 520
407 521
407 557
407 574
408 411
408 481
408 498
408 538
408 560
408 569
408 586
408 592
409 414
409 428
409 440
409 451
409 466
409 488
409 510
409 529
409 572
409 576
410 414
410 440
410 454
411 414
411 429
411 515
412 434
412 444
412 459
412 478
412 555
413 427
413 462
413 489
413 496
413 542
413 565
413 570
413 574
413 587
413 594
413 595
413 596
414 415
414 504
414 540
414 573
415 430
415 501
415 509
415 532
415 544
415 562
415 576
415 586
415 589
416 435
416 450
416 492
416 512
416 517
416 598
417 424
417 463
417 480
417 492
417 553
417 559
417 571
417 576
418 458
418 464
418 486
418 515
418 525
418 544
418 565
418 587
419 463
420 430
420 441
420 446
420 483
420 496
420 506
420 523
420 550
420 590
420 597
421 431
421 437
421 443
421 470
421 473
421 477
421 479
421 509
422 427
422 443
422 458
422 464
422 472
422 481
422 495
422 504
422 509
422 521
422 578
422 590
423 434
423 459
423 474
423 491
423 494
423 499
423 533
423 562
423 595
423 599
424 426
424 494
424 519
424 521
424 536
424 595
425 440
425 456
425 471
425 483
425 488
425 501
425 502
425 511
425 567
425 594
426 436
426 465
426 479
426 522
426 542
426 579
427 444
427 462
427 496
427 522
427 572
427 590
428 445
428 517
428 583
428 589
429 437
429 452
429 458
429 464
429 468
429 472
429 475
429 492
429 496
429 525
429 554
429 556
429 564
429 572
429 579
430 442
430 472
430 480
430 530
430 576
430 595
431 439
431 495
431 514
431 527
431 557
431 574
432 481
432 500
432 547
432 549
432 551
432 560
432 570
432 579
433 477
433 481
433 487
433 495
433 533
434 440
434 443
434 444
434 489
434 527
434 533
434 566
434 583
435 444
435 446
435 538
435 546
435 586
436 453
436 477
436 493
436 503
437 457
437 502
437 508
437 519
437 544
437 562
438 475
438 478
438 485
438 490
438 538
438 589
439 458
439 468
439 540
439 592
440 456
440 506
440 559
440 572
440 587
440 594
440 596
441 442
441 510
441 528
441 530
441 539
441 575
442 504
442 507
442 567
442 571
443 448
443 481
443 513
443 524
443 541
444 453
444 479
444 497
444 513
444 530
444 561
444 569
444 593
445 472
445 484
445 533
446 469
446 489
446 513
446 574
446 579
446 587
446 591
447 453
447 558
447 592
448 459
448 482
448 490
448 503
448 556
449 551
450 459
450 497
451 482
451 496
451 526
451 579
451 580
451 581
451 596
451 597
452 475
452 480
452 509
452 520
452 537
452 573
452 578
452 599
453 460
453 505
453 508
453 526
453 596
454 481
454 488
454 514
454 532
454 534
454 546
454 573
455 507
455 518
455 543
455 584
456 543
456 559
456 581
457 471
457 502
457 511
457 530
457 543
457 544
457 562
457 563
457 579
457 591
458 506
458 523
458 598
459 469
459 537
459 562
460 497
460 500
460 531
460 533
460 536
460 539
460 542
461 488
461 529
461 543
462 478
462 480
462 547
462 571
463 482
463 509
463 518
463 536
463 538
463 569
463 577
464 469
464 480
464 502
464 514
464 583
464 590
465 525
465 528
465 539
465 547
465 552
465 561
466 498
466 573
466 576
466 578
466 583
466 595
466 596
467 524
467 530
467 577
467 580
467 598
468 511
468 523
468 528
468 578
469 472
469 522
469 529
469 531
469 572
470 474
470 479
470 498
470 529
471 476
471 493
471 502
471 557
471 594
472 490
472 571
472 597
473 530
473 547
474 509
474 544
474 552
474 577
474 591
475 479
475 483
475 502
475 524
475 533
475 556
475 558
475 564
475 566
475 570
475 591
476 515
476 564
476 583
476 596
477 529
477 542
477 556
477 562
477 571
477 582
478 486
478 490
478 514
478 515
478 568
478 590
479 503
479 555
479 565
479 570
479 586
480 499
480 500
480 505
480 512
481 542
481 551
482 521
482 536
482 538
482 544
482 547
483 489
483 515
483 518
483 578
483 579
483 595
483 599
484 505
484 530
484 532
485 549
485 564
485 578
486 509
486 515
486 524
486 531
486 536
486 537
486 538
486 541
486 569
487 528
487 541
487 548
487 555
487 569
487 578
487 588
488 492
488 504
488 508
488 517
488 590
489 533
489 538
489 547
489 583
490 529
490 577
490 591
491 495
491 502
491 583
491 584
492 539
493 524
494 499
494 524
494 543
495 497
495 553
495 565
496 498
496 515
496 567
496 571
497 533
497 540
497 568
498 514
498 523
498 525
498 531
498 571
498 575
498 576
499 507
499 525
499 529
499 542
500 591
500 596
500 599
501 549
501 550
501 566
501 583
502 505
502 525
502 561
502 577
502 586
503 533
503 559
503 575
503 578
503 582
504 513
504 538
504 557
504 562
504 581
504 584
505 532
505 549
505 565
505 588
506 514
506 520
506 565
506 581
507 512
507 595
508 541
508 547
508 577
509 518
509 536
509 597
510 527
510 538
510 547
510 559
510 562
510 592
511 515
511 562
511 572
511 590
511 596
513 585
514 524
514 532
514 559
515 533
515 534
515 550
515 562
515 573
516 549
516 562
516 572
517 523
517 563
517 592
517 599
518 528
518 541
518 545
518 553
518 577
518 594
519 576
519 598
520 558
520 574
520 595
521 536
521 556
521 562
521 589
521 598
522 578
522 593
523 534
523 546
524 525
524 545
524 548
524 561
524 567
524 568
524 595
525 562
525 564
525 573
525 576
525 598
526 541
526 580
526 594
527 529
527 541
527 575
528 583
529 558
529 568
529 575
529 599
530 531
530 563
530 586
531 556
531 557
532 541
532 545
532 558
532 574
533 538
533 541
533 549
533 553
533 571
533 593
534 552
534 580
534 584
534 593
535 574
536 563
536 573
536 581
536 595
537 549
537 553
538 543
538 544
538 555
538 577
539 545
540 555
540 563
540 568
540 593
540 599
541 565
541 585
542 552
542 553
543 569
543 595
544 548
544 554
544 556
544 567
545 547
545 555
545 567
545 569
548 552
548 580
549 551
550 594
551 554
551 592
552 568
553 555
553 564
553 572
554 572
555 576
555 596
557 558
557 561
557 585
558 575
558 582
559 580
559 583
561 567
561 573
561 576
562 567
565 582
565 590
567 585
568 584
568 594
569 581
570 578
570 590
570 592
571 573
573 590
573 595
574 595
575 577
575 579
575 580
576 583
577 597
578 593
581 596
582 596
582 598
583 585
584 590
585 598
588 597
591 592
