1
0 76
0 218
1 269
1 323
2 86
2 165
3 203
3 463
4 58
4 437
5 462
5 245
6 397
6 330
7 305
7 410
8 44
9 162
9 234
10 110
10 413
11 40
11 43
12 280
12 163
13 62
13 319
14 43
14 78
15 137
15 331
16 258
16 387
17 122
17 327
18 295
18 333
19 95
19 154
20 298
20 127
21 63
21 118
22 100
23 291
23 448
24 430
24 131
25 266
25 112
26 384
26 60
27 455
27 176
28 311
28 210
29 182
29 224
30 340
30 236
31 77
31 133
32 386
32 253
33 261
33 487
34 444
34 227
35 338
35 435
36 384
36 288
37 69
37 255
38 409
38 185
39 421
39 225
40 422
41 302
41 467
42 259
42 390
44 306
45 313
45 446
46 213
46 228
47 51
47 403
48 266
48 88
49 207
49 216
50 360
50 423
51 496
52 331
52 81
53 169
53 468
54 59
54 426
55 273
55 381
56 140
56 459
57 71
57 214
58 436
59 293
60 278
61 268
61 78
62 337
63 452
64 300
64 448
65 438
65 239
66 270
66 493
67 101
67 480
68 193
68 208
69 469
70 130
70 168
71 138
72 158
72 469
73 409
73 478
74 123
74 251
75 278
75 227
76 347
77 280
79 196
79 253
80 389
80 490
81 96
82 145
82 210
83 307
83 96
84 301
84 249
85 292
85 141
86 281
87 281
87 145
88 303
89 101
89 442
90 175
90 450
91 119
91 381
92 130
92 247
93 276
93 477
94 367
94 377
95 398
97 442
97 242
98 287
98 314
99 304
99 348
100 476
102 186
102 472
103 270
103 180
104 321
104 439
105 305
105 112
106 279
106 354
107 464
107 127
108 406
108 466
109 178
109 491
110 372
111 117
111 339
113 121
113 193
114 388
114 254
115 335
115 232
116 268
116 231
117 128
118 233
119 135
120 299
120 241
121 433
122 396
123 408
124 410
124 492
125 317
125 398
126 352
126 483
128 275
129 134
129 404
131 251
132 351
132 419
133 146
134 263
135 290
136 300
136 235
137 379
138 296
139 371
139 192
140 144
141 223
142 301
142 382
143 365
143 223
144 315
146 165
147 150
147 438
148 342
148 485
149 156
149 205
150 294
151 336
151 447
152 199
152 427
153 195
153 222
154 353
155 192
155 465
156 375
157 162
157 245
158 349
159 435
159 479
160 362
160 390
161 471
161 222
163 481
164 297
164 366
166 355
166 200
167 334
167 215
168 242
169 328
170 186
170 187
171 199
171 289
172 322
172 494
173 308
173 177
174 198
174 216
175 276
176 474
177 377
178 333
179 327
179 498
180 205
181 364
181 431
182 394
183 454
183 350
184 368
184 189
185 217
187 292
188 260
188 209
189 335
190 468
190 248
191 288
191 462
194 322
194 241
195 252
196 286
197 290
197 389
198 318
200 414
201 365
201 490
202 378
202 400
203 244
204 265
204 392
206 444
206 396
207 466
208 386
209 264
211 453
211 225
212 315
212 221
213 461
214 356
215 458
217 293
218 423
219 326
219 443
220 380
220 285
221 460
224 311
226 357
226 495
228 492
229 260
229 367
230 308
230 461
231 310
232 349
233 470
234 295
235 361
236 368
237 319
237 412
238 329
238 360
239 391
240 248
240 477
243 303
243 475
244 351
246 348
246 363
247 400
249 406
250 496
250 345
252 376
254 422
255 440
256 358
256 283
257 291
257 431
258 297
259 478
261 355
262 306
262 274
263 343
264 326
265 359
267 369
267 479
269 480
271 472
271 313
272 373
272 493
273 417
274 481
275 352
277 404
277 482
279 358
282 446
282 454
283 443
284 487
284 489
285 452
286 429
287 341
289 457
294 337
296 323
298 332
299 362
302 379
304 432
307 403
309 383
309 424
310 374
312 436
312 465
314 364
316 450
316 494
317 395
318 415
320 413
320 456
321 467
324 441
324 458
325 350
325 421
328 473
329 445
330 474
332 338
334 497
336 344
339 359
340 425
341 489
342 399
343 370
344 483
345 451
346 387
346 460
347 425
353 498
354 417
356 475
357 408
361 407
363 473
366 432
369 407
370 391
371 464
372 411
373 416
374 486
375 484
376 418
378 427
380 441
382 447
383 388
385 499
385 488
392 440
393 399
393 451
394 418
395 470
397 414
401 445
401 419
402 495
402 482
405 429
405 412
411 420
415 476
416 426
420 434
424 430
428 453
428 434
433 471
437 459
439 486
449 485
449 457
455 463
456 499
484 491
488 497
500 22
501 8
-1 -1
50.8847
