500 6238
0 13
0 38
0 57
0 77
0 91
0 108
0 185
0 217
0 245
0 254
0 256
0 266
0 269
0 272
0 279
0 301
0 316
0 332
0 340
0 398
0 410
0 416
0 424
0 427
0 433
0 460
0 472
0 482
0 492
0 498
1 3
1 7
1 21
1 31
1 95
1 97
1 101
1 111
1 115
1 138
1 223
1 252
1 265
1 269
1 286
1 291
1 300
1 302
1 312
1 332
1 347
1 369
1 396
1 428
1 432
1 440
2 27
2 44
2 74
2 94
2 122
2 138
2 173
2 176
2 200
2 208
2 210
2 221
2 224
2 238
2 254
2 320
2 395
2 410
2 441
2 470
2 474
2 492
2 496
3 6
3 8
3 14
3 65
3 83
3 125
3 134
3 167
3 188
3 189
3 195
3 220
3 224
3 266
3 269
3 281
3 288
3 290
3 300
3 312
3 358
3 370
3 372
3 386
3 401
3 403
3 450
3 455
4 21
4 23
4 27
4 28
4 70
4 101
4 105
4 106
4 111
4 143
4 158
4 161
4 185
4 211
4 218
4 256
4 325
4 355
4 366
4 368
4 386
4 394
4 417
4 443
4 466
4 490
5 11
5 14
5 34
5 61
5 71
5 123
5 126
5 131
5 145
5 179
5 195
5 240
5 253
5 292
5 294
5 299
5 321
5 328
5 351
5 364
5 382
5 389
5 408
5 412
5 413
5 431
5 447
5 450
5 459
6 11
6 54
6 83
6 99
6 151
6 154
6 171
6 186
6 198
6 204
6 206
6 221
6 225
6 240
6 241
6 267
6 312
6 319
6 349
6 373
6 381
6 429
6 473
7 9
7 19
7 48
7 78
7 133
7 202
7 216
7 221
7 226
7 257
7 312
7 319
7 341
7 355
7 402
7 431
7 450
7 463
8 23
8 48
8 51
8 100
8 109
8 147
8 155
8 176
8 184
8 190
8 196
8 209
8 244
8 249
8 273
8 284
8 288
8 302
8 303
8 308
8 333
8 337
8 340
8 355
8 377
8 384
8 409
8 418
8 428
8 432
8 450
8 474
9 46
9 66
9 74
9 75
9 91
9 104
9 108
9 124
9 134
9 143
9 176
9 209
9 255
9 275
9 312
9 331
9 332
9 343
9 353
9 356
9 359
9 390
9 401
9 410
9 466
9 468
9 472
9 484
9 498
10 53
10 56
10 84
10 107
10 117
10 137
10 144
10 147
10 163
10 179
10 180
10 193
10 197
10 211
10 254
10 303
10 326
10 335
10 345
10 396
10 407
10 417
10 419
10 426
10 450
10 454
10 486
11 39
11 47
11 88
11 109
11 110
11 151
11 176
11 201
11 218
11 237
11 248
11 250
11 259
11 261
11 281
11 283
11 298
11 306
11 327
11 348
11 365
11 378
11 447
11 448
11 456
11 460
11 465
11 484
12 23
12 29
12 44
12 46
12 53
12 55
12 78
12 170
12 214
12 247
12 297
12 310
12 340
12 376
12 439
12 459
12 465
12 479
13 14
13 57
13 76
13 82
13 97
13 135
13 136
13 147
13 160
13 191
13 195
13 196
13 223
13 225
13 243
13 262
13 271
13 285
13 292
13 311
13 323
13 324
13 351
13 404
13 430
13 440
14 62
14 71
14 113
14 117
14 124
14 169
14 181
14 189
14 193
14 196
14 237
14 249
14 281
14 309
14 324
14 326
14 341
14 354
14 356
14 383
14 393
14 413
14 464
15 42
15 46
15 53
15 66
15 71
15 94
15 118
15 140
15 145
15 173
15 181
15 195
15 219
15 228
15 233
15 240
15 284
15 356
15 359
15 405
15 426
15 449
15 473
15 477
15 486
16 17
16 29
16 58
16 70
16 110
16 116
16 136
16 151
16 183
16 191
16 206
16 212
16 246
16 265
16 288
16 345
16 350
16 383
16 386
16 394
16 400
16 402
16 411
16 415
16 433
17 34
17 84
17 114
17 121
17 161
17 183
17 185
17 188
17 217
17 238
17 272
17 280
17 346
17 357
17 378
17 448
17 454
17 489
17 495
17 499
18 38
18 55
18 77
18 91
18 94
18 99
18 107
18 142
18 185
18 230
18 238
18 276
18 278
18 283
18 296
18 329
18 375
18 378
18 399
18 436
18 450
18 464
18 494
19 42
19 47
19 50
19 81
19 110
19 129
19 138
19 168
19 176
19 177
19 196
19 199
19 239
19 279
19 326
19 351
19 399
19 401
19 418
19 422
19 441
19 491
20 23
20 32
20 37
20 41
20 51
20 77
20 142
20 144
20 195
20 197
20 211
20 246
20 252
20 262
20 266
20 285
20 305
20 334
20 337
20 386
20 387
20 437
20 443
20 464
21 40
21 48
21 65
21 68
21 75
21 78
21 137
21 147
21 148
21 152
21 230
21 243
21 298
21 321
21 342
21 375
21 380
21 382
21 392
21 401
21 415
21 417
21 449
21 475
21 476
21 494
22 54
22 61
22 98
22 106
22 148
22 185
22 197
22 209
22 212
22 213
22 214
22 228
22 246
22 280
22 291
22 295
22 298
22 317
22 339
22 386
22 402
22 407
22 448
22 470
22 473
22 475
22 482
22 484
23 41
23 46
23 61
23 96
23 112
23 128
23 148
23 191
23 196
23 197
23 199
23 201
23 205
23 214
23 215
23 244
23 254
23 260
23 262
23 268
23 282
23 329
23 345
23 456
23 459
23 461
23 488
23 497
24 47
24 59
24 73
24 94
24 114
24 156
24 175
24 205
24 232
24 247
24 337
24 341
24 346
24 355
24 356
24 443
24 455
24 458
25 55
25 61
25 69
25 70
25 117
25 160
25 193
25 233
25 239
25 258
25 266
25 267
25 284
25 308
25 330
25 332
25 366
25 370
25 400
25 459
26 62
26 74
26 93
26 166
26 177
26 246
26 259
26 265
26 314
26 340
26 364
26 369
26 372
26 379
26 410
26 474
27 35
27 49
27 106
27 122
27 141
27 144
27 162
27 164
27 190
27 267
27 276
27 278
27 301
27 304
27 320
27 329
27 344
27 346
27 397
27 411
27 455
27 468
28 31
28 32
28 38
28 53
28 55
28 121
28 154
28 173
28 177
28 182
28 191
28 208
28 257
28 279
28 323
28 338
28 393
28 420
28 454
28 458
28 464
28 478
28 490
29 50
29 52
29 68
29 70
29 80
29 124
29 125
29 163
29 212
29 270
29 290
29 305
29 308
29 329
29 335
29 346
29 351
29 356
29 456
29 467
29 476
30 35
30 50
30 52
30 73
30 79
30 105
30 132
30 140
30 150
30 232
30 246
30 247
30 250
30 262
30 263
30 277
30 296
30 314
30 317
30 325
30 364
30 371
30 389
30 394
30 403
30 407
30 468
30 471
30 487
31 41
31 44
31 45
31 47
31 70
31 85
31 99
31 107
31 137
31 162
31 189
31 204
31 208
31 251
31 254
31 291
31 342
31 344
31 374
31 383
31 419
31 442
31 466
31 469
32 39
32 51
32 56
32 96
32 101
32 104
32 136
32 177
32 185
32 247
32 256
32 264
32 304
32 341
32 366
32 369
32 376
32 384
32 385
32 399
32 432
32 454
32 457
32 490
33 151
33 152
33 157
33 160
33 161
33 176
33 177
33 185
33 189
33 221
33 244
33 248
33 308
33 331
33 425
33 455
33 465
33 482
34 77
34 119
34 126
34 154
34 175
34 192
34 237
34 241
34 278
34 317
34 324
34 341
34 360
34 362
34 370
34 372
34 381
34 390
34 393
34 399
34 416
34 449
34 462
35 62
35 69
35 76
35 90
35 91
35 100
35 119
35 131
35 151
35 203
35 228
35 230
35 239
35 241
35 286
35 287
35 292
35 308
35 343
35 345
35 349
35 389
35 402
35 429
35 484
35 486
35 488
35 498
36 38
36 67
36 117
36 138
36 139
36 140
36 150
36 166
36 168
36 182
36 183
36 197
36 232
36 268
36 299
36 330
36 345
36 420
36 422
36 428
36 436
36 445
36 458
37 43
37 60
37 62
37 96
37 113
37 140
37 158
37 176
37 182
37 208
37 218
37 241
37 277
37 310
37 327
37 355
37 362
37 364
37 405
37 422
37 433
37 437
37 476
38 55
38 75
38 105
38 116
38 150
38 155
38 175
38 205
38 215
38 232
38 240
38 267
38 299
38 302
38 311
38 315
38 352
38 358
38 364
38 371
38 376
38 417
38 424
38 432
38 439
39 93
39 95
39 112
39 128
39 143
39 169
39 191
39 198
39 203
39 205
39 229
39 238
39 262
39 331
39 392
39 397
39 403
39 406
39 409
39 465
39 488
40 65
40 66
40 121
40 127
40 133
40 155
40 187
40 205
40 214
40 227
40 251
40 262
40 263
40 266
40 271
40 286
40 327
40 332
40 350
40 373
40 387
40 410
40 424
40 451
40 481
40 499
41 59
41 92
41 112
41 128
41 151
41 170
41 174
41 176
41 185
41 190
41 204
41 223
41 234
41 256
41 287
41 290
41 299
41 302
41 315
41 319
41 325
41 339
41 367
41 374
41 375
41 390
41 473
42 58
42 86
42 89
42 93
42 124
42 132
42 140
42 163
42 173
42 180
42 186
42 193
42 212
42 250
42 260
42 278
42 312
42 335
42 338
42 340
42 369
42 374
42 401
42 406
42 482
43 76
43 78
43 112
43 137
43 140
43 143
43 177
43 192
43 215
43 232
43 256
43 257
43 279
43 281
43 345
43 364
43 368
43 388
43 433
43 444
43 445
43 449
43 453
43 457
44 56
44 62
44 73
44 75
44 78
44 118
44 143
44 150
44 153
44 165
44 175
44 228
44 233
44 329
44 330
44 335
44 397
44 415
44 440
44 487
44 488
44 497
45 63
45 110
45 127
45 143
45 168
45 189
45 193
45 197
45 219
45 225
45 248
45 249
45 251
45 252
45 259
45 269
45 282
45 283
45 319
45 344
45 357
45 358
45 368
45 373
45 389
45 395
45 412
45 413
45 441
45 459
45 471
45 481
46 52
46 127
46 130
46 136
46 163
46 164
46 186
46 234
46 252
46 260
46 289
46 310
46 321
46 335
46 344
46 345
46 367
46 378
46 383
46 405
46 407
46 447
46 479
47 92
47 120
47 155
47 156
47 168
47 175
47 176
47 188
47 192
47 209
47 212
47 257
47 259
47 303
47 328
47 391
47 438
47 442
47 453
47 458
47 469
47 475
47 478
47 479
48 70
48 72
48 113
48 126
48 178
48 189
48 204
48 216
48 219
48 233
48 246
48 284
48 311
48 326
48 346
48 376
48 383
48 384
48 385
48 391
48 403
48 412
48 417
48 450
48 484
49 65
49 86
49 87
49 131
49 133
49 161
49 181
49 247
49 285
49 314
49 373
49 406
49 415
49 429
49 437
49 444
49 445
49 446
49 484
50 56
50 60
50 74
50 91
50 124
50 214
50 215
50 220
50 243
50 260
50 267
50 282
50 289
50 311
50 323
50 387
50 426
50 428
50 457
50 460
51 71
51 73
51 141
51 151
51 166
51 168
51 169
51 174
51 206
51 216
51 251
51 263
51 278
51 287
51 302
51 310
51 324
51 393
51 413
51 423
51 452
51 465
52 67
52 95
52 99
52 106
52 110
52 137
52 151
52 157
52 176
52 231
52 239
52 274
52 329
52 350
52 386
52 396
52 401
52 436
52 458
52 471
53 59
53 140
53 200
53 201
53 245
53 250
53 290
53 308
53 341
53 378
53 400
53 405
53 419
53 429
53 444
53 445
53 482
54 73
54 111
54 117
54 197
54 228
54 297
54 299
54 310
54 320
54 354
54 395
54 428
54 431
54 442
54 448
54 495
55 82
55 83
55 88
55 112
55 114
55 140
55 142
55 148
55 152
55 160
55 188
55 196
55 228
55 239
55 266
55 294
55 302
55 361
55 363
55 381
55 445
55 447
55 452
55 453
55 473
55 497
56 94
56 121
56 148
56 155
56 160
56 210
56 217
56 262
56 271
56 331
56 336
56 350
56 388
56 395
56 407
56 436
56 456
56 469
56 499
57 67
57 73
57 91
57 95
57 132
57 171
57 172
57 189
57 205
57 285
57 287
57 294
57 301
57 358
57 366
57 391
57 392
57 400
57 410
57 412
57 428
57 433
57 442
57 446
57 478
57 483
57 494
57 495
58 87
58 98
58 134
58 137
58 191
58 237
58 240
58 257
58 280
58 284
58 296
58 378
58 409
58 441
59 68
59 74
59 90
59 128
59 161
59 181
59 182
59 199
59 229
59 274
59 322
59 367
59 370
59 379
59 382
59 412
59 423
59 430
59 444
59 445
59 474
59 489
59 491
59 493
60 73
60 102
60 108
60 142
60 185
60 187
60 207
60 214
60 225
60 281
60 297
60 354
60 362
60 374
60 387
60 388
60 404
60 427
60 472
61 64
61 87
61 107
61 119
61 129
61 202
61 215
61 232
61 239
61 292
61 296
61 333
61 419
61 422
61 447
61 461
61 476
62 64
62 72
62 124
62 125
62 148
62 175
62 190
62 194
62 270
62 272
62 293
62 302
62 381
62 412
62 415
62 461
62 471
62 477
63 88
63 89
63 106
63 122
63 138
63 144
63 145
63 159
63 179
63 188
63 219
63 265
63 284
63 285
63 286
63 305
63 306
63 346
63 377
63 403
63 435
63 455
63 461
63 467
63 481
63 482
63 494
64 101
64 107
64 111
64 146
64 167
64 185
64 193
64 224
64 230
64 246
64 254
64 289
64 291
64 303
64 331
64 349
64 406
64 424
64 464
64 480
64 491
64 496
65 120
65 132
65 149
65 159
65 174
65 183
65 219
65 242
65 251
65 263
65 266
65 273
65 309
65 318
65 361
65 374
65 388
65 391
65 394
65 412
66 70
66 78
66 85
66 124
66 132
66 140
66 145
66 164
66 201
66 220
66 226
66 262
66 270
66 281
66 314
66 323
66 330
66 346
66 359
66 412
66 415
66 479
66 481
67 74
67 85
67 135
67 160
67 215
67 216
67 230
67 231
67 233
67 245
67 257
67 288
67 319
67 390
67 406
67 415
67 422
67 434
67 468
67 474
67 493
68 103
68 111
68 120
68 126
68 130
68 198
68 216
68 228
68 267
68 286
68 294
68 312
68 320
68 336
68 356
68 358
68 364
68 373
68 374
68 393
68 415
68 421
68 422
68 439
68 443
68 475
68 486
68 488
68 489
68 492
69 77
69 84
69 103
69 124
69 127
69 129
69 157
69 159
69 162
69 172
69 181
69 183
69 192
69 200
69 230
69 233
69 279
69 290
69 303
69 336
69 346
69 358
69 364
69 390
69 398
69 403
69 415
69 422
69 448
69 455
69 458
69 461
69 497
70 96
70 120
70 130
70 188
70 231
70 234
70 238
70 278
70 279
70 284
70 322
70 406
70 422
70 436
70 449
70 456
70 482
70 483
70 497
71 80
71 86
71 134
71 139
71 236
71 259
71 316
71 319
71 326
71 333
71 340
71 345
71 349
71 361
71 364
71 370
71 414
71 492
72 115
72 127
72 139
72 163
72 205
72 221
72 241
72 242
72 244
72 276
72 317
72 329
72 353
72 399
72 416
72 462
72 474
72 476
73 98
73 106
73 155
73 171
73 227
73 235
73 261
73 276
73 298
73 313
73 324
73 327
73 367
73 368
73 383
73 384
73 385
73 411
73 416
73 427
73 428
73 441
73 442
73 461
73 484
73 485
73 490
74 101
74 104
74 112
74 113
74 134
74 140
74 217
74 218
74 222
74 229
74 236
74 244
74 245
74 262
74 300
74 315
74 328
74 342
74 466
74 468
74 469
74 483
75 94
75 98
75 121
75 127
75 131
75 147
75 185
75 194
75 203
75 212
75 241
75 273
75 314
75 345
75 346
75 372
75 405
75 469
76 100
76 129
76 149
76 170
76 182
76 216
76 239
76 259
76 295
76 323
76 324
76 329
76 331
76 356
76 391
76 410
76 415
76 418
76 424
76 445
76 463
76 492
77 81
77 89
77 148
77 168
77 187
77 191
77 217
77 225
77 230
77 234
77 268
77 281
77 303
77 319
77 324
77 336
77 356
77 374
77 390
77 406
77 424
77 454
77 456
78 88
78 94
78 138
78 144
78 152
78 158
78 159
78 204
78 212
78 247
78 250
78 278
78 302
78 318
78 323
78 327
78 337
78 343
78 357
78 368
78 402
78 423
78 463
78 496
79 112
79 144
79 194
79 196
79 212
79 218
79 234
79 251
79 258
79 273
79 294
79 322
79 337
79 340
79 346
79 447
80 81
80 94
80 104
80 120
80 129
80 138
80 155
80 187
80 202
80 205
80 206
80 211
80 230
80 286
80 287
80 306
80 325
80 332
80 335
80 336
80 355
80 380
80 386
80 393
80 433
80 478
81 129
81 133
81 139
81 145
81 150
81 178
81 221
81 229
81 233
81 235
81 240
81 246
81 259
81 265
81 270
81 296
81 339
81 395
81 410
81 416
81 430
81 470
81 473
81 475
81 494
82 104
82 115
82 149
82 154
82 172
82 173
82 175
82 187
82 200
82 201
82 231
82 256
82 259
82 273
82 278
82 287
82 329
82 342
82 375
82 417
82 438
82 458
82 472
83 95
83 106
83 132
83 143
83 174
83 214
83 216
83 226
83 250
83 381
83 383
83 390
83 400
83 416
83 432
83 442
83 467
84 87
84 93
84 106
84 107
84 108
84 120
84 121
84 133
84 148
84 150
84 160
84 165
84 184
84 194
84 207
84 217
84 219
84 254
84 270
84 271
84 272
84 281
84 305
84 309
84 320
84 353
84 357
84 364
84 366
84 393
84 395
84 400
84 408
84 425
84 461
85 96
85 106
85 115
85 138
85 166
85 170
85 178
85 207
85 229
85 244
85 264
85 274
85 339
85 432
85 447
85 467
85 481
85 493
86 118
86 142
86 156
86 171
86 177
86 179
86 207
86 220
86 271
86 313
86 320
86 364
86 371
86 375
86 379
86 388
86 407
86 430
86 492
87 108
87 136
87 149
87 189
87 191
87 193
87 224
87 257
87 262
87 278
87 311
87 355
87 361
87 363
87 385
87 433
87 443
87 454
87 457
87 489
87 496
88 106
88 121
88 123
88 126
88 128
88 135
88 155
88 179
88 235
88 250
88 251
88 273
88 303
88 338
88 363
88 386
88 440
88 489
88 492
88 493
88 496
89 90
89 126
89 167
89 182
89 206
89 275
89 278
89 301
89 331
89 340
89 390
89 446
89 447
89 452
90 120
90 152
90 161
90 192
90 213
90 241
90 261
90 264
90 287
90 292
90 302
90 306
90 346
90 385
90 390
90 415
90 434
90 465
90 480
91 98
91 133
91 153
91 180
91 183
91 189
91 218
91 231
91 246
91 261
91 262
91 263
91 278
91 281
91 282
91 298
91 299
91 313
91 317
91 329
91 343
91 368
91 373
91 415
91 431
91 440
91 459
92 97
92 98
92 105
92 119
92 139
92 144
92 161
92 219
92 241
92 274
92 277
92 287
92 304
92 330
92 348
92 367
92 383
92 384
92 412
92 425
92 445
92 473
92 478
93 100
93 160
93 170
93 185
93 210
93 213
93 255
93 257
93 266
93 274
93 276
93 293
93 300
93 361
93 412
93 428
93 444
93 470
93 472
93 491
94 111
94 119
94 153
94 175
94 188
94 195
94 197
94 234
94 241
94 245
94 256
94 259
94 271
94 279
94 290
94 301
94 311
94 339
94 347
94 352
94 363
94 369
94 376
95 120
95 122
95 163
95 167
95 188
95 193
95 200
95 204
95 208
95 210
95 240
95 251
95 261
95 272
95 282
95 343
95 355
95 389
95 416
95 418
95 478
95 483
95 495
95 499
96 98
96 149
96 160
96 171
96 174
96 178
96 192
96 205
96 243
96 301
96 307
96 337
96 378
96 417
96 431
96 472
97 120
97 211
97 250
97 272
97 281
97 298
97 321
97 328
97 331
97 361
97 396
97 403
97 422
97 427
97 431
97 434
97 482
97 485
98 154
98 174
98 184
98 202
98 215
98 256
98 315
98 343
98 387
98 418
98 422
98 435
98 447
98 449
98 485
98 488
99 118
99 127
99 206
99 208
99 211
99 213
99 230
99 257
99 262
99 272
99 315
99 338
99 393
99 451
99 491
100 139
100 178
100 215
100 249
100 257
100 262
100 277
100 306
100 328
100 332
100 368
100 377
100 380
100 452
100 480
101 141
101 149
101 191
101 232
101 253
101 256
101 317
101 319
101 325
101 344
101 351
101 356
101 358
101 387
101 435
101 489
102 121
102 171
102 172
102 219
102 221
102 241
102 249
102 255
102 272
102 289
102 364
102 421
102 436
102 447
102 451
102 470
102 477
102 487
102 489
102 496
103 125
103 181
103 186
103 200
103 204
103 215
103 256
103 300
103 320
103 360
103 363
103 435
103 436
103 439
103 444
103 449
103 454
103 473
103 486
104 110
104 131
104 137
104 149
104 155
104 162
104 179
104 199
104 239
104 247
104 331
104 333
104 337
104 418
104 420
104 436
105 117
105 140
105 175
105 190
105 209
105 220
105 223
105 253
105 282
105 333
105 341
105 369
105 392
105 404
105 444
105 452
105 453
105 465
105 477
105 487
105 494
106 147
106 185
106 202
106 203
106 218
106 242
106 268
106 313
106 322
106 337
106 357
106 401
106 402
106 432
106 452
106 466
106 472
106 476
106 492
107 135
107 144
107 166
107 187
107 248
107 249
107 269
107 282
107 317
107 330
107 336
107 344
107 367
107 373
107 378
107 444
107 499
108 132
108 136
108 165
108 166
108 183
108 200
108 226
108 244
108 259
108 279
108 303
108 306
108 383
108 446
108 475
108 499
109 193
109 259
109 261
109 281
109 288
109 315
109 391
109 404
109 411
109 417
109 442
109 448
109 499
110 198
110 206
110 212
110 232
110 242
110 246
110 251
110 276
110 282
110 285
110 376
110 382
110 455
110 461
110 468
110 480
111 117
111 124
111 142
111 158
111 168
111 185
111 195
111 237
111 242
111 244
111 249
111 252
111 256
111 258
111 309
111 336
111 338
111 343
111 345
111 356
111 358
111 373
111 384
111 391
111 395
111 401
111 492
111 494
112 119
112 125
112 154
112 162
112 169
112 173
112 182
112 184
112 191
112 222
112 254
112 272
112 294
112 318
112 348
112 368
112 416
112 421
112 449
112 469
112 473
112 487
113 134
113 158
113 169
113 171
113 178
113 185
113 276
113 291
113 295
113 449
113 451
113 461
113 477
113 494
114 142
114 146
114 165
114 173
114 179
114 184
114 201
114 230
114 270
114 318
114 395
114 451
114 459
114 491
115 126
115 133
115 136
115 176
115 178
115 199
115 204
115 239
115 252
115 270
115 299
115 302
115 316
115 322
115 326
115 370
115 394
115 422
115 439
115 442
115 456
115 485
116 144
116 198
116 222
116 281
116 299
116 365
116 371
116 385
116 429
116 431
116 463
116 491
116 497
117 129
117 145
117 258
117 266
117 286
117 314
117 327
117 328
117 380
117 381
117 417
117 469
117 494
118 128
118 145
118 168
118 180
118 188
118 244
118 323
118 324
118 341
118 364
118 415
118 433
118 478
118 486
118 488
119 123
119 133
119 139
119 150
119 153
119 196
119 264
119 269
119 314
119 320
119 374
119 378
119 396
119 409
119 414
119 445
119 465
119 489
120 121
120 141
120 156
120 163
120 189
120 203
120 213
120 227
120 246
120 266
120 273
120 299
120 340
120 369
120 393
120 422
120 488
120 490
121 152
121 178
121 179
121 225
121 259
121 294
121 326
121 329
121 349
121 354
121 362
121 384
121 422
121 437
121 463
121 496
122 141
122 146
122 153
122 162
122 172
122 182
122 186
122 205
122 214
122 221
122 226
122 232
122 279
122 280
122 285
122 307
122 309
122 314
122 315
122 357
122 393
122 398
122 420
122 423
122 444
122 447
122 454
122 461
122 469
122 490
123 180
123 214
123 240
123 241
123 266
123 269
123 270
123 284
123 298
123 305
123 342
123 343
123 356
123 381
123 398
123 400
123 426
123 428
123 435
123 469
123 471
124 178
124 204
124 282
124 292
124 339
124 351
124 355
124 364
124 380
124 403
124 419
124 449
124 492
125 131
125 148
125 152
125 167
125 168
125 173
125 187
125 213
125 228
125 246
125 258
125 298
125 309
125 316
125 348
125 371
125 383
125 385
125 429
125 435
125 466
125 471
125 487
126 146
126 157
126 186
126 205
126 209
126 238
126 276
126 285
126 295
126 300
126 319
126 331
126 353
126 371
126 374
126 414
126 444
126 481
127 149
127 153
127 185
127 189
127 190
127 195
127 231
127 262
127 270
127 284
127 304
127 311
127 336
127 346
127 347
127 364
127 411
127 419
127 452
127 468
127 471
127 476
127 481
128 132
128 134
128 155
128 171
128 182
128 194
128 200
128 207
128 208
128 224
128 230
128 245
128 260
128 280
128 295
128 307
128 355
128 364
128 426
128 430
128 435
128 490
128 492
129 145
129 151
129 166
129 194
129 212
129 226
129 251
129 263
129 286
129 295
129 316
129 343
129 371
129 375
129 416
129 425
129 465
129 494
129 497
130 131
130 133
130 179
130 196
130 200
130 272
130 287
130 357
130 364
130 365
130 372
130 395
130 412
130 423
130 443
130 456
130 467
130 480
131 145
131 176
131 206
131 234
131 244
131 276
131 322
131 340
131 359
131 381
131 388
131 395
131 404
131 408
131 414
131 441
131 445
131 464
132 133
132 143
132 178
132 230
132 256
132 276
132 293
132 308
132 313
132 321
132 370
132 385
132 413
132 422
132 433
132 444
132 459
132 473
132 478
132 483
133 136
133 176
133 217
133 225
133 228
133 232
133 252
133 255
133 268
133 286
133 288
133 289
133 298
133 300
133 314
133 323
133 337
133 345
133 351
133 366
133 381
133 388
133 461
133 492
133 496
134 176
134 241
134 259
134 260
134 266
134 299
134 328
134 349
134 352
134 379
134 386
134 387
134 393
134 394
134 427
134 451
134 463
134 465
134 496
135 142
135 161
135 163
135 184
135 226
135 248
135 252
135 279
135 294
135 301
135 310
135 350
135 450
135 451
135 464
135 468
135 486
135 497
136 157
136 183
136 192
136 211
136 241
136 266
136 280
136 303
136 332
136 342
136 435
136 458
137 176
137 188
137 190
137 257
137 291
137 295
137 317
137 345
137 348
137 362
137 375
137 394
137 397
137 405
137 436
137 440
137 443
137 451
137 464
138 152
138 158
138 173
138 175
138 180
138 182
138 185
138 226
138 229
138 244
138 254
138 273
138 303
138 360
138 390
138 391
138 428
138 451
138 454
138 458
138 470
138 489
139 142
139 156
139 212
139 226
139 256
139 304
139 330
139 333
139 345
139 346
139 359
139 403
139 439
139 449
139 466
139 492
140 151
140 199
140 225
140 257
140 261
140 266
140 338
140 370
140 388
140 396
140 470
140 475
141 145
141 181
141 210
141 224
141 274
141 296
141 323
141 329
141 337
141 342
141 377
141 378
141 381
141 396
141 402
141 405
141 411
141 415
141 471
141 485
142 144
142 169
142 182
142 189
142 202
142 230
142 240
142 248
142 250
142 257
142 273
142 283
142 295
142 305
142 308
142 324
142 335
142 337
142 392
142 404
142 412
142 430
142 449
142 452
142 487
143 151
143 153
143 172
143 173
143 205
143 284
143 295
143 341
143 346
143 355
143 385
143 436
143 462
143 472
143 496
143 497
144 153
144 156
144 167
144 209
144 223
144 239
144 256
144 258
144 261
144 297
144 311
144 314
144 331
144 349
144 359
144 373
144 375
144 377
144 389
144 403
144 419
144 455
144 490
144 496
145 161
145 168
145 203
145 226
145 238
145 283
145 285
145 348
145 360
145 364
145 399
145 406
145 417
145 438
145 440
145 446
145 457
145 459
145 469
146 205
146 268
146 269
146 307
146 308
146 386
146 396
146 421
146 457
146 465
146 483
147 149
147 167
147 192
147 200
147 208
147 211
147 249
147 270
147 296
147 316
147 331
147 351
147 369
147 395
147 402
147 403
147 404
147 408
147 416
147 421
147 445
147 466
147 473
147 474
147 482
147 496
148 176
148 201
148 277
148 314
148 323
148 343
148 360
148 369
148 384
148 445
148 447
148 458
148 495
149 164
149 169
149 181
149 205
149 227
149 240
149 255
149 262
149 286
149 291
149 309
149 325
149 330
149 339
149 345
149 351
149 356
149 392
149 405
149 421
149 451
149 452
149 494
150 202
150 215
150 265
150 275
150 281
150 286
150 297
150 319
150 422
150 424
150 444
150 445
150 451
150 463
150 472
151 166
151 205
151 336
151 344
151 376
151 402
151 436
151 437
151 449
151 459
151 465
151 469
151 499
152 161
152 163
152 176
152 177
152 204
152 205
152 226
152 257
152 276
152 283
152 296
152 299
152 304
152 333
152 344
152 384
152 397
152 411
152 420
152 424
152 439
152 443
152 458
152 459
152 469
153 155
153 177
153 185
153 188
153 192
153 229
153 243
153 245
153 261
153 279
153 292
153 319
153 330
153 358
153 393
153 407
153 409
153 440
153 442
154 161
154 165
154 181
154 222
154 227
154 275
154 276
154 283
154 306
154 317
154 321
154 324
154 329
154 349
154 351
154 352
154 392
154 415
154 423
154 434
154 435
154 458
154 478
154 496
155 172
155 232
155 267
155 326
155 339
155 361
155 372
155 375
155 396
155 474
155 499
156 185
156 191
156 194
156 224
156 227
156 229
156 269
156 300
156 364
156 375
156 408
156 454
156 494
157 187
157 192
157 213
157 338
157 339
157 346
157 357
157 407
157 425
157 453
157 454
157 457
157 472
157 478
158 167
158 177
158 181
158 189
158 205
158 215
158 238
158 246
158 291
158 320
158 332
158 359
158 401
158 414
158 420
158 422
158 433
158 436
158 445
158 457
158 463
158 465
158 467
158 478
158 479
158 482
159 163
159 178
159 198
159 246
159 256
159 259
159 265
159 269
159 283
159 306
159 343
159 364
159 387
159 421
159 433
159 440
159 487
159 495
160 184
160 257
160 265
160 270
160 271
160 317
160 333
160 356
160 363
160 383
160 386
160 392
160 429
160 449
160 452
161 173
161 194
161 222
161 279
161 301
161 306
161 338
161 370
161 393
161 403
162 170
162 294
162 366
162 388
162 422
162 427
162 429
162 488
163 173
163 206
163 239
163 258
163 260
163 278
163 283
163 360
163 362
163 375
163 377
163 388
163 397
163 463
163 471
163 491
164 188
164 218
164 257
164 276
164 299
164 309
164 329
164 359
164 371
164 405
164 406
164 430
164 454
164 459
164 465
164 476
165 166
165 219
165 221
165 230
165 269
165 282
165 299
165 307
165 319
165 336
165 372
165 388
165 438
165 463
165 468
166 190
166 213
166 261
166 276
166 327
166 334
166 357
166 373
166 457
167 182
167 193
167 197
167 208
167 227
167 256
167 266
167 283
167 284
167 317
167 325
167 333
167 354
167 374
167 400
167 402
167 418
167 428
167 449
168 193
168 197
168 236
168 279
168 310
168 347
168 356
168 363
168 367
168 397
168 405
168 424
168 438
168 450
168 459
168 478
168 479
168 482
168 485
168 488
169 172
169 198
169 203
169 225
169 248
169 278
169 283
169 290
169 294
169 341
169 412
169 455
170 183
170 195
170 216
170 217
170 250
170 270
170 280
170 294
170 302
170 312
170 351
170 363
170 366
170 375
170 394
170 440
170 457
170 478
171 184
171 186
171 203
171 209
171 217
171 225
171 241
171 258
171 286
171 296
171 299
171 346
171 347
171 376
171 383
171 400
171 437
171 448
171 464
171 465
171 474
172 176
172 185
172 202
172 209
172 233
172 258
172 268
172 287
172 289
172 305
172 320
172 325
172 397
172 440
172 465
172 470
172 487
173 183
173 205
173 227
173 232
173 264
173 266
173 302
173 338
173 340
173 346
173 401
173 410
173 420
173 424
173 429
173 443
173 460
173 470
173 490
174 192
174 193
174 254
174 258
174 274
174 299
174 341
174 343
174 364
174 367
174 371
174 411
174 440
174 477
174 491
175 177
175 206
175 213
175 217
175 258
175 259
175 266
175 288
175 296
175 335
175 357
175 358
175 367
175 368
175 402
175 460
175 487
176 193
176 209
176 227
176 252
176 257
176 262
176 270
176 320
176 335
176 340
176 373
176 413
176 443
176 466
177 178
177 194
177 195
177 196
177 198
177 202
177 222
177 250
177 260
177 287
177 320
177 323
177 328
177 347
177 351
177 380
177 387
177 423
177 436
177 453
177 484
178 206
178 209
178 243
178 245
178 261
178 337
178 343
178 399
178 414
178 436
178 438
178 478
179 218
179 225
179 226
179 232
179 249
179 283
179 288
179 313
179 316
179 336
179 339
179 345
179 355
179 364
179 393
179 396
179 448
179 467
179 491
179 493
180 182
180 188
180 247
180 303
180 324
180 326
180 395
180 402
180 413
180 439
180 445
180 479
180 482
180 483
181 205
181 214
181 222
181 260
181 271
181 280
181 286
181 289
181 303
181 344
181 350
181 354
181 377
181 381
181 382
181 464
181 465
182 225
182 255
182 269
182 271
182 287
182 298
182 317
182 334
182 350
182 354
182 385
182 403
182 417
182 429
182 458
182 465
182 473
182 488
183 188
183 209
183 213
183 214
183 217
183 250
183 260
183 314
183 402
183 457
183 462
183 463
184 218
184 225
184 264
184 268
184 272
184 273
184 298
184 330
184 360
184 375
184 380
184 387
184 457
184 489
185 187
185 194
185 220
185 222
185 287
185 289
185 293
185 338
185 343
185 344
185 345
185 349
185 378
185 387
185 440
185 449
185 473
185 475
185 487
186 196
186 199
186 206
186 253
186 257
186 304
186 308
186 313
186 363
186 407
186 424
186 438
186 468
186 473
187 193
187 225
187 275
187 285
187 301
187 317
187 323
187 335
187 382
187 425
187 426
187 442
187 452
187 457
187 468
187 479
187 486
188 204
188 214
188 233
188 246
188 264
188 265
188 277
188 281
188 284
188 317
188 321
188 347
188 355
188 382
188 387
188 413
188 429
188 438
188 453
188 487
189 201
189 229
189 247
189 282
189 283
189 293
189 301
189 321
189 373
189 386
189 391
189 414
189 428
189 441
189 447
189 482
190 195
190 207
190 221
190 227
190 244
190 252
190 260
190 266
190 274
190 292
190 293
190 305
190 307
190 310
190 369
190 372
190 391
190 394
190 407
190 413
190 419
190 428
190 432
190 455
190 474
191 275
191 314
191 322
191 343
191 345
191 362
191 376
191 388
191 393
191 405
191 418
191 452
191 485
191 496
192 198
192 218
192 223
192 225
192 228
192 269
192 282
192 283
192 345
192 359
192 418
192 430
192 467
192 478
192 490
192 493
193 236
193 245
193 251
193 258
193 336
193 345
193 350
193 372
193 430
193 442
193 444
193 446
194 205
194 213
194 225
194 255
194 277
194 319
194 351
194 363
194 378
194 392
194 444
195 201
195 213
195 223
195 231
195 238
195 298
195 353
195 363
195 399
195 403
195 457
195 467
196 215
196 335
196 343
196 408
196 431
196 435
196 463
196 469
196 473
196 474
196 481
196 483
196 499
197 260
197 270
197 276
197 287
197 292
197 297
197 309
197 357
197 377
197 484
198 211
198 217
198 235
198 249
198 284
198 303
198 307
198 314
198 337
198 340
198 379
198 399
198 411
198 414
198 424
198 456
198 458
198 465
198 499
199 219
199 228
199 229
199 258
199 288
199 337
199 347
199 353
199 403
199 410
199 424
199 431
199 457
199 476
199 477
199 490
200 205
200 219
200 223
200 238
200 251
200 273
200 277
200 278
200 365
200 395
200 404
200 425
200 444
200 445
200 474
200 478
201 224
201 275
201 280
201 287
201 315
201 369
201 451
201 484
201 496
202 209
202 213
202 229
202 333
202 335
202 350
202 437
203 205
203 217
203 241
203 249
203 258
203 260
203 276
203 287
203 307
203 316
203 355
203 373
203 375
203 414
203 453
203 488
204 224
204 245
204 257
204 285
204 290
204 343
204 356
204 393
204 396
204 398
204 406
204 457
204 465
205 218
205 235
205 296
205 313
205 335
205 340
205 372
205 380
205 394
205 411
205 426
205 445
205 490
206 207
206 226
206 229
206 276
206 279
206 337
206 348
206 364
206 371
206 386
206 403
206 418
206 419
206 442
206 486
207 209
207 230
207 260
207 266
207 277
207 278
207 304
207 311
207 315
207 324
207 326
207 331
207 337
207 398
207 417
207 422
207 431
207 477
208 214
208 215
208 222
208 270
208 271
208 321
208 363
208 374
208 402
208 473
208 477
209 210
209 233
209 268
209 297
209 299
209 310
209 363
209 375
209 381
209 385
209 389
209 416
209 434
209 471
209 477
209 490
210 234
210 239
210 284
210 290
210 295
210 334
210 391
210 393
210 432
210 495
211 218
211 220
211 226
211 229
211 233
211 261
211 266
211 274
211 317
211 323
211 336
211 367
211 451
211 460
211 474
211 485
211 490
211 495
212 220
212 244
212 250
212 315
212 318
212 322
212 332
212 344
212 357
212 370
212 377
212 387
212 428
212 447
212 448
212 462
212 473
213 227
213 275
213 281
213 306
213 311
213 314
213 366
213 371
213 392
213 427
213 432
213 436
213 440
213 473
213 482
214 259
214 271
214 283
214 295
214 303
214 330
214 331
214 349
214 368
214 369
214 371
214 378
214 380
214 385
214 392
214 393
214 394
214 410
214 429
214 430
214 435
214 439
214 469
214 487
215 236
215 381
215 390
215 401
215 411
215 418
215 428
215 429
215 448
215 472
215 473
215 494
216 224
216 226
216 255
216 269
216 278
216 292
216 312
216 347
216 380
216 382
216 426
216 491
217 224
217 257
217 263
217 284
217 311
217 325
217 348
217 352
217 403
217 406
217 423
217 442
218 220
218 237
218 277
218 327
218 332
218 342
218 379
218 384
218 388
218 390
218 398
218 412
218 439
218 480
218 489
219 238
219 273
219 278
219 303
219 307
219 324
219 347
219 376
219 392
219 403
219 411
219 449
219 453
219 464
219 466
219 468
220 238
220 249
220 260
220 360
220 361
220 371
220 376
220 393
220 408
220 455
220 499
221 238
221 261
221 285
221 297
221 300
221 352
221 389
221 398
221 433
221 455
221 461
221 498
222 242
222 246
222 264
222 267
222 270
222 277
222 287
222 302
222 307
222 316
222 331
222 353
222 361
222 362
222 375
222 405
222 410
222 455
222 466
222 478
223 233
223 236
223 251
223 283
223 338
223 350
223 358
223 397
223 406
223 428
223 435
223 461
223 494
224 298
224 307
224 310
224 334
224 377
224 383
224 385
224 387
224 392
224 416
224 429
224 450
224 453
224 454
224 460
224 467
224 489
224 493
225 252
225 271
225 322
225 342
225 405
225 444
225 452
225 453
225 458
225 460
225 481
225 488
226 231
226 280
226 294
226 299
226 353
226 377
226 402
226 408
227 236
227 240
227 249
227 258
227 267
227 280
227 295
227 354
227 356
227 365
227 419
227 434
227 437
227 444
227 450
227 452
227 469
227 481
227 483
227 484
228 239
228 246
228 251
228 254
228 262
228 278
228 280
228 295
228 297
228 322
228 341
228 345
228 351
228 398
228 408
228 409
228 410
228 438
228 466
229 291
229 304
229 307
229 320
229 323
229 340
229 341
229 368
229 459
229 486
230 245
230 251
230 274
230 291
230 295
230 312
230 335
230 338
230 347
230 351
230 369
230 370
230 371
230 398
230 416
230 424
230 431
230 436
230 445
230 449
230 499
231 242
231 280
231 286
231 288
231 297
231 309
231 319
231 327
231 340
231 352
231 359
231 360
231 362
231 372
231 417
231 424
231 447
231 449
231 485
232 239
232 240
232 246
232 247
232 319
232 328
232 342
232 345
232 357
232 377
232 390
232 413
232 426
232 432
232 445
232 453
233 238
233 243
233 295
233 305
233 318
233 327
233 336
233 346
233 363
233 432
233 458
233 468
233 482
234 237
234 238
234 243
234 245
234 264
234 290
234 329
234 350
234 368
234 396
234 408
234 421
234 434
234 452
234 466
234 472
234 484
234 493
234 496
234 498
235 239
235 256
235 310
235 313
235 319
235 325
235 333
235 351
235 383
235 399
235 401
235 408
236 243
236 268
236 270
236 287
236 309
236 312
236 316
236 343
236 406
236 423
236 435
236 472
236 486
237 270
237 281
237 307
237 308
237 373
237 376
237 404
237 405
237 421
237 449
237 453
237 478
237 485
238 262
238 295
238 302
238 312
238 322
238 359
238 367
238 388
238 426
238 449
238 471
239 243
239 245
239 263
239 275
239 286
239 308
239 346
239 385
239 417
239 440
239 444
239 447
239 450
239 482
240 250
240 253
240 255
240 263
240 283
240 289
240 296
240 314
240 339
240 347
240 356
240 363
240 372
240 413
240 415
240 437
240 443
240 468
240 490
241 251
241 255
241 260
241 370
241 399
241 414
241 419
241 427
241 443
241 450
241 477
241 490
241 492
242 287
242 310
242 352
242 362
242 375
242 386
242 407
242 417
242 420
242 422
242 431
242 453
242 454
242 457
242 479
243 316
243 346
243 396
243 402
243 408
243 410
243 446
243 450
244 282
244 296
244 312
244 334
244 338
244 352
244 355
244 385
244 388
244 402
244 418
244 497
244 499
245 256
245 278
245 297
245 309
245 339
245 377
245 378
245 383
245 393
245 412
245 461
245 463
245 467
245 471
245 496
246 326
246 348
246 383
246 390
246 430
246 450
246 497
247 257
247 260
247 291
247 298
247 333
247 342
247 362
247 376
247 403
247 418
247 433
247 450
247 473
247 478
247 490
248 261
248 452
248 462
248 467
248 475
249 258
249 291
249 304
249 353
249 374
249 382
249 460
249 472
250 303
250 308
250 326
250 413
251 252
251 258
251 279
251 287
251 289
251 311
251 326
251 333
251 372
251 373
251 411
251 421
251 435
251 449
251 451
251 489
252 296
252 313
252 326
252 352
252 355
252 359
252 405
252 406
252 472
252 491
253 257
253 285
253 296
253 309
253 315
253 325
253 341
253 345
253 401
253 402
253 414
253 432
253 435
253 441
253 496
253 497
254 262
254 296
254 348
254 355
254 405
254 438
254 459
254 491
254 493
254 497
255 258
255 283
255 291
255 296
255 317
255 334
255 343
255 344
255 417
255 440
255 473
255 492
256 287
256 313
256 346
256 366
256 372
256 374
256 376
256 380
256 385
256 456
256 463
257 258
257 276
257 312
257 403
257 407
257 423
257 448
257 486
258 270
258 309
258 311
258 318
258 349
258 357
258 361
258 382
258 429
258 443
258 444
258 499
259 306
259 319
259 366
259 373
259 381
259 388
259 396
259 405
259 414
259 426
259 433
259 435
259 439
259 451
259 491
259 495
260 270
260 292
260 314
260 320
260 360
260 361
260 369
260 389
260 392
260 438
260 465
260 475
260 488
261 271
261 287
261 289
261 290
261 291
261 335
261 343
261 350
261 355
261 372
261 376
261 392
261 435
261 447
261 483
262 272
262 299
262 317
262 325
262 349
262 365
262 425
262 430
262 439
262 455
262 462
262 480
262 482
262 493
263 271
263 308
263 337
263 367
263 416
263 423
263 433
263 463
263 487
263 492
264 266
264 278
264 287
264 312
264 333
264 337
264 363
264 374
264 406
264 412
264 436
264 441
264 446
264 457
264 464
264 478
265 297
265 322
265 347
265 381
265 418
265 463
266 270
266 305
266 317
266 325
266 345
266 357
266 371
266 375
266 382
266 404
266 433
266 439
266 445
266 451
266 466
266 477
266 480
266 482
266 499
267 274
267 338
267 342
267 344
267 349
267 403
267 425
267 468
267 487
268 271
268 284
268 319
268 337
268 384
268 392
268 399
268 401
268 408
268 410
268 415
268 418
268 425
268 427
268 430
268 447
268 455
268 493
269 280
269 400
269 411
269 436
269 456
269 472
269 477
269 486
270 273
270 288
270 327
270 361
270 387
270 395
270 423
270 470
270 471
270 473
271 287
271 305
271 330
271 331
271 348
271 351
271 361
271 376
271 389
271 395
271 407
271 408
271 439
271 456
271 459
271 461
271 485
271 495
272 278
272 286
272 289
272 311
272 317
272 364
272 371
272 378
272 399
272 412
272 437
272 451
272 475
272 481
272 494
273 278
273 291
273 295
273 301
273 324
273 349
273 355
273 356
273 380
273 393
273 413
273 427
273 431
273 464
273 465
273 483
273 495
274 312
274 329
274 331
274 334
274 371
274 375
274 385
274 395
274 456
274 467
274 482
274 495
275 296
275 304
275 357
275 369
275 385
275 390
275 417
275 422
275 427
275 490
275 497
275 498
276 280
276 328
276 341
276 344
276 349
276 354
276 375
276 379
276 441
276 447
276 448
276 482
276 490
276 496
277 303
277 338
277 344
277 364
277 414
277 434
277 449
277 485
277 489
277 491
278 305
278 315
278 316
278 327
278 330
278 342
278 357
278 386
278 396
278 415
278 471
278 491
279 281
279 290
279 297
279 337
279 343
279 355
279 375
279 381
279 392
279 398
279 400
279 428
279 440
279 469
279 481
279 487
279 499
280 282
280 291
280 297
280 318
280 332
280 334
280 354
280 358
280 373
280 415
280 426
280 486
281 283
281 291
281 300
281 326
281 338
281 343
281 362
281 363
281 392
281 416
281 451
281 454
281 470
282 289
282 309
282 316
282 370
282 378
282 392
282 416
282 417
282 423
282 482
282 484
282 494
282 498
283 287
283 325
283 330
283 337
283 359
283 364
283 375
283 447
284 290
284 291
284 310
284 341
284 370
284 378
284 420
284 425
284 450
284 472
284 484
285 303
285 315
285 325
285 347
285 361
285 368
285 399
285 406
285 410
285 416
285 421
285 443
286 290
286 300
286 330
286 337
286 368
286 398
286 436
286 445
287 295
287 297
287 302
287 364
287 365
287 368
287 466
287 481
288 373
288 378
288 385
288 472
289 290
289 305
289 307
289 328
289 331
289 333
289 335
289 381
289 395
289 404
290 325
290 351
290 358
290 363
290 390
290 392
290 456
291 306
291 326
291 334
291 338
291 339
291 369
291 397
291 423
291 498
292 306
292 328
292 380
292 404
292 421
292 434
292 460
292 472
292 484
293 307
293 318
293 320
293 321
293 331
293 339
293 354
293 395
293 397
293 399
293 405
293 407
293 452
293 459
293 479
294 325
294 350
294 369
294 372
294 404
294 412
294 422
294 423
294 483
294 487
294 494
295 313
295 402
295 406
295 413
295 432
295 456
295 463
295 477
296 302
296 303
296 315
296 321
296 355
296 387
296 406
296 426
296 452
296 476
296 495
297 312
297 314
297 326
297 352
297 391
297 393
297 405
297 409
297 428
297 439
297 449
297 461
297 479
298 302
298 304
298 324
298 333
298 365
298 390
298 400
298 408
298 437
298 444
299 307
299 313
299 319
299 355
299 361
299 373
299 434
299 436
299 454
299 480
300 328
300 344
300 404
300 437
300 461
300 472
300 479
300 490
301 318
301 324
301 333
301 340
301 424
301 437
301 451
301 461
301 487
301 497
302 307
302 317
302 337
302 359
302 423
302 429
302 449
302 481
303 309
303 313
303 316
303 329
303 335
303 359
303 390
303 414
303 424
304 315
304 344
304 373
304 379
304 406
304 416
304 472
305 375
305 384
305 389
305 407
305 419
305 444
305 453
305 469
305 470
306 315
306 336
306 350
306 353
306 379
306 421
306 429
306 472
306 490
307 328
307 330
307 374
307 388
307 420
307 421
307 461
307 470
308 346
308 360
308 394
308 448
308 449
308 467
308 475
308 494
309 319
309 414
309 421
309 440
309 458
309 493
310 316
310 329
310 334
310 342
310 365
310 369
310 455
310 465
310 473
311 316
311 339
311 342
311 355
311 357
311 373
311 377
311 385
311 402
311 412
311 415
311 418
311 443
311 469
312 384
312 422
312 432
312 435
312 443
312 461
312 472
312 482
313 319
313 324
313 329
313 338
313 362
313 399
313 404
313 424
313 427
313 432
313 447
313 452
313 455
313 477
313 486
313 496
314 319
314 338
314 356
314 359
314 378
314 379
314 387
314 411
314 421
314 425
314 428
314 442
314 498
315 344
315 345
315 375
315 379
315 394
315 396
315 404
315 429
315 438
315 444
316 341
316 373
316 378
316 383
316 405
316 406
316 442
317 322
317 338
317 348
317 378
317 385
317 394
317 397
317 415
317 429
317 452
317 455
317 472
317 491
317 492
318 323
318 332
318 388
318 418
318 436
318 449
318 466
318 494
319 353
319 356
319 359
319 392
319 465
319 491
320 328
320 340
320 344
320 373
320 389
320 420
320 439
320 458
320 491
321 328
321 332
321 338
321 352
321 356
321 362
321 412
321 422
321 443
321 445
321 454
321 477
321 487
321 498
322 357
322 367
322 368
322 381
322 391
322 407
322 416
322 422
322 435
322 453
322 467
323 364
323 380
323 392
323 418
323 421
323 462
323 470
323 473
323 483
324 338
324 341
324 345
324 352
324 374
324 377
324 385
324 410
324 412
324 429
324 446
324 472
324 483
325 343
325 394
325 437
325 475
325 477
325 479
326 327
326 330
326 363
326 401
326 410
326 413
326 433
326 452
327 360
327 366
327 410
327 416
327 417
327 424
327 438
327 444
327 466
327 482
327 494
328 331
328 337
328 339
328 344
328 361
328 368
328 378
328 410
328 418
328 428
328 465
329 360
329 374
329 404
329 418
329 428
329 430
329 448
329 472
330 345
330 386
330 393
330 423
330 435
330 440
330 442
330 467
330 481
331 412
331 437
331 477
331 480
331 496
332 334
332 351
332 374
332 380
332 394
332 423
332 476
332 478
333 357
333 375
333 379
333 397
333 457
333 470
334 339
334 354
334 372
334 389
334 409
335 380
335 443
335 464
335 471
335 497
336 338
336 343
336 355
336 361
336 383
336 424
336 440
336 452
336 474
336 488
337 338
337 353
337 425
337 442
337 453
337 467
337 480
338 383
338 394
338 420
338 434
338 444
338 478
338 488
339 373
339 376
339 387
339 394
339 435
339 442
339 484
340 348
340 364
340 366
340 408
340 441
340 483
340 485
341 351
341 389
341 396
341 473
341 495
342 366
342 379
342 442
342 443
343 364
343 365
343 367
343 386
343 388
343 405
343 429
343 442
343 463
343 464
344 354
344 366
344 434
344 483
345 373
345 395
345 420
345 479
346 363
346 384
346 402
346 416
346 475
346 490
347 352
347 391
347 458
348 362
348 368
348 424
348 435
349 377
349 389
349 394
349 428
349 453
349 459
349 474
349 483
349 498
350 353
350 359
350 390
350 394
350 400
350 452
350 489
350 492
351 352
351 362
351 416
351 422
351 474
352 395
352 396
352 413
352 419
352 462
352 488
352 499
353 368
353 376
353 383
353 394
353 403
353 426
353 434
353 446
353 460
353 473
353 491
354 358
354 380
354 386
354 387
354 423
354 426
354 443
354 466
354 471
354 485
355 362
355 482
355 497
356 377
356 379
356 384
356 432
356 468
356 477
356 491
357 373
357 378
357 398
357 447
357 459
357 471
357 497
358 426
358 468
358 477
359 423
359 439
360 380
360 385
360 393
360 409
360 426
360 461
360 479
360 498
361 401
361 428
361 452
361 454
362 384
362 409
362 429
362 448
362 459
362 472
362 497
363 377
363 398
363 401
363 406
363 469
364 371
364 412
364 419
364 422
364 443
364 482
365 382
365 383
365 419
365 420
365 465
365 466
365 467
365 476
365 484
365 486
366 381
366 404
366 412
366 413
366 420
366 447
366 453
366 461
366 476
367 372
367 395
367 439
367 450
367 464
368 388
368 400
368 421
368 449
368 452
368 453
368 471
369 386
369 425
369 431
369 450
369 458
370 374
370 392
370 393
370 401
370 451
370 452
370 457
371 429
371 430
371 451
371 464
371 472
371 487
371 497
371 499
372 399
372 406
372 411
372 415
372 433
372 435
372 437
372 443
372 454
372 456
372 476
373 376
373 388
373 405
374 378
374 399
374 443
374 461
374 497
374 498
375 390
375 398
375 403
375 412
375 428
375 445
375 446
375 455
375 472
375 473
375 495
376 436
376 456
376 495
376 497
377 388
377 442
377 460
377 466
377 469
377 481
378 393
378 399
378 442
378 449
378 455
379 419
379 434
379 459
380 383
380 400
380 425
380 441
380 468
380 474
380 487
381 387
381 388
381 406
381 407
381 409
381 422
381 437
381 481
382 387
382 424
382 452
382 460
382 475
383 384
383 418
383 425
383 442
383 487
384 413
384 454
384 462
385 401
385 414
385 420
385 444
385 453
385 491
386 414
386 431
386 447
386 450
386 478
386 483
387 455
387 461
387 490
388 444
388 467
388 469
388 478
389 421
389 440
389 454
389 478
390 433
391 399
391 411
391 413
391 416
391 417
391 471
391 474
391 489
392 398
393 405
393 415
393 435
393 491
393 496
394 400
394 408
394 413
394 416
394 430
394 441
394 458
394 473
394 476
394 492
395 411
395 417
395 441
395 448
395 462
395 471
396 451
396 452
396 471
396 481
397 409
397 420
397 481
397 496
398 435
399 401
399 415
399 475
399 491
399 498
400 472
401 408
401 423
402 404
402 432
402 442
402 455
402 475
402 484
403 484
403 489
404 409
404 437
404 448
404 463
405 409
405 413
405 427
405 461
405 468
405 476
407 417
407 418
407 425
407 429
407 440
407 453
407 458
407 466
408 419
409 415
409 455
409 484
410 438
410 441
410 443
410 446
410 483
410 485
410 491
410 496
410 498
411 490
412 433
412 474
412 478
413 421
413 425
413 434
413 445
413 465
413 477
414 415
414 439
414 445
414 447
414 458
414 476
414 496
415 421
415 436
415 451
415 469
416 417
416 426
416 465
416 473
417 458
417 475
417 478
417 489
418 450
418 471
418 472
418 483
419 425
419 429
419 434
419 448
419 458
419 486
420 443
420 444
420 446
420 457
420 464
420 494
421 438
421 440
421 441
421 446
421 454
421 482
421 486
422 435
422 468
422 477
422 484
422 486
422 499
423 452
423 468
423 478
424 456
424 465
425 434
425 449
425 456
425 461
425 475
425 489
425 490
426 447
426 450
426 451
426 459
426 468
426 492
427 467
427 487
428 495
428 496
429 481
429 483
429 498
430 457
430 471
430 486
430 488
431 446
431 454
431 455
431 478
432 453
432 458
432 469
432 484
432 495
433 437
433 458
433 471
434 437
434 447
434 491
435 441
435 464
436 441
436 442
436 443
436 494
437 439
437 469
437 479
438 453
438 464
439 442
439 456
439 459
439 466
439 469
439 474
439 488
441 476
442 459
443 461
443 464
443 470
444 446
444 495
445 451
445 462
445 485
445 492
445 495
446 461
446 498
447 475
447 482
447 493
447 499
448 469
448 475
448 477
448 492
448 495
449 456
450 461
450 464
450 472
450 485
450 493
451 457
451 462
451 466
451 479
451 488
452 457
452 474
452 482
453 462
453 466
453 467
453 485
453 489
454 456
454 472
454 486
454 498
455 466
455 479
456 457
456 460
456 462
456 477
457 458
457 460
457 483
457 497
458 482
458 489
458 494
459 464
459 473
459 475
461 470
463 468
463 499
464 471
464 491
465 475
465 485
466 490
467 497
467 499
468 485
469 480
470 478
470 491
472 479
472 490
473 499
474 486
474 493
474 496
476 489
476 497
477 483
479 498
481 486
483 497
486 492
488 496
490 493
490 494
