1
0 491
0 307
1 142
1 248
2 337
2 115
3 401
3 21
4 418
4 100
5 441
5 381
6 291
6 97
7 270
7 398
8 447
8 366
9 144
9 428
10 135
10 213
11 390
11 73
12 136
12 471
13 106
13 244
14 100
14 56
15 215
15 91
16 132
16 409
17 282
17 255
18 26
18 261
19 203
19 156
20 273
20 391
21 444
22 187
22 372
23 305
23 435
24 327
24 494
25 455
25 254
26 301
27 180
27 313
28 407
28 408
29 153
29 99
30 138
30 32
31 36
31 52
32 44
33 253
33 127
34 347
34 38
35 139
35 142
36 221
37 277
37 285
38 178
39 291
39 310
40 245
40 60
41 261
41 265
42 146
42 47
43 240
43 361
44 211
45 175
46 477
46 191
47 286
48 136
48 126
49 258
49 378
50 149
50 57
51 201
51 293
52 346
53 272
53 228
54 83
54 482
55 349
55 166
56 475
57 275
58 79
58 125
59 269
59 378
60 371
61 438
61 165
62 409
62 99
63 158
63 242
64 389
64 499
65 297
66 75
66 397
67 299
67 380
68 339
68 476
69 341
69 172
70 215
70 414
71 227
71 488
72 493
72 312
73 202
74 273
74 260
75 274
76 468
76 105
77 473
77 354
78 134
78 372
79 345
80 88
80 217
81 167
81 251
82 198
82 436
83 259
84 265
84 373
85 437
85 109
86 164
86 290
87 292
87 422
88 314
89 402
89 103
90 137
90 452
91 321
92 388
92 104
93 454
93 181
94 257
94 177
95 298
95 112
96 281
96 102
97 199
98 271
98 246
101 269
101 121
102 198
103 105
104 353
106 492
107 278
107 303
108 156
108 379
109 443
110 279
110 280
111 344
111 165
112 227
113 336
113 245
114 199
114 486
115 346
116 333
116 143
117 455
117 465
118 214
118 190
119 463
119 127
120 232
120 316
121 349
122 320
122 276
123 397
123 172
124 322
124 370
125 323
126 306
128 267
128 435
129 320
129 429
130 214
130 229
131 404
131 252
132 368
133 149
133 216
134 304
135 266
137 364
138 258
139 495
140 345
140 365
141 460
141 468
143 204
144 491
145 350
145 415
146 219
147 438
147 186
148 424
148 315
150 220
150 188
151 332
151 213
152 433
152 362
153 161
154 474
154 171
155 339
155 423
157 481
157 237
158 205
159 324
159 424
160 323
160 447
161 182
162 421
162 310
163 308
163 376
164 298
166 406
167 429
168 400
168 411
169 343
169 316
170 200
170 492
171 456
173 389
173 426
174 418
174 432
175 282
176 391
176 355
177 207
178 340
179 325
179 209
180 183
181 480
182 266
183 356
184 385
184 352
185 402
185 434
186 426
187 421
188 393
189 414
189 358
190 277
191 359
192 312
192 445
193 263
193 419
194 459
194 360
195 436
195 232
196 348
196 410
197 295
197 394
200 427
201 280
202 333
203 268
204 462
205 470
206 432
206 313
207 454
208 256
208 295
209 330
210 302
210 306
211 431
212 485
212 236
216 238
217 304
218 386
218 459
219 405
220 382
221 230
222 396
222 408
223 286
223 247
224 448
224 484
225 279
225 300
226 439
226 377
228 260
229 354
230 441
231 451
231 342
233 469
233 416
234 480
234 487
235 329
235 347
236 472
237 386
238 434
239 390
239 288
240 363
241 259
241 247
242 348
243 466
243 383
244 289
246 331
248 288
249 335
249 251
250 284
250 440
252 256
253 307
254 267
255 482
257 262
262 485
263 367
264 453
264 422
268 442
270 497
271 369
272 287
274 450
275 317
276 300
278 375
281 437
283 428
283 374
284 325
285 423
287 385
289 303
290 415
292 392
293 301
294 344
294 477
296 488
296 446
297 449
299 448
302 370
305 365
308 430
309 387
309 412
311 395
311 489
314 474
315 458
317 319
318 417
318 419
319 377
321 384
322 332
324 404
326 412
326 367
327 496
328 392
328 458
329 442
330 453
331 457
334 427
334 363
335 451
336 384
337 473
338 489
338 376
340 475
341 481
342 469
343 449
350 369
351 395
351 382
352 368
353 486
355 420
356 439
357 465
357 484
358 479
359 406
360 461
361 498
362 493
364 396
366 403
371 496
373 379
374 495
375 462
380 466
381 399
383 460
387 420
388 467
393 446
394 417
398 416
399 498
400 483
401 478
403 413
405 411
407 430
410 464
413 431
425 450
425 443
433 487
440 467
444 471
445 463
452 472
456 461
457 499
464 497
470 490
476 478
479 490
483 494
500 65
501 45
-1 -1
16.4766
