1
0 32
0 161
1 30
1 118
2 44
2 112
3 11
3 180
4 13
4 137
5 33
6 89
6 200
7 25
7 68
8 119
8 154
9 128
9 175
10 122
10 156
11 294
12 68
12 133
13 196
14 229
14 252
15 273
15 246
16 52
16 224
17 23
17 233
18 61
18 95
19 84
19 135
20 26
20 296
21 86
21 227
22 152
22 160
23 103
24 88
24 128
25 159
26 267
27 85
27 195
28 259
28 50
29 53
29 115
30 149
31 73
31 99
32 117
33 296
34 107
34 210
35 62
35 82
36 123
36 130
37 271
37 204
38 258
38 67
39 87
39 126
40 47
40 289
41 179
41 280
42 165
42 252
43 90
43 123
44 57
45 284
45 140
46 76
46 114
47 139
48 129
48 213
49 134
49 148
50 63
51 265
51 125
52 140
53 160
54 70
54 120
55 267
55 108
56 66
56 163
57 105
58 95
58 223
59 264
59 124
60 284
60 156
61 111
62 214
63 142
64 282
64 100
65 260
65 152
66 221
67 269
69 121
69 147
70 283
71 98
71 235
72 116
72 192
73 102
74 199
74 219
75 78
75 172
76 290
77 276
77 143
78 148
79 132
79 169
80 275
80 134
81 278
81 248
82 288
83 97
83 179
84 201
85 231
86 261
87 110
88 223
89 144
90 253
91 257
91 243
92 279
92 274
93 138
93 166
94 256
94 157
96 119
96 126
97 142
98 219
99 277
100 144
101 150
101 222
102 162
103 269
104 188
104 245
105 131
106 283
106 164
107 247
108 202
109 138
109 158
110 218
111 113
112 225
113 297
114 195
115 157
116 289
117 224
118 254
120 158
121 241
122 236
124 189
125 216
127 167
127 255
129 194
130 298
131 274
132 208
133 206
135 136
136 281
137 260
139 178
141 271
141 221
143 206
145 265
145 293
146 182
146 234
147 287
149 236
150 278
151 187
151 212
153 166
153 167
154 264
155 170
155 292
159 209
161 190
162 213
163 171
164 242
165 193
168 222
168 238
169 174
170 254
171 261
172 249
173 183
173 193
174 242
175 244
176 220
176 246
177 202
177 240
178 234
180 288
181 258
181 214
182 238
183 228
184 215
184 270
185 231
185 239
186 297
186 298
187 217
188 262
189 200
190 244
191 259
191 250
192 286
194 230
196 197
197 243
198 273
198 226
199 268
201 212
203 225
203 262
204 230
205 295
205 211
207 285
207 216
208 241
209 282
210 229
211 240
215 279
217 226
218 228
220 299
227 293
232 257
232 270
233 263
235 275
237 256
239 272
245 253
247 290
248 292
249 266
250 251
251 266
255 295
263 268
272 277
276 286
280 285
281 291
287 299
291 294
300 237
301 5
-1 -1
2.75954
