1
0 187
0 253
1 257
1 53
2 81
2 156
3 260
4 7
4 250
5 113
5 159
6 120
6 209
7 173
8 267
8 85
9 33
9 83
10 58
10 248
11 13
11 34
12 70
12 204
13 280
14 26
14 293
15 198
15 214
16 92
16 93
17 295
17 235
18 163
18 211
19 88
19 237
20 153
20 220
21 63
21 166
22 152
23 196
23 248
24 238
24 246
25 257
25 101
26 284
27 267
27 123
28 35
28 206
29 116
29 119
30 279
30 125
31 86
31 182
32 277
32 168
33 158
34 108
35 47
36 54
36 192
37 172
37 181
38 222
38 244
39 52
39 200
40 74
40 233
41 299
41 79
42 176
42 288
43 113
43 250
44 86
44 230
45 126
45 241
46 262
46 78
47 219
48 76
48 214
49 265
49 261
50 151
50 175
51 91
51 208
52 263
53 258
54 173
55 115
55 161
56 99
56 193
57 134
57 184
58 84
59 150
59 171
60 97
60 228
61 157
61 247
62 85
62 180
63 215
64 169
64 242
65 125
65 296
66 130
66 142
67 154
67 161
68 258
68 80
69 147
69 180
70 160
71 74
71 182
72 171
72 227
73 265
73 88
75 96
75 119
76 270
77 259
77 110
78 189
79 105
80 217
81 231
82 203
82 219
83 220
84 204
87 129
87 153
89 297
89 249
90 262
90 289
91 284
92 273
93 251
94 128
94 283
95 291
95 210
96 276
97 221
98 129
98 278
99 254
100 158
100 170
101 225
102 108
102 147
103 279
103 252
104 269
104 124
105 213
106 223
106 255
107 179
107 224
109 148
109 151
110 225
111 227
111 247
112 282
112 201
114 131
114 142
115 150
116 272
117 185
117 211
118 291
118 255
120 263
121 191
121 249
122 164
122 276
123 163
124 296
126 272
127 287
127 232
128 198
130 175
131 235
132 283
132 174
133 193
133 230
134 261
135 260
135 165
136 138
136 281
137 275
137 143
138 239
139 181
139 297
140 190
140 202
141 264
141 229
143 218
144 298
144 169
145 266
145 194
146 186
146 196
148 202
149 266
149 236
152 290
154 167
155 205
155 208
156 179
157 216
159 256
160 172
162 167
162 199
164 217
165 186
166 222
168 228
170 290
174 231
176 200
177 233
177 251
178 277
178 213
183 286
183 197
184 226
185 278
187 223
188 280
188 195
189 209
190 275
191 298
192 195
194 238
197 207
199 268
201 286
203 224
205 244
206 234
207 292
210 237
212 281
212 274
215 239
216 269
218 264
221 243
226 232
229 242
234 294
236 273
240 292
240 289
241 294
243 282
245 295
245 246
252 293
253 274
254 285
256 271
259 288
268 270
271 287
285 299
300 22
301 3
-1 -1
4.12716
