1
0 45
0 212
1 17
1 264
2 34
2 217
3 11
3 221
4 16
4 52
5 172
5 253
6 65
6 146
7 289
7 248
8 276
8 287
9 40
9 79
10 35
10 221
11 231
12 13
12 207
13 170
14 103
14 255
15 171
15 193
16 184
17 35
18 136
18 181
19 299
19 138
20 257
20 149
21 282
21 228
22 186
22 187
23 258
23 179
24 262
24 288
25 75
25 139
26 124
26 249
27 164
27 168
28 270
28 178
29 266
29 119
30 101
30 194
31 87
31 203
32 270
32 277
33 71
33 219
34 102
36 46
36 174
37 92
37 181
38 99
38 188
39 64
39 75
40 266
41 165
41 222
42 256
42 239
43 99
43 264
44 295
44 107
45 211
46 268
47 67
47 94
48 273
48 198
49 60
49 208
50 80
50 160
51 193
51 199
52 130
53 173
53 180
54 214
54 244
55 89
55 220
56 284
56 223
57 234
57 238
58 211
58 215
59 65
59 156
60 251
61 156
61 281
62 158
62 183
63 131
63 203
64 294
66 110
66 154
67 265
68 127
68 196
69 140
69 172
70 73
70 167
71 250
72 108
72 242
73 261
74 259
74 97
76 282
76 175
77 292
77 166
78 275
78 125
79 157
80 280
81 125
81 192
82 155
82 248
83 109
83 215
84 141
84 149
85 118
85 148
86 148
86 187
87 216
88 119
88 206
89 213
90 238
90 298
91 128
91 185
92 271
93 116
93 135
94 232
95 170
95 216
96 113
96 159
97 104
98 280
98 210
100 114
100 204
101 191
102 144
103 245
104 267
105 190
105 296
106 212
106 241
107 262
108 163
109 201
110 235
111 173
111 231
112 267
112 160
113 249
114 167
115 189
115 195
116 227
117 288
117 204
118 162
120 158
120 286
121 122
121 152
122 296
123 198
123 239
124 142
126 145
126 279
127 129
128 235
129 132
130 290
131 228
132 240
133 225
133 244
134 183
134 190
135 283
136 157
137 161
137 164
138 176
139 180
140 189
141 276
142 182
143 162
143 240
144 292
145 174
146 291
147 281
147 246
150 188
150 197
151 269
151 199
152 229
153 168
153 222
154 232
155 205
159 201
161 217
163 299
165 258
166 268
169 273
171 278
175 255
176 192
177 283
177 243
178 271
179 261
182 218
184 225
185 251
186 254
191 234
194 202
195 260
196 290
197 259
200 295
200 237
202 287
205 224
206 227
207 223
208 263
209 265
209 275
210 256
214 260
218 224
219 230
220 236
226 269
226 274
229 297
230 274
233 284
233 285
236 257
237 297
241 245
242 253
243 285
246 252
247 278
247 263
250 298
252 294
254 279
272 291
272 293
277 293
286 289
300 213
301 169
-1 -1
5.76939
