1
0 20
0 191
1 43
1 65
2 134
2 167
3 31
3 80
4 11
4 47
5 8
5 272
6 16
6 180
7 159
7 198
8 283
9 27
9 185
10 114
10 143
11 63
12 71
12 97
13 285
13 184
14 46
14 212
15 227
15 250
16 44
17 38
17 45
18 270
18 131
19 271
19 202
20 279
21 281
21 231
22 126
22 236
23 274
23 26
24 269
24 214
25 92
25 250
26 201
27 115
28 257
28 226
29 81
29 228
30 94
30 141
31 189
32 95
32 207
33 37
33 152
34 166
34 206
35 149
35 253
36 275
36 188
37 265
38 163
39 155
39 239
40 130
40 175
41 259
41 254
42 257
42 103
43 61
44 216
45 184
46 155
47 295
48 112
48 204
49 68
49 142
50 145
50 286
51 108
51 243
52 238
52 246
53 135
53 175
54 121
54 176
55 283
55 209
56 153
56 154
57 79
57 85
58 72
58 180
59 154
59 194
60 262
60 171
61 79
62 129
62 256
63 292
64 268
64 276
65 227
66 288
66 220
67 122
67 251
68 238
69 140
69 182
70 150
70 151
71 198
72 278
73 128
73 210
74 117
74 213
75 299
75 164
76 124
76 219
77 120
77 186
78 196
78 297
80 160
81 90
82 266
82 288
83 97
83 178
84 260
85 220
86 102
86 214
87 211
87 239
88 123
88 146
89 265
89 287
90 112
91 96
91 98
92 298
93 111
93 241
95 190
96 157
98 171
99 203
99 246
100 275
100 181
101 102
101 193
103 162
104 113
104 201
105 284
105 181
106 263
106 297
107 280
107 133
108 287
109 267
109 277
110 138
110 204
111 139
113 231
114 217
115 121
116 139
116 242
117 264
118 259
118 161
119 190
119 293
120 211
122 247
123 188
124 170
125 156
125 173
126 164
127 199
127 222
128 193
129 208
130 290
131 192
132 218
132 242
133 273
134 262
135 208
136 244
136 245
137 148
137 255
138 223
140 149
141 166
142 205
143 160
144 243
144 255
145 267
146 183
147 292
147 221
148 203
150 206
151 176
152 299
153 157
156 197
158 240
158 241
159 249
161 282
162 233
163 187
165 269
165 197
167 172
168 290
168 215
169 260
169 177
170 236
172 200
173 296
174 261
174 252
177 284
178 294
179 234
179 237
182 230
183 264
185 194
186 217
187 213
189 224
191 293
192 240
195 271
195 263
196 248
199 219
200 212
202 222
205 229
207 245
209 289
210 224
215 281
216 270
218 294
221 244
223 225
225 286
226 253
228 258
229 235
230 291
232 280
232 237
233 258
234 254
235 274
247 276
248 252
249 273
251 289
256 298
261 268
266 277
272 295
278 279
282 285
291 296
300 94
301 84
-1 -1
29.7511
