1
0 155
0 159
1 295
1 164
2 29
2 249
3 17
3 75
4 258
4 271
5 110
5 229
6 151
6 170
7 172
7 210
8 165
8 167
9 27
9 139
10 127
10 174
11 16
11 154
12 25
12 28
13 31
13 38
14 87
14 183
15 82
15 96
16 24
17 208
18 100
18 162
19 191
19 217
20 287
20 239
21 60
21 266
22 262
22 149
23 167
23 219
24 126
25 224
26 72
26 234
27 212
28 75
29 114
30 270
30 136
31 251
32 247
33 295
33 214
34 46
34 123
35 272
35 224
36 285
36 268
37 299
37 94
38 233
39 59
39 76
40 215
40 242
41 139
41 282
42 204
42 220
43 97
43 138
44 298
44 128
45 53
45 253
46 281
47 70
47 221
48 91
48 286
49 108
49 120
50 90
50 196
51 81
51 236
52 96
52 136
53 161
54 82
54 106
55 65
55 102
56 95
56 165
57 168
57 238
58 142
58 248
59 240
60 283
61 65
61 163
62 143
62 158
63 187
63 296
64 143
64 197
66 128
66 131
67 119
67 173
68 223
68 231
69 89
69 98
70 104
71 179
71 195
72 218
73 125
73 217
74 142
74 154
76 250
77 268
77 207
78 121
78 234
79 285
79 222
80 146
80 232
81 254
83 171
83 186
84 118
84 180
85 293
85 166
86 223
86 230
87 203
88 152
88 177
89 105
90 121
91 271
92 294
92 126
93 111
93 228
94 210
95 157
97 160
98 205
99 288
99 282
100 118
101 117
101 260
102 166
103 196
103 209
104 279
105 191
106 284
107 129
107 169
108 225
109 211
109 241
110 129
111 262
112 273
112 255
113 276
113 198
114 245
115 288
115 292
116 119
116 286
117 265
120 235
122 297
122 189
123 269
124 198
124 245
125 174
127 156
130 201
131 287
132 263
132 220
133 298
133 279
134 155
134 176
135 208
135 278
137 296
137 232
138 176
140 183
140 194
141 275
141 274
144 168
144 207
145 267
145 253
146 266
147 156
147 179
148 192
148 230
149 162
150 289
150 252
151 194
152 284
153 202
153 216
157 257
158 237
159 236
160 235
161 278
163 189
164 273
169 195
170 256
171 215
172 233
173 272
175 187
175 219
177 291
178 277
178 227
180 209
181 289
181 242
182 269
182 240
184 237
184 297
185 213
185 248
186 250
188 202
188 226
190 293
190 206
192 243
193 275
193 203
197 254
199 259
199 244
200 267
200 212
201 243
204 261
205 281
206 270
211 252
213 251
214 227
216 246
218 261
221 226
222 280
225 290
228 280
229 274
231 292
238 258
239 291
241 265
244 299
246 257
247 276
249 290
255 283
256 264
259 264
260 277
263 294
300 130
301 32
-1 -1
1.78274
