1
0 670
0 301
1 563
1 561
2 670
2 405
3 89
4 36
4 661
5 56
5 505
6 641
6 653
7 127
7 314
8 514
8 552
9 160
9 479
10 114
10 257
11 390
12 32
12 642
13 15
13 694
14 91
14 465
15 149
16 51
16 346
17 82
17 178
18 87
18 411
19 132
19 663
20 34
20 429
21 211
21 262
22 538
22 249
23 111
23 538
24 281
24 433
25 136
25 410
26 116
26 434
27 199
27 422
28 191
28 265
29 343
29 465
30 363
30 489
31 172
31 206
32 41
33 180
33 483
34 348
35 649
35 606
36 353
37 527
37 119
38 592
38 105
39 523
39 608
40 513
40 427
41 627
42 271
42 313
43 46
43 470
44 403
44 457
45 50
45 166
46 525
47 67
47 379
48 211
48 275
49 85
49 200
50 531
51 634
52 634
52 297
53 64
53 186
54 144
54 537
55 265
55 419
56 155
57 593
57 506
58 447
58 511
59 104
59 403
60 207
60 455
61 114
61 419
62 169
62 292
63 143
63 194
64 238
65 682
65 238
66 232
66 310
67 680
68 147
68 241
69 646
69 689
70 520
70 119
71 340
71 423
72 242
72 651
73 218
73 373
74 126
74 568
75 549
75 440
76 598
76 489
77 593
77 472
78 109
78 652
79 239
79 349
80 602
80 522
81 96
81 490
82 321
83 396
83 435
84 684
84 249
85 310
86 579
86 254
87 437
88 336
88 341
89 242
90 618
90 268
91 261
92 365
92 402
93 607
93 415
94 186
94 463
95 571
95 298
96 677
97 294
97 432
98 566
98 320
99 175
99 400
100 125
100 423
101 115
101 678
102 576
102 675
103 131
103 448
104 441
105 444
106 374
106 480
107 250
107 347
108 239
108 447
109 519
110 556
110 197
111 251
112 576
112 222
113 665
113 567
115 204
116 426
117 421
117 510
118 213
118 428
120 375
120 484
121 196
121 439
122 517
122 321
123 304
123 511
124 649
124 502
125 307
126 341
127 542
128 556
128 509
129 654
129 298
130 202
130 389
131 289
132 291
133 237
133 343
134 565
134 260
135 280
135 399
136 184
137 594
137 252
138 231
138 445
139 591
139 197
140 214
140 425
141 631
141 371
142 583
142 660
143 581
144 253
145 635
145 413
146 587
146 260
147 356
148 625
148 679
149 368
150 659
150 288
151 266
151 490
152 272
152 458
153 604
153 550
154 446
154 452
155 532
156 676
156 652
157 524
157 361
158 639
158 318
159 551
159 305
160 664
161 558
161 410
162 333
162 456
163 590
163 588
164 185
164 325
165 620
165 639
166 605
167 683
167 247
168 512
168 175
169 405
170 617
170 421
171 303
171 414
172 545
173 243
173 285
174 662
174 450
176 630
176 364
177 397
177 578
178 295
179 691
179 370
180 355
181 553
181 507
182 539
182 471
183 694
183 281
184 230
185 597
187 614
187 628
188 545
188 477
189 229
189 256
190 543
190 342
191 608
192 525
192 219
193 621
193 663
194 418
195 540
195 491
196 654
198 344
198 500
199 575
200 333
201 231
201 327
202 428
203 560
203 244
204 424
205 537
205 485
206 657
207 332
208 536
208 473
209 599
209 598
210 357
210 464
212 668
212 450
213 451
214 228
215 579
215 216
216 362
217 235
217 331
218 313
219 690
220 232
220 277
221 224
221 325
222 252
223 638
223 288
224 335
225 326
225 481
226 611
226 501
227 695
227 473
228 271
229 309
230 386
233 262
233 629
234 568
234 459
235 280
236 567
236 368
237 523
240 596
240 336
241 665
243 636
244 408
245 674
245 251
246 383
246 459
247 498
248 539
248 401
250 624
253 381
254 396
255 303
255 667
256 322
257 372
258 547
258 290
259 531
259 676
261 530
263 294
263 443
264 383
264 498
266 613
267 572
267 369
268 328
269 416
269 440
270 457
270 486
272 512
273 372
273 458
274 483
274 510
275 376
276 632
276 299
277 495
278 687
278 696
279 514
279 607
282 666
282 549
283 689
283 420
284 430
284 475
285 698
286 616
286 581
287 456
287 610
289 595
290 389
291 466
292 295
293 540
293 443
296 367
296 508
297 521
299 680
300 575
300 374
301 470
302 660
302 381
304 619
305 417
306 356
306 585
307 430
308 541
308 508
309 641
311 627
311 688
312 577
312 610
314 462
315 533
315 394
316 656
316 355
317 617
317 329
318 544
319 645
319 324
320 595
322 476
323 431
323 497
324 425
326 373
327 454
328 351
329 635
330 521
330 619
331 370
332 436
334 572
334 561
335 646
337 624
337 541
338 574
338 657
339 686
339 359
340 476
342 618
344 669
345 647
345 488
346 474
347 550
348 413
349 418
350 644
350 669
351 643
352 633
352 406
353 477
354 559
354 472
357 659
358 584
358 397
359 564
360 699
360 642
361 566
362 664
363 648
364 535
365 629
366 591
366 385
367 408
369 623
371 623
375 474
376 429
377 580
377 599
378 557
378 412
379 582
380 600
380 622
382 554
382 688
384 632
384 602
385 438
386 445
387 569
387 409
388 685
388 569
390 626
391 573
391 503
392 436
392 495
393 655
393 394
395 449
395 505
398 469
398 482
399 586
400 554
401 684
402 645
404 558
404 638
406 687
407 559
407 454
409 547
411 668
412 643
414 601
415 662
416 496
417 605
420 606
422 628
424 516
426 493
427 564
431 532
432 571
433 681
434 515
435 494
437 500
438 488
439 529
441 448
442 679
442 463
444 647
446 534
449 677
451 499
452 487
453 636
453 661
455 587
460 533
460 697
461 692
461 481
462 596
464 656
466 491
467 570
467 583
468 529
468 585
469 637
471 648
475 586
478 658
478 693
479 683
480 600
482 484
485 574
486 675
487 560
492 518
492 693
493 536
494 671
496 543
497 555
499 517
501 518
502 526
503 681
504 563
504 671
506 678
507 562
509 644
513 640
515 597
516 552
519 697
520 528
522 573
524 553
526 530
527 589
528 590
534 620
535 615
542 696
544 672
546 615
546 551
548 621
548 650
555 626
557 584
562 625
565 653
570 667
577 609
578 580
582 673
588 651
589 655
592 695
594 699
601 692
603 604
603 690
609 611
612 622
612 633
613 637
614 630
616 658
631 698
640 673
650 672
666 686
674 682
685 691
700 11
701 3
-1 -1
53.1585
