1
0 323
0 502
1 22
1 429
2 522
2 225
3 48
3 319
4 627
4 641
5 89
5 96
6 649
6 432
7 334
7 417
8 554
8 605
9 311
9 357
10 613
10 446
11 160
11 204
12 562
12 482
13 68
13 351
14 162
14 490
15 151
15 473
16 239
16 363
17 266
17 373
18 331
18 381
19 323
19 393
20 118
20 173
21 71
21 241
22 132
23 671
23 343
24 633
24 385
25 309
25 449
26 154
26 301
27 632
27 466
28 628
28 384
29 38
29 630
30 274
30 465
31 567
31 387
32 156
32 224
33 284
33 679
34 655
34 256
35 117
35 653
36 155
37 260
37 360
38 114
39 281
39 318
40 565
40 361
41 551
41 417
42 670
42 288
43 198
43 275
44 140
44 328
45 88
45 371
46 123
46 437
47 306
47 413
48 51
49 474
49 494
50 247
50 446
51 255
52 619
52 649
53 72
53 617
54 392
54 498
55 380
55 425
56 147
56 697
57 142
57 391
58 145
58 219
59 524
59 288
60 137
60 254
61 384
61 472
62 128
62 674
63 115
63 581
64 390
64 400
65 232
65 290
66 99
66 273
67 585
67 469
68 80
69 656
69 330
70 547
70 575
71 107
72 525
73 651
73 412
74 680
74 229
75 553
75 453
76 112
76 511
77 99
77 152
78 138
78 366
79 690
79 191
80 134
81 85
81 385
82 516
82 182
83 186
83 493
84 543
84 375
85 625
86 668
86 378
87 638
87 210
88 666
89 340
90 166
90 344
91 314
91 485
92 488
92 497
93 639
93 192
94 302
94 322
95 617
95 639
96 520
97 575
97 106
98 191
98 220
100 268
100 395
101 676
101 685
102 616
102 682
103 336
103 369
104 584
104 484
105 149
105 172
106 506
107 518
108 634
108 537
109 332
109 355
110 143
110 327
111 234
111 510
112 513
113 447
113 455
114 235
115 624
116 569
116 402
117 190
118 264
119 472
119 496
120 231
120 475
121 623
121 211
122 627
122 628
123 456
124 558
124 595
125 658
125 346
126 546
126 234
127 229
127 428
128 318
129 519
129 413
130 523
130 505
131 602
131 252
132 383
133 586
133 436
134 215
135 164
135 684
136 423
136 491
137 468
138 573
139 276
139 412
140 441
141 371
141 383
142 560
143 363
144 208
144 453
145 315
146 606
146 405
147 389
148 654
148 399
149 245
150 554
150 419
151 635
152 331
153 677
153 202
154 629
155 580
156 176
157 610
157 443
158 549
158 314
159 532
159 271
160 662
161 570
161 201
162 286
163 516
163 668
164 411
165 556
165 286
166 335
167 183
167 623
168 354
168 366
169 646
169 346
170 279
170 398
171 434
171 473
172 452
173 212
174 683
174 257
175 607
175 526
176 508
177 621
177 205
178 196
178 596
179 236
179 358
180 504
180 509
181 542
181 432
182 428
183 329
184 545
184 296
185 599
185 283
186 558
187 190
187 392
188 532
188 265
189 195
189 295
192 527
193 299
193 401
194 567
194 344
195 629
196 589
197 644
197 458
198 515
199 291
199 394
200 665
200 326
201 269
202 459
203 622
203 470
204 243
205 592
206 222
206 295
207 578
207 348
208 633
209 611
209 510
210 358
211 258
212 580
213 325
213 424
214 216
214 227
215 410
216 421
217 538
217 664
218 528
218 448
219 351
221 414
221 416
222 431
223 616
223 636
224 523
225 365
226 426
226 484
227 388
228 415
228 563
230 684
230 268
231 315
232 584
233 697
233 343
235 356
236 520
237 250
237 470
238 687
238 324
239 277
240 287
240 480
241 521
242 289
242 471
243 672
244 382
244 468
245 572
246 635
246 591
247 602
248 301
248 426
249 276
249 497
250 601
251 557
251 511
252 508
253 604
253 481
254 449
255 424
256 599
257 461
258 375
259 405
259 430
260 294
261 376
261 487
262 521
262 610
263 647
263 692
264 568
265 350
266 548
267 601
267 398
269 370
270 336
270 444
271 292
272 555
272 349
273 435
274 352
275 304
277 418
278 620
278 469
279 529
280 364
280 442
281 342
282 308
282 404
283 381
284 675
285 406
285 471
287 325
289 409
290 501
291 509
292 478
293 529
293 607
294 359
296 303
297 577
297 496
298 643
298 457
299 386
300 651
300 491
302 648
303 696
304 500
305 559
305 400
306 645
307 409
307 422
308 368
309 642
310 588
310 695
311 611
312 590
312 422
313 454
313 492
316 541
316 411
317 692
317 395
319 333
320 552
320 403
321 576
321 327
322 609
324 548
326 604
328 462
329 618
330 525
332 339
333 573
334 350
335 487
337 676
337 631
338 659
338 368
339 353
340 647
341 551
341 348
342 543
345 670
345 414
347 597
347 394
349 492
352 539
353 435
354 687
355 390
356 404
357 691
359 517
360 595
361 495
362 603
362 423
364 578
365 685
367 445
367 597
369 686
370 448
372 544
372 486
373 695
374 386
374 440
376 418
377 517
377 608
378 593
379 636
379 659
380 630
382 536
387 408
388 608
389 653
391 540
393 419
396 585
396 652
397 568
397 646
399 669
401 621
402 598
403 429
406 652
407 615
407 574
408 699
410 478
415 533
416 582
420 544
420 490
421 638
425 660
427 458
427 483
430 459
431 622
433 698
433 681
434 596
436 618
437 657
438 536
438 664
439 512
439 489
440 545
441 694
442 650
443 667
444 566
445 631
447 665
450 600
450 643
451 519
451 483
452 513
454 589
455 506
456 481
457 507
460 565
460 591
461 657
462 619
463 675
463 489
464 699
464 690
465 571
466 482
467 678
467 689
474 503
475 477
476 514
476 562
477 592
479 540
479 688
480 644
485 524
486 625
488 549
493 663
494 582
495 672
498 626
499 682
499 609
500 587
501 632
502 572
503 600
504 518
505 530
507 598
512 594
514 640
515 561
522 556
526 648
527 542
528 535
530 561
531 645
531 658
533 663
534 559
534 637
535 694
537 693
538 689
539 666
541 626
546 634
547 656
550 552
550 640
553 641
555 614
557 594
560 642
563 577
564 667
564 673
566 586
569 579
570 660
571 612
574 583
576 606
579 693
581 661
583 590
587 612
588 681
593 615
603 683
605 613
614 677
620 688
624 678
637 680
650 662
654 671
655 696
661 679
669 686
673 698
674 691
700 36
701 220
-1 -1
39.1538
