100 455
0 80
0 19
0 8
0 25
0 90
0 63
0 60
0 93
0 47
1 96
1 33
1 69
1 80
1 16
1 49
1 84
1 86
1 87
1 90
1 91
1 93
2 3
2 50
2 45
2 19
2 81
2 24
2 57
2 87
2 13
2 64
2 31
3 40
3 35
3 8
3 83
3 67
3 76
3 45
3 47
4 96
4 36
4 43
4 20
4 22
5 87
5 11
5 78
5 30
5 23
6 96
6 18
6 68
6 78
6 85
6 98
6 28
6 50
6 30
6 61
7 48
7 95
7 87
7 13
7 85
8 80
8 69
8 70
8 55
8 62
9 89
9 18
9 21
9 47
10 81
10 21
10 87
10 12
10 42
10 28
10 46
10 60
11 16
11 66
11 55
11 41
11 44
11 60
12 48
12 66
12 36
12 21
12 72
12 75
12 44
12 63
13 16
13 96
13 89
13 76
13 71
13 60
13 14
14 41
14 58
14 44
14 46
15 99
15 36
15 38
15 24
15 44
15 45
15 31
16 59
16 68
16 70
16 72
16 25
16 77
17 24
17 27
17 52
17 53
17 39
18 33
18 67
18 97
18 70
18 39
18 80
18 19
18 52
18 55
18 88
18 58
18 60
18 63
19 67
19 73
19 23
19 41
19 42
19 55
19 79
20 80
20 65
20 37
20 70
20 81
20 72
20 73
20 29
20 84
21 65
21 34
21 37
21 41
21 87
21 45
21 25
21 60
21 94
22 99
22 65
22 35
22 87
22 89
22 42
22 60
22 93
22 63
23 66
23 84
23 24
23 41
23 92
23 63
24 48
24 99
24 54
24 57
24 76
24 81
25 45
25 40
26 65
26 38
26 41
26 74
26 49
26 94
26 54
26 55
26 56
26 95
26 61
26 62
26 31
27 32
27 41
27 31
28 64
28 65
28 67
28 51
28 81
28 80
28 57
28 88
29 68
29 49
29 57
29 39
29 80
29 41
29 62
29 78
29 30
30 81
30 75
30 37
30 88
30 63
30 70
30 62
31 48
31 65
31 70
31 97
31 60
32 75
32 52
32 85
32 38
32 40
32 73
32 59
32 92
32 93
32 94
33 51
33 78
33 70
33 56
33 60
33 34
33 62
34 98
34 51
34 54
34 56
34 43
34 95
35 51
35 52
35 86
35 87
35 40
35 58
35 74
36 48
36 97
36 85
36 95
37 50
37 72
37 59
37 77
38 64
38 99
38 68
38 71
38 44
38 46
38 59
38 92
38 61
39 81
39 49
39 62
40 90
40 96
40 87
40 42
40 91
40 74
40 94
41 96
41 98
41 76
41 49
42 70
42 76
42 78
42 79
42 80
42 81
42 50
42 55
42 95
43 64
43 82
43 54
43 90
43 94
43 76
43 50
43 85
43 79
44 65
44 81
44 47
44 49
44 52
44 56
44 89
44 95
45 81
45 73
45 50
46 67
46 71
46 78
46 47
46 82
46 84
46 54
46 55
46 58
46 92
46 62
47 64
47 82
47 92
47 59
48 96
48 89
49 66
49 83
49 93
49 51
49 52
49 90
50 64
50 67
50 66
50 78
50 99
50 83
50 55
50 57
50 63
51 64
51 94
52 99
52 89
53 64
53 95
53 87
53 73
54 99
54 91
54 62
54 89
54 58
55 56
55 85
55 92
56 99
56 88
56 58
57 88
57 69
57 71
58 80
58 73
58 83
58 82
58 85
59 67
59 64
59 63
60 95
61 65
61 82
61 68
61 71
61 72
61 95
61 90
61 81
62 80
62 75
65 96
65 75
66 97
66 94
67 70
67 76
67 77
67 99
67 86
67 94
68 99
68 95
68 86
69 83
69 86
69 74
70 71
70 82
70 94
70 95
71 97
71 98
71 99
71 73
71 95
72 98
72 89
72 84
72 94
73 96
73 83
74 80
74 89
74 94
74 78
77 88
77 94
78 98
78 99
78 80
78 84
78 87
78 92
79 99
79 81
79 86
80 88
80 84
81 99
82 97
82 99
83 84
83 86
84 99
85 98
87 88
87 90
88 95
89 97
90 91
90 92
