1
0 761
0 511
1 35
1 605
2 10
2 86
3 675
3 326
4 316
4 389
5 584
5 214
6 673
6 770
7 81
7 192
8 619
8 575
9 336
9 455
10 405
11 288
11 379
12 14
12 535
13 371
13 784
14 530
15 708
15 370
16 60
16 356
17 621
17 388
18 744
18 411
19 534
19 635
20 669
20 242
21 77
21 384
22 130
22 751
23 617
23 425
24 293
24 390
25 180
25 715
26 740
26 750
27 167
27 483
28 614
28 509
29 51
29 109
30 524
30 205
31 445
31 763
32 85
32 754
33 88
33 488
34 222
34 357
35 445
36 39
36 592
37 727
38 242
38 379
39 306
40 66
40 597
41 147
41 219
42 233
42 363
43 628
43 489
44 109
44 160
45 145
45 536
46 213
46 551
47 526
47 409
48 285
48 732
49 671
49 258
50 197
50 743
51 655
52 589
52 796
53 698
53 269
54 454
54 466
55 613
55 586
56 718
56 434
57 193
57 225
58 431
58 444
59 531
59 440
60 513
61 769
61 266
62 74
62 368
63 332
63 334
64 520
64 127
65 532
65 124
66 386
67 138
67 210
68 591
68 491
69 717
69 421
70 667
70 600
71 548
71 738
72 253
72 377
73 755
73 472
74 638
75 598
75 416
76 683
76 240
77 540
78 236
78 423
79 365
79 460
80 576
80 663
81 244
82 538
82 776
83 768
83 471
84 698
84 473
85 302
86 201
87 160
87 719
88 660
89 779
89 129
90 610
90 118
91 688
91 695
92 618
92 733
93 544
93 188
94 134
94 221
95 309
95 376
96 702
96 416
97 687
97 274
98 462
98 463
99 422
99 499
100 208
100 471
101 150
101 222
102 522
102 204
103 543
103 486
104 681
104 697
105 568
105 211
106 276
106 311
107 365
107 404
108 166
108 752
110 215
110 479
111 692
111 403
112 142
112 185
113 156
113 426
114 643
114 298
115 679
115 609
116 168
116 177
117 596
117 736
118 632
119 420
119 505
120 551
120 799
121 123
121 364
122 797
122 305
123 704
124 170
125 732
125 426
126 283
126 380
127 752
128 692
128 730
129 677
130 585
131 647
131 442
132 279
132 324
133 582
133 326
134 358
135 516
135 560
136 576
136 763
137 174
137 281
138 767
139 641
139 247
140 608
140 249
141 584
141 731
142 412
143 593
143 499
144 567
144 207
145 286
146 723
146 459
147 691
148 155
148 707
149 322
149 495
150 583
151 297
151 367
152 773
152 424
153 552
153 460
154 634
154 361
155 578
156 243
157 323
157 509
158 266
158 288
159 161
159 401
161 418
162 565
162 399
163 608
163 251
164 298
164 401
165 751
165 260
166 793
167 597
168 458
169 725
169 269
170 671
171 277
171 477
172 304
172 337
173 599
173 211
174 555
175 561
175 437
176 177
176 510
178 694
178 712
179 653
179 415
180 336
181 629
181 352
182 711
182 358
183 668
183 351
184 464
184 484
185 333
186 776
186 344
187 517
187 710
188 349
189 580
189 489
190 550
190 486
191 286
191 475
192 485
193 307
194 616
194 679
195 533
195 696
196 239
196 675
197 557
198 744
198 475
199 796
199 666
200 682
200 731
201 780
202 203
202 384
203 537
204 790
205 253
206 720
206 346
207 402
208 357
209 281
209 314
210 279
212 594
212 359
213 758
214 764
215 495
216 454
216 591
217 321
217 389
218 630
218 474
219 252
220 419
220 481
221 519
223 713
223 574
224 642
224 472
225 514
226 261
226 759
227 414
227 681
228 436
228 497
229 310
229 467
230 726
230 319
231 689
231 330
232 648
232 238
233 252
234 637
234 783
235 265
235 441
236 468
237 700
237 395
238 634
239 756
240 788
241 538
241 394
243 563
244 441
245 628
245 308
246 435
246 508
247 494
248 452
248 461
249 473
250 604
250 381
251 568
254 739
254 385
255 747
255 392
256 522
256 579
257 647
257 328
258 267
259 791
259 287
260 689
261 640
262 582
262 622
263 771
263 510
264 693
264 478
265 515
267 748
268 549
268 735
270 631
270 782
271 564
271 348
272 734
272 375
273 654
273 663
274 667
275 558
275 307
276 552
277 429
278 680
278 587
280 661
280 388
282 404
282 456
283 760
284 656
284 502
285 662
287 554
289 514
289 714
290 766
290 337
291 745
291 500
292 635
292 709
293 425
294 775
294 329
295 399
295 483
296 369
296 408
297 474
299 517
299 350
300 650
300 448
301 512
301 427
302 449
303 703
303 397
304 560
305 492
306 465
308 590
309 652
310 359
311 548
312 728
312 453
313 705
313 729
314 579
315 622
315 741
316 770
317 754
317 447
318 785
318 612
319 466
320 755
320 497
321 410
322 695
323 511
324 641
325 699
325 638
327 573
327 341
328 435
329 782
330 737
331 644
331 741
332 588
333 686
334 792
335 603
335 449
338 619
338 411
339 620
339 550
340 600
340 677
341 572
342 786
342 429
343 573
343 643
344 636
345 581
345 382
346 577
347 659
347 369
348 442
349 443
350 753
351 571
352 694
353 528
353 402
354 594
354 746
355 541
355 562
356 502
360 723
360 418
361 795
362 627
362 595
363 713
364 523
366 659
366 772
367 455
368 739
370 547
371 422
372 788
372 480
373 470
373 767
374 645
374 787
375 378
376 450
377 781
378 794
380 799
381 729
382 525
383 605
383 707
385 393
386 547
387 740
387 488
390 781
391 562
391 640
392 528
393 458
394 505
395 742
396 721
396 417
397 687
398 724
398 480
400 564
400 748
403 742
405 507
406 432
406 491
407 709
407 693
408 725
409 525
410 566
412 578
413 469
413 492
414 539
415 498
417 646
419 645
420 545
421 615
423 674
424 570
427 773
428 540
428 661
430 789
430 756
431 726
432 439
433 792
433 478
434 749
436 537
437 487
438 541
438 498
439 490
440 785
443 690
444 607
446 615
446 673
447 620
448 625
450 710
451 546
451 543
452 556
453 666
456 648
457 461
457 493
459 669
462 484
463 479
464 708
465 750
467 784
468 559
469 529
470 609
476 760
476 651
477 546
481 523
482 501
485 676
487 569
490 701
493 606
494 793
496 652
496 660
500 727
501 798
503 691
503 703
504 778
504 649
506 639
506 798
507 690
508 561
512 728
513 627
515 539
516 716
518 678
518 743
519 521
520 612
521 747
524 700
526 574
527 601
527 722
529 656
530 765
531 783
532 768
533 542
534 699
535 777
536 625
542 633
544 654
545 630
549 567
553 558
553 774
554 633
555 636
556 670
557 646
559 655
563 611
565 610
566 621
569 702
570 786
571 738
572 585
575 607
577 678
580 664
581 745
583 685
586 736
587 649
588 716
589 613
590 592
593 618
595 766
596 794
598 644
599 604
601 706
602 674
602 778
603 789
606 769
611 735
614 686
616 617
623 665
623 759
624 684
624 696
626 714
626 737
629 688
631 762
632 787
637 697
639 746
642 683
650 717
651 658
653 704
657 684
657 720
658 733
662 668
664 719
665 762
670 672
672 705
676 715
680 780
682 701
685 761
706 774
711 730
712 765
718 724
721 797
722 764
734 775
749 790
753 757
757 771
758 777
772 791
779 795
800 482
801 37
-1 -1
34.2893
