1
0 619
0 635
1 574
1 625
2 40
2 277
3 605
3 656
4 558
4 271
5 615
5 373
6 662
6 358
7 301
7 405
8 12
8 594
9 281
9 452
10 41
10 318
11 604
11 560
12 403
13 551
13 57
14 657
14 186
15 239
15 371
16 254
16 435
17 166
17 547
18 647
18 387
19 449
19 592
20 79
20 198
21 540
21 473
22 519
22 432
23 204
23 457
24 583
24 434
25 601
25 224
26 316
27 525
27 475
28 579
28 95
29 589
29 682
30 255
30 395
31 447
31 459
32 520
32 563
33 546
33 647
34 596
34 643
35 169
35 676
36 112
36 587
37 143
37 462
38 184
38 367
39 677
39 371
40 81
41 51
42 294
42 382
43 262
43 434
44 675
44 376
45 259
45 321
46 136
46 260
47 151
47 256
48 126
48 305
49 111
49 244
50 121
50 275
51 609
52 386
52 401
53 648
53 679
54 171
54 432
55 654
55 183
56 513
56 658
57 529
58 634
58 409
59 683
59 699
60 167
60 456
61 166
61 396
62 514
62 159
63 85
63 329
64 187
64 270
65 219
65 378
66 659
66 259
67 209
67 463
68 148
68 173
69 324
69 417
70 229
70 482
71 626
71 450
72 608
72 395
73 150
73 475
74 590
74 226
75 512
75 691
76 236
76 264
77 514
77 359
78 191
78 304
79 502
80 691
80 366
81 448
82 279
82 402
83 559
83 136
84 642
84 306
85 422
86 180
86 298
87 147
87 225
88 249
88 427
89 607
89 444
90 517
90 315
91 634
91 141
92 105
92 110
93 590
93 342
94 105
94 452
95 523
96 177
96 226
97 521
97 456
98 102
98 260
99 678
99 203
100 526
100 132
101 535
101 176
102 118
103 668
103 491
104 563
104 495
106 274
106 355
107 516
107 535
108 176
108 568
109 145
109 368
110 694
111 154
112 581
113 550
113 225
114 517
114 334
115 391
115 697
116 296
116 406
117 541
117 280
118 603
119 681
119 289
120 212
120 392
121 263
122 623
122 256
123 419
123 465
124 652
124 481
125 316
125 382
126 692
127 436
127 506
128 177
128 668
129 276
129 333
130 571
130 454
131 203
131 284
132 466
133 544
133 553
134 332
134 510
135 205
135 347
137 188
137 357
138 560
138 379
139 628
139 648
140 412
140 449
141 163
142 404
142 504
143 336
144 567
144 291
145 584
146 555
146 483
147 593
148 605
149 275
149 310
150 397
151 234
152 244
152 644
153 584
153 163
154 331
155 640
155 657
156 666
156 499
157 217
157 502
158 687
158 313
159 295
160 694
160 478
161 653
161 350
162 296
162 352
164 182
164 308
165 629
165 407
167 338
168 282
168 400
169 327
170 322
170 370
171 425
172 625
172 653
173 639
174 642
174 411
175 293
175 441
178 527
178 273
179 683
179 667
180 402
181 431
182 505
183 630
184 446
185 628
185 351
186 622
187 314
188 387
189 561
189 462
190 573
190 331
191 243
192 537
192 670
193 228
193 280
194 698
194 453
195 645
195 348
196 252
196 488
197 669
197 490
198 615
199 420
199 442
200 583
200 213
201 665
201 270
202 476
202 496
204 362
205 461
206 534
206 326
207 599
207 232
208 699
208 232
209 284
210 536
210 463
211 390
211 500
212 289
213 465
214 216
214 231
215 342
215 385
216 496
217 285
218 300
218 442
219 675
220 674
220 299
221 419
221 468
222 586
222 445
223 565
223 587
224 330
227 600
227 261
228 697
229 575
230 613
230 541
231 469
233 318
233 660
234 698
235 613
235 696
236 635
237 649
237 507
238 381
238 485
239 252
240 661
240 386
241 688
241 579
242 624
242 370
243 519
245 688
245 508
246 478
246 482
247 440
247 467
248 570
248 312
249 603
250 533
250 264
251 655
251 662
253 543
253 669
254 356
255 526
257 344
257 443
258 399
258 531
261 473
262 376
263 483
265 272
265 418
266 325
266 469
267 632
267 455
268 645
268 377
269 548
269 288
271 340
272 405
273 409
274 530
276 498
277 333
278 479
278 503
279 352
281 655
282 690
283 487
283 507
285 298
286 638
286 288
287 320
287 353
290 444
290 472
291 512
292 616
292 428
293 666
294 497
295 536
297 528
297 433
299 601
300 360
301 360
302 599
302 679
303 412
303 466
304 659
305 674
306 484
307 695
307 511
308 400
309 426
309 439
310 439
311 588
311 364
312 424
313 421
314 369
315 667
317 595
317 616
319 638
319 569
320 612
321 430
322 339
323 528
323 581
324 654
325 343
326 585
327 532
328 574
328 471
329 492
330 686
332 470
334 396
335 672
335 474
336 489
337 682
337 612
338 374
339 565
340 406
341 564
341 611
343 602
344 523
345 408
345 423
346 661
346 663
347 609
348 509
349 393
349 445
350 546
351 597
353 545
354 681
354 650
355 388
356 553
357 447
358 566
359 484
361 549
361 363
362 479
363 429
364 591
365 607
365 556
366 554
367 389
368 476
369 380
372 610
372 404
373 413
374 455
375 598
375 443
377 494
378 424
379 458
380 693
381 585
383 614
383 454
384 427
384 437
385 640
388 562
389 527
390 651
391 413
392 554
393 422
394 547
394 578
397 639
398 522
398 671
399 570
401 582
403 618
407 558
408 684
410 532
410 486
411 600
414 677
414 503
415 457
415 561
416 542
416 660
417 622
418 548
420 597
421 438
423 438
425 665
426 529
428 441
429 557
430 433
431 511
435 621
436 508
437 670
440 470
446 495
448 539
450 460
451 518
451 534
453 464
458 500
459 504
460 687
461 515
464 569
467 543
468 629
471 637
472 573
474 673
477 596
477 505
480 594
480 658
481 568
485 626
486 513
487 672
488 643
489 582
490 588
491 685
492 531
493 646
493 510
494 618
497 644
498 641
499 552
501 649
501 611
506 664
509 592
515 656
516 572
518 630
520 542
521 552
522 557
524 550
524 633
525 530
533 580
537 556
538 646
538 650
539 652
540 680
544 692
545 576
549 559
551 620
555 577
562 636
564 593
566 696
567 627
571 627
572 676
575 624
576 685
577 589
578 689
580 608
586 631
591 620
595 619
598 632
602 693
604 673
606 621
606 695
610 690
614 686
617 631
617 633
623 641
636 678
637 689
651 684
663 680
664 671
700 181
701 26
-1 -1
149.564
