1
0 15
0 30
1 526
1 365
2 47
2 403
3 51
3 168
4 10
4 357
5 184
6 581
6 380
7 36
7 202
8 43
8 440
9 187
9 342
10 602
11 669
11 489
12 120
12 348
13 242
13 326
14 145
14 151
15 27
16 394
16 432
17 206
17 466
18 327
18 350
19 53
19 58
20 35
20 58
21 32
21 366
22 110
22 244
23 693
23 506
24 212
24 361
25 92
25 94
26 244
26 302
27 442
28 520
28 182
29 525
29 616
30 173
31 89
31 464
32 534
33 515
33 686
34 131
34 499
35 178
36 499
37 103
37 250
38 418
38 480
39 86
39 696
40 386
40 454
41 643
41 494
42 181
42 474
43 359
44 367
44 418
45 164
45 414
46 444
46 469
47 682
48 620
48 209
49 176
49 504
50 133
50 468
51 60
52 551
52 594
53 493
54 602
54 255
55 600
55 227
56 323
56 333
57 288
57 428
59 479
59 501
60 158
61 191
61 200
62 79
62 270
63 581
63 133
64 686
64 496
65 194
65 271
66 112
66 169
67 517
67 571
68 137
68 253
69 75
69 467
70 638
70 273
71 575
71 166
72 636
72 498
73 622
73 570
74 141
74 463
75 137
76 224
76 254
77 643
77 412
78 295
78 346
79 230
80 187
80 573
81 375
81 453
82 118
82 289
83 534
83 583
84 162
84 206
85 210
85 267
86 218
87 196
87 465
88 197
88 495
89 320
90 277
90 330
91 626
91 173
92 362
93 237
93 279
94 393
95 521
95 431
96 315
96 443
97 604
97 358
98 189
98 411
99 401
99 404
100 345
100 384
101 596
101 532
102 543
102 410
103 485
104 512
104 644
105 619
105 470
106 679
106 492
107 626
107 252
108 531
108 118
109 699
109 264
110 267
111 537
111 309
112 605
113 632
113 392
114 627
114 223
115 148
115 315
116 609
116 148
117 260
117 283
119 327
119 411
120 682
121 572
121 671
122 249
122 610
123 205
123 593
124 304
124 608
125 615
125 360
126 641
126 695
127 598
127 313
128 687
128 301
129 178
129 485
130 143
130 312
131 487
132 376
132 458
134 280
134 462
135 669
135 340
136 285
136 361
138 535
138 348
139 578
139 245
140 527
140 508
141 274
142 218
142 356
143 399
144 586
144 556
145 438
146 220
146 472
147 591
147 229
149 690
149 331
150 427
150 456
151 168
152 213
152 510
153 579
153 676
154 495
154 500
155 591
155 476
156 553
156 258
157 683
157 492
158 234
159 624
159 450
160 672
160 226
161 400
161 466
162 514
163 276
163 363
164 488
165 668
165 402
166 343
167 603
167 588
169 584
170 310
170 319
171 341
171 504
172 195
172 658
174 296
174 421
175 239
175 640
176 270
177 290
177 497
179 557
179 366
180 628
180 305
181 435
182 509
183 299
183 592
184 203
185 567
185 621
186 198
186 655
188 629
188 488
189 524
190 307
190 364
191 698
192 391
192 410
193 416
193 671
194 306
195 535
196 457
197 490
198 368
199 680
199 219
200 430
201 211
201 373
202 262
203 358
204 663
204 471
205 653
207 611
207 639
208 690
208 242
209 614
210 634
211 617
212 269
213 579
214 543
214 290
215 225
215 256
216 558
216 359
217 624
217 251
219 530
220 519
221 603
221 477
222 223
222 333
224 347
225 674
226 238
227 572
228 308
228 498
229 354
230 622
231 692
231 566
232 633
232 243
233 634
233 281
234 391
235 640
235 400
236 409
236 448
237 486
238 519
239 436
240 585
240 580
241 516
241 615
243 696
245 623
246 625
246 628
247 272
247 323
248 325
248 446
249 606
250 681
251 662
252 691
253 325
254 695
255 567
256 425
257 660
257 562
258 305
259 645
259 287
260 545
261 300
261 505
262 689
263 587
263 383
264 547
265 456
265 646
266 292
266 681
268 526
268 654
269 412
271 491
272 653
273 511
274 582
275 448
275 458
276 437
277 280
278 393
278 420
279 484
281 318
282 536
282 633
283 649
284 638
284 574
285 386
286 530
286 672
287 561
288 297
289 685
291 559
291 648
292 619
293 302
293 317
294 647
294 652
295 617
296 349
297 316
298 607
298 655
299 478
300 570
301 529
303 514
303 566
304 515
306 647
307 673
308 533
309 426
310 610
311 664
311 449
312 605
313 578
314 516
314 398
316 435
317 344
318 385
319 684
320 486
321 357
321 416
322 618
322 460
324 371
324 479
326 399
328 546
328 483
329 635
329 362
330 430
331 381
332 560
332 422
334 372
334 429
335 551
335 506
336 621
336 337
337 445
338 589
338 576
339 527
339 549
340 593
341 661
342 439
343 438
344 389
345 538
346 406
347 417
349 657
350 518
351 590
351 664
352 533
352 665
353 517
353 687
354 561
355 694
355 403
356 564
360 569
363 625
364 645
365 613
367 589
368 668
369 698
369 461
370 683
370 383
371 457
372 564
373 500
374 614
374 445
375 392
376 562
377 554
377 694
378 397
378 413
379 688
379 387
380 487
381 460
382 606
382 651
384 440
385 407
387 609
388 523
388 642
389 656
390 424
390 462
394 502
395 630
395 641
396 558
396 697
397 434
398 478
401 636
402 405
404 472
405 670
406 623
407 688
408 613
408 432
409 508
413 510
414 542
415 657
415 679
417 491
419 654
419 454
420 685
421 490
422 651
423 592
423 484
424 585
425 540
426 442
427 678
428 629
429 531
431 577
433 666
433 459
434 580
436 489
437 667
439 656
441 565
441 590
443 596
444 684
446 675
447 607
447 482
449 538
450 509
451 559
451 662
452 650
452 676
453 470
455 513
455 480
459 542
461 497
463 630
464 469
465 481
467 475
468 666
471 548
473 678
473 594
474 545
476 557
477 612
481 565
482 507
483 692
493 525
494 650
496 667
501 575
502 637
503 595
503 659
505 673
507 659
511 548
512 532
513 550
518 563
520 563
521 528
522 620
522 546
523 539
524 639
528 644
529 560
536 637
537 612
539 547
540 549
541 618
541 648
544 599
544 595
550 598
552 608
552 646
553 597
554 577
555 693
555 660
556 568
568 652
569 611
571 649
573 601
574 627
576 665
582 658
583 691
584 631
586 670
587 635
588 616
597 631
599 699
600 674
601 677
604 697
632 680
642 675
661 689
663 677
700 5
701 475
-1 -1
4.10643
