1
0 512
0 281
1 231
1 555
2 78
2 461
3 22
3 570
4 34
4 111
5 313
5 346
6 17
6 242
7 111
7 293
8 355
8 126
9 129
9 182
10 484
10 535
11 213
11 150
12 393
12 352
13 45
13 94
14 185
14 317
15 341
15 218
16 256
16 174
17 562
18 304
18 158
19 414
19 479
20 305
20 536
21 527
21 58
22 579
23 346
23 503
24 455
24 109
25 48
25 510
26 475
26 221
27 40
27 104
28 134
28 588
29 478
29 120
30 291
30 367
31 486
31 383
32 100
32 303
33 591
33 537
34 386
35 436
35 342
36 524
36 401
37 64
37 534
38 521
38 573
39 434
39 373
40 175
41 514
41 394
42 87
42 157
43 264
43 556
44 162
44 146
45 516
46 437
46 282
47 375
47 316
48 75
49 472
49 217
50 517
50 252
51 259
51 382
52 557
52 273
53 211
53 564
54 177
54 494
55 522
55 212
56 369
56 473
57 204
57 372
58 321
59 457
59 117
60 320
60 552
61 210
61 378
62 523
62 186
63 423
63 497
64 521
65 263
65 539
66 391
66 155
67 355
67 138
68 173
68 533
69 363
69 456
70 349
70 142
71 596
71 150
72 96
72 400
73 365
73 335
74 584
74 564
75 372
76 107
76 285
77 381
77 314
78 138
79 428
79 281
80 585
80 463
81 589
81 559
82 165
82 93
83 309
83 565
84 340
84 375
85 143
85 310
86 257
86 369
87 404
88 300
88 114
89 354
89 360
90 234
90 573
91 325
91 537
92 330
92 396
93 244
94 427
95 528
95 221
96 551
97 197
97 485
98 582
98 176
99 272
99 451
100 421
101 128
101 381
102 387
102 261
103 448
103 312
104 404
105 356
105 119
106 137
106 287
107 213
108 599
108 277
109 255
110 141
110 297
112 499
112 184
113 386
113 371
114 169
115 225
115 147
116 454
116 530
117 217
118 354
118 525
119 295
120 329
121 238
121 315
122 140
122 302
123 156
123 253
124 578
124 575
125 367
125 412
126 409
127 353
127 577
128 200
129 535
130 132
130 557
131 262
131 170
132 227
133 416
133 567
134 470
135 520
135 183
136 271
136 309
137 526
139 597
139 406
140 453
141 345
142 223
143 566
144 169
144 244
145 187
145 555
146 385
147 455
148 322
148 219
149 295
149 271
151 203
151 334
152 269
152 274
153 347
153 202
154 267
154 237
155 551
156 259
157 261
158 506
159 190
159 533
160 417
160 379
161 385
161 577
162 390
163 374
163 200
164 475
164 376
165 283
166 423
166 509
167 406
167 319
168 328
168 489
170 222
171 469
171 351
172 502
172 282
173 286
174 403
175 500
176 303
177 439
178 240
178 374
179 231
179 392
180 513
180 296
181 431
181 394
182 188
183 581
184 361
185 450
186 499
187 563
188 441
189 288
189 451
190 277
191 265
191 541
192 416
192 486
193 321
193 391
194 359
194 255
195 323
195 480
196 586
196 246
197 478
198 270
198 429
199 448
199 495
201 497
201 345
202 547
203 319
204 320
205 224
205 536
206 399
206 472
207 563
207 216
208 567
208 350
209 331
209 446
210 379
211 322
212 266
214 526
214 441
215 384
215 222
216 560
218 333
219 459
220 327
220 285
223 508
224 545
225 280
226 517
226 348
227 576
228 569
228 249
229 458
229 549
230 483
230 580
232 482
232 496
233 420
233 390
234 432
235 243
235 371
236 501
236 250
237 509
238 343
239 435
239 457
240 411
241 487
241 366
242 438
243 419
245 583
245 571
246 501
247 550
247 444
248 463
248 581
249 558
250 435
251 349
251 313
252 256
253 258
254 489
254 280
257 377
258 476
260 364
260 356
262 387
263 433
264 504
265 589
266 377
267 409
268 561
268 595
269 530
270 308
272 498
273 467
274 502
275 358
275 311
276 494
276 408
278 335
278 507
279 598
279 527
283 292
284 516
284 477
286 425
287 532
288 414
289 492
289 575
290 392
290 456
291 384
292 568
293 505
294 436
294 413
296 329
297 482
298 492
298 443
299 418
299 439
300 593
301 401
301 415
302 503
304 402
305 473
306 598
306 428
307 529
307 571
308 360
310 445
311 574
312 405
314 430
315 548
316 528
317 343
318 366
318 466
323 380
324 326
324 449
325 477
327 587
328 554
330 553
331 415
332 485
332 549
333 402
334 592
336 493
336 479
337 566
337 538
338 361
338 491
339 370
339 422
340 578
341 584
342 424
344 534
344 408
347 405
348 373
350 518
351 483
352 431
353 438
357 425
357 378
358 590
359 504
362 450
362 442
363 513
364 417
365 484
368 453
368 495
370 410
376 407
380 545
382 491
383 599
388 579
388 468
389 520
389 574
393 470
395 553
395 511
396 507
397 466
397 443
398 426
398 411
399 562
400 424
403 558
407 481
410 481
412 539
413 442
418 444
419 447
420 460
421 476
422 540
426 512
427 544
429 554
430 580
432 437
433 587
434 546
440 496
440 542
445 565
446 592
447 465
449 462
452 543
452 547
454 518
458 590
459 474
460 596
461 469
462 540
464 552
464 493
465 511
467 515
468 542
471 490
471 561
474 583
480 597
487 559
488 556
488 560
490 570
498 519
500 591
505 538
506 544
508 515
510 594
514 594
519 522
523 569
524 525
529 595
531 582
531 585
532 593
541 572
546 586
548 576
550 572
568 588
600 543
601 326
-1 -1
0.642077
