1
0 90
0 140
1 42
1 68
2 525
2 570
3 132
3 189
4 42
4 504
5 235
5 467
6 93
6 594
7 406
7 509
8 43
8 478
9 119
9 539
10 159
10 540
11 227
11 442
12 134
12 182
13 592
13 160
14 27
14 395
15 418
15 487
16 33
16 133
17 565
17 436
18 537
18 279
19 451
19 473
20 441
21 132
21 337
22 109
22 438
23 256
23 430
24 252
24 301
25 166
25 555
26 70
26 431
27 247
28 99
28 205
29 208
29 443
30 101
30 414
31 126
31 188
32 420
32 480
33 120
34 276
34 283
35 104
35 178
36 129
36 469
37 220
37 578
38 172
38 253
39 346
39 502
40 88
40 157
41 45
41 307
43 346
44 191
44 308
45 461
46 110
46 219
47 268
47 278
48 536
48 278
49 579
49 366
50 192
50 447
51 548
51 78
52 214
52 399
53 55
53 335
54 71
54 452
55 460
56 95
56 302
57 558
57 61
58 313
58 410
59 366
59 495
60 206
60 220
61 196
62 587
62 417
63 571
63 489
64 205
64 405
65 260
65 490
66 183
66 267
67 202
67 488
68 320
69 96
69 398
70 358
71 538
72 567
72 334
73 211
73 511
74 341
74 396
75 552
75 305
76 288
76 344
77 102
77 238
78 181
79 221
79 400
80 557
80 425
81 234
81 507
82 131
82 175
83 105
83 269
84 368
84 392
85 402
85 504
86 139
86 382
87 575
87 311
88 292
89 231
89 289
90 332
91 316
91 349
92 163
92 193
93 431
94 177
94 253
95 367
96 204
97 130
97 165
98 473
98 493
99 266
100 526
100 374
101 202
102 163
103 533
103 428
104 415
105 112
106 114
106 200
107 263
107 577
108 544
108 130
109 121
110 465
111 186
111 562
112 212
113 520
113 571
114 262
115 128
115 296
116 509
116 510
117 461
117 498
118 591
118 438
119 516
120 274
121 524
122 194
122 425
123 530
123 185
124 141
124 164
125 568
125 378
126 153
127 302
127 312
128 255
129 343
131 342
133 521
134 391
135 152
135 266
136 440
136 478
137 518
137 241
138 539
138 450
139 485
140 305
141 595
142 259
142 501
143 523
143 166
144 242
144 386
145 147
145 228
146 297
146 418
147 540
148 536
148 338
149 561
149 356
150 308
150 373
151 169
151 259
152 230
153 445
154 193
154 217
155 290
155 354
156 298
156 326
157 182
158 222
158 394
159 494
160 310
161 522
161 386
162 314
162 468
164 191
165 514
167 326
167 348
168 446
168 470
169 532
170 217
170 503
171 229
171 464
172 498
173 585
173 330
174 276
174 286
175 354
176 273
176 528
177 439
178 529
179 543
179 352
180 563
180 572
181 563
183 233
184 576
184 476
185 309
186 389
187 215
187 299
188 546
189 246
190 403
190 586
192 319
194 559
195 512
195 490
196 598
197 515
197 412
198 293
198 426
199 558
199 315
200 227
201 556
201 574
203 595
203 209
204 375
206 453
207 521
207 271
208 452
209 224
210 353
210 508
211 304
212 474
213 216
213 243
214 357
215 242
216 454
218 559
218 485
219 222
221 329
223 551
223 348
224 282
225 543
225 486
226 390
226 432
228 334
229 530
230 384
231 527
232 271
232 479
233 277
234 527
235 556
236 589
236 362
237 244
237 349
238 263
239 583
239 524
240 341
240 353
241 458
243 316
244 345
245 585
245 593
246 364
247 328
248 550
248 363
249 265
249 379
250 321
250 388
251 413
251 448
252 434
254 565
254 501
255 312
256 419
257 300
257 411
258 552
258 369
260 310
261 401
261 496
262 542
264 311
264 437
265 500
267 526
268 437
269 497
270 568
270 493
272 337
272 423
273 497
274 314
275 468
275 592
277 382
279 303
280 324
280 510
281 477
281 508
282 481
283 549
284 574
284 391
285 567
285 596
286 395
287 515
287 351
288 406
289 355
290 511
291 393
291 407
292 537
293 517
294 376
294 475
295 394
295 594
296 322
297 496
298 507
299 370
300 597
301 584
303 449
304 520
306 459
306 480
307 325
309 528
313 373
315 420
317 440
317 467
318 327
318 328
319 429
320 477
321 482
322 351
323 513
323 376
324 430
325 553
327 514
329 347
330 345
331 338
331 429
332 494
333 566
333 573
335 398
336 513
336 436
339 360
339 445
340 593
340 387
342 589
343 433
344 446
347 458
350 427
350 483
352 454
355 361
356 547
357 545
358 385
359 541
359 434
360 506
361 599
362 569
363 546
364 365
365 370
367 564
368 599
369 384
371 457
371 465
372 428
372 560
374 518
375 573
377 379
377 483
378 383
380 512
380 439
381 538
381 432
383 448
385 549
387 576
388 435
389 561
390 484
392 488
393 413
396 462
397 531
397 583
399 534
400 481
401 459
402 492
403 422
404 554
404 410
405 560
407 442
408 572
408 476
409 466
409 471
411 417
412 591
414 495
415 506
416 447
416 463
419 581
421 424
421 586
422 426
423 580
424 456
427 577
433 570
435 548
441 555
443 486
444 582
444 532
449 579
450 554
451 598
453 505
455 531
455 487
456 479
457 471
460 562
462 551
463 472
464 523
466 522
469 597
470 588
472 491
474 517
475 482
484 557
489 578
491 542
492 533
499 587
499 502
500 519
503 569
505 596
516 590
519 581
525 553
529 575
534 564
535 545
535 588
541 582
547 584
550 590
566 580
600 544
601 20
-1 -1
94.0137
