1
0 360
0 477
1 22
1 402
2 151
2 466
3 253
3 599
4 19
4 73
5 33
5 542
6 526
6 402
7 276
7 463
8 473
8 510
9 522
9 416
10 149
10 160
11 122
11 366
12 512
12 487
13 163
13 263
14 565
14 509
15 587
15 508
16 231
16 298
17 145
17 491
18 165
18 242
19 432
20 79
20 290
21 39
21 250
22 319
23 287
23 508
24 156
24 326
25 594
25 257
26 144
26 494
27 329
28 80
28 130
29 99
29 131
30 209
30 391
31 172
31 229
32 528
32 428
33 435
34 530
34 579
35 130
35 558
36 593
36 424
37 208
37 554
38 190
38 416
39 352
40 222
40 597
41 155
41 483
42 455
42 499
43 238
43 318
44 71
44 388
45 240
45 358
46 303
46 451
47 329
47 335
48 234
48 259
49 200
49 233
50 92
50 566
51 531
51 505
52 274
52 379
53 393
53 441
54 107
54 147
55 525
55 216
56 159
56 275
57 100
57 212
58 320
58 457
59 350
59 440
60 580
60 506
61 173
61 414
62 118
62 262
63 522
63 529
64 540
64 324
65 230
65 448
66 584
66 458
67 477
67 479
68 293
68 464
69 342
69 369
70 349
70 410
71 382
72 102
72 314
73 323
74 251
74 339
75 598
75 570
76 420
76 459
77 552
77 453
78 452
78 471
79 372
80 252
81 585
81 273
82 383
82 426
83 589
83 105
84 98
84 537
85 89
85 421
86 269
86 278
87 426
87 510
88 532
88 184
89 549
90 284
90 384
91 322
91 442
92 507
93 355
93 393
94 146
94 180
95 154
95 309
96 201
96 248
97 581
97 182
98 472
99 198
100 408
101 452
101 490
102 147
103 161
103 180
104 135
104 379
105 167
106 422
106 430
107 220
108 254
108 453
109 564
109 450
110 301
110 403
111 598
111 423
112 325
112 371
113 553
113 193
114 540
114 454
115 129
115 241
116 427
116 449
117 137
117 376
118 196
119 126
119 368
120 561
120 433
121 133
121 174
122 330
123 547
123 134
124 595
124 387
125 547
125 154
126 533
127 281
127 363
128 571
128 181
129 187
131 511
132 277
132 356
133 558
134 183
135 331
136 553
136 380
137 314
138 586
138 195
139 202
139 438
140 551
140 548
141 186
141 353
142 143
142 559
143 429
144 239
145 374
146 308
148 289
148 478
149 591
150 224
150 498
151 371
152 513
152 397
153 276
153 511
155 336
156 280
157 182
157 269
158 190
158 305
159 259
160 344
161 367
162 227
162 359
163 207
164 370
164 478
165 529
166 530
166 324
167 325
168 575
168 574
169 580
169 219
170 229
170 578
171 206
171 485
172 260
173 186
174 484
175 191
175 431
176 312
176 451
177 398
177 431
178 376
178 444
179 417
179 449
181 271
183 206
184 337
185 193
185 310
187 589
188 254
188 461
189 599
189 286
191 296
192 292
192 447
194 303
194 500
195 496
196 415
197 554
197 343
198 486
199 245
199 258
200 230
201 400
202 301
203 557
203 506
204 439
204 594
205 307
205 350
207 411
208 490
209 493
210 333
210 507
211 235
211 284
212 517
213 225
213 362
214 265
214 482
215 563
215 357
216 456
217 386
217 401
218 375
218 392
219 268
220 595
221 517
221 320
222 486
223 300
223 347
224 309
225 513
226 321
226 465
227 299
228 295
228 590
231 437
232 266
232 396
233 568
234 593
235 404
236 541
236 287
237 244
237 500
238 457
239 279
240 294
241 481
242 391
243 283
243 412
244 433
245 470
246 565
246 439
247 354
247 366
248 297
249 524
249 432
250 348
251 389
252 588
253 373
255 566
255 280
256 559
256 552
257 497
258 482
260 591
261 335
261 421
262 539
263 362
264 327
264 459
265 392
266 285
267 272
267 302
268 516
270 549
270 345
271 363
272 316
273 334
274 332
275 579
277 368
278 576
279 537
281 388
282 574
282 334
283 310
285 340
286 423
288 463
288 469
289 536
290 541
291 295
291 358
292 304
293 458
294 474
296 395
297 315
298 518
299 306
300 472
302 450
304 410
305 418
306 578
307 412
308 441
311 359
311 435
312 394
313 322
313 390
315 396
316 467
317 592
317 444
318 521
319 464
321 488
323 503
326 428
327 338
328 515
328 586
330 544
331 456
332 462
333 583
336 577
337 429
338 571
339 394
340 427
341 399
341 406
342 519
343 526
344 576
345 572
346 577
346 462
347 364
348 563
349 475
351 408
351 480
352 573
353 504
354 543
355 503
356 460
357 590
360 544
361 535
361 524
364 399
365 545
365 445
367 479
369 405
370 425
372 521
373 497
374 382
375 465
377 550
377 383
378 567
378 502
380 436
381 546
381 414
384 409
385 407
385 434
386 548
387 411
389 489
390 538
395 475
397 514
398 588
400 445
401 534
403 481
404 488
405 575
406 422
407 468
409 434
413 573
413 424
415 596
417 569
418 461
419 467
419 471
420 536
425 592
430 501
436 555
437 455
438 527
440 567
442 564
443 581
443 466
446 512
446 496
447 528
448 556
454 468
460 545
469 515
470 525
473 476
474 495
476 538
480 531
483 519
484 546
485 583
487 523
489 560
491 562
492 551
492 562
493 568
494 555
495 539
498 570
499 505
501 569
502 520
504 518
509 527
514 516
520 556
523 533
532 582
534 584
535 550
542 597
543 560
557 596
572 582
585 587
600 561
601 27
-1 -1
41.5486
