1
0 10
0 238
1 16
1 517
2 211
2 281
3 540
3 245
4 528
4 579
5 23
5 146
6 7
6 321
7 209
8 555
8 452
9 31
9 159
10 48
11 599
11 342
12 538
13 41
13 252
14 141
14 231
15 114
15 134
16 400
17 225
17 456
18 240
18 311
19 33
19 289
20 186
20 467
21 86
21 191
22 354
22 424
23 42
24 130
24 436
25 47
25 59
26 377
26 454
27 74
27 256
28 71
28 365
29 114
29 317
30 229
30 387
31 216
32 58
32 62
33 434
34 35
34 582
35 119
36 364
36 486
37 101
37 231
38 45
38 213
39 556
39 375
40 266
40 454
41 422
42 589
43 194
43 257
44 207
44 581
45 397
46 587
46 562
47 356
48 583
49 457
49 496
50 526
50 453
51 584
51 75
52 147
52 492
53 519
53 90
54 88
54 304
55 144
55 283
56 77
56 414
57 78
57 206
58 295
59 307
60 527
60 296
61 200
61 461
62 189
63 185
63 324
64 158
64 346
65 273
65 457
66 584
66 384
67 322
67 412
68 83
68 217
69 491
69 505
70 235
70 322
71 206
72 109
72 447
73 515
73 349
74 188
75 166
76 539
76 188
77 103
78 201
79 171
79 598
80 89
80 473
81 95
81 313
82 115
82 394
83 440
84 90
84 117
85 335
85 421
86 171
87 111
87 585
88 481
89 478
91 190
91 380
92 518
92 560
93 155
93 177
94 596
94 309
95 177
96 110
96 241
97 157
97 508
98 565
98 194
99 187
99 256
100 148
100 264
101 211
102 134
102 425
103 564
104 525
104 204
105 294
105 367
106 342
106 523
107 180
107 391
108 319
108 424
109 578
110 444
111 397
112 591
112 407
113 587
113 423
115 169
116 205
116 308
117 120
118 192
118 487
119 159
120 401
121 447
121 597
122 565
122 471
123 132
123 210
124 569
124 493
125 182
125 197
126 517
126 344
127 305
127 409
128 251
128 280
129 161
129 474
130 326
131 251
131 555
132 283
133 137
133 403
135 590
135 391
136 542
136 354
137 544
138 218
138 312
139 352
139 368
140 233
140 398
141 520
142 574
142 466
143 544
143 501
144 203
145 366
145 382
146 570
147 241
148 398
149 276
149 403
150 225
150 246
151 349
151 393
152 451
152 485
153 190
153 338
154 164
154 210
155 373
156 518
156 420
157 492
158 547
160 540
160 483
161 328
162 327
162 571
163 175
163 224
164 439
165 272
165 499
166 405
167 212
167 229
168 560
168 426
169 323
170 259
170 302
172 193
172 221
173 282
173 490
174 573
174 305
175 228
176 591
176 530
178 361
178 477
179 514
179 449
180 215
181 260
181 418
182 371
183 290
183 402
184 363
184 399
185 415
186 377
187 309
189 547
191 510
192 566
193 383
195 396
195 480
196 580
196 410
197 474
198 558
198 333
199 408
199 443
200 546
201 453
202 216
202 362
203 561
204 445
205 516
207 580
208 307
208 388
209 543
212 482
213 562
214 266
214 300
215 451
217 255
218 455
219 473
219 490
220 588
220 291
221 408
222 234
222 364
223 531
223 582
224 538
226 449
226 503
227 274
227 279
228 374
230 323
230 379
232 550
232 257
233 504
234 332
235 466
236 593
236 239
237 303
237 366
238 355
239 450
240 441
242 531
242 436
243 250
243 475
244 275
244 412
245 438
246 393
247 462
247 498
248 535
248 385
249 495
249 497
250 541
252 306
253 263
253 448
254 572
254 359
255 353
258 577
258 263
259 369
260 502
261 389
261 405
262 465
262 480
264 331
265 353
265 395
267 595
267 491
268 348
268 592
269 347
269 350
270 284
270 430
271 292
271 334
272 510
273 298
274 446
275 551
276 506
277 598
277 318
278 409
278 468
279 465
280 532
281 443
282 541
284 375
285 320
285 458
286 585
286 386
287 548
287 315
288 318
288 370
289 545
290 420
291 532
292 410
293 529
293 583
294 413
295 566
296 495
297 586
297 464
298 389
299 553
299 577
300 433
301 336
301 434
302 533
303 431
304 569
306 594
308 546
310 570
310 367
311 536
312 339
313 521
314 461
314 482
315 581
316 417
316 496
317 380
319 530
320 347
321 407
324 578
325 356
325 575
326 552
327 390
328 522
329 515
329 511
330 390
330 423
331 429
332 381
333 386
334 489
335 374
336 520
337 351
337 503
338 588
339 494
340 388
340 479
341 529
341 537
343 376
343 502
344 352
345 428
345 450
346 396
348 557
350 372
351 445
355 448
357 378
357 506
358 370
358 411
359 537
360 404
360 411
361 456
362 589
363 455
365 469
368 416
369 501
371 567
372 597
373 536
376 500
378 596
379 439
381 534
382 433
383 467
384 551
385 543
387 483
392 576
392 592
394 572
395 426
399 586
400 516
401 539
402 442
404 417
406 514
413 425
414 594
415 460
416 593
418 507
419 512
419 574
421 489
422 576
427 430
427 437
428 476
429 563
431 440
432 554
432 509
435 452
435 484
437 487
438 472
441 463
442 550
444 526
446 575
458 500
459 523
459 573
460 535
462 553
463 558
464 498
468 525
469 534
470 556
470 484
471 481
472 557
475 479
476 563
477 599
478 507
485 568
486 533
488 579
488 561
493 552
494 513
497 504
499 595
505 528
508 559
509 545
511 549
512 567
513 519
521 564
522 590
524 548
524 571
527 542
549 568
554 559
600 406
601 12
-1 -1
52.3977
