1
0 183
0 593
1 410
1 461
2 147
2 202
3 551
3 476
4 32
4 415
5 18
5 510
6 544
6 399
7 166
7 209
8 340
8 406
9 310
9 408
10 57
10 377
11 223
11 433
12 240
12 269
13 133
13 374
14 266
14 351
15 143
15 501
16 24
16 361
17 516
17 373
18 72
19 122
19 129
20 33
20 276
21 227
21 468
22 156
22 159
23 559
23 103
24 564
25 448
25 481
26 528
26 149
27 537
27 38
28 224
28 318
29 41
29 155
30 260
30 402
31 226
31 257
32 55
33 222
34 401
34 436
35 307
35 484
36 228
37 48
37 110
38 466
39 542
39 289
40 301
40 311
41 181
42 445
42 454
43 254
43 325
44 517
44 60
45 579
45 508
46 126
46 350
47 393
47 489
48 538
49 556
49 349
50 267
50 339
51 164
51 541
52 86
52 170
53 198
53 251
54 181
54 212
55 365
56 206
56 453
57 324
58 573
58 578
59 369
59 490
60 317
61 565
61 157
62 544
62 478
63 297
63 574
64 129
64 568
65 163
65 283
66 75
66 555
67 244
67 465
68 434
68 562
69 405
69 456
70 362
70 479
71 174
71 389
72 398
73 127
73 394
74 334
74 409
75 373
76 533
76 160
77 177
77 494
78 120
78 535
79 327
79 571
80 265
80 348
81 133
81 474
82 150
82 287
83 334
83 383
84 94
84 483
85 263
85 465
86 587
87 192
87 366
88 471
88 527
89 161
89 504
90 138
90 256
91 235
91 476
92 375
92 384
93 346
93 508
94 568
95 212
95 315
96 97
96 430
97 506
98 100
98 280
99 530
99 363
100 294
101 148
101 459
102 173
102 286
103 593
104 254
104 390
105 109
105 447
106 208
106 477
107 421
107 434
108 210
108 517
109 202
110 295
111 126
111 296
112 241
112 400
113 534
113 185
114 196
114 457
115 521
115 195
116 299
116 462
117 577
117 561
118 558
118 509
119 418
119 467
120 380
121 179
121 301
122 411
123 565
123 428
124 147
124 302
125 178
125 586
127 154
128 575
128 177
130 286
130 308
131 355
131 356
132 342
132 474
134 244
134 322
135 190
135 370
136 397
136 578
137 187
137 409
138 264
139 338
139 410
140 164
140 206
141 519
141 318
142 599
142 317
143 483
144 239
144 293
145 167
145 566
146 238
146 335
148 368
149 486
150 257
151 535
151 392
152 573
152 378
153 184
153 497
154 158
155 488
156 498
157 447
158 457
159 448
160 220
161 530
162 241
162 510
163 522
165 234
165 562
166 444
167 545
168 539
168 326
169 186
169 407
170 445
171 183
171 461
172 319
172 491
173 385
174 354
175 253
175 352
176 185
176 503
178 570
179 188
180 341
180 389
182 571
182 237
184 193
186 513
187 500
188 452
189 302
189 393
190 495
191 249
191 330
192 425
193 396
194 597
194 458
195 592
196 418
197 378
197 408
198 271
199 542
199 276
200 427
200 442
201 245
201 424
203 280
203 354
204 591
204 567
205 584
205 247
207 374
207 463
208 557
209 538
210 514
211 376
211 464
213 258
213 430
214 262
214 493
215 329
215 364
216 267
216 435
217 387
217 492
218 420
218 440
219 285
219 484
220 524
221 560
221 520
222 353
223 321
224 331
225 290
225 431
226 341
227 528
228 485
229 549
229 522
230 582
230 488
231 253
231 384
232 250
232 435
233 264
233 329
234 426
235 470
236 261
236 367
237 458
238 545
239 533
240 441
242 274
242 480
243 359
243 454
245 284
246 512
246 513
247 563
248 369
248 492
249 270
250 512
251 385
252 306
252 494
255 340
255 505
256 521
258 307
259 284
259 478
260 356
261 500
262 576
263 294
265 319
266 278
268 336
268 449
269 536
270 482
271 407
272 598
272 311
273 588
273 382
274 585
275 281
275 314
277 387
277 546
278 536
279 386
279 423
281 386
282 383
282 481
283 531
285 505
287 526
288 518
288 569
289 310
290 345
291 543
291 453
292 331
292 487
293 469
295 558
296 419
297 323
298 554
298 372
299 543
300 550
300 359
303 381
303 395
304 321
304 470
305 595
305 438
306 324
308 360
309 460
309 482
312 335
312 525
313 524
313 502
314 532
315 362
316 346
316 467
320 583
320 490
322 398
323 399
325 417
326 552
327 554
328 529
328 472
330 472
332 574
332 572
333 570
333 491
336 526
337 449
337 477
338 507
339 439
342 350
343 372
343 496
344 531
344 471
345 358
347 584
347 352
348 364
349 375
351 412
353 540
355 416
357 575
357 414
358 566
360 596
361 585
363 499
365 370
366 586
367 422
368 431
371 598
371 388
376 515
377 547
379 548
379 567
380 451
381 455
382 456
388 497
390 560
391 597
391 583
392 577
394 527
395 424
396 444
397 464
400 414
401 592
402 559
403 550
403 450
404 487
404 501
405 564
406 590
411 552
412 429
413 572
413 427
415 446
416 582
417 433
419 537
420 587
421 557
422 599
423 507
425 443
426 441
428 551
429 563
432 437
432 455
436 518
437 541
438 588
439 594
440 581
442 506
443 525
446 462
450 580
451 475
452 596
459 590
460 561
463 591
466 479
468 473
469 548
473 589
475 486
480 516
485 579
489 502
493 529
495 520
496 532
498 556
499 547
503 523
504 511
509 553
511 576
514 539
515 549
519 594
523 540
534 555
546 589
569 581
580 595
600 553
601 36
-1 -1
77.3691
