1
0 281
0 436
1 292
1 445
2 345
2 405
3 67
3 221
4 26
4 165
5 106
5 275
6 92
6 433
7 102
7 312
8 324
8 357
9 12
9 204
10 106
10 260
11 181
11 328
12 18
13 177
13 180
14 226
14 374
15 301
15 452
16 150
16 547
17 134
17 172
18 543
19 52
19 321
20 71
20 431
21 182
21 356
22 123
22 501
23 73
23 144
24 135
24 397
25 326
26 269
27 151
27 288
28 318
28 507
29 546
29 310
30 85
30 327
31 550
31 162
32 172
32 444
33 37
33 386
34 115
34 456
35 95
35 102
36 39
36 537
37 137
38 343
38 359
39 318
40 540
40 384
41 560
41 74
42 66
42 401
43 78
43 330
44 224
44 567
45 575
45 112
46 100
46 439
47 380
47 474
48 98
48 185
49 315
49 348
50 530
50 322
51 587
51 99
52 393
53 75
53 166
54 176
54 287
55 157
55 225
56 187
56 206
57 577
57 160
58 588
58 565
59 236
59 499
60 521
60 205
61 108
61 238
62 186
62 492
63 115
63 233
64 586
64 231
65 147
65 334
66 576
67 249
68 553
68 350
69 251
69 370
70 179
70 569
71 232
72 119
72 469
73 358
74 405
75 525
76 92
76 487
77 535
77 154
78 285
79 213
79 250
80 581
80 472
81 531
81 179
82 234
82 274
83 125
83 497
84 207
84 482
85 454
86 570
86 293
87 302
87 371
88 177
88 332
89 583
89 437
90 91
90 509
91 139
93 138
93 422
94 360
94 384
95 280
96 368
96 500
97 576
97 578
98 157
99 325
100 524
101 581
101 476
103 287
103 465
104 321
104 414
105 442
105 507
107 470
107 479
108 342
109 216
109 448
110 173
110 451
111 568
111 399
112 319
113 142
113 310
114 244
114 334
116 531
116 387
117 535
117 160
118 143
118 148
119 585
120 585
120 283
121 344
121 367
122 489
122 495
123 341
124 573
124 421
125 212
126 256
126 307
127 537
127 541
128 288
128 289
129 571
129 594
130 533
130 340
131 208
131 270
132 519
132 561
133 145
133 322
134 502
135 499
136 365
136 452
137 590
138 511
139 450
140 243
140 365
141 173
141 284
142 353
143 414
144 395
145 427
146 536
146 580
147 189
148 476
149 456
149 463
150 533
151 272
152 483
152 502
153 202
154 193
155 315
155 396
156 575
156 436
158 210
158 254
159 222
159 496
161 403
161 493
162 429
163 306
163 548
164 428
164 467
165 506
166 368
167 598
167 416
168 598
168 391
169 407
169 462
170 477
170 488
171 279
171 411
174 256
174 434
175 259
175 366
176 469
178 249
178 317
180 458
181 201
182 485
183 512
183 240
184 263
184 274
185 271
186 361
187 433
188 549
188 564
189 592
190 236
190 241
191 584
191 592
192 203
192 464
193 441
194 281
194 372
195 367
195 445
196 577
196 237
197 505
197 597
198 291
198 313
199 265
199 461
200 299
200 459
201 245
202 523
203 350
204 471
205 343
206 290
207 210
208 388
209 261
209 388
211 325
211 419
212 415
213 446
214 567
214 217
215 284
215 500
216 408
217 319
218 450
218 486
219 590
219 508
220 596
220 352
221 595
222 340
223 565
223 406
224 494
225 498
226 462
227 514
227 239
228 369
228 501
229 599
229 558
230 255
230 282
231 554
232 544
233 464
234 262
235 380
235 437
237 277
238 276
239 304
240 438
241 478
242 558
242 478
243 472
244 391
245 354
246 300
246 345
247 550
247 443
248 413
248 432
250 517
251 387
252 297
252 353
253 554
253 477
254 534
255 314
257 596
257 291
258 330
258 505
259 446
260 544
261 461
262 551
263 364
264 444
264 494
265 418
266 300
266 463
267 582
267 417
268 574
268 383
269 561
270 292
271 483
272 545
273 426
273 480
275 442
276 546
277 329
278 280
278 406
279 526
282 431
283 389
285 487
286 424
286 493
289 423
290 540
293 527
294 376
294 584
295 403
295 504
296 316
296 377
297 385
298 582
298 495
299 497
301 430
302 571
303 358
303 364
304 511
305 382
305 491
306 416
307 379
308 424
308 593
309 374
309 579
311 331
311 341
312 328
313 457
314 566
316 390
317 528
320 411
320 489
323 369
323 373
324 542
326 579
327 594
329 382
331 538
332 542
333 393
333 395
335 518
335 383
336 572
336 460
337 556
337 470
338 408
338 482
339 360
339 386
342 409
344 390
346 522
346 486
347 527
347 428
348 514
349 557
349 572
351 516
351 591
352 516
354 404
355 591
355 425
356 402
357 503
359 440
361 512
362 381
362 481
363 573
363 420
366 519
370 412
371 569
372 415
373 532
375 587
375 418
376 580
377 520
378 513
378 449
379 492
381 430
385 557
389 562
392 474
392 498
394 409
394 454
396 503
397 524
398 539
398 400
399 451
400 583
401 423
402 528
404 410
407 466
410 485
412 595
413 479
417 541
419 589
420 471
421 517
422 515
425 440
426 515
427 538
429 521
432 457
434 559
435 562
435 453
438 449
439 441
443 578
447 563
447 448
453 597
455 467
455 490
458 564
459 563
460 526
465 529
466 491
468 552
468 553
473 513
473 555
475 586
475 532
480 547
481 588
484 589
484 506
488 599
490 568
496 523
504 552
508 548
509 534
510 543
510 555
518 549
520 539
522 574
525 536
529 530
545 559
551 560
556 566
570 593
600 25
601 153
-1 -1
276.048
