1
0 507
0 755
1 252
1 341
2 93
2 616
3 271
3 348
4 26
4 222
5 456
5 759
6 258
6 622
7 351
7 867
8 14
8 209
9 186
9 535
10 458
10 518
11 438
11 846
12 263
12 825
13 196
13 638
14 681
15 56
15 61
16 117
16 665
17 108
17 801
18 101
18 251
19 772
19 880
20 166
20 810
21 50
21 597
22 485
22 714
23 29
23 577
24 398
24 646
25 703
25 816
26 870
27 55
27 114
28 697
28 708
29 883
30 123
30 565
31 239
31 727
32 80
32 97
33 57
33 413
34 530
34 653
35 553
35 792
36 360
36 437
37 372
37 384
38 626
38 671
39 282
39 353
40 810
40 825
41 178
41 621
42 68
42 402
43 61
43 709
44 552
44 640
45 126
45 636
46 379
46 609
47 326
47 614
48 620
48 777
49 150
49 447
50 137
51 149
51 357
52 412
52 574
53 56
53 401
54 280
54 705
55 487
57 453
58 275
58 497
59 379
59 778
60 340
60 422
62 175
62 540
63 145
63 282
64 118
64 686
65 795
65 882
66 563
66 631
67 84
67 602
68 554
69 649
69 680
70 109
70 450
71 289
71 597
72 223
72 290
73 408
73 854
74 191
74 800
75 241
75 494
76 532
76 643
77 442
77 611
78 460
78 793
79 516
79 577
80 765
81 109
81 584
82 416
82 424
83 342
83 521
84 197
85 246
85 533
86 192
86 292
87 525
87 642
88 520
88 774
89 427
89 855
90 230
90 337
91 372
91 527
92 341
92 837
93 558
94 514
94 770
95 343
95 543
96 205
96 441
97 633
98 637
98 780
99 446
99 625
100 318
100 802
101 482
102 255
102 669
103 105
103 307
104 207
104 892
105 182
106 405
106 501
107 146
107 492
108 363
110 643
110 782
111 196
111 515
112 569
112 893
113 227
113 831
114 871
115 570
115 751
116 330
116 709
117 605
118 363
119 135
119 872
120 276
120 648
121 523
121 861
122 725
122 801
123 452
124 665
124 681
125 161
125 205
126 230
127 417
127 742
128 129
128 271
129 324
130 554
130 654
131 628
131 706
132 152
132 221
133 405
133 797
134 170
134 651
135 668
136 601
136 847
137 841
138 151
138 370
139 143
139 832
140 586
140 679
141 142
141 249
142 186
143 529
144 228
144 250
145 214
146 193
147 202
147 420
148 272
148 759
149 781
150 333
151 804
152 569
153 267
153 501
154 191
154 631
155 254
155 662
156 502
156 606
157 570
157 814
158 687
158 890
159 528
159 652
160 500
160 519
161 243
162 434
162 766
163 349
163 887
164 642
164 662
165 744
165 745
166 268
167 549
167 786
168 237
168 423
169 534
169 884
170 858
171 353
171 364
172 481
172 667
173 361
173 746
174 617
174 732
175 386
176 253
176 310
177 489
177 691
178 264
179 682
179 704
180 409
180 510
181 375
181 747
182 636
183 628
183 769
184 204
184 311
185 757
185 804
187 383
187 632
188 581
188 838
189 658
189 692
190 207
190 676
192 808
193 675
194 594
194 773
195 670
195 764
197 674
198 242
198 828
199 871
199 899
200 440
200 474
201 593
201 790
202 627
203 574
203 843
204 830
206 685
208 220
208 865
209 656
210 711
210 782
211 241
211 863
212 478
212 857
213 469
213 741
214 347
215 698
215 803
216 267
216 828
217 503
217 505
218 734
218 757
219 587
219 591
220 645
221 649
222 294
223 397
224 523
224 633
225 329
225 336
226 660
226 780
227 327
228 791
229 521
229 607
231 377
231 392
232 442
232 713
233 334
233 443
234 290
234 697
235 346
235 419
236 291
236 355
237 544
238 326
238 428
239 894
240 316
240 443
242 691
243 448
244 752
244 799
245 530
245 695
246 490
247 455
247 619
248 672
248 839
249 808
250 301
251 285
252 388
253 419
254 748
255 328
256 275
256 461
257 552
257 575
258 410
259 435
259 453
260 740
260 849
261 356
261 883
262 371
262 694
263 627
264 485
265 444
265 716
266 277
266 576
268 625
269 700
269 840
270 852
270 873
272 300
273 605
273 746
274 465
274 678
276 522
277 493
278 624
278 826
279 594
279 856
280 679
281 301
281 355
283 640
283 816
284 705
284 857
285 766
286 466
286 880
287 315
287 364
288 744
288 875
289 613
291 320
292 339
293 390
293 535
294 373
295 350
295 600
296 516
296 856
297 421
297 776
298 702
298 714
299 515
299 838
300 731
302 669
302 676
303 460
303 786
304 438
304 783
305 400
305 598
306 484
306 655
307 614
308 634
308 834
309 626
309 685
310 680
311 666
312 890
312 895
313 724
313 727
314 848
314 860
315 462
316 425
317 603
317 778
318 721
319 585
319 612
320 832
321 667
321 689
322 544
322 706
323 504
323 537
324 555
325 818
325 859
327 361
328 568
329 590
330 375
331 484
331 764
332 472
332 654
333 471
334 385
335 561
335 690
336 776
337 774
338 722
338 891
339 517
340 500
342 496
343 481
344 392
344 831
345 403
345 556
346 558
347 449
348 798
349 513
350 739
351 693
352 724
352 818
354 416
354 548
356 791
357 650
358 514
358 885
359 426
359 660
360 888
362 545
362 616
365 717
365 765
366 414
366 488
367 581
367 596
368 718
368 830
369 397
369 829
370 790
371 456
373 879
374 821
374 844
376 645
376 664
377 592
378 482
378 707
380 755
380 833
381 635
381 886
382 568
382 813
383 468
384 499
385 872
386 687
387 696
387 783
388 596
389 551
389 733
390 835
391 422
391 756
393 623
393 761
394 431
394 637
395 608
395 702
396 508
396 686
398 445
399 668
399 796
400 511
401 531
402 620
403 659
404 618
404 678
406 434
406 467
407 730
407 846
408 412
409 623
410 726
411 572
411 758
413 647
414 794
415 609
415 866
417 539
418 683
418 898
420 740
421 527
423 493
424 848
425 775
426 512
427 583
428 827
429 589
429 684
430 638
430 811
431 546
432 486
432 897
433 488
433 892
435 877
436 656
436 742
437 835
439 503
439 548
440 876
441 891
444 862
445 840
446 736
447 749
448 454
449 612
450 549
451 809
451 875
452 518
454 719
455 547
457 763
457 806
458 611
459 663
459 807
461 464
462 803
463 509
463 513
464 820
465 787
466 578
467 760
468 717
469 719
470 754
470 868
471 639
472 758
473 821
473 882
474 767
475 800
475 888
476 664
476 671
477 505
477 865
478 525
479 672
479 812
480 543
480 836
483 534
483 721
486 651
487 661
489 604
490 844
491 499
491 608
492 619
494 777
495 799
495 802
496 629
497 603
498 617
498 864
502 869
504 859
506 592
506 779
507 817
508 797
509 730
510 862
511 699
512 618
517 540
519 712
520 738
522 812
524 600
524 726
526 683
526 781
528 722
529 663
531 898
532 559
533 542
536 826
536 884
537 644
538 809
538 837
539 748
541 713
541 753
542 860
545 703
546 641
547 823
550 666
550 887
551 657
553 659
555 896
556 650
557 688
557 879
559 843
560 834
560 842
561 602
562 564
562 586
563 784
564 866
565 589
566 567
566 870
567 806
571 845
571 867
572 720
573 579
573 829
575 580
576 815
578 601
579 864
580 855
582 647
582 743
583 784
584 842
585 734
587 711
588 811
588 893
590 731
591 729
593 822
595 738
595 751
598 677
599 771
599 779
604 822
606 824
607 795
610 634
610 690
613 673
615 698
615 701
621 696
622 852
624 707
629 723
630 641
630 736
632 700
635 750
639 743
644 745
646 773
648 694
652 794
653 798
655 699
657 851
658 874
661 770
670 675
673 677
674 768
682 760
684 833
688 733
689 785
692 710
693 894
695 807
701 789
704 741
708 737
710 854
712 768
715 850
715 861
716 728
718 805
720 877
723 878
725 750
728 805
729 876
732 769
735 767
735 814
737 796
739 841
747 775
749 817
752 863
753 788
754 878
756 881
761 772
762 813
762 868
763 849
771 889
785 874
787 823
788 869
789 851
792 886
793 819
815 858
820 885
824 853
827 881
836 847
839 873
845 899
850 889
853 896
895 897
900 819
901 206
-1 -1
7.25526
