1
0 91
0 753
1 345
1 689
2 56
2 351
3 249
3 256
4 535
4 622
5 165
5 262
6 312
6 567
7 384
7 790
8 81
8 508
9 724
9 792
10 125
10 795
11 379
11 613
12 113
12 275
13 19
13 601
14 215
14 711
15 216
15 602
16 50
16 359
17 235
17 569
18 23
18 182
19 510
20 117
20 291
21 244
21 381
22 320
22 336
23 328
24 284
24 712
25 459
25 506
26 675
26 774
27 557
27 598
28 154
28 292
29 261
29 674
30 76
30 395
31 101
31 511
32 301
32 601
33 304
33 311
34 124
34 483
35 471
35 645
36 542
36 725
37 232
37 343
38 492
38 716
39 47
39 156
40 566
40 616
41 662
41 792
42 186
42 373
43 451
43 683
44 87
44 774
45 275
45 300
46 67
46 298
47 300
48 131
48 136
49 81
49 579
50 219
51 514
51 631
52 112
52 390
53 60
53 710
54 695
54 699
55 204
55 654
56 377
57 175
57 748
58 203
58 654
59 159
59 318
60 540
61 253
61 379
62 759
62 775
63 541
63 671
64 378
64 482
65 269
65 697
66 134
66 391
67 755
68 547
68 740
69 285
69 685
70 100
70 544
71 321
71 435
72 150
72 783
73 296
73 646
74 472
74 475
75 92
75 618
76 764
77 563
77 661
78 363
78 772
79 183
79 563
80 585
80 742
82 217
82 635
83 201
83 505
84 185
84 613
85 167
85 633
86 576
86 621
87 110
88 158
88 531
89 313
89 498
90 558
90 718
91 528
92 615
93 172
93 255
94 594
94 647
95 405
95 799
96 445
96 732
97 338
97 431
98 436
98 630
99 356
99 647
100 668
101 701
102 103
102 219
103 347
104 182
104 220
105 453
105 633
106 233
106 746
107 474
107 657
108 457
108 707
109 312
109 427
110 769
111 340
111 749
112 634
113 283
114 226
114 356
115 295
115 306
116 270
116 757
117 130
118 434
118 625
119 426
119 604
120 607
120 727
121 546
121 664
122 322
122 366
123 513
123 738
124 287
125 708
126 479
126 518
127 199
127 684
128 513
128 551
129 386
129 442
130 264
131 331
132 338
132 593
133 318
133 628
134 588
135 522
135 657
136 440
137 510
137 675
138 143
138 440
139 417
139 469
140 214
140 472
141 615
141 642
142 514
142 583
143 552
144 473
144 721
145 747
145 761
146 560
146 797
147 413
147 743
148 414
148 530
149 157
149 189
150 496
151 529
151 608
152 553
152 643
153 195
153 210
154 548
155 213
155 618
156 790
157 667
158 696
159 554
160 178
160 575
161 537
161 629
162 401
162 446
163 284
163 335
164 495
164 526
165 728
166 325
166 504
167 281
168 244
168 311
169 531
169 581
170 316
170 466
171 453
171 693
172 362
173 280
173 738
174 553
174 681
175 366
176 399
176 656
177 422
177 547
178 248
179 574
179 651
180 314
180 416
181 476
181 561
183 486
184 241
184 731
185 329
186 476
187 606
187 760
188 310
188 798
189 725
190 196
190 211
191 247
191 385
192 678
192 770
193 488
193 612
194 549
194 686
195 207
196 586
197 405
197 439
198 660
198 728
199 783
200 474
200 703
201 420
202 357
202 755
203 785
204 623
205 249
205 587
206 297
206 364
207 277
208 557
208 573
209 493
209 569
210 679
211 462
212 689
212 796
213 542
214 717
215 583
216 408
217 747
218 522
218 762
220 385
221 267
221 396
222 371
222 595
223 391
223 680
224 250
224 501
225 255
225 259
226 780
227 498
227 624
228 355
228 771
229 448
229 538
230 636
230 723
231 316
231 577
232 489
233 291
234 250
234 516
235 586
236 509
236 677
237 402
237 650
238 276
238 397
239 393
239 430
240 357
240 469
241 500
242 641
242 779
243 384
245 530
245 752
246 381
246 612
247 766
248 796
251 386
251 764
252 497
252 717
253 460
254 337
254 567
256 407
257 443
257 532
258 303
258 775
259 762
260 392
260 577
261 570
262 574
263 545
263 731
264 692
265 660
265 743
266 281
266 769
267 395
268 348
268 584
269 604
270 685
271 376
271 441
272 305
272 644
273 429
273 694
274 409
274 760
276 621
277 677
278 410
278 424
279 754
279 788
280 286
282 428
282 433
283 373
285 502
286 623
287 751
288 508
288 709
289 443
289 622
290 525
290 610
292 427
293 447
293 495
294 520
294 617
295 620
296 539
297 463
298 599
299 449
299 590
301 308
302 752
302 779
303 741
304 672
305 470
306 638
307 452
307 477
308 477
309 679
309 739
310 354
313 330
314 521
315 480
315 524
317 736
317 765
319 424
319 500
320 546
321 767
322 710
323 349
323 481
324 594
324 726
325 653
326 371
326 606
327 483
327 523
328 353
329 645
330 678
331 572
332 377
332 504
333 470
333 597
334 406
334 564
335 369
336 447
337 411
339 528
339 593
340 452
341 519
341 730
342 361
342 548
343 643
344 637
344 736
345 455
346 402
346 714
347 376
348 499
349 771
350 438
350 506
351 571
352 661
352 726
353 394
354 585
355 432
358 541
358 631
359 511
360 412
360 488
361 659
362 461
363 368
364 388
365 383
365 655
367 484
367 799
368 404
369 745
370 705
370 776
372 375
372 648
374 680
375 494
378 665
380 448
380 617
382 458
382 750
383 616
387 491
387 761
388 444
389 609
389 636
390 554
392 400
393 765
394 591
396 421
397 580
398 534
398 756
399 490
400 687
401 496
403 552
403 627
404 737
406 482
407 611
408 512
409 708
410 418
411 475
412 639
413 485
414 591
415 494
415 688
416 766
417 439
418 737
419 464
419 744
420 630
421 527
422 518
423 459
423 699
425 635
425 688
426 706
428 629
429 729
430 798
431 560
432 603
433 597
434 777
435 460
436 556
437 573
437 724
438 550
441 670
442 750
444 468
445 651
446 704
449 503
450 649
450 715
451 610
454 706
454 794
455 627
456 487
456 558
457 670
458 537
461 589
462 658
463 751
464 465
465 702
466 534
467 605
467 713
468 662
471 652
473 515
478 663
478 712
479 787
480 509
481 759
484 782
485 768
486 605
487 730
489 497
490 608
491 683
492 507
493 770
499 588
501 786
502 758
503 691
505 544
507 517
512 711
515 640
516 641
517 733
519 592
520 793
521 640
523 784
524 767
525 776
526 581
527 746
529 650
532 781
533 624
533 705
535 719
536 587
536 696
538 693
539 732
540 722
543 582
543 735
545 568
549 646
550 676
551 727
555 671
555 690
556 715
559 596
559 721
561 698
562 632
562 692
564 788
565 576
565 785
566 716
568 745
570 614
571 756
572 748
575 709
578 687
578 739
579 793
580 744
582 672
584 595
589 686
590 720
592 789
596 741
598 609
599 757
600 714
600 781
602 652
603 707
607 620
611 666
614 628
619 632
619 753
625 722
626 638
626 700
634 784
637 684
639 734
642 723
644 749
648 667
649 729
653 772
655 763
656 673
658 659
663 740
664 789
665 701
666 735
668 700
669 691
669 742
673 682
674 758
676 787
681 754
682 778
690 773
694 768
695 794
697 795
698 778
702 713
703 763
704 777
718 780
719 791
720 791
733 782
734 773
786 797
800 374
801 243
-1 -1
233.608
