1
0 16
0 403
1 12
1 464
2 153
2 678
3 468
3 588
4 58
4 222
5 105
5 467
6 165
6 766
7 312
7 419
8 129
8 327
9 549
9 668
10 582
10 730
11 298
11 316
12 42
13 268
13 693
14 633
14 765
15 238
15 796
16 117
17 245
17 565
18 642
18 672
19 145
19 159
20 86
20 685
21 321
21 677
22 158
22 247
23 366
23 492
24 172
24 174
25 355
25 372
26 362
26 772
27 447
27 788
28 671
28 774
29 556
29 796
30 93
30 662
31 202
31 572
32 157
32 589
33 251
33 747
34 233
34 696
35 270
35 329
36 710
36 724
37 566
37 662
38 350
38 731
39 203
39 631
40 385
40 473
41 699
41 720
42 188
43 689
43 791
44 289
44 767
45 184
45 357
46 308
46 749
47 177
47 454
48 269
48 384
49 58
49 465
50 230
50 666
51 474
51 637
52 112
52 658
53 109
53 781
54 242
54 436
55 444
55 745
56 236
56 439
57 148
57 643
59 162
59 388
60 483
60 572
61 227
61 278
62 476
62 670
63 103
63 644
64 335
64 645
65 246
65 798
66 276
66 622
67 73
67 498
68 146
68 675
69 440
69 741
70 98
70 370
71 136
71 318
72 522
72 756
73 134
74 82
74 548
75 325
75 652
76 396
76 423
77 623
77 751
78 297
78 626
79 146
79 193
80 373
80 414
81 141
81 609
82 449
83 332
83 708
84 583
84 605
85 643
85 676
86 629
87 585
87 647
88 324
88 386
89 480
89 709
90 329
90 687
91 344
91 608
92 194
92 284
93 349
94 199
94 691
95 441
95 457
96 484
96 519
97 182
97 552
98 160
99 502
99 527
100 295
100 781
101 555
101 638
102 184
102 712
103 137
104 505
104 632
105 273
106 249
106 542
107 134
107 523
108 325
108 628
109 528
110 153
110 735
111 288
111 321
112 265
113 484
113 539
114 228
114 744
115 486
115 547
116 129
116 794
117 164
118 551
118 578
119 137
119 166
120 181
120 739
121 200
121 536
122 207
122 635
123 590
123 611
124 719
124 786
125 366
125 455
126 345
126 775
127 159
127 576
128 485
128 586
130 566
130 743
131 475
131 502
132 529
132 639
133 225
133 606
135 316
135 447
136 183
138 179
138 773
139 452
139 612
140 652
140 686
141 473
142 312
142 459
143 197
143 380
144 354
144 636
145 693
147 392
147 723
148 787
149 614
149 739
150 231
150 799
151 194
151 370
152 187
152 611
154 393
154 428
155 721
155 730
156 342
156 548
157 591
158 603
160 719
161 394
161 621
162 451
163 169
163 261
164 480
165 399
166 403
167 400
167 685
168 427
168 488
169 308
170 342
170 478
171 441
171 460
172 210
173 448
173 710
174 401
175 198
176 379
176 704
177 723
178 540
178 759
179 449
180 347
180 592
181 716
182 740
183 466
185 209
185 603
186 243
186 524
187 364
188 445
189 387
189 666
190 463
190 493
191 563
191 589
192 310
192 680
193 434
195 290
195 455
196 443
196 509
197 467
198 665
199 695
200 344
201 415
201 615
202 430
203 478
204 286
204 636
205 641
205 755
206 278
206 303
207 470
208 503
208 526
209 334
210 228
211 221
211 303
212 614
212 620
213 456
213 600
214 285
214 651
215 250
215 733
216 286
216 358
217 218
217 252
218 262
219 499
219 529
220 470
220 629
221 577
222 383
223 377
223 617
224 437
224 574
225 233
226 254
226 330
227 416
229 336
229 650
230 252
231 794
232 294
232 688
234 302
234 360
235 647
235 741
236 759
237 277
237 459
238 314
239 280
239 570
240 374
240 390
241 251
241 348
242 255
243 378
244 371
244 485
245 640
246 506
247 627
248 417
248 711
249 711
250 619
253 532
253 653
254 697
255 356
256 709
257 592
257 742
258 450
258 698
259 264
259 596
260 338
260 657
261 536
262 501
263 469
263 598
264 362
265 444
266 465
266 595
267 556
267 763
268 413
269 530
270 702
271 488
271 493
272 557
272 616
273 799
274 397
274 534
275 348
275 547
276 700
277 640
279 317
279 391
280 520
281 288
281 586
282 563
282 720
283 522
283 575
284 477
285 481
287 326
287 716
289 431
290 438
291 679
291 700
292 565
292 597
293 298
293 398
294 656
295 758
296 541
296 560
297 718
299 355
299 659
300 584
300 769
301 569
301 641
302 322
304 310
304 497
305 610
305 738
306 363
306 752
307 360
307 513
309 573
309 743
311 424
311 544
313 359
313 790
314 518
315 376
315 637
317 501
318 587
319 451
319 628
320 705
320 797
322 524
323 568
323 624
324 505
326 608
327 738
328 429
328 691
330 712
331 369
331 377
332 550
333 411
333 458
334 558
335 336
337 490
337 770
338 351
339 375
339 418
340 749
340 777
341 554
341 735
343 378
343 776
345 707
346 673
346 788
347 734
349 674
350 740
351 613
352 422
352 576
353 402
353 703
354 489
356 511
357 425
358 722
359 625
361 433
361 785
363 533
364 632
365 446
365 598
367 408
367 457
368 408
368 495
369 729
371 789
372 379
373 762
374 425
375 646
376 434
380 630
381 400
381 525
382 757
382 792
383 578
384 736
385 786
386 692
387 409
388 553
389 731
389 790
390 686
391 516
392 793
393 479
394 504
395 399
395 645
396 791
397 675
398 507
401 789
402 604
404 537
404 546
405 520
405 681
406 517
406 674
407 519
407 585
409 506
410 659
410 736
411 596
412 487
412 617
413 671
414 771
415 496
416 531
417 560
418 557
419 476
420 435
420 782
421 487
421 562
422 654
423 472
424 750
426 462
426 515
427 458
428 535
429 795
430 758
431 761
432 648
432 661
433 669
435 515
436 456
437 654
438 615
439 763
440 778
442 525
442 690
443 766
445 725
446 571
448 510
450 744
452 792
453 462
453 567
454 626
460 472
461 518
461 770
463 618
464 754
466 639
468 609
469 657
471 604
471 724
474 681
475 489
477 526
479 750
481 732
482 551
482 774
483 746
486 546
490 635
491 764
491 798
492 579
494 510
494 600
495 703
496 742
497 713
498 561
499 777
500 570
500 704
503 564
504 512
507 679
508 588
508 627
509 655
511 784
512 573
513 533
514 516
514 747
517 694
521 708
521 762
523 577
527 583
528 599
530 610
531 541
532 755
534 616
535 793
537 783
538 663
538 756
539 601
540 727
542 619
543 595
543 618
544 569
545 580
545 581
549 622
550 620
552 669
553 737
554 687
555 748
558 634
559 658
559 714
561 562
564 697
567 760
568 649
571 665
574 677
575 584
579 701
580 663
581 664
582 714
587 655
590 650
591 729
593 728
593 775
594 612
594 728
597 607
599 689
601 748
602 621
602 768
605 696
606 706
607 718
613 737
623 715
624 688
625 753
630 768
631 648
633 705
634 764
638 702
642 692
644 678
646 664
649 782
651 656
653 725
660 682
660 760
661 776
667 761
667 780
668 795
670 734
672 680
673 773
676 690
682 779
683 706
683 783
684 757
684 784
694 752
695 771
698 699
701 767
707 765
713 715
717 722
717 727
721 785
726 753
726 778
732 797
733 754
745 780
746 751
769 772
779 787
800 175
801 256
-1 -1
72.3049
