1
0 4
0 29
1 49
1 166
2 206
2 606
3 326
3 448
4 27
5 610
5 688
6 181
6 594
7 238
7 525
8 622
8 753
9 279
9 387
10 56
10 328
11 449
11 624
12 598
12 670
13 445
13 488
14 224
14 483
15 498
15 720
16 125
16 210
17 236
17 240
18 324
18 335
19 65
19 766
20 22
20 381
21 234
21 614
22 351
23 207
23 501
24 28
24 413
25 282
25 787
26 494
26 657
27 666
28 402
29 427
30 175
30 424
31 176
31 383
32 263
32 349
33 265
33 628
34 341
34 713
35 46
35 724
36 202
36 242
37 70
37 612
38 181
38 502
39 549
39 709
40 41
40 175
41 134
42 570
42 732
43 59
43 459
44 149
44 404
45 563
45 642
46 64
47 320
47 636
48 202
48 698
49 200
50 415
50 505
51 612
51 731
52 193
52 385
53 528
53 727
54 64
54 298
55 254
55 480
56 510
57 329
57 449
58 256
58 506
59 172
60 85
60 731
61 185
61 741
62 508
62 686
63 110
63 619
65 409
66 683
66 691
67 344
67 520
68 473
68 498
69 754
69 763
70 197
71 569
71 786
72 436
72 546
73 570
73 777
74 308
74 353
75 529
75 779
76 209
76 645
77 187
77 350
78 410
78 471
79 497
79 721
80 118
80 196
81 105
81 716
82 642
82 773
83 165
83 707
84 318
84 558
85 528
86 453
86 631
87 488
87 644
88 536
88 690
89 132
89 285
90 417
90 588
91 201
91 779
92 581
92 755
93 107
93 687
94 122
94 272
95 362
95 606
96 145
96 367
97 296
97 582
98 365
98 513
99 267
99 516
100 397
100 639
101 400
101 746
102 343
102 430
103 378
103 391
104 231
104 621
105 519
106 617
106 688
107 212
108 195
108 482
109 130
109 676
110 276
111 183
111 487
112 627
112 754
113 392
113 734
114 429
114 466
115 249
115 430
116 579
116 729
117 663
117 677
118 751
119 301
119 796
120 621
120 666
121 261
121 767
122 331
123 355
123 522
124 317
124 500
125 715
126 322
126 775
127 516
127 550
128 217
128 436
129 242
129 264
130 700
131 314
131 762
132 530
133 553
133 707
134 545
135 179
135 764
136 332
136 455
137 580
137 675
138 591
138 788
139 370
139 725
140 259
140 339
141 170
141 295
142 223
142 637
143 281
143 614
144 145
144 790
146 490
146 582
147 228
147 262
148 542
148 655
149 689
150 280
150 542
151 650
151 728
152 575
152 774
153 373
153 778
154 489
154 680
155 604
155 657
156 256
156 389
157 314
157 735
158 408
158 756
159 203
159 510
160 659
160 797
161 405
161 760
162 562
162 652
163 379
163 611
164 465
164 675
165 224
166 729
167 522
167 722
168 182
168 576
169 390
169 463
170 291
171 567
171 600
172 785
173 313
173 792
174 323
174 739
176 789
177 375
177 445
178 180
178 722
179 531
180 487
182 710
183 360
184 200
184 359
185 588
186 475
186 630
187 219
188 484
188 613
189 615
189 721
190 195
190 513
191 544
191 778
192 222
192 336
193 428
194 358
194 421
196 535
197 345
198 422
198 555
199 205
199 716
201 768
203 311
204 476
204 574
205 517
206 494
207 463
208 353
208 587
209 784
210 231
211 433
211 767
212 277
213 532
213 782
214 454
214 518
215 351
215 478
216 225
216 683
217 356
218 738
218 793
219 221
220 273
220 673
221 511
222 462
223 595
225 701
226 299
226 718
227 236
227 443
228 444
229 435
229 450
230 682
230 786
232 239
232 691
233 394
233 679
234 741
235 524
235 783
237 693
237 727
238 752
239 464
240 241
241 552
243 338
243 438
244 414
244 573
245 457
245 646
246 315
246 684
247 648
247 670
248 348
248 638
249 783
250 541
250 616
251 538
251 693
252 671
252 769
253 474
253 788
254 745
255 406
255 416
257 303
257 697
258 306
258 489
259 717
260 597
260 726
261 781
262 742
263 456
264 547
265 708
266 507
266 537
267 292
268 469
268 625
269 526
269 556
270 650
270 760
271 524
271 656
272 362
273 491
274 377
274 704
275 284
275 548
276 504
277 719
278 439
278 616
279 619
280 645
281 561
282 599
283 309
283 686
284 514
285 682
286 363
286 544
287 290
287 293
288 399
288 635
289 369
289 483
290 469
291 380
292 581
293 294
294 338
295 396
296 438
297 561
297 740
298 576
299 346
300 378
300 479
301 404
302 333
302 739
303 577
304 349
304 613
305 673
305 715
306 759
307 605
307 792
308 685
309 365
310 342
310 572
311 452
312 317
312 380
313 695
315 795
316 319
316 719
318 632
319 478
320 467
321 668
321 737
322 742
323 325
324 398
325 748
326 565
327 456
327 633
328 594
329 548
330 409
330 506
331 543
332 593
333 407
334 500
334 537
335 649
336 710
337 455
337 653
339 748
340 554
340 664
342 761
343 344
345 535
346 446
347 587
347 651
348 509
350 674
352 628
352 791
354 521
354 746
355 734
356 627
357 442
357 473
358 564
359 656
360 629
361 736
361 757
363 401
364 702
364 744
366 459
366 708
367 540
368 395
368 517
369 665
370 472
371 425
371 732
372 420
372 518
373 794
374 557
374 689
375 403
376 424
376 611
377 590
379 446
381 635
382 609
382 723
383 574
384 629
384 771
385 443
386 420
386 646
387 658
388 617
388 671
389 589
390 703
391 418
392 626
393 413
393 681
394 402
395 678
396 633
397 602
398 772
399 737
400 545
401 690
403 580
405 437
406 768
407 755
408 593
410 447
411 481
411 639
412 698
412 765
414 559
415 799
417 667
418 714
419 461
419 624
421 423
422 699
423 526
425 706
426 468
426 720
427 533
428 579
429 452
431 554
431 680
432 661
432 750
433 551
434 484
434 789
435 662
437 511
439 485
440 585
440 704
441 583
441 699
442 465
444 696
447 509
448 586
450 577
451 533
451 757
453 780
454 467
457 539
458 530
458 532
460 618
460 763
461 495
462 676
464 730
466 479
468 596
470 562
470 655
471 507
472 589
474 669
475 604
476 551
477 607
477 662
480 696
481 774
482 610
485 733
486 556
486 678
490 491
492 543
492 623
493 560
493 782
495 640
496 571
496 728
497 797
499 643
499 684
501 705
502 534
503 521
503 743
504 569
505 620
508 615
512 566
512 702
514 643
515 596
515 687
519 575
520 601
523 692
523 712
525 705
527 636
527 776
529 647
531 765
534 590
536 661
538 599
539 660
540 658
541 736
546 744
547 558
549 605
550 608
552 567
553 735
555 651
557 759
559 794
560 677
563 796
564 694
565 747
566 672
568 674
568 771
571 791
572 609
573 638
578 762
578 777
583 718
584 637
584 793
585 781
586 640
591 784
592 625
592 714
595 603
597 622
598 726
600 618
601 706
602 623
603 648
607 749
608 660
620 630
626 733
631 758
632 641
634 641
634 775
644 669
647 766
649 711
652 752
653 697
654 667
654 769
659 711
663 773
664 725
665 753
668 758
672 750
679 764
681 738
685 780
692 745
694 756
695 749
700 770
701 761
703 723
709 743
712 747
713 740
717 795
724 798
730 770
751 798
772 785
776 787
790 799
800 341
801 416
-1 -1
382.166
