100 255
0 88
0 2
0 75
1 26
1 43
1 28
2 96
2 51
2 72
2 28
2 14
3 17
3 66
3 58
3 43
3 28
3 98
4 34
4 51
4 86
4 39
4 58
4 28
4 29
5 41
5 35
5 68
5 54
5 39
6 33
6 66
7 49
7 18
7 36
7 56
7 72
7 42
7 60
8 66
8 67
8 69
8 56
8 27
8 76
8 29
8 78
8 63
9 64
9 88
9 70
9 54
10 66
10 37
10 22
10 39
10 76
10 98
10 94
11 53
11 70
11 89
11 95
11 59
11 46
11 31
12 49
12 35
12 84
12 89
12 15
12 30
12 31
14 83
15 84
15 55
15 74
15 75
15 77
16 49
16 18
16 99
16 20
16 23
16 42
16 90
17 99
17 88
17 74
17 90
17 24
17 42
17 45
17 47
18 27
18 84
18 24
18 75
19 42
19 21
20 72
20 59
20 53
20 39
21 83
21 36
21 38
21 76
21 63
22 76
22 61
22 77
22 69
23 32
23 34
23 38
24 40
24 88
25 41
25 62
25 71
26 80
26 82
26 37
26 97
26 46
26 63
27 67
27 38
27 87
27 73
27 61
27 50
27 94
27 47
28 69
28 81
28 75
29 80
29 38
31 49
31 82
31 39
31 57
32 39
32 68
32 69
33 46
34 50
34 99
34 72
34 89
34 74
35 72
35 80
35 54
36 96
36 88
36 56
36 74
36 91
36 44
37 73
37 85
38 67
38 51
38 72
38 69
39 68
39 99
39 55
39 76
39 77
40 65
41 76
41 60
41 85
42 83
43 58
43 71
44 82
45 87
45 79
45 61
45 73
46 61
46 97
47 87
47 69
47 63
48 81
48 90
48 83
49 91
49 90
49 79
50 96
50 85
50 78
51 70
53 97
53 83
54 79
55 99
55 75
56 96
56 85
56 60
58 81
58 66
58 69
58 70
59 81
59 61
60 73
60 78
60 63
61 66
61 75
62 91
62 85
63 64
63 65
63 93
65 75
66 74
67 76
68 75
68 94
69 75
69 93
70 97
70 84
70 87
71 74
71 82
72 85
72 89
72 86
73 99
73 82
73 75
74 99
75 97
76 89
77 99
78 94
79 84
79 97
80 90
81 98
81 95
83 96
84 96
85 99
89 96
