300 3179
0 131
0 263
0 11
0 12
0 13
0 14
0 15
0 16
0 17
0 18
0 195
0 20
0 21
0 23
0 24
0 153
0 26
0 27
0 28
0 30
0 31
0 32
0 176
0 155
0 37
0 294
0 41
0 42
0 43
0 175
0 48
0 177
0 50
0 51
0 53
0 54
0 57
0 59
0 60
0 62
0 181
0 139
0 68
0 70
0 140
0 203
0 78
0 80
0 156
0 163
0 85
0 86
0 215
0 93
0 225
0 106
0 146
0 111
0 240
0 242
0 117
0 247
0 120
0 250
0 251
0 298
1 130
1 131
1 264
1 11
1 12
1 13
1 14
1 15
1 282
1 17
1 18
1 19
1 20
1 21
1 150
1 23
1 152
1 25
1 26
1 28
1 29
1 30
1 35
1 36
1 241
1 40
1 41
1 173
1 47
1 53
1 54
1 56
1 185
1 63
1 64
1 65
1 67
1 68
1 69
1 70
1 140
1 74
1 75
1 224
1 285
1 156
1 83
1 212
1 85
1 89
1 218
1 219
1 223
1 96
1 226
1 106
1 108
1 113
1 147
1 116
1 246
1 297
2 262
2 11
2 12
2 14
2 239
2 17
2 18
2 19
2 25
2 26
2 27
2 282
2 286
2 32
2 33
2 36
2 165
2 38
2 168
2 171
2 44
2 46
2 48
2 186
2 63
2 195
2 68
2 197
2 72
2 74
2 204
2 78
2 207
2 81
2 82
2 83
2 84
2 216
2 94
2 99
2 228
2 102
2 104
2 233
2 146
2 110
2 111
2 232
2 115
2 212
3 133
3 262
3 236
3 11
3 12
3 15
3 16
3 17
3 19
3 21
3 30
3 161
3 36
3 39
3 298
3 43
3 48
3 50
3 265
3 56
3 176
3 60
3 275
3 74
3 84
3 215
3 88
3 218
3 91
3 144
3 101
3 188
3 235
3 108
3 243
3 244
3 249
3 125
3 126
4 257
4 34
4 66
4 289
4 201
4 11
4 12
4 13
4 14
4 15
4 19
4 20
4 54
4 125
5 134
5 11
5 12
5 13
5 14
5 16
5 17
5 18
5 20
5 23
5 30
5 31
5 33
5 162
5 166
5 295
5 168
5 41
5 171
5 175
5 201
5 287
5 279
5 70
5 200
5 73
5 74
5 76
5 211
5 87
5 89
5 90
5 92
5 96
5 229
5 109
5 241
5 140
5 125
6 132
6 263
6 137
6 11
6 12
6 13
6 15
6 16
6 17
6 20
6 21
6 22
6 151
6 28
6 159
6 161
6 41
6 170
6 44
6 48
6 243
6 52
6 236
6 182
6 55
6 56
6 58
6 190
6 192
6 197
6 75
6 79
6 216
6 89
6 97
6 108
6 240
6 114
6 115
6 245
6 120
6 250
6 124
6 126
6 149
7 130
7 264
7 11
7 12
7 13
7 16
7 18
7 24
7 25
7 159
7 33
7 35
7 36
7 167
7 172
7 59
7 65
7 67
7 71
7 205
7 82
7 272
7 99
7 101
7 161
7 146
7 110
7 112
7 113
7 246
7 123
7 252
8 66
8 171
8 296
8 12
8 11
8 44
8 13
8 14
8 109
8 176
8 49
8 195
8 155
8 60
9 130
9 11
9 12
9 13
9 14
9 15
9 18
9 19
9 21
9 24
9 26
9 28
9 29
9 31
9 32
9 176
9 34
9 164
9 37
9 38
9 46
9 157
9 48
9 50
9 51
9 54
9 55
9 60
9 61
9 245
9 65
9 66
9 267
9 182
9 74
9 75
9 288
9 210
9 213
9 88
9 93
9 293
9 225
9 104
9 106
9 117
9 118
9 119
9 248
9 270
9 247
10 150
10 134
10 138
10 11
10 13
10 14
10 15
10 16
10 18
10 19
10 21
10 22
10 23
10 280
10 25
10 27
10 28
10 159
10 261
10 38
10 169
10 42
10 45
10 47
10 51
10 180
10 55
10 56
10 186
10 65
10 66
10 139
10 196
10 71
10 77
10 79
10 82
10 83
10 214
10 292
10 207
10 93
10 96
10 99
10 100
10 111
10 112
10 242
10 297
10 254
10 277
11 151
11 12
11 13
11 14
11 15
11 16
11 17
11 18
11 19
11 148
11 21
11 22
11 23
11 24
11 26
11 27
11 284
11 29
11 185
11 31
11 32
11 33
11 34
11 38
11 167
11 169
11 43
11 257
11 174
11 47
11 128
11 290
11 57
11 186
11 159
11 266
11 133
11 194
11 196
11 71
11 200
11 205
11 79
11 81
11 210
11 211
11 87
11 90
11 91
11 263
11 229
11 238
11 276
11 124
11 125
12 128
12 13
12 14
12 15
12 16
12 17
12 18
12 22
12 26
12 29
12 30
12 35
12 164
12 37
12 40
12 41
12 44
12 173
12 174
12 47
12 50
12 54
12 60
12 138
12 134
12 191
12 64
12 194
12 130
12 203
12 83
12 214
12 215
12 271
12 144
12 227
12 230
12 105
12 107
12 108
12 111
12 296
12 211
12 116
12 118
13 130
13 179
13 14
13 15
13 16
13 17
13 18
13 19
13 20
13 21
13 22
13 23
13 24
13 25
13 26
13 27
13 28
13 29
13 31
13 32
13 133
13 281
13 36
13 37
13 166
13 39
13 129
13 41
13 42
13 44
13 173
13 46
13 285
13 48
13 50
13 128
13 53
13 54
13 55
13 213
13 187
13 62
13 64
13 262
13 67
13 161
13 275
13 239
13 76
13 77
13 156
13 212
13 85
13 292
13 90
13 222
13 223
13 97
13 103
13 232
13 105
13 144
13 235
13 210
13 154
13 114
13 243
13 245
13 252
13 234
13 126
13 149
14 135
14 15
14 16
14 17
14 248
14 19
14 21
14 23
14 24
14 25
14 26
14 27
14 29
14 30
14 31
14 32
14 289
14 34
14 291
14 164
14 38
14 39
14 40
14 178
14 46
14 285
14 49
14 50
14 52
14 53
14 54
14 184
14 57
14 58
14 287
14 188
14 61
14 67
14 70
14 204
14 202
14 138
14 79
14 80
14 222
14 82
14 152
14 216
14 90
14 93
14 94
14 95
14 226
14 229
14 238
14 112
14 114
14 153
14 218
14 122
14 251
14 254
14 149
15 132
15 278
15 16
15 17
15 274
15 20
15 21
15 22
15 23
15 24
15 25
15 26
15 27
15 158
15 33
15 163
15 293
15 38
15 39
15 40
15 297
15 45
15 46
15 52
15 53
15 54
15 57
15 61
15 191
15 64
15 193
15 67
15 68
15 161
15 72
15 74
15 205
15 206
15 79
15 227
15 85
15 90
15 92
15 221
15 224
15 99
15 103
15 196
15 115
15 119
15 124
15 126
16 130
16 132
16 136
16 298
16 145
16 274
16 19
16 20
16 22
16 24
16 281
16 155
16 156
16 29
16 30
16 31
16 32
16 176
16 35
16 42
16 175
16 48
16 177
16 181
16 60
16 61
16 224
16 197
16 198
16 76
16 206
16 80
16 209
16 82
16 163
16 84
16 91
16 222
16 96
16 208
16 98
16 102
16 232
16 239
16 114
16 118
16 212
16 122
16 123
16 253
16 276
17 135
17 136
17 265
17 272
17 18
17 19
17 20
17 22
17 23
17 25
17 28
17 29
17 150
17 33
17 163
17 36
17 37
17 38
17 39
17 41
17 170
17 45
17 47
17 176
17 52
17 158
17 201
17 57
17 223
17 62
17 63
17 193
17 66
17 69
17 140
17 75
17 143
17 271
17 81
17 291
17 84
17 284
17 91
17 93
17 95
17 229
17 103
17 259
17 233
17 106
17 238
17 180
17 121
18 171
18 134
18 264
18 141
18 20
18 21
18 22
18 24
18 281
18 26
18 27
18 284
18 29
18 150
18 159
18 33
18 34
18 155
18 294
18 40
18 41
18 42
18 43
18 46
18 49
18 52
18 54
18 55
18 184
18 186
18 273
18 63
18 195
18 68
18 77
18 78
18 79
18 282
18 210
18 86
18 278
18 152
18 91
18 92
18 97
18 100
18 145
18 298
18 105
18 234
18 107
18 237
18 296
18 243
18 123
18 170
18 255
19 261
19 129
19 286
19 20
19 23
19 24
19 132
19 26
19 27
19 28
19 157
19 30
19 32
19 33
19 34
19 36
19 37
19 166
19 39
19 171
19 46
19 50
19 158
19 55
19 57
19 60
19 61
19 190
19 265
19 67
19 69
19 70
19 199
19 203
19 77
19 78
19 282
19 87
19 281
19 220
19 93
19 223
19 97
19 294
19 104
19 234
19 109
19 242
19 115
19 185
19 276
19 122
19 252
19 125
19 299
20 258
20 235
20 135
20 22
20 25
20 154
20 28
20 30
20 32
20 35
20 36
20 39
20 42
20 171
20 172
20 45
20 47
20 48
20 49
20 53
20 201
20 56
20 58
20 59
20 61
20 62
20 181
20 147
20 198
20 73
20 202
20 76
20 80
20 217
20 91
20 220
20 208
20 167
20 274
20 115
20 190
20 249
20 122
20 191
20 170
21 258
21 133
21 135
21 22
21 23
21 25
21 29
21 31
21 34
21 35
21 37
21 39
21 168
21 43
21 44
21 47
21 49
21 128
21 53
21 183
21 185
21 266
21 188
21 138
21 62
21 194
21 70
21 74
21 75
21 207
21 80
21 83
21 88
21 165
21 103
21 113
21 247
21 122
21 127
22 195
22 151
22 152
22 282
22 30
22 33
22 35
22 36
22 37
22 295
22 43
22 47
22 52
22 181
22 182
22 184
22 58
22 187
22 64
22 193
22 67
22 68
22 201
22 78
22 207
22 84
22 86
22 87
22 143
22 92
22 94
22 98
22 101
22 104
22 105
22 234
22 244
22 245
22 121
22 123
22 125
22 254
22 149
23 134
23 140
23 24
23 25
23 28
23 31
23 32
23 35
23 292
23 165
23 169
23 170
23 46
23 49
23 50
23 184
23 58
23 61
23 65
23 149
23 197
23 79
23 81
23 82
23 84
23 87
23 90
23 143
23 220
23 222
23 224
23 99
23 101
23 273
23 233
23 107
23 113
23 115
23 212
23 255
23 127
24 128
24 262
24 140
24 238
24 27
24 158
24 31
24 35
24 38
24 167
24 40
24 41
24 43
24 45
24 270
24 51
24 53
24 54
24 185
24 59
24 61
24 197
24 71
24 72
24 173
24 291
24 213
24 218
24 220
24 222
24 223
24 98
24 102
24 105
24 106
24 146
24 110
24 240
24 245
24 234
25 260
25 144
25 150
25 152
25 27
25 28
25 283
25 42
25 174
25 50
25 57
25 138
25 66
25 207
25 185
25 221
25 96
25 97
25 230
25 104
25 116
25 123
25 125
25 149
26 257
26 29
26 267
26 31
26 33
26 35
26 292
26 40
26 41
26 170
26 53
26 55
26 57
26 59
26 62
26 64
26 193
26 195
26 199
26 75
26 204
26 207
26 291
26 270
26 87
26 88
26 271
26 221
26 112
26 114
26 253
26 127
27 235
27 260
27 135
27 136
27 268
27 149
27 284
27 157
27 37
27 38
27 39
27 168
27 42
27 43
27 44
27 176
27 51
27 191
27 64
27 139
27 197
27 201
27 202
27 76
27 208
27 90
27 143
27 97
27 98
27 166
27 107
27 238
27 275
27 116
27 117
27 127
28 175
28 34
28 35
28 293
28 177
28 44
28 45
28 47
28 49
28 182
28 57
28 60
28 69
28 71
28 200
28 76
28 77
28 248
28 86
28 89
28 91
28 221
28 100
28 244
28 153
28 250
29 237
29 280
29 153
29 30
29 159
29 32
29 289
29 34
29 291
29 36
29 146
29 40
29 49
29 181
29 59
29 60
29 63
29 245
29 198
29 268
29 202
29 83
29 213
29 92
29 95
29 103
29 232
29 188
29 109
29 113
29 115
29 116
29 117
29 118
29 120
29 121
29 125
30 129
30 267
30 145
30 149
30 279
30 299
30 154
30 257
30 288
30 33
30 34
30 162
30 293
30 38
30 41
30 42
30 43
30 44
30 46
30 50
30 180
30 57
30 58
30 60
30 64
30 65
30 70
30 161
30 73
30 77
30 206
30 82
30 211
30 142
30 88
30 164
30 218
30 93
30 95
30 97
30 98
30 99
30 131
30 101
30 234
30 225
30 114
30 256
30 268
30 169
30 248
30 121
31 130
31 131
31 136
31 273
31 275
31 153
31 261
31 170
31 43
31 45
31 56
31 59
31 61
31 190
31 193
31 69
31 225
31 200
31 76
31 77
31 78
31 81
31 270
31 87
31 224
31 97
31 102
31 232
31 105
31 252
31 109
31 110
31 113
31 124
31 127
32 192
32 165
32 294
32 236
32 297
32 152
32 217
32 122
32 187
33 132
33 142
33 148
33 161
33 34
33 36
33 294
33 40
33 274
33 299
33 47
33 53
33 290
33 57
33 59
33 189
33 63
33 181
33 194
33 69
33 70
33 77
33 96
33 100
33 101
33 231
33 107
33 109
33 275
33 251
33 127
34 256
34 129
34 259
34 243
34 37
34 38
34 156
34 142
34 51
34 52
34 56
34 63
34 199
34 200
34 84
34 85
34 94
34 107
34 240
34 147
35 131
35 141
35 297
35 45
35 176
35 178
35 52
35 192
35 66
35 203
35 89
35 117
35 126
36 137
36 138
36 146
36 152
36 299
36 37
36 39
36 42
36 263
36 44
36 47
36 50
36 58
36 59
36 189
36 193
36 68
36 73
36 258
36 75
36 77
36 141
36 83
36 85
36 89
36 207
36 93
36 95
36 165
36 293
36 273
36 237
36 114
36 275
36 244
36 148
36 250
37 130
37 132
37 139
37 143
37 144
37 276
37 55
37 67
37 72
37 74
37 79
37 82
37 86
37 108
37 147
37 119
37 277
38 157
38 288
38 291
38 164
38 39
38 40
38 45
38 48
38 52
38 158
38 184
38 58
38 60
38 66
38 73
38 80
38 86
38 219
38 186
38 225
38 229
38 188
38 237
38 112
38 168
38 120
38 122
39 133
39 272
39 150
39 40
39 297
39 42
39 56
39 190
39 193
39 195
39 68
39 73
39 270
39 110
39 238
39 121
39 126
40 137
40 151
40 290
40 45
40 174
40 285
40 177
40 51
40 70
40 203
40 206
40 142
40 217
40 219
40 95
40 227
40 102
40 104
40 115
41 131
41 155
41 164
41 262
41 169
41 170
41 44
41 55
41 189
41 76
41 221
41 225
41 102
41 109
41 255
42 129
42 179
42 135
42 142
42 145
42 277
42 154
42 282
42 288
42 296
42 43
42 46
42 48
42 49
42 51
42 52
42 286
42 187
42 64
42 65
42 69
42 199
42 76
42 141
42 83
42 84
42 220
42 224
42 99
42 229
42 103
42 105
42 242
42 255
42 127
43 129
43 134
43 141
43 280
43 290
43 172
43 45
43 175
43 51
43 187
43 61
43 193
43 209
43 82
43 212
43 213
43 86
43 94
44 132
44 179
44 135
44 277
44 280
44 282
44 283
44 293
44 249
44 263
44 49
44 51
44 55
44 184
44 59
44 62
44 194
44 130
44 71
44 205
44 284
44 215
44 219
44 92
44 187
44 100
44 102
44 233
44 106
44 169
44 121
44 124
44 127
45 139
45 151
45 155
45 292
45 297
45 46
45 54
45 58
45 62
45 63
45 64
45 267
45 199
45 72
45 205
45 209
45 87
45 217
45 95
45 232
45 108
45 240
45 113
45 243
45 119
46 143
46 273
46 148
46 238
46 150
46 281
46 289
46 290
46 163
46 166
46 184
46 58
46 61
46 63
46 64
46 71
46 73
46 258
46 207
46 209
46 291
46 212
46 85
46 228
46 105
46 110
46 242
46 147
46 116
46 245
47 137
47 270
47 280
47 157
47 295
47 168
47 174
47 175
47 48
47 49
47 51
47 59
47 63
47 192
47 77
47 78
47 216
47 89
47 98
47 104
47 239
47 114
47 121
47 124
48 263
48 138
48 168
48 171
48 178
48 55
48 65
48 71
48 86
48 96
48 98
48 116
48 120
49 139
49 160
49 167
49 53
49 56
49 65
49 200
49 73
49 81
49 211
49 90
49 92
49 94
49 96
49 225
49 228
49 209
49 114
49 120
49 251
49 298
50 132
50 134
50 143
50 280
50 161
50 168
50 173
50 183
50 187
50 63
50 203
50 68
50 246
50 70
50 72
50 140
50 202
50 75
50 206
50 268
50 81
50 210
50 212
50 88
50 93
50 99
50 105
50 107
50 111
50 113
50 117
50 118
50 120
50 122
50 126
51 256
51 135
51 142
51 271
51 148
51 278
51 165
51 179
51 52
51 62
51 191
51 67
51 70
51 73
51 81
51 83
51 92
51 95
51 100
51 242
51 118
51 251
51 253
52 263
52 137
52 266
52 147
52 177
52 56
52 186
52 197
52 72
52 203
52 204
52 80
52 211
52 88
52 217
52 102
52 103
52 235
53 133
53 146
53 155
53 166
53 297
53 56
53 58
53 192
53 65
53 71
53 78
53 80
53 270
53 88
53 99
53 110
53 111
53 127
54 134
54 129
54 152
54 276
54 277
54 196
54 260
54 159
54 163
54 296
54 169
54 299
54 178
54 184
54 62
54 66
54 68
54 69
54 200
54 73
54 80
54 270
54 86
54 95
54 208
54 110
55 261
55 263
55 269
55 278
55 283
55 288
55 175
55 178
55 179
55 202
55 62
55 71
55 74
55 79
55 81
55 84
55 219
55 96
55 97
55 230
55 237
55 110
55 113
55 244
55 246
55 253
55 254
55 255
56 137
56 141
56 280
56 172
56 266
56 200
56 78
56 207
56 81
56 97
56 111
56 112
57 133
57 150
57 178
57 191
57 66
57 196
57 69
57 87
57 91
57 221
57 99
57 112
58 137
58 222
58 147
58 149
58 282
58 285
58 158
58 160
58 161
58 169
58 183
58 198
58 79
58 80
58 220
58 94
58 230
58 103
58 234
58 120
58 122
59 258
59 277
59 160
59 171
59 180
59 289
59 72
59 75
59 83
59 98
59 100
59 106
60 128
60 67
60 68
60 262
60 124
60 204
60 87
60 216
61 129
61 131
61 260
61 134
61 135
61 259
61 150
61 67
61 204
61 89
61 232
61 107
62 273
62 145
62 160
62 222
62 187
62 69
62 75
62 208
62 83
62 84
62 92
62 93
62 94
62 101
62 234
62 237
62 111
62 126
63 132
63 138
63 268
63 194
63 173
63 187
63 66
63 76
63 79
63 84
63 219
63 226
63 105
63 274
63 119
64 152
64 285
64 164
64 191
64 65
64 72
64 73
64 82
64 292
64 228
64 236
64 117
64 118
65 130
65 99
65 177
65 69
65 263
65 160
65 78
65 278
65 153
65 213
66 259
66 140
66 143
66 145
66 148
66 159
66 168
66 175
66 181
66 194
66 71
66 77
66 291
66 85
66 91
66 94
66 112
66 116
66 118
67 179
67 268
67 145
67 162
67 170
67 74
67 88
67 109
67 116
67 250
67 251
68 131
68 134
68 137
68 144
68 281
68 265
68 186
68 198
68 86
68 218
68 234
68 235
68 253
69 258
69 135
69 140
69 150
69 187
69 198
69 72
69 75
69 207
69 80
69 230
69 275
69 125
70 128
70 180
70 286
70 72
70 90
70 94
70 95
70 104
70 244
70 119
70 122
70 253
71 128
71 256
71 132
71 137
71 265
71 145
71 146
71 275
71 287
71 292
71 156
71 171
71 192
71 196
71 74
71 78
71 208
71 89
71 92
71 94
71 227
71 236
71 245
71 122
72 269
72 288
72 179
72 247
72 76
72 87
72 217
72 100
72 107
72 115
72 119
72 248
72 251
72 126
73 139
73 143
73 278
73 175
73 286
73 199
73 200
73 204
73 210
73 85
73 93
73 228
73 105
73 108
73 253
74 192
74 106
74 151
74 257
74 81
74 191
74 190
75 128
75 266
75 183
75 189
75 200
75 213
75 216
75 90
75 222
75 100
75 116
75 85
76 97
76 162
76 102
76 295
76 108
76 146
76 184
76 89
77 136
77 144
77 148
77 278
77 153
77 283
77 160
77 164
77 172
77 186
77 203
77 86
77 249
77 103
77 106
77 243
77 121
77 123
78 141
78 157
78 164
78 167
78 296
78 100
78 101
78 233
78 106
78 107
78 240
78 113
78 118
79 257
79 139
79 145
79 195
79 159
79 162
79 185
79 189
79 134
79 192
79 194
79 183
79 82
79 88
79 90
79 96
79 98
79 101
79 104
79 237
80 257
80 136
80 137
80 139
80 149
80 157
80 169
80 298
80 176
80 226
80 216
80 98
80 231
80 232
80 114
80 243
81 132
81 262
81 264
81 266
81 139
81 260
81 285
81 166
81 208
81 211
81 214
81 89
81 95
81 233
81 114
81 116
82 171
82 139
82 161
82 291
82 174
82 198
82 199
82 202
82 208
82 217
82 218
82 91
82 263
82 233
82 115
83 128
83 270
83 148
83 151
83 190
83 211
83 212
83 85
83 217
83 219
83 223
83 226
83 103
83 117
83 125
84 193
84 260
84 230
84 291
84 142
84 146
84 123
84 270
84 119
84 220
85 162
85 192
85 209
85 242
85 269
85 88
85 186
85 218
86 214
86 246
86 156
86 110
86 284
86 113
86 183
86 123
86 133
87 133
87 256
87 151
87 267
87 92
87 249
87 245
87 265
87 91
88 266
88 141
88 275
88 269
88 155
88 284
88 158
88 160
88 174
88 182
88 203
88 209
88 227
88 109
88 111
88 240
88 242
88 119
88 121
89 131
89 267
89 148
89 154
89 283
89 293
89 201
89 206
89 208
89 221
89 226
89 102
89 111
89 115
89 121
90 130
90 259
90 269
90 156
90 167
90 169
90 299
90 181
90 188
90 202
90 96
90 231
90 236
90 120
90 126
91 172
91 142
91 143
91 173
92 290
92 227
92 262
92 104
92 279
92 210
92 174
92 184
92 123
92 124
93 257
93 258
93 102
93 158
93 119
93 108
93 111
93 248
93 201
94 108
94 147
94 252
95 153
95 298
95 192
95 202
95 204
95 215
95 229
95 101
95 233
95 112
95 241
95 121
95 255
96 98
96 266
96 265
96 231
96 194
96 205
96 117
96 182
96 138
96 181
97 100
97 295
97 136
97 141
97 244
97 181
98 290
98 101
98 241
98 178
98 124
98 157
99 136
99 137
99 279
99 273
99 150
99 152
99 177
99 188
99 181
99 208
99 223
99 226
99 104
99 107
99 118
99 125
100 290
100 156
100 117
100 167
101 164
101 260
101 220
102 103
102 170
102 162
102 189
102 149
102 250
102 136
102 218
103 133
103 144
103 274
103 154
103 178
103 183
103 117
103 203
103 106
103 110
103 245
103 234
104 196
104 172
104 127
105 230
105 140
105 235
105 109
105 144
105 177
105 277
105 119
105 253
106 135
106 142
106 279
106 284
106 158
106 162
106 299
106 178
106 179
106 219
106 232
106 235
106 108
106 254
106 127
107 295
107 129
107 144
107 167
107 109
107 112
107 142
107 153
107 124
107 213
108 205
108 126
108 120
108 250
109 131
109 237
109 196
109 215
110 145
110 146
110 155
110 162
110 163
110 173
110 283
110 187
110 189
110 199
110 183
110 217
110 112
110 250
110 123
111 282
111 283
111 165
111 166
111 173
111 178
111 179
111 203
111 206
111 219
111 225
111 233
111 118
112 279
112 282
112 198
112 233
112 204
112 141
112 180
112 215
112 202
113 140
113 148
113 156
113 286
113 160
113 129
113 178
113 191
113 209
113 210
113 214
113 168
114 261
114 281
114 248
114 159
114 166
114 197
114 220
114 224
114 272
114 120
114 124
115 177
115 138
115 231
115 272
115 217
115 156
116 160
116 133
116 227
116 188
117 142
118 172
118 237
118 279
118 185
119 224
119 279
119 151
119 241
119 249
120 256
120 296
120 175
120 179
120 271
120 185
120 148
120 221
120 255
121 228
121 198
121 159
122 128
122 277
122 286
122 267
122 182
122 151
122 153
122 123
122 190
122 223
123 246
123 210
123 141
123 249
123 184
124 160
124 261
124 230
124 136
124 226
124 163
124 269
124 185
125 136
125 284
125 165
125 295
125 296
125 297
125 207
125 215
125 228
125 225
125 131
125 240
125 249
126 129
126 165
126 144
127 297
127 151
127 243
127 244
128 288
128 145
128 212
128 154
129 246
129 236
129 249
130 260
130 292
130 196
131 197
131 138
131 164
132 259
132 228
132 223
132 186
132 219
133 272
133 266
133 215
134 288
134 257
134 236
134 147
135 155
135 195
135 231
135 168
135 241
135 143
135 276
135 154
135 211
135 165
136 260
136 271
136 154
136 288
136 161
136 165
136 169
136 298
136 180
136 183
136 188
136 238
137 272
137 285
137 157
138 174
138 186
138 287
138 189
139 193
139 240
139 228
139 177
139 214
139 247
139 154
139 191
140 196
140 274
140 276
140 223
140 265
141 163
141 264
141 201
141 274
141 189
141 147
141 285
141 267
141 157
142 295
142 162
142 158
142 153
142 218
142 252
143 214
143 294
143 271
143 152
143 216
144 226
144 163
144 158
144 199
145 205
145 253
145 180
145 182
145 183
145 155
145 189
145 255
146 299
146 205
146 239
146 147
146 260
147 269
147 225
147 253
147 240
147 293
147 157
147 276
148 235
148 204
149 224
149 213
149 294
149 261
149 172
149 190
149 154
149 191
150 226
150 265
150 172
150 180
150 206
150 223
151 293
151 175
151 264
151 296
151 215
152 166
152 299
152 173
152 176
152 195
153 279
153 172
153 176
153 206
153 182
153 247
153 281
154 171
154 293
154 180
154 274
154 219
154 282
154 287
155 288
155 260
155 271
155 247
155 200
155 277
156 276
156 251
157 160
157 267
157 197
157 167
157 241
157 177
157 274
157 249
157 254
158 162
158 173
158 285
159 230
159 210
159 174
159 199
159 239
159 190
160 194
160 291
160 296
160 188
160 236
160 204
160 238
160 222
160 182
160 244
161 192
161 193
161 189
162 227
162 265
162 295
162 163
162 246
163 261
163 166
163 258
163 179
164 230
164 261
164 167
164 170
164 183
164 252
164 185
164 247
164 213
165 256
165 259
165 213
166 258
166 209
166 233
167 210
167 278
168 205
168 268
170 241
170 298
170 180
171 242
171 182
171 280
172 174
172 215
172 247
172 231
173 271
173 238
173 281
174 261
174 232
174 188
174 245
174 218
175 227
175 292
175 276
175 275
175 206
175 296
175 211
175 235
175 229
176 299
176 201
177 231
177 256
177 278
177 212
178 272
178 229
178 243
179 228
179 198
179 231
179 269
179 239
180 197
180 239
180 211
180 277
180 279
180 202
180 287
181 228
181 271
181 250
181 217
181 190
182 259
182 294
182 273
182 201
182 297
182 247
183 195
183 214
183 209
183 216
183 292
183 250
184 251
185 264
185 242
186 198
187 236
187 269
187 244
187 234
188 266
188 287
188 273
188 251
188 252
189 294
189 216
190 256
190 194
190 254
190 222
191 289
191 229
191 273
191 265
191 269
191 206
191 285
191 221
191 254
191 255
192 230
192 236
192 246
193 196
194 205
194 254
195 216
196 214
196 279
196 248
196 286
197 199
197 273
197 248
197 278
197 280
198 288
198 272
198 287
199 264
200 290
200 272
200 259
200 252
201 268
201 281
202 208
202 229
202 298
202 268
202 287
202 214
202 280
203 257
204 293
204 232
204 221
204 209
204 283
205 244
206 239
206 237
207 214
207 262
207 264
207 268
208 262
208 286
208 248
208 250
209 227
210 224
210 220
210 241
210 254
211 224
211 242
212 227
212 225
212 222
213 231
213 281
214 270
214 220
216 221
216 286
217 289
217 255
220 252
220 266
221 226
221 290
222 272
223 241
224 267
224 246
225 256
225 275
225 286
226 258
226 259
226 235
226 284
228 231
228 258
228 237
229 294
229 239
229 277
229 252
230 239
232 241
233 247
236 248
236 254
237 246
237 240
237 238
238 289
239 283
240 243
240 274
240 287
241 255
241 249
242 283
242 251
244 264
244 256
245 259
245 287
247 261
247 262
248 253
249 295
250 271
250 276
251 268
251 278
252 290
253 269
255 257
255 299
257 295
257 263
259 264
263 289
264 267
265 284
270 298
271 289
271 280
279 283
281 289
289 292
293 294
