1
0 118
0 293
1 221
1 398
2 67
2 317
3 5
3 96
4 27
4 343
5 205
6 280
6 338
7 105
7 390
8 110
8 210
9 125
9 257
10 57
10 229
11 54
11 173
12 112
12 121
13 142
13 399
14 283
14 351
15 90
15 171
16 217
16 269
17 100
17 149
18 88
18 325
19 262
19 353
20 189
21 39
21 108
22 233
22 279
23 34
23 356
24 151
24 172
25 215
25 228
26 66
26 223
27 238
28 337
28 339
29 287
29 318
30 51
30 311
31 201
31 262
32 169
32 339
33 119
33 397
34 287
35 183
35 239
36 60
36 72
37 340
37 374
38 237
38 253
39 365
40 176
40 380
41 187
41 300
42 61
42 379
43 114
43 117
44 90
44 278
45 162
45 366
46 68
46 391
47 84
47 345
48 132
48 267
49 231
49 240
50 176
50 344
51 391
52 310
52 377
53 250
53 279
54 350
55 206
55 256
56 246
56 373
57 337
58 68
58 277
59 268
59 270
60 276
61 131
62 123
62 180
63 110
63 327
64 163
64 207
65 222
65 348
66 167
67 184
69 72
69 299
70 191
70 200
71 133
71 301
73 265
73 372
74 232
74 360
75 129
75 383
76 211
76 330
77 172
77 335
78 178
78 303
79 112
79 154
80 280
80 363
81 190
81 392
82 228
82 254
83 258
83 346
84 216
85 89
85 381
86 219
86 244
87 200
87 244
88 323
89 274
91 282
91 358
92 104
92 169
93 393
93 396
94 103
94 319
95 192
95 294
96 366
97 230
97 250
98 164
98 202
99 143
99 343
100 137
101 158
101 288
102 113
102 273
103 355
104 350
105 109
106 221
106 309
107 161
107 289
108 127
109 224
111 285
111 293
113 213
114 266
115 116
115 334
116 246
117 332
118 301
119 328
120 151
120 160
121 336
122 148
122 291
123 295
124 136
124 194
125 152
126 349
126 387
127 291
128 174
128 358
129 211
130 239
130 299
131 385
132 296
133 367
134 187
134 380
135 161
135 316
136 260
137 357
138 304
138 370
139 225
139 298
140 197
140 376
141 195
141 212
142 247
143 233
144 243
144 310
145 186
145 269
146 208
146 335
147 177
147 196
148 306
149 374
150 179
150 275
152 256
153 218
153 349
154 325
155 193
155 328
156 236
156 348
157 320
157 364
158 286
159 278
159 296
160 286
162 395
163 352
164 292
165 199
165 290
166 261
166 373
167 375
168 318
168 352
170 308
170 315
171 372
173 252
174 340
175 326
175 346
177 282
178 331
179 368
180 196
181 229
181 232
182 235
182 255
183 354
184 347
185 344
185 386
186 317
188 305
188 368
189 378
190 220
191 236
192 202
193 388
194 281
195 217
197 281
198 290
198 306
199 224
201 234
203 223
203 369
204 205
204 313
206 363
207 342
208 255
209 308
209 329
210 379
212 378
213 288
214 238
214 324
215 271
216 371
218 297
219 357
220 263
222 260
225 315
226 251
226 342
227 254
227 283
230 241
231 321
234 389
235 319
237 313
240 275
241 384
242 259
242 276
243 258
245 333
245 338
247 259
248 253
248 304
249 270
249 272
251 361
252 316
257 314
261 271
263 359
264 326
264 367
265 364
266 398
267 392
268 273
272 307
274 324
277 388
284 305
284 396
285 354
289 377
292 362
294 300
295 303
297 309
298 356
302 312
302 397
307 376
311 355
312 365
314 341
320 327
321 323
322 360
322 383
329 362
330 387
331 353
332 395
333 361
334 399
336 389
341 394
345 394
347 375
351 371
359 386
369 390
370 381
382 384
385 393
400 382
401 20
-1 -1
10.1112
