1
0 33
0 40
1 36
1 258
2 161
2 336
3 100
3 306
4 5
4 10
5 308
6 82
6 372
7 173
7 269
8 84
8 323
9 66
9 167
10 368
11 19
11 214
12 235
12 250
13 114
13 282
14 68
14 142
15 262
15 374
16 66
16 164
17 373
17 380
18 123
18 216
19 395
20 315
20 331
21 36
21 252
22 287
22 296
23 96
23 199
24 72
24 148
25 121
25 381
26 158
26 398
27 67
27 198
28 184
28 386
29 170
29 389
30 164
30 374
31 56
31 363
32 196
32 243
33 151
34 98
34 213
35 153
35 302
37 201
37 241
38 271
38 298
39 260
39 350
40 52
41 130
41 209
42 59
42 93
43 50
43 87
44 101
44 396
45 63
45 231
46 125
46 337
47 260
47 300
48 124
48 186
49 226
49 361
50 238
51 154
51 331
52 237
53 247
53 254
54 244
54 371
55 100
55 270
56 113
57 118
57 218
58 172
58 340
59 184
60 297
60 365
61 230
61 271
62 215
62 364
63 316
64 292
64 356
65 127
65 315
67 138
68 369
69 94
69 378
70 202
70 357
71 135
71 320
72 129
73 134
73 222
74 166
74 167
75 175
75 335
76 207
76 362
77 119
77 274
78 112
78 141
79 160
79 345
80 141
80 180
81 99
81 317
82 129
83 108
83 370
84 183
85 352
85 355
86 233
86 397
87 92
88 208
88 298
89 259
89 332
90 288
90 383
91 216
91 289
92 102
93 390
94 116
95 236
95 375
96 318
97 225
97 235
98 351
99 268
101 376
102 256
103 114
103 159
104 280
104 293
105 297
105 395
106 341
106 353
107 152
107 253
108 217
109 289
109 399
110 389
110 392
111 183
111 346
112 197
113 343
115 258
115 277
116 131
117 122
117 295
118 212
119 161
120 156
120 393
121 265
122 250
123 313
124 172
125 211
126 292
126 367
127 308
128 312
128 338
130 193
131 263
132 306
132 340
133 239
133 330
134 242
135 245
136 327
136 382
137 169
137 385
138 359
139 267
139 333
140 279
140 322
142 207
143 209
143 324
144 147
144 382
145 192
145 227
146 188
146 256
147 163
148 219
149 232
149 310
150 185
150 325
151 212
152 186
153 284
154 160
155 337
155 384
156 203
157 276
157 349
158 347
159 284
162 194
162 305
163 179
165 248
165 252
166 196
168 195
168 319
169 321
170 282
171 234
171 296
173 332
174 224
174 355
175 206
176 238
176 269
177 265
177 277
178 362
178 377
179 349
180 367
181 259
181 311
182 187
182 303
185 339
187 264
188 329
189 217
189 274
190 192
190 208
191 290
191 393
193 326
194 363
195 385
197 399
198 280
199 320
200 241
200 286
201 387
202 314
203 255
204 210
204 383
205 221
205 223
206 214
210 303
211 366
213 365
215 319
218 328
219 242
220 287
220 328
222 225
223 354
224 240
226 326
227 276
228 266
228 273
229 279
229 352
230 361
231 377
232 358
233 294
234 342
236 316
237 307
239 295
240 387
243 347
244 248
245 324
246 301
246 350
247 373
249 309
249 392
251 291
253 278
254 356
255 334
257 307
257 314
261 281
261 325
262 360
263 330
264 312
266 283
267 305
268 381
270 322
272 294
272 380
273 334
275 335
275 344
278 397
281 388
283 299
285 341
285 370
286 396
288 304
290 348
291 391
293 351
299 376
300 398
301 364
302 359
304 311
309 317
310 371
313 379
318 372
321 323
327 379
329 342
333 336
338 339
343 348
344 375
345 378
346 369
353 357
354 390
358 388
360 386
366 391
368 394
384 394
400 221
401 251
-1 -1
16.0163
