1
0 313
0 345
1 11
1 322
2 20
2 321
3 111
3 254
4 27
4 48
5 323
5 343
6 126
6 544
7 22
7 330
8 42
8 45
9 53
9 337
10 135
10 318
11 451
12 495
12 540
13 339
13 527
14 289
14 395
15 23
15 378
16 386
16 549
17 42
17 413
18 292
18 483
19 43
19 322
20 587
21 62
21 310
22 513
23 47
24 467
24 468
25 462
25 528
26 340
26 461
27 533
28 65
28 216
29 41
29 309
30 287
30 466
31 241
31 598
32 284
32 587
33 59
33 417
34 335
34 486
35 38
35 504
36 194
36 463
37 51
37 220
38 489
39 308
39 416
40 334
40 542
41 56
43 345
44 213
44 558
45 51
46 168
46 541
47 90
48 93
49 303
49 372
50 76
50 257
52 103
52 229
53 163
54 443
54 565
55 152
55 577
56 98
57 156
57 166
58 245
58 316
59 325
60 306
60 407
61 353
61 598
62 571
63 338
63 494
64 453
64 522
65 329
66 301
66 415
67 177
67 575
68 117
68 349
69 324
69 567
70 82
70 573
71 118
71 254
72 382
72 476
73 453
73 580
74 279
74 403
75 156
75 585
76 482
77 92
77 589
78 349
78 472
79 197
79 551
80 420
80 593
81 390
81 537
82 100
83 270
83 552
84 244
84 475
85 112
85 196
86 173
86 192
87 239
87 586
88 252
88 499
89 158
89 294
90 199
91 328
91 371
92 379
93 365
94 262
94 333
95 405
95 583
96 396
96 476
97 240
97 411
98 431
99 161
99 360
100 293
101 369
101 442
102 136
102 181
103 319
104 169
104 211
105 302
105 406
106 216
106 591
107 146
107 184
108 190
108 205
109 213
109 275
110 225
110 524
111 119
113 175
113 531
114 308
114 463
115 351
115 560
116 449
116 534
117 263
118 422
119 458
120 249
120 436
121 185
121 242
122 496
122 515
123 147
123 402
124 189
124 286
125 155
125 444
126 237
127 193
127 253
128 191
128 389
129 471
129 597
130 509
130 597
131 385
131 580
132 200
132 242
133 312
133 321
134 151
134 225
135 384
136 431
137 154
137 248
138 348
138 356
139 203
139 354
140 357
140 527
141 255
141 362
142 205
142 243
143 240
143 466
144 367
144 548
145 305
145 337
146 356
147 491
148 274
148 489
149 311
149 327
150 300
150 531
151 414
152 388
153 283
153 434
154 243
155 157
157 304
158 474
159 195
159 487
160 227
160 483
161 291
162 363
162 432
163 569
164 239
164 498
165 445
165 464
166 268
167 333
167 484
168 536
169 566
170 249
170 399
171 244
171 342
172 262
172 433
173 220
174 278
174 536
175 183
176 417
176 550
177 504
178 303
178 496
179 457
179 545
180 512
180 589
181 411
182 227
182 375
183 596
184 511
185 280
186 344
186 546
187 424
187 591
188 399
188 481
189 193
190 534
191 539
192 573
194 271
195 211
196 260
197 556
198 358
198 556
199 251
200 410
201 398
201 599
202 307
202 398
203 579
204 343
204 563
206 346
206 392
207 458
207 519
208 376
208 558
209 393
209 469
210 334
210 537
212 218
212 454
214 516
214 584
215 263
215 281
217 360
217 478
218 397
219 389
219 498
221 381
221 479
222 359
222 363
223 230
223 401
224 358
224 571
226 295
226 380
228 309
228 471
229 302
230 500
231 412
231 516
232 438
232 449
233 521
233 553
234 355
234 572
235 285
235 288
236 501
236 596
238 259
238 312
241 366
245 439
246 442
246 530
247 390
247 590
248 552
250 416
250 515
251 430
252 395
253 342
255 517
256 484
256 564
257 320
258 311
258 599
259 276
260 595
261 323
261 326
264 393
264 501
265 289
265 293
266 327
266 425
267 367
267 435
268 555
269 529
269 579
270 505
271 469
272 526
272 592
273 378
273 508
274 482
275 415
276 512
277 353
277 364
278 291
279 477
280 472
281 402
282 429
282 467
283 445
284 419
285 509
286 455
287 391
288 559
290 429
290 519
292 568
294 447
295 362
296 331
296 375
297 487
297 551
298 528
298 578
299 355
299 373
300 376
301 492
304 473
305 332
306 503
307 397
310 481
313 316
314 407
314 485
315 520
315 525
317 380
317 486
318 350
319 535
320 396
324 538
325 456
326 361
328 451
329 513
330 495
331 457
332 547
335 386
336 428
336 574
338 440
339 462
340 465
341 405
341 414
344 588
346 427
347 421
347 440
348 461
350 372
351 561
352 373
352 377
354 544
357 437
359 446
361 383
364 529
365 488
366 523
368 444
368 582
369 560
370 464
370 493
371 555
374 428
374 553
377 575
379 581
381 446
382 438
383 474
384 584
385 420
387 460
387 539
388 430
391 468
392 497
394 505
394 570
400 470
400 586
401 538
403 404
404 590
406 554
408 500
408 525
409 506
409 510
410 492
412 518
413 578
418 502
418 540
419 460
421 524
422 480
423 554
423 576
424 582
425 490
426 533
426 548
427 523
432 454
433 561
434 572
435 588
436 448
437 593
439 480
441 448
441 452
443 549
447 510
450 456
450 581
452 567
455 557
459 521
459 541
465 473
470 542
475 595
477 518
478 583
479 546
485 564
488 499
490 507
491 493
494 545
497 568
502 508
503 594
506 530
507 547
511 532
514 557
514 576
517 570
520 522
526 532
535 550
543 562
543 566
559 574
562 594
563 585
565 577
569 592
600 237
601 112
-1 -1
30.7691
