1
0 35
0 528
1 127
1 268
2 220
2 506
3 392
3 490
4 221
4 436
5 573
5 451
6 118
6 417
7 79
8 443
8 484
9 517
9 449
10 533
10 470
11 244
11 473
12 140
12 158
13 144
13 316
14 295
14 371
15 229
15 468
16 529
16 310
17 351
17 497
18 559
18 303
19 102
19 341
20 159
20 492
21 252
21 448
22 537
22 529
23 585
23 113
24 293
24 442
25 123
25 236
26 135
26 197
27 553
27 280
28 569
28 89
29 188
29 490
30 554
30 502
31 179
31 392
32 84
32 488
33 541
33 437
34 154
34 484
35 330
36 184
36 276
37 532
37 398
38 375
38 480
39 318
39 489
40 127
40 404
41 139
41 171
42 361
42 408
43 328
43 176
44 534
44 169
45 93
45 143
46 129
46 183
47 256
47 487
48 197
48 391
49 533
49 52
50 583
50 462
51 367
51 139
52 557
53 588
53 151
54 545
54 342
55 145
55 205
56 328
56 217
57 68
57 255
58 115
58 223
59 78
59 194
60 547
60 90
61 427
61 210
62 313
62 125
63 167
63 552
64 580
64 326
65 134
65 160
66 359
66 157
67 537
67 77
68 432
69 395
69 433
70 368
70 244
71 119
71 327
72 292
72 362
73 567
73 495
74 75
74 102
75 107
76 523
76 374
77 476
78 588
79 163
80 342
80 504
81 587
81 398
82 252
82 465
83 369
83 505
84 312
85 230
85 323
86 578
86 229
87 136
87 295
88 407
88 509
89 445
90 530
91 203
91 499
92 513
92 599
93 245
94 170
94 385
95 317
95 400
96 130
96 185
97 326
97 386
98 303
98 397
99 546
99 221
100 527
100 281
101 182
101 495
103 556
103 593
104 196
104 208
105 133
105 184
106 475
106 225
107 540
108 201
108 339
109 125
109 330
110 586
110 425
111 578
111 238
112 574
112 407
113 180
114 349
114 511
115 423
116 137
116 430
117 372
117 422
118 388
119 204
120 157
120 445
121 338
121 454
122 350
122 467
123 346
124 286
124 460
126 217
126 376
128 218
128 440
129 595
130 199
131 565
131 510
132 200
132 336
133 256
134 405
135 324
136 428
137 180
138 155
138 448
140 343
141 456
141 488
142 205
142 400
143 356
144 283
145 423
146 519
146 191
147 271
147 381
148 369
148 477
149 526
149 186
150 300
150 379
151 538
152 469
152 594
153 285
153 479
154 215
155 572
156 581
156 267
158 182
159 386
160 482
161 422
161 493
162 233
162 271
163 165
164 257
164 291
165 175
166 274
166 170
167 340
168 387
168 395
169 275
171 523
172 535
172 378
173 274
173 363
174 363
174 432
175 281
176 305
177 352
177 452
178 193
178 362
179 577
181 241
181 307
183 435
185 563
186 301
187 406
187 243
188 334
189 366
189 237
190 483
190 225
191 456
192 560
192 337
193 524
194 261
195 273
195 390
196 264
198 267
198 212
199 260
200 310
201 571
202 302
202 497
203 526
204 512
206 228
206 258
207 387
207 415
208 349
209 224
209 251
210 272
211 214
211 491
212 361
213 270
213 464
214 396
215 579
216 566
216 253
218 585
219 258
219 360
220 383
222 498
222 576
223 597
224 403
226 296
226 365
227 524
227 384
228 409
230 251
231 596
231 418
232 238
232 471
233 288
234 425
234 480
235 531
235 259
236 240
237 401
239 546
239 465
240 485
241 457
242 539
242 304
243 290
245 250
246 371
246 491
247 269
247 474
248 467
248 478
249 442
249 473
250 316
253 331
254 501
254 504
255 517
257 507
259 429
260 542
261 297
262 557
262 593
263 582
263 318
264 299
265 539
265 419
266 299
266 534
268 350
269 487
270 446
272 351
273 380
275 401
276 564
277 543
277 372
278 300
278 574
279 308
279 331
280 315
282 516
282 382
283 305
284 319
284 441
285 384
286 581
287 393
287 453
288 463
289 332
289 394
290 461
291 322
293 594
294 518
294 489
296 302
297 496
298 358
298 321
301 470
304 413
306 336
306 389
307 430
308 427
309 589
309 475
311 555
311 364
312 415
313 431
314 525
314 447
315 435
317 506
319 438
320 571
320 373
321 587
322 536
323 451
324 569
325 556
325 426
327 389
329 599
329 437
332 416
333 565
333 420
334 439
335 544
335 503
337 591
338 516
339 512
340 580
341 573
343 375
344 390
344 478
345 466
345 505
346 373
347 402
347 424
348 353
348 408
352 531
353 499
354 530
354 508
355 563
355 459
356 589
357 542
357 434
358 444
359 598
360 494
364 550
365 409
366 399
367 481
368 406
370 421
370 464
374 503
376 396
377 496
377 509
378 466
379 472
380 583
381 545
382 468
383 459
385 458
388 486
391 419
393 424
394 431
397 471
399 412
402 476
403 541
404 552
405 411
410 548
410 454
411 582
412 501
413 561
414 528
414 558
416 567
417 472
418 482
420 592
421 538
426 519
428 543
429 433
434 479
436 492
438 575
439 558
440 486
441 513
443 551
444 579
446 485
447 561
449 450
450 461
452 544
453 502
455 522
455 462
457 535
458 514
460 493
463 549
469 532
474 477
481 555
483 500
494 590
498 562
500 591
507 568
508 592
510 527
511 575
514 572
515 559
515 547
518 584
520 521
520 596
521 566
522 576
525 548
536 590
540 597
549 553
550 554
551 595
560 584
562 568
564 570
570 586
577 598
600 292
601 7
-1 -1
11.8814
