1
0 559
0 447
1 52
1 378
2 138
2 410
3 454
3 196
4 142
4 363
5 71
5 220
6 243
6 418
7 348
7 471
8 515
8 470
9 412
9 443
10 576
10 443
11 307
11 450
12 341
12 436
13 264
13 295
14 181
14 204
15 574
15 342
16 81
16 424
17 565
17 197
18 572
18 497
19 517
19 524
20 267
20 567
21 358
21 426
22 523
22 439
23 243
23 395
24 525
24 233
25 212
25 361
26 113
26 574
27 147
27 190
28 566
28 426
29 191
29 260
30 519
30 432
31 424
31 449
32 512
32 499
33 198
33 547
34 596
34 283
35 120
35 327
36 597
36 442
37 218
37 249
38 278
38 550
39 169
39 430
40 542
40 568
41 234
41 427
42 369
42 480
43 80
43 168
44 71
44 183
45 64
45 390
46 525
46 363
47 411
47 439
48 57
48 404
49 211
49 505
50 156
50 212
51 206
51 511
52 419
53 379
53 377
54 258
54 67
55 577
55 371
56 91
56 455
57 73
58 311
58 489
59 549
59 374
60 390
60 486
61 272
61 121
62 131
62 499
63 327
63 465
64 272
65 184
65 213
66 73
66 275
67 384
68 105
68 472
69 534
69 183
70 103
70 340
72 94
72 458
74 545
74 287
75 127
75 462
76 112
76 173
77 170
77 445
78 342
78 322
79 174
79 384
80 137
81 431
82 310
82 447
83 545
83 464
84 517
84 310
85 116
85 445
86 410
86 414
87 91
87 190
88 473
88 536
89 534
89 99
90 103
90 303
92 565
92 456
93 312
93 427
94 176
95 527
95 407
96 165
96 175
97 560
97 583
98 194
98 469
99 331
100 379
100 458
101 369
101 433
102 218
102 467
104 529
104 536
105 162
106 159
106 559
107 320
107 362
108 404
108 167
109 150
109 219
110 531
110 169
111 249
111 453
112 532
113 558
114 389
114 393
115 351
115 492
116 145
117 344
117 370
118 368
118 482
119 579
119 270
120 562
121 184
122 538
122 569
123 147
123 511
124 548
124 530
125 518
125 359
126 323
126 371
127 472
128 480
128 337
129 281
129 131
130 161
130 271
132 401
132 291
133 569
133 242
134 173
134 209
135 171
135 250
136 582
136 519
137 256
138 162
139 192
139 284
140 546
140 360
141 303
141 413
142 278
143 413
143 464
144 213
144 225
145 164
146 563
146 343
148 230
148 258
149 174
149 347
150 281
151 572
151 483
152 240
152 508
153 398
153 444
154 241
154 399
155 543
155 158
156 321
157 529
157 307
158 206
159 498
160 430
160 437
161 274
163 214
163 399
164 179
165 495
166 576
166 318
167 444
168 468
170 558
171 588
172 193
172 350
175 446
176 264
177 560
177 191
178 540
178 225
179 356
180 563
180 199
181 216
182 532
182 364
185 239
185 493
186 566
186 378
187 301
187 460
188 208
188 339
189 302
189 361
192 203
193 255
194 594
195 429
195 239
196 354
197 224
198 301
199 585
200 367
200 432
201 236
201 341
202 313
202 400
203 416
204 279
205 524
205 551
207 376
207 471
208 387
209 230
210 521
210 489
211 261
214 268
215 568
215 370
216 348
217 374
217 459
219 475
220 383
221 573
221 479
222 227
222 289
223 421
223 437
224 238
226 586
226 375
227 497
228 597
228 377
229 320
229 423
231 554
231 463
232 247
232 350
233 486
234 302
235 518
235 315
236 311
237 300
237 412
238 337
240 453
241 338
242 299
244 247
244 460
245 496
245 507
246 540
246 383
248 564
248 332
250 580
251 284
251 414
252 332
252 488
253 538
253 539
254 283
254 549
255 585
256 492
257 293
257 543
259 271
259 385
260 561
261 317
262 578
262 504
263 552
263 491
265 438
265 505
266 315
266 428
267 455
268 353
269 367
269 502
270 299
273 321
273 434
274 594
275 290
276 344
276 389
277 579
277 474
279 317
280 286
280 394
282 334
282 493
285 393
285 456
286 375
287 509
288 539
288 388
289 304
290 537
291 551
292 357
292 487
293 465
294 564
294 396
295 533
296 329
296 509
297 512
297 481
298 487
298 500
300 581
304 416
305 537
305 495
306 546
306 436
308 358
308 474
309 596
309 548
312 441
313 595
314 338
314 409
316 343
316 417
318 527
319 372
319 454
322 562
323 422
324 586
324 479
325 578
325 450
326 526
326 331
328 555
328 570
329 442
330 346
330 382
333 482
333 553
334 387
335 351
335 411
336 394
336 397
339 484
340 365
345 542
345 547
346 501
347 380
349 557
349 463
352 388
352 407
353 506
354 433
355 570
355 494
356 515
357 592
359 477
360 599
362 462
364 425
365 484
366 584
366 575
368 583
372 391
373 441
373 457
376 550
380 500
381 429
381 595
382 567
385 535
386 556
386 577
391 418
392 405
392 496
395 491
396 584
397 588
398 466
400 501
401 485
402 571
402 469
403 557
403 452
405 490
406 475
406 483
408 541
408 554
409 422
415 513
415 421
417 531
419 590
420 592
420 446
423 507
425 573
428 459
431 468
434 508
435 535
435 590
438 555
440 556
440 452
448 521
448 533
449 502
451 552
451 587
457 478
461 561
461 541
466 571
467 520
470 587
473 476
476 481
477 520
478 523
485 553
488 522
490 526
494 581
498 503
503 528
504 591
506 598
510 544
510 598
513 591
514 528
514 582
516 544
516 580
522 589
530 593
589 593
600 599
601 575
-1 -1
2.79284
