1
0 522
0 588
1 3
1 39
2 477
2 505
3 8
4 544
4 592
5 58
5 173
6 111
6 122
7 181
7 280
8 10
9 273
9 370
10 306
11 273
11 149
12 277
12 484
13 258
13 528
14 230
14 356
15 587
15 185
16 26
16 173
17 55
17 377
18 308
18 386
19 124
19 176
20 159
20 439
21 120
21 359
22 567
22 500
23 93
23 299
24 574
24 509
25 156
25 439
26 223
27 42
27 554
28 87
28 97
29 292
29 398
30 393
30 505
31 132
31 479
32 525
32 582
33 292
33 570
34 111
34 290
35 63
35 395
36 333
36 347
37 572
37 464
38 532
38 474
39 226
40 571
40 331
41 322
41 395
42 51
43 82
43 393
44 246
44 473
45 317
45 502
46 81
46 104
47 164
47 507
48 561
48 352
49 69
49 347
50 165
50 447
51 584
52 81
52 98
53 74
53 261
54 553
54 78
55 334
56 301
56 66
57 170
57 470
58 382
59 198
59 281
60 67
60 585
61 512
61 440
62 266
62 473
63 236
64 113
64 453
65 71
65 239
66 136
67 459
68 125
68 592
69 301
70 94
70 442
71 510
72 364
72 390
73 144
73 212
74 431
75 184
75 200
76 523
76 571
77 428
77 213
78 253
79 145
79 449
80 384
80 429
82 270
83 299
83 279
84 189
84 285
85 184
85 511
86 157
86 360
87 325
88 217
88 397
89 583
89 434
90 557
90 396
91 591
91 481
92 598
92 416
93 262
94 577
95 388
95 420
96 200
96 232
97 357
98 141
99 350
99 102
100 521
100 104
101 225
101 483
102 253
103 427
103 451
105 399
105 485
106 521
106 564
107 201
107 369
108 569
108 452
109 110
109 249
110 374
112 564
112 264
113 349
114 204
114 339
115 268
115 240
116 192
116 219
117 536
117 162
118 372
118 422
119 166
119 489
120 591
121 171
121 271
122 411
123 222
123 467
124 312
125 433
126 271
126 366
127 335
127 344
128 525
128 348
129 333
129 477
130 323
130 574
131 135
131 445
132 145
133 175
133 510
134 305
134 446
135 583
136 252
137 283
137 351
138 214
138 387
139 586
139 471
140 540
140 546
141 482
142 516
142 576
143 304
143 228
144 332
146 446
146 465
147 566
147 432
148 197
148 241
149 215
150 268
150 484
151 228
151 331
152 314
152 385
153 305
153 420
154 318
154 556
155 165
155 296
156 456
157 550
158 212
158 458
159 425
160 244
160 354
161 289
161 481
162 278
163 183
163 255
164 287
166 392
167 441
167 240
168 515
168 322
169 515
169 355
170 527
171 464
172 188
172 197
174 289
174 424
175 412
176 358
177 201
177 379
178 563
178 190
179 494
179 218
180 531
180 329
181 293
182 205
182 458
183 419
185 497
186 558
186 394
187 344
187 423
188 220
189 552
190 353
191 348
191 491
192 401
193 265
193 496
194 274
194 461
195 460
195 501
196 203
196 443
198 438
199 258
199 413
202 448
202 562
203 552
204 490
205 565
206 568
206 368
207 316
207 364
208 260
208 457
209 415
209 433
210 520
210 445
211 257
211 375
213 413
214 562
215 432
216 566
216 471
217 327
218 557
219 527
220 594
221 259
221 545
222 547
223 399
224 309
224 386
225 572
226 431
227 256
227 410
229 598
229 415
230 518
231 558
231 488
232 318
233 367
233 499
234 568
234 381
235 236
235 279
237 367
237 377
238 306
238 490
239 373
241 463
242 350
242 593
243 578
243 422
244 555
245 531
245 599
246 482
247 256
247 404
248 275
248 498
249 310
250 298
250 461
251 512
251 401
252 497
254 355
254 504
255 295
259 493
260 405
261 319
262 276
263 560
263 270
264 308
265 466
266 489
267 478
267 483
269 427
269 467
272 533
272 357
274 391
275 469
276 341
277 338
278 476
280 409
281 394
282 539
282 573
283 356
284 402
284 437
285 434
286 565
286 353
287 570
288 365
288 424
290 359
291 361
291 380
293 528
294 555
294 375
295 385
296 416
297 311
297 459
298 342
300 321
300 337
302 326
302 451
303 358
303 495
304 541
307 596
307 492
309 374
310 544
311 381
312 599
313 406
313 421
314 470
315 336
315 352
316 487
317 404
319 513
320 530
320 503
321 550
323 462
324 549
324 479
325 535
326 361
327 340
328 534
328 475
329 480
330 514
332 346
334 567
335 579
336 548
337 589
338 534
339 403
340 417
341 406
342 493
343 429
343 460
345 520
345 363
346 417
349 468
351 447
354 542
360 524
362 523
362 508
363 407
365 584
366 463
368 586
369 444
370 579
371 596
371 559
372 378
373 542
376 538
376 398
378 554
379 430
380 456
382 509
383 390
383 414
384 405
387 597
388 400
389 421
389 593
391 442
392 589
396 582
397 595
400 453
402 487
403 426
407 457
408 541
408 449
409 441
410 533
411 517
412 503
414 526
418 573
418 526
419 488
423 500
425 428
426 590
430 560
435 539
435 540
436 546
436 499
437 547
438 553
440 519
443 581
444 450
448 595
450 506
452 529
454 518
454 465
455 522
455 535
462 594
466 494
468 551
469 551
472 485
472 561
474 578
475 506
476 519
478 516
480 514
486 575
486 581
491 576
492 549
495 597
496 536
498 508
501 543
502 532
504 537
507 529
511 524
513 537
517 538
530 580
543 577
545 559
548 580
556 569
563 587
575 585
588 590
600 330
601 257
-1 -1
10.6446
