1
0 192
0 213
1 232
1 493
2 570
2 230
3 108
3 172
4 522
4 149
5 13
5 38
6 565
6 135
7 168
7 481
8 38
8 221
9 598
9 534
10 100
10 147
11 524
11 437
12 594
12 324
13 123
14 130
14 564
15 93
15 401
16 320
16 469
17 118
17 454
18 25
18 27
19 92
19 424
20 582
20 598
21 580
21 352
22 138
22 331
23 325
23 476
24 42
24 278
25 297
26 373
26 427
27 489
28 160
28 506
29 538
29 377
30 546
30 291
31 308
31 404
32 51
32 525
33 284
33 334
34 89
34 588
35 595
35 388
36 107
36 194
37 513
37 539
39 128
39 383
40 46
40 252
41 555
41 256
42 535
43 536
43 242
44 98
44 287
45 184
45 406
47 391
47 465
48 596
48 247
49 260
49 400
50 573
50 472
51 431
52 295
52 464
53 420
53 455
54 393
54 211
55 520
55 301
56 256
56 371
57 151
57 204
58 539
58 122
59 79
59 273
60 173
60 239
61 573
61 331
62 163
62 214
63 99
63 153
64 542
64 393
65 282
65 508
66 350
66 429
67 261
67 420
68 170
68 233
69 352
69 499
70 370
70 402
71 192
71 438
72 349
72 459
73 286
73 111
74 81
74 548
75 346
75 381
76 307
76 444
77 403
77 436
78 563
78 281
79 218
80 577
80 428
81 148
82 145
82 592
83 152
83 377
84 313
84 506
85 179
85 381
86 566
86 322
87 121
87 191
88 185
88 557
89 345
90 109
90 493
91 569
91 580
92 254
93 494
94 258
94 293
95 519
95 586
96 215
96 319
97 132
97 227
98 338
99 443
100 209
101 525
101 527
102 264
102 465
103 104
103 425
104 492
105 394
105 491
106 309
106 359
107 387
108 109
110 344
110 468
111 399
112 329
112 499
113 279
113 412
114 285
114 482
115 532
115 342
116 558
116 129
117 512
117 496
118 181
119 184
119 473
120 238
120 405
121 434
122 386
123 503
124 165
124 268
125 313
125 314
126 187
126 503
127 587
127 457
128 315
129 154
130 588
131 265
131 438
132 398
133 311
133 581
134 337
134 473
135 382
136 140
136 343
137 432
137 324
138 526
139 243
139 249
140 419
141 293
141 437
142 312
142 365
143 533
143 180
144 286
144 229
145 562
146 563
146 390
147 195
148 332
149 307
150 570
150 211
151 340
152 491
153 297
154 186
155 249
155 507
156 549
156 394
157 261
157 490
158 338
158 426
159 562
159 476
160 198
161 350
161 500
162 594
162 574
163 215
164 280
164 362
165 449
166 572
166 222
167 375
167 190
168 254
169 544
169 347
170 358
171 222
171 285
172 560
173 547
174 418
174 450
175 431
175 460
176 462
176 382
177 311
177 340
178 380
178 427
179 440
180 228
181 267
182 290
182 253
183 258
183 276
185 590
186 216
187 504
188 589
188 267
189 530
189 234
190 224
191 468
193 366
193 385
194 303
195 554
196 552
196 411
197 229
197 251
198 510
199 325
199 348
200 515
200 205
201 564
201 486
202 376
202 428
203 318
203 370
204 585
205 351
206 259
206 481
207 513
207 578
208 531
208 581
209 484
210 300
210 369
212 416
212 487
213 386
214 230
216 421
217 519
217 400
218 486
219 240
219 470
220 410
220 497
221 450
223 526
223 488
224 327
225 554
225 561
226 417
226 444
227 368
228 373
231 306
231 408
232 583
233 252
234 306
235 341
235 406
236 532
236 283
237 330
237 360
238 551
239 244
240 520
241 302
241 415
242 471
243 326
244 445
245 341
245 383
246 292
246 366
247 440
248 274
248 446
250 335
250 361
251 530
253 509
255 385
255 441
257 269
257 439
259 413
260 363
262 518
262 576
263 502
263 511
264 426
265 523
266 279
266 413
268 597
269 522
270 343
270 449
271 298
271 466
272 514
272 492
273 540
274 545
275 561
275 310
276 321
277 284
277 354
278 489
280 433
281 479
282 541
283 379
287 354
288 378
288 395
289 299
289 397
290 590
291 498
292 387
294 584
294 463
295 548
296 556
296 458
298 310
299 501
300 389
301 599
302 388
303 507
304 425
304 436
305 327
305 453
308 516
309 485
312 330
314 472
315 480
316 339
316 475
317 328
317 576
318 557
319 443
320 556
321 460
322 591
323 374
323 505
326 422
328 451
329 550
332 536
333 537
333 475
334 356
335 360
336 345
336 384
337 579
339 379
342 414
344 505
346 374
347 372
348 487
349 452
351 398
353 553
353 585
355 471
355 597
356 509
357 461
357 466
358 545
359 518
361 409
362 447
363 510
364 415
364 553
365 407
367 544
367 384
368 529
369 439
371 457
372 391
375 571
376 528
378 546
380 543
389 423
390 514
392 583
392 478
395 537
396 484
396 397
399 578
401 558
402 430
403 409
404 412
405 579
407 542
408 516
410 419
411 458
414 474
416 523
417 575
418 454
421 574
422 515
423 511
424 552
429 469
430 547
432 467
433 482
434 587
435 455
435 495
441 586
442 533
442 508
445 568
446 453
447 528
448 477
448 478
451 577
452 517
456 521
456 589
459 595
461 567
462 502
463 464
467 584
470 517
474 512
477 479
480 531
483 521
483 593
485 568
488 524
490 504
495 565
496 572
497 541
498 529
500 599
501 569
527 543
534 535
538 555
540 549
550 592
551 559
559 596
560 593
566 582
567 575
571 591
600 46
601 494
-1 -1
46.2054
