1
0 130
0 327
1 295
1 361
2 46
2 125
3 49
3 271
4 88
4 139
5 534
5 414
6 59
6 432
7 544
7 36
8 598
8 359
9 575
9 352
10 326
10 370
11 147
11 276
12 599
12 389
13 272
13 433
14 291
14 539
15 347
15 387
16 31
16 477
17 77
17 279
18 133
18 492
19 562
19 502
20 594
20 375
21 103
21 257
22 63
22 172
23 281
23 392
24 372
24 511
25 342
25 488
26 546
26 431
27 59
27 356
28 247
28 263
29 289
29 65
30 198
30 429
31 108
32 338
32 423
33 34
33 205
34 576
35 525
35 87
36 296
37 256
37 264
38 118
38 289
39 436
39 483
40 524
40 580
41 79
41 261
42 67
42 596
43 81
43 149
44 166
44 358
45 297
45 573
46 450
47 137
47 376
48 209
48 210
49 211
50 234
50 468
51 536
51 324
52 124
52 425
53 543
53 277
54 274
54 391
55 57
55 314
56 70
56 88
57 440
58 590
58 339
60 577
60 163
61 580
61 76
62 597
62 200
63 301
64 464
64 474
65 140
66 77
66 346
67 326
68 267
68 434
69 171
69 363
70 190
71 244
71 462
72 441
72 496
73 587
73 482
74 512
74 312
75 219
75 397
76 394
78 397
78 500
79 154
80 561
80 501
81 325
82 102
82 376
83 532
83 412
84 187
84 304
85 541
85 142
86 575
86 444
87 545
89 136
89 292
90 94
90 434
91 93
91 243
92 437
92 112
93 127
94 497
95 264
95 415
96 108
96 310
97 248
97 486
98 522
98 130
99 475
99 487
100 203
100 404
101 307
101 229
102 356
103 343
104 334
104 460
105 342
105 398
106 563
106 165
107 591
107 396
109 225
109 295
110 598
110 305
111 515
111 556
112 223
113 585
113 122
114 419
114 442
115 315
115 384
116 190
116 309
117 312
117 242
118 488
119 354
119 430
120 330
120 202
121 596
121 530
122 551
123 459
123 478
124 335
125 365
126 582
126 132
127 245
128 213
128 329
129 521
129 201
131 517
131 339
132 484
133 561
134 261
134 175
135 386
135 218
136 276
137 495
138 526
138 416
139 251
140 366
141 271
141 439
142 350
143 337
143 373
144 282
144 406
145 377
145 547
146 553
146 280
147 155
148 152
148 252
149 501
150 228
150 383
151 567
151 565
152 410
153 419
153 509
154 365
155 273
156 518
156 298
157 177
157 327
158 270
158 400
159 548
159 506
160 166
160 490
161 554
161 266
162 199
162 253
163 534
164 230
164 284
165 420
167 321
167 378
168 593
168 480
169 518
169 274
170 214
170 504
171 479
172 396
173 491
173 235
174 409
174 374
175 551
176 367
176 249
177 357
178 292
178 379
179 228
179 284
180 298
180 502
181 303
181 355
182 583
182 597
183 362
183 506
184 311
184 407
185 456
185 463
186 313
186 428
187 192
188 343
188 489
189 400
189 452
191 594
191 306
192 230
193 226
193 241
194 258
194 455
195 323
195 443
196 549
196 420
197 585
197 306
198 200
199 270
201 435
202 254
203 415
204 560
204 346
205 526
206 300
206 507
207 574
207 451
208 393
208 395
209 223
210 423
211 473
212 218
212 484
213 328
214 353
215 514
215 589
216 291
216 411
217 224
217 368
219 464
220 283
220 584
221 539
221 247
222 290
222 586
224 572
225 253
226 341
227 531
227 570
229 511
231 232
231 313
232 565
233 402
233 474
234 386
235 498
236 345
236 491
237 275
237 499
238 516
238 255
239 282
239 301
240 391
240 421
241 525
242 285
243 493
244 581
245 367
246 523
246 401
248 349
249 468
250 544
250 477
251 428
252 422
254 286
255 447
256 407
257 416
258 362
259 317
259 499
260 587
260 294
262 545
262 590
263 418
265 308
265 494
266 512
267 436
268 408
268 459
269 573
269 507
272 486
273 513
275 496
277 457
278 592
278 333
279 546
280 557
281 540
283 308
285 461
286 288
287 414
287 451
288 305
290 485
293 447
293 498
294 422
296 476
297 593
299 413
299 449
300 330
302 563
302 558
303 465
304 470
307 528
310 570
311 412
314 437
315 452
316 578
316 537
317 497
318 381
318 458
319 430
319 465
320 514
320 564
321 571
322 470
322 505
323 588
324 340
325 541
328 352
329 369
331 533
331 557
332 535
332 435
333 368
335 558
336 382
336 467
337 350
338 584
340 363
341 462
344 466
344 591
345 456
347 562
348 589
348 455
349 383
351 405
351 556
353 599
354 475
355 500
357 579
358 421
359 508
360 390
360 503
361 555
364 461
364 472
366 483
369 553
370 569
371 538
371 582
372 385
373 443
374 377
375 571
378 463
379 581
380 516
380 424
381 460
382 595
384 409
385 489
387 427
388 528
388 559
389 394
390 504
392 442
393 408
395 520
398 509
399 520
399 527
401 519
402 508
403 550
403 450
404 426
405 505
406 431
410 424
411 457
413 480
417 559
417 473
418 576
425 529
426 479
427 432
429 444
433 552
438 527
438 566
439 583
440 519
441 547
445 542
445 543
446 467
446 454
448 542
448 578
449 537
453 529
453 487
454 481
458 574
466 588
469 521
469 478
471 533
471 592
472 532
476 482
481 530
485 566
490 517
492 567
493 549
494 510
495 503
510 552
513 568
515 535
522 536
523 564
524 540
531 569
538 579
548 577
550 586
554 568
555 560
572 595
600 309
601 334
-1 -1
57.2864
