1
0 97
0 54
1 143
1 77
2 98
2 12
3 83
3 173
4 98
4 76
5 129
5 124
6 89
6 114
7 197
7 15
8 116
8 78
9 66
9 67
10 91
10 110
11 163
11 198
12 104
13 100
13 92
14 75
14 103
15 34
16 137
16 166
17 83
17 179
18 39
18 154
19 108
19 111
20 71
20 44
21 88
21 194
22 53
23 33
23 177
24 176
24 108
25 48
25 130
26 55
26 79
27 134
27 92
28 164
28 89
29 196
29 183
30 59
30 85
31 199
31 173
32 78
32 118
33 58
34 118
35 198
35 187
36 166
36 120
37 152
37 169
38 117
38 138
39 56
40 181
40 47
41 102
41 133
42 187
42 153
43 88
43 121
44 51
45 106
45 151
46 162
46 178
47 105
48 144
49 129
49 175
50 189
50 110
52 101
52 190
53 70
54 115
55 107
56 139
57 149
57 103
58 167
59 184
60 194
60 93
61 164
61 143
62 64
62 155
63 81
63 174
64 86
65 74
65 199
66 135
67 104
68 128
68 147
69 168
69 154
70 174
71 167
72 132
72 172
73 176
73 130
74 109
75 111
76 160
77 90
79 177
80 195
80 188
81 155
82 161
82 122
84 97
84 148
85 139
86 178
87 152
87 100
90 156
91 193
93 128
94 112
94 185
95 133
95 140
96 132
96 120
99 193
99 141
101 112
102 158
105 149
106 190
107 145
109 159
113 140
113 146
114 131
115 169
116 122
117 158
119 123
119 188
121 136
123 151
124 186
125 184
125 172
126 157
126 165
127 131
127 189
134 181
135 162
136 185
137 197
138 156
141 182
142 150
142 159
144 171
145 148
146 186
147 153
150 180
157 170
160 183
161 191
163 196
165 180
168 171
170 191
175 179
182 192
192 195
200 22
201 51
-1 -1
0.026498
