1
0 182
0 169
1 195
1 87
2 123
2 12
3 41
3 186
4 156
4 5
5 28
6 193
6 83
7 30
8 198
8 166
9 132
9 167
10 135
10 199
11 107
11 129
12 85
13 34
13 148
14 65
14 146
15 32
15 41
16 161
16 42
17 192
17 63
18 59
18 126
19 194
19 159
20 36
20 56
21 54
21 61
22 148
22 55
23 84
23 124
24 145
24 115
25 137
25 150
26 112
26 181
27 197
27 186
28 173
29 66
29 106
30 122
31 144
31 76
32 162
33 96
33 199
34 178
35 131
35 108
36 43
37 90
37 62
38 87
38 138
39 114
39 183
40 81
40 90
42 77
43 173
44 74
44 158
45 50
45 75
46 69
46 157
47 121
47 139
48 144
48 70
49 164
49 100
50 152
51 120
51 65
52 67
52 59
53 104
53 157
54 160
55 57
56 93
57 102
58 175
58 187
60 88
60 85
61 102
62 69
63 72
64 130
64 195
66 194
67 119
68 82
68 152
70 196
71 140
71 124
72 94
73 168
73 114
74 125
75 153
76 121
77 127
78 128
78 170
79 128
79 174
80 116
80 135
81 110
82 109
83 142
84 163
86 89
86 92
88 164
89 188
91 167
91 125
92 111
93 191
94 190
95 107
95 179
96 198
97 130
97 103
98 105
99 165
99 104
100 147
101 134
101 127
103 111
105 155
106 113
108 184
109 118
110 189
112 133
113 172
115 168
116 174
117 119
117 123
118 134
120 169
122 141
126 151
129 154
131 156
132 150
133 192
136 138
136 143
137 143
139 176
140 181
141 145
142 154
146 155
147 161
149 163
149 178
151 172
153 185
158 171
159 175
160 179
162 183
165 190
166 180
170 182
171 191
176 185
177 196
177 188
180 187
184 193
189 197
200 7
201 98
-1 -1
0.279847
