900 4007
0 339
0 171
0 173
0 437
1 676
1 708
1 743
1 43
1 460
1 206
1 148
1 501
1 630
1 836
1 505
1 186
1 124
1 509
2 672
2 296
2 658
2 661
2 216
2 137
2 475
3 344
3 410
3 858
3 45
3 719
4 272
4 528
4 278
4 424
4 680
4 458
4 539
4 832
4 77
4 687
5 884
5 405
5 822
5 60
5 574
5 613
6 728
6 805
6 710
6 801
6 120
6 153
6 872
6 399
7 798
7 629
7 207
7 683
7 350
7 165
8 448
8 592
8 635
8 366
8 889
9 256
9 583
9 39
9 490
9 283
9 156
9 271
10 376
10 690
10 403
10 276
10 550
10 817
10 152
10 500
10 266
10 813
10 542
11 851
11 225
11 179
11 230
11 55
11 586
11 631
12 680
12 67
12 805
12 888
12 775
12 344
12 378
12 140
12 367
13 595
13 515
13 421
13 786
13 371
13 204
13 589
13 846
14 130
14 107
14 729
14 459
14 877
14 467
14 212
14 87
14 788
14 476
14 42
14 351
15 104
15 472
15 514
15 627
15 820
16 65
16 259
16 36
16 453
16 51
16 321
16 883
16 330
16 843
16 271
17 99
17 595
17 446
17 152
17 825
17 731
17 478
17 831
18 320
18 50
18 84
18 565
18 642
18 388
18 686
18 348
18 162
18 574
18 253
19 448
19 896
19 323
19 85
19 181
20 833
20 187
20 581
20 748
20 842
20 887
20 684
20 528
20 594
20 499
20 756
20 21
20 599
20 59
20 411
20 101
21 672
21 418
21 323
21 37
21 826
21 762
21 555
21 844
21 642
21 853
22 208
22 353
22 898
22 99
22 391
22 247
22 599
22 119
22 670
22 287
23 720
23 816
23 387
23 804
23 789
23 774
23 396
23 90
23 476
23 47
24 593
24 707
24 388
24 709
24 392
24 426
24 668
24 429
24 655
25 64
25 736
25 338
25 836
25 618
25 490
25 603
25 412
25 301
25 126
25 813
26 731
26 516
26 678
26 646
26 71
26 841
26 138
26 727
26 237
26 394
27 97
27 258
27 867
27 549
27 780
27 104
27 716
27 202
27 44
27 418
27 207
27 840
27 721
27 596
27 344
27 476
27 157
27 415
28 35
28 551
28 584
28 107
28 396
28 111
28 899
28 155
28 249
28 666
28 59
28 507
29 768
29 513
29 66
29 867
29 486
29 359
29 296
29 235
29 365
29 210
29 595
29 252
30 356
30 774
30 646
30 295
30 104
30 329
30 154
30 839
30 541
30 575
31 888
31 596
31 629
31 775
31 408
31 773
31 734
31 191
32 688
32 705
32 243
32 261
32 823
32 552
32 187
32 460
32 381
32 133
33 784
33 616
33 651
33 585
33 359
33 424
33 169
33 171
33 329
33 831
34 97
34 306
34 814
34 166
34 695
34 600
34 601
34 778
34 587
34 78
35 168
35 523
35 435
35 207
35 720
35 563
35 531
35 884
35 53
35 407
35 376
35 90
36 480
36 597
36 166
36 876
36 507
36 720
37 784
37 235
37 850
37 430
37 623
37 80
37 145
37 562
37 787
37 440
37 538
37 91
37 60
37 882
38 411
38 340
38 46
38 891
38 43
38 142
38 47
39 224
39 599
39 792
39 346
39 761
39 474
39 719
40 64
40 592
40 168
40 688
40 635
40 716
40 141
40 221
41 131
41 516
41 456
41 747
41 268
41 77
41 270
41 493
41 375
41 600
41 644
41 155
41 94
42 48
42 528
42 615
42 217
42 286
43 370
43 99
43 182
43 488
43 745
43 506
43 603
43 818
43 511
44 851
44 354
44 643
44 566
44 486
44 472
44 863
44 138
44 655
45 355
45 793
45 761
45 74
45 783
45 650
45 878
45 319
46 864
46 742
46 642
46 132
46 214
46 490
46 764
46 223
47 544
47 782
47 693
47 280
47 826
47 637
47 638
47 319
48 128
48 400
48 547
48 277
48 550
48 503
48 107
48 458
48 461
49 176
49 899
49 308
49 709
49 884
49 825
49 140
49 605
49 478
50 354
50 838
50 777
50 426
50 652
50 660
50 793
50 666
50 220
50 746
50 671
51 130
51 452
51 245
51 406
51 375
51 248
51 171
51 668
52 400
52 785
52 242
52 212
52 792
52 266
52 573
52 894
52 815
53 209
53 210
53 163
53 827
53 457
53 363
53 443
53 414
53 831
54 568
54 194
54 441
54 296
54 121
54 142
55 518
55 534
55 823
55 793
55 190
55 271
56 553
56 867
56 829
56 622
56 295
57 545
57 482
57 673
57 245
57 577
57 537
57 430
57 565
58 583
58 193
58 451
58 599
58 391
58 408
58 641
58 458
58 539
58 157
58 255
59 864
59 353
59 498
59 454
59 417
59 375
59 219
59 706
60 225
60 468
60 668
60 189
60 446
60 205
61 640
61 625
61 83
61 585
61 519
61 456
61 169
61 490
61 844
61 705
62 97
62 627
62 643
62 691
62 897
62 312
62 266
62 366
63 776
63 539
63 420
63 277
63 473
63 440
63 329
63 202
63 347
64 710
64 873
64 691
64 567
64 428
64 594
64 399
64 785
64 434
64 275
64 341
64 439
64 858
64 667
65 162
65 867
65 789
65 837
65 127
65 78
65 687
66 584
66 356
66 232
66 73
66 735
66 540
66 414
66 335
67 306
67 802
67 614
67 390
68 416
68 228
68 804
68 857
68 680
68 425
68 202
68 171
68 206
68 623
68 692
68 249
68 440
68 537
68 442
68 634
68 606
68 95
69 696
69 442
69 619
69 709
69 183
70 192
70 208
70 242
70 755
70 436
70 197
70 359
70 644
70 656
70 583
70 444
71 135
71 425
71 682
71 791
71 236
71 432
71 658
71 532
71 745
71 121
71 698
71 94
72 681
72 425
72 746
72 347
72 349
72 574
73 459
73 229
73 663
73 136
73 331
73 524
74 200
74 98
74 84
74 529
74 135
74 184
74 380
74 270
74 573
75 721
75 738
75 475
75 150
75 359
75 393
75 171
75 190
75 415
76 641
76 290
76 804
76 437
76 230
76 785
76 542
76 476
76 190
76 271
77 485
77 726
77 185
77 776
77 367
78 869
78 233
78 824
78 681
79 701
79 258
79 82
79 290
79 852
79 394
79 203
79 242
79 205
80 144
80 275
80 436
80 438
80 168
80 891
81 337
81 562
81 692
81 230
81 433
81 417
82 668
82 283
82 566
82 265
82 587
82 652
83 408
83 579
83 163
83 571
83 227
83 360
83 395
83 493
84 561
84 547
84 628
84 165
84 674
84 801
84 538
84 651
84 869
85 96
85 609
85 226
85 163
85 548
85 745
85 205
85 898
85 118
85 739
85 248
85 219
85 350
86 628
86 644
86 148
86 661
86 438
86 199
86 124
86 412
86 895
87 481
87 502
87 233
87 203
87 268
88 320
88 482
88 348
88 439
89 561
89 530
89 795
89 647
89 657
89 330
89 347
89 221
89 463
90 294
90 614
90 331
90 306
90 878
90 496
90 593
90 274
90 890
90 254
91 832
91 676
91 839
91 395
91 332
91 111
91 596
91 694
91 185
91 500
91 730
91 859
91 605
92 753
92 626
92 645
92 710
92 567
92 505
92 748
92 725
93 386
93 227
93 837
93 838
93 267
93 300
93 654
93 563
93 629
93 430
93 824
93 798
93 255
94 400
94 464
94 340
94 790
94 422
94 330
94 762
95 480
95 290
95 436
95 389
95 137
95 562
95 558
96 513
96 587
96 849
96 616
96 459
96 428
96 203
96 816
96 305
96 466
96 470
96 634
96 735
96 213
97 858
97 716
97 751
97 114
97 117
97 182
97 313
97 794
97 190
97 478
98 289
98 162
98 296
98 332
98 367
98 712
98 116
98 693
98 735
98 636
98 543
99 800
99 194
99 804
99 550
99 828
99 236
99 138
99 428
99 706
99 782
99 838
99 726
99 124
99 805
100 415
100 860
100 869
100 207
101 529
101 290
101 635
101 407
101 706
101 744
101 282
101 123
101 426
101 893
102 804
102 572
102 445
102 838
103 112
103 741
103 886
103 695
103 552
103 156
103 239
104 528
104 292
104 869
104 552
104 393
104 363
104 824
104 240
104 401
104 727
104 440
104 655
104 638
104 382
105 720
105 162
105 435
105 132
105 293
105 470
105 519
105 137
105 666
105 857
106 240
106 592
106 187
106 651
106 715
106 855
106 363
106 863
107 452
107 646
107 296
107 714
107 586
107 429
107 270
107 698
107 669
107 702
108 210
108 502
108 535
108 585
108 170
108 795
108 686
109 417
109 818
109 691
109 808
109 571
109 798
110 520
110 343
110 429
110 390
110 215
111 518
111 215
111 810
111 575
112 449
112 466
112 164
112 135
112 785
112 716
112 594
112 654
113 888
113 585
113 413
113 206
114 640
114 896
114 261
114 502
114 456
114 618
114 550
114 447
115 700
115 816
115 163
115 165
115 707
115 729
115 488
115 249
115 188
115 181
116 220
116 322
116 558
116 528
116 530
116 755
116 470
116 777
116 255
116 540
116 765
116 543
117 650
117 251
117 329
118 704
118 338
118 786
118 838
118 550
118 840
118 762
118 442
118 524
118 658
119 560
119 726
119 724
119 262
119 737
119 857
119 538
119 316
119 494
120 886
120 609
120 259
120 805
120 439
120 851
120 799
121 658
121 547
121 500
121 805
121 472
121 787
121 820
122 132
122 709
122 230
122 360
122 300
122 559
122 148
122 341
122 278
122 152
122 500
122 414
122 799
123 896
123 833
123 494
123 218
123 539
123 782
124 320
124 278
124 825
124 714
125 355
125 183
125 536
125 298
125 863
125 316
125 717
125 319
126 453
126 294
126 583
126 635
126 286
126 821
127 752
127 411
127 837
127 880
127 234
127 395
127 876
127 781
128 272
128 885
128 593
128 392
128 602
128 555
129 457
129 426
129 811
129 366
130 385
130 510
130 310
130 654
130 665
130 585
130 282
131 877
131 391
131 234
131 715
131 621
131 499
131 319
131 627
131 408
131 207
131 479
132 769
132 670
132 856
132 863
132 797
132 206
132 517
133 785
133 723
133 213
133 376
133 606
133 389
134 838
135 609
135 361
135 366
135 797
135 883
135 500
135 404
135 507
135 413
135 735
135 703
136 368
136 772
136 325
136 713
136 312
136 836
136 491
136 173
136 830
137 563
137 548
137 741
137 470
137 727
137 894
137 495
138 164
138 710
138 267
138 780
138 365
138 501
138 534
138 809
138 824
138 605
139 537
139 571
139 412
139 565
139 702
140 259
140 422
140 417
140 297
140 394
140 573
140 591
141 821
141 711
141 153
141 894
141 431
142 355
142 198
142 169
142 492
142 594
142 493
142 689
142 338
142 628
142 215
142 731
143 593
143 827
143 197
143 646
143 632
143 763
143 654
144 273
144 499
144 805
144 278
144 673
144 216
144 697
144 713
145 415
146 348
146 161
146 599
146 244
146 561
147 860
147 722
147 836
147 653
147 151
148 453
148 377
148 572
148 383
149 744
149 513
149 701
149 590
150 355
150 278
150 518
150 359
150 617
150 394
150 573
150 867
150 692
150 726
150 554
151 288
151 579
151 537
151 714
151 223
152 594
152 548
152 679
152 218
152 733
153 832
153 529
153 898
153 741
153 660
153 229
153 504
153 523
153 637
154 824
154 533
154 654
154 600
154 553
154 729
154 253
155 177
155 371
155 252
155 853
155 667
155 735
156 835
156 868
156 885
156 743
156 591
157 800
157 882
157 171
157 388
157 406
157 182
157 428
157 662
158 752
158 453
158 759
158 712
158 713
158 714
158 459
158 810
159 325
159 230
159 711
159 792
159 460
159 399
160 384
160 529
160 309
160 270
161 182
161 374
161 681
161 603
161 876
162 546
162 677
162 742
162 673
162 810
162 657
162 373
162 568
162 795
163 646
163 649
163 523
163 460
163 529
163 626
163 317
163 447
164 544
164 624
164 772
164 649
164 174
164 527
164 369
164 469
164 856
164 475
165 256
165 496
165 242
165 882
165 308
165 407
165 817
165 238
166 296
166 297
166 492
166 525
166 844
166 818
166 345
166 504
166 708
166 314
166 285
167 704
167 218
167 188
167 338
167 263
168 384
168 582
168 681
168 443
168 524
168 365
168 888
169 402
169 846
169 657
169 811
170 210
170 246
170 665
170 392
170 281
170 809
170 541
170 382
171 227
171 199
171 811
171 594
171 241
171 384
171 817
172 321
172 626
172 835
172 292
172 372
172 658
173 728
173 596
173 389
173 311
173 476
173 221
174 854
174 241
174 291
174 278
174 294
174 692
174 714
174 381
175 598
175 421
175 350
175 813
176 771
176 645
176 455
176 313
176 874
176 268
176 885
177 242
177 469
177 358
177 282
177 402
178 593
178 259
178 548
178 742
178 641
178 698
178 555
178 556
178 445
178 783
179 211
179 212
179 389
179 630
179 873
180 337
180 370
180 212
180 421
180 577
180 520
180 612
180 633
180 681
180 741
181 267
181 643
181 748
182 501
182 454
183 641
183 258
183 283
183 681
183 379
183 284
183 267
183 622
183 368
183 338
183 867
183 393
183 409
183 347
183 316
183 383
184 304
184 766
184 834
184 309
184 444
184 428
184 510
184 351
185 458
185 744
185 427
186 253
186 869
187 528
187 659
187 340
187 535
187 888
187 395
187 490
187 827
188 560
188 433
188 896
188 685
189 464
189 544
189 642
189 633
189 523
189 413
189 622
190 208
190 523
190 659
190 813
190 350
190 383
191 338
191 563
191 325
191 726
191 430
191 891
191 591
191 590
191 478
192 544
192 608
192 358
192 871
192 810
192 398
192 498
192 851
192 692
192 411
192 732
192 221
193 897
193 433
193 435
193 817
193 479
194 326
194 360
194 550
194 845
194 430
194 630
194 472
194 345
194 634
194 413
195 521
195 794
195 499
195 766
196 360
196 660
196 467
196 628
196 423
196 248
196 615
196 407
196 381
196 696
197 880
197 212
197 358
197 295
197 442
198 620
198 514
198 730
198 312
198 249
198 218
198 731
198 330
198 317
199 823
199 595
199 246
199 775
199 330
200 436
201 513
201 770
201 737
201 809
201 714
201 684
201 687
201 304
201 566
201 314
201 315
201 508
201 346
202 771
202 360
202 887
202 526
202 815
202 208
202 867
202 846
202 313
202 836
202 892
202 573
203 514
203 772
203 455
203 295
203 299
203 679
203 563
203 406
203 344
203 345
203 381
204 689
204 322
204 697
204 492
204 594
205 576
205 885
205 397
205 846
205 528
205 434
205 211
205 660
205 755
205 605
205 639
206 517
206 294
206 492
206 882
206 275
206 472
206 278
206 441
206 440
206 859
206 728
206 757
207 720
207 219
207 779
207 556
207 558
208 726
208 851
208 534
208 535
208 803
208 631
208 874
209 577
209 881
209 324
209 593
209 397
209 303
209 497
209 502
209 220
209 670
209 501
210 816
210 851
210 667
210 612
210 731
210 443
211 529
211 354
211 213
211 625
211 623
211 639
211 514
211 461
212 736
212 295
212 602
212 303
213 456
213 754
213 789
213 663
213 296
213 506
213 671
214 547
214 275
215 516
215 711
215 759
215 669
215 351
216 481
216 261
216 713
216 825
216 409
216 474
216 555
216 396
216 618
217 336
217 481
217 890
217 230
217 873
217 474
217 782
218 483
218 503
218 469
218 651
218 731
218 574
218 471
219 657
219 354
219 614
219 833
219 347
219 606
219 557
219 459
220 770
220 743
220 626
220 272
220 405
220 631
220 600
220 601
220 286
221 354
221 519
221 651
221 718
222 536
222 728
222 445
222 719
223 543
223 427
223 495
224 674
224 246
224 840
224 489
224 474
224 527
225 289
225 611
225 868
225 709
225 438
225 280
225 638
225 511
226 736
226 577
226 674
226 683
226 735
226 485
227 481
227 899
227 884
227 426
227 796
228 464
228 890
228 454
228 840
228 329
228 634
228 827
228 682
229 384
229 775
229 837
229 870
229 375
229 232
229 747
230 295
230 394
230 495
230 592
230 723
230 885
230 810
230 767
230 765
230 703
231 338
231 404
231 791
231 344
231 490
231 556
232 848
232 451
232 468
232 489
232 282
232 811
232 253
232 830
232 861
233 354
233 379
233 590
234 720
234 389
234 891
234 474
234 501
234 533
234 397
235 307
235 845
235 341
236 316
236 643
236 715
237 529
237 875
237 412
238 712
238 516
238 853
238 471
238 462
238 852
238 805
238 494
238 389
239 896
239 337
239 683
239 689
239 474
239 495
239 605
239 303
240 440
240 753
240 265
240 411
241 705
241 346
242 336
242 417
242 632
242 633
242 733
243 416
243 872
243 592
243 543
244 272
244 376
244 586
244 690
244 766
245 448
245 656
245 575
246 417
246 371
246 521
246 871
247 400
247 766
247 793
247 299
247 717
247 462
248 579
248 581
248 801
248 259
248 748
248 589
248 433
248 531
248 819
248 410
248 477
248 469
249 724
249 601
249 764
249 267
249 837
250 705
250 596
250 633
250 505
250 315
250 733
250 532
251 650
251 387
251 492
251 277
252 407
252 527
252 535
252 509
252 382
253 867
253 391
253 313
253 670
253 317
254 803
254 755
254 637
254 467
254 829
255 450
255 325
255 363
255 719
255 317
256 416
256 338
256 724
256 805
257 482
257 323
257 758
257 279
257 291
257 834
257 493
258 544
258 340
258 876
258 684
258 583
258 284
258 493
258 686
259 738
259 859
259 580
259 647
259 743
259 501
259 407
259 855
260 835
260 491
260 301
261 595
261 580
261 309
261 731
261 269
262 512
262 357
262 326
262 715
262 365
262 526
262 848
262 275
262 597
262 441
262 698
262 475
263 369
263 740
263 409
263 618
263 395
263 828
263 813
263 606
263 399
264 722
264 275
264 327
264 729
264 522
264 855
264 460
264 842
264 893
265 336
265 323
265 663
266 863
266 292
266 718
266 356
266 759
266 298
266 757
267 313
267 547
267 858
267 530
267 412
267 894
268 776
268 850
268 872
268 296
268 714
268 555
268 796
268 880
269 322
269 806
269 437
269 379
269 578
269 479
270 592
270 896
270 548
270 337
270 556
270 272
270 305
270 435
270 330
271 321
271 659
271 454
271 715
272 336
272 860
272 746
272 430
272 304
272 563
272 548
273 329
273 410
273 332
273 431
274 307
274 468
274 328
274 412
274 435
274 461
275 673
275 613
275 361
275 300
275 559
275 881
275 403
275 590
275 312
276 625
276 516
276 393
276 488
276 313
276 815
277 610
277 744
277 553
277 461
277 702
278 293
278 776
278 712
278 854
278 634
278 894
279 338
279 708
279 661
279 630
279 836
279 809
279 686
280 448
280 658
280 611
280 308
280 848
280 855
280 655
281 466
281 324
281 603
281 460
281 318
282 512
282 499
282 678
282 857
282 636
282 565
282 351
283 802
283 805
283 488
283 620
283 589
283 655
283 744
283 440
283 444
284 293
284 329
284 811
284 430
284 527
284 499
284 750
284 600
284 603
284 508
284 637
285 386
285 502
285 441
285 550
285 853
285 494
285 511
286 578
287 665
287 836
287 334
287 773
288 761
288 742
288 302
289 401
289 731
289 577
289 721
289 539
289 882
290 518
290 558
290 848
290 351
290 806
290 838
290 699
290 362
290 702
290 767
291 672
291 896
291 762
291 704
291 446
292 432
292 882
292 532
292 485
292 342
292 471
292 761
292 431
293 696
293 348
293 589
293 446
294 481
294 772
294 464
294 660
294 501
294 825
294 443
294 317
295 659
295 564
295 826
295 421
296 416
296 464
296 609
297 595
297 740
297 711
297 586
297 877
297 451
298 758
298 894
298 452
298 357
298 742
298 553
298 558
299 855
299 667
299 691
299 710
299 423
299 376
299 332
299 621
300 522
300 344
300 633
300 462
301 449
301 530
301 804
301 455
301 872
301 586
301 583
302 449
302 739
302 858
302 860
302 702
303 451
303 773
303 619
304 512
304 612
304 601
304 369
304 584
305 833
305 867
305 678
305 503
305 552
305 700
305 888
305 479
306 816
306 404
306 328
306 770
307 640
307 656
307 548
307 628
307 506
307 525
307 781
308 603
308 387
308 360
308 585
308 811
308 560
308 594
308 699
308 572
309 627
309 458
309 762
309 462
310 744
310 452
310 871
310 568
310 450
310 446
311 441
311 667
311 814
311 593
312 848
312 802
312 711
312 394
312 397
312 781
312 592
312 405
312 734
313 498
313 326
313 648
314 737
314 773
314 857
314 440
314 748
315 608
315 323
315 485
315 791
315 344
315 543
315 735
315 447
316 537
316 798
316 319
317 736
317 629
317 712
317 709
317 333
318 848
318 401
318 483
318 648
318 476
319 482
319 708
319 709
319 838
319 810
319 522
320 596
320 382
320 614
320 570
320 414
320 447
321 522
321 883
322 595
322 404
322 489
323 866
323 838
323 327
323 363
323 655
323 466
323 566
323 860
324 782
324 841
324 549
324 551
324 859
324 638
325 675
325 837
325 359
325 721
325 698
325 881
325 477
325 798
326 854
326 536
326 747
326 893
327 664
327 754
327 421
328 859
328 684
328 725
329 368
329 614
329 889
329 464
330 357
330 613
330 681
330 786
330 598
330 826
330 543
331 770
331 408
331 538
331 653
332 368
332 500
332 549
332 625
332 648
333 693
333 679
333 744
333 473
333 895
333 380
333 575
334 474
334 642
335 592
335 809
335 787
336 529
336 452
336 745
336 639
337 448
337 482
337 749
337 625
337 532
337 738
338 455
338 343
338 861
338 498
338 756
339 392
339 657
340 466
340 656
340 691
340 646
340 700
340 381
340 895
341 545
341 818
341 620
341 664
341 396
341 524
342 640
342 897
342 435
342 615
342 538
343 352
343 531
343 659
343 766
343 690
343 506
343 429
344 388
344 627
344 698
344 475
344 647
345 822
345 453
345 508
345 418
345 723
345 627
345 788
345 470
345 504
345 859
345 572
345 478
347 844
347 886
347 652
347 695
347 670
348 708
348 732
348 703
349 497
349 864
349 577
350 897
350 562
350 809
350 425
350 717
350 812
350 549
351 416
351 488
351 451
351 855
351 736
351 621
352 480
352 613
352 841
352 807
352 588
352 653
352 485
353 555
353 359
353 645
353 487
353 535
353 522
354 384
354 453
354 776
354 693
354 568
354 538
355 545
355 565
355 371
355 382
355 581
355 857
355 709
356 435
356 734
356 486
356 359
356 393
356 759
357 802
357 775
357 602
357 494
358 868
358 769
358 457
358 698
358 672
358 725
360 453
360 877
360 613
360 468
360 495
361 792
361 875
361 892
361 446
362 871
362 423
362 443
362 796
362 733
362 735
363 801
363 644
363 549
363 423
363 803
363 632
363 474
363 540
363 381
364 788
364 530
364 612
365 705
365 674
365 420
365 678
365 521
366 708
366 389
366 486
366 753
366 555
366 645
367 657
367 788
367 726
367 445
367 591
367 447
368 640
368 816
368 530
368 787
368 852
368 503
368 819
368 663
368 766
369 577
369 853
369 869
370 641
370 652
370 406
370 441
370 636
370 834
371 593
371 661
371 555
371 757
372 891
372 564
372 742
372 887
372 827
373 872
373 452
373 613
373 630
373 759
373 600
373 756
373 619
373 802
374 510
374 585
375 762
375 429
375 430
375 573
376 568
376 819
376 629
376 621
376 431
377 754
377 612
377 551
377 663
377 782
377 399
378 464
378 878
378 627
378 542
378 791
378 824
378 764
378 666
378 467
379 721
379 809
379 595
379 516
379 661
379 671
380 862
380 790
380 521
380 457
380 761
380 462
380 701
381 481
381 642
381 897
381 842
381 396
382 517
382 749
382 789
382 473
382 569
382 410
382 604
382 442
383 755
383 761
383 860
384 736
384 711
384 428
384 706
384 840
384 593
384 541
385 899
385 742
385 458
385 651
385 754
385 734
386 408
386 593
386 646
387 673
387 418
387 486
387 464
387 689
387 694
387 439
387 696
387 767
388 803
388 600
388 618
389 418
389 838
389 487
389 594
389 398
389 674
389 568
389 851
389 507
390 432
390 685
391 400
391 490
391 648
392 644
392 614
392 852
392 511
393 594
393 702
394 447
394 442
395 833
395 795
395 456
395 460
395 812
395 451
395 671
396 673
396 638
396 774
396 634
396 462
396 445
397 832
397 642
397 644
397 657
397 553
397 655
397 469
397 745
397 475
398 879
398 686
398 677
399 457
399 518
399 703
399 812
399 637
399 597
400 887
400 898
400 627
400 772
401 440
401 435
401 448
401 877
401 600
401 637
401 543
402 499
402 521
402 814
402 550
402 455
402 504
402 696
402 727
402 751
403 832
403 888
403 807
403 552
403 759
403 846
404 627
404 612
404 568
404 556
404 524
404 759
404 559
405 604
405 812
405 569
405 698
405 757
406 464
406 641
406 818
406 858
406 700
406 816
407 786
407 598
407 759
408 679
408 680
408 468
408 630
408 567
408 824
408 732
409 791
409 851
409 836
409 645
409 630
409 459
409 573
410 830
410 842
410 621
411 898
411 453
411 621
411 430
411 815
411 497
411 677
412 776
412 728
412 602
413 512
413 577
413 676
413 518
413 840
413 642
413 718
413 462
414 786
414 812
414 810
414 796
415 739
415 646
415 463
415 691
415 438
415 599
415 836
415 540
415 733
415 542
415 639
416 736
416 418
416 583
416 459
416 570
416 883
416 768
417 503
417 727
417 865
418 448
418 781
418 719
418 608
418 472
418 605
418 702
418 735
419 474
419 806
419 506
419 534
419 666
420 891
420 655
420 758
421 640
421 573
421 511
421 710
421 490
421 834
422 750
422 627
422 755
422 566
422 695
422 699
422 637
422 446
422 766
423 856
424 544
424 499
424 469
424 707
424 444
424 846
425 693
425 549
425 862
425 427
425 663
425 638
425 543
426 899
426 798
426 431
427 704
427 847
427 516
427 479
428 485
428 715
428 594
428 654
428 433
428 437
428 472
428 729
428 501
429 680
429 887
429 838
429 892
429 738
430 806
430 763
430 710
430 712
430 617
430 652
430 856
430 659
430 532
430 870
430 792
431 498
431 778
431 690
431 663
431 748
431 655
432 497
432 581
432 616
432 660
432 869
432 636
432 825
432 709
433 820
433 487
434 899
434 749
435 513
435 569
435 759
437 812
437 599
437 621
438 885
438 768
438 700
438 572
438 446
439 453
439 840
439 618
439 652
439 816
439 497
439 788
439 661
440 898
440 579
440 827
440 677
440 633
440 441
441 646
441 756
441 526
441 666
442 759
442 775
443 752
443 739
443 826
443 493
444 779
444 782
444 520
445 611
445 467
445 468
445 746
445 491
445 890
446 806
446 892
446 519
446 875
446 621
446 502
446 627
446 468
447 714
447 526
447 592
447 595
447 629
447 856
447 793
447 637
448 806
448 461
448 792
448 623
448 880
448 855
448 787
449 641
449 836
450 738
450 775
450 888
450 507
450 719
451 611
451 743
451 843
451 813
451 624
451 461
452 643
452 615
452 680
452 590
452 604
452 885
453 517
453 492
453 465
453 797
454 477
455 880
455 706
455 899
455 649
455 834
455 564
455 861
456 752
456 518
456 735
456 461
457 736
457 838
457 559
457 849
457 530
457 691
457 628
458 466
458 886
458 520
458 895
459 578
459 583
459 779
459 785
459 822
460 713
460 618
460 728
460 506
460 736
460 703
462 468
463 707
463 765
464 506
464 834
464 555
464 808
464 466
464 467
464 798
465 754
465 667
465 875
465 617
465 635
465 899
465 898
465 670
465 661
466 595
466 729
466 773
467 784
467 738
467 659
467 843
467 590
468 844
468 627
468 789
468 472
468 799
470 721
470 585
470 874
471 593
471 788
471 605
471 504
471 730
471 491
471 477
471 591
472 653
472 501
473 755
473 760
473 763
473 812
474 841
474 856
474 593
474 675
474 852
474 718
474 568
475 519
475 552
475 491
475 686
475 525
475 850
476 656
476 630
476 634
476 591
477 843
477 525
477 894
478 608
478 692
478 838
478 762
478 775
479 717
479 708
479 797
479 631
479 711
479 527
480 659
480 723
480 873
480 664
480 841
481 768
481 625
482 626
482 868
482 885
482 678
483 884
483 600
483 875
483 621
483 638
484 746
484 811
484 735
485 497
485 679
485 607
486 593
486 850
486 526
486 710
486 500
486 499
487 868
487 649
487 682
487 859
487 605
488 741
488 777
488 628
488 540
488 803
489 577
489 886
489 831
490 735
491 817
491 715
491 580
491 779
491 824
492 723
492 778
493 544
493 784
493 587
493 653
493 607
494 673
494 567
495 667
495 740
495 505
495 749
496 776
497 521
497 729
497 716
498 849
499 625
499 847
500 758
500 843
500 516
500 614
501 672
501 808
501 554
501 558
501 718
502 787
502 616
502 665
502 651
502 797
503 531
503 539
503 897
503 528
504 787
504 532
504 546
505 532
505 613
505 639
505 523
506 577
506 649
507 888
507 744
507 574
508 579
508 532
508 838
508 681
509 809
509 790
509 665
510 608
510 646
510 633
510 709
510 542
510 677
511 896
511 747
511 745
512 641
512 538
512 551
512 537
513 609
513 612
513 755
514 677
514 779
514 669
515 610
515 822
515 782
516 820
516 533
516 699
516 637
517 827
518 803
518 886
518 730
519 579
519 694
519 631
519 826
520 622
521 688
521 741
521 879
521 765
522 637
522 721
522 666
522 551
522 525
522 830
524 790
524 676
524 599
524 825
524 749
525 705
525 692
525 556
526 783
526 850
526 660
526 808
526 607
526 877
527 588
527 845
527 534
527 695
527 796
527 892
528 648
528 841
528 791
528 893
528 543
529 809
529 763
529 732
530 679
530 616
530 619
530 856
530 536
531 848
531 664
531 597
531 883
533 899
533 677
533 714
533 569
534 856
534 806
534 615
534 571
534 880
534 887
535 873
535 833
535 621
535 556
536 641
536 870
536 866
536 777
536 639
536 541
537 855
537 778
537 586
537 682
537 575
538 787
538 666
538 581
539 547
539 678
539 827
539 886
539 767
539 573
539 607
540 737
540 839
540 746
540 849
541 801
541 834
541 867
541 710
541 857
542 596
543 580
543 870
543 601
543 636
543 830
544 659
544 567
544 706
545 753
545 643
545 777
545 621
545 868
546 816
546 664
546 835
546 702
546 721
546 682
546 558
547 793
547 889
548 618
548 716
548 786
548 852
548 874
549 886
549 585
550 669
550 806
550 729
552 625
552 601
552 730
553 874
553 854
553 598
553 687
553 556
553 830
554 627
554 804
554 796
554 607
554 555
554 620
554 605
554 811
554 557
555 631
555 640
556 745
556 817
556 665
556 884
557 737
557 661
558 651
558 731
558 568
558 790
559 640
560 742
560 807
560 798
561 565
561 823
561 859
561 868
562 835
562 629
562 878
562 899
563 726
564 641
564 764
565 820
565 646
566 758
566 613
566 631
567 594
567 721
567 624
567 845
567 655
568 803
568 841
568 778
568 621
568 590
569 880
569 833
569 648
569 602
569 702
569 733
570 701
570 807
571 617
572 839
572 584
572 679
572 694
573 574
573 639
574 654
574 879
574 862
574 694
574 830
574 645
575 792
575 600
576 800
576 748
576 628
576 781
577 689
577 786
578 704
579 763
579 598
579 633
579 583
579 849
580 866
580 678
580 615
580 861
580 605
581 656
581 870
581 588
581 606
582 630
583 609
583 691
583 600
584 736
584 678
584 614
584 663
585 774
585 879
585 825
585 635
586 769
586 880
586 729
586 688
586 819
586 852
586 820
587 783
587 764
588 775
588 828
589 786
589 715
589 830
590 872
590 594
590 598
590 659
591 839
591 758
591 855
592 836
592 844
592 724
592 599
592 826
593 833
593 813
593 795
594 656
594 778
594 845
594 842
594 863
595 763
595 708
596 712
596 836
596 623
597 737
597 770
597 745
597 829
598 626
598 643
598 771
598 680
599 705
599 804
599 683
600 619
600 723
600 823
600 639
601 641
601 748
601 776
601 670
602 865
602 811
603 640
603 667
603 741
603 698
603 865
604 817
604 678
604 796
605 612
605 861
605 716
606 682
607 737
607 648
608 779
609 876
609 709
610 762
610 636
611 724
612 661
612 813
613 705
613 865
613 879
614 790
615 747
615 811
615 879
615 821
615 798
615 869
616 661
616 705
616 667
616 690
616 784
616 725
617 859
617 727
618 756
619 693
619 635
619 773
619 801
620 651
620 739
620 789
621 873
621 628
622 818
622 819
622 883
622 860
623 628
623 668
623 868
624 747
625 713
626 886
626 685
627 694
627 794
628 641
629 641
629 673
630 802
631 641
631 823
631 856
631 767
632 879
632 805
632 760
632 778
632 899
632 671
633 830
634 665
635 833
635 712
636 747
636 828
637 851
637 856
637 810
638 722
638 803
639 884
639 733
640 804
641 840
641 668
642 809
642 683
642 718
642 847
642 670
643 726
643 896
643 694
644 678
645 694
645 730
646 774
646 665
646 895
647 877
649 741
650 834
650 820
651 840
651 843
651 720
651 855
651 730
652 783
653 768
653 686
653 897
653 839
653 654
654 737
656 801
656 811
657 822
657 675
657 707
657 890
658 715
659 675
659 858
660 806
660 667
661 672
661 870
662 769
662 898
663 872
663 810
663 697
663 888
664 807
664 897
664 743
665 897
665 835
665 761
665 793
666 761
666 842
666 857
666 891
667 846
667 734
668 757
668 774
668 755
668 817
668 846
669 717
669 670
670 728
670 826
671 880
671 820
671 726
671 759
671 803
671 738
672 817
672 807
673 872
673 869
674 879
675 679
675 860
676 851
676 743
676 847
677 849
677 822
678 805
678 714
678 836
678 701
679 726
679 881
679 835
681 759
682 762
683 720
683 881
683 772
683 863
685 884
685 714
686 820
686 798
686 696
687 694
688 708
689 893
690 714
691 787
692 752
692 772
694 899
695 754
697 764
697 774
699 801
699 708
699 791
699 748
700 871
700 867
700 877
701 832
701 835
701 791
701 718
702 835
702 765
703 760
703 767
704 793
705 864
705 846
705 723
706 743
707 771
709 842
709 749
709 805
709 767
710 795
711 755
712 771
712 728
714 800
715 784
715 836
715 752
716 784
716 895
717 816
717 896
717 803
717 828
718 851
718 883
718 842
719 783
719 871
719 884
719 861
719 735
720 725
720 746
721 736
721 891
721 831
722 852
722 820
723 879
723 769
723 871
723 735
724 804
724 883
725 768
727 861
727 888
727 749
727 782
727 797
728 816
728 739
728 861
729 879
730 886
731 787
731 841
733 824
734 887
734 798
735 737
735 783
737 776
739 796
740 799
740 832
741 808
741 771
742 817
742 801
743 784
743 777
744 896
744 773
745 883
746 864
747 820
747 805
748 790
748 788
748 893
749 844
750 821
750 792
750 841
750 795
751 878
751 761
753 838
754 797
755 814
755 853
755 826
757 834
758 869
758 873
758 888
758 781
760 770
760 891
760 866
761 875
761 773
762 880
763 838
765 798
766 777
767 772
767 845
768 854
768 775
770 858
771 851
771 836
772 873
774 851
774 793
776 872
776 801
777 790
777 831
777 807
781 836
781 869
781 874
782 895
783 855
784 797
785 842
785 837
787 843
787 869
787 863
792 802
794 795
795 817
796 847
798 845
799 831
800 839
801 864
801 826
802 828
804 823
805 890
806 874
808 881
809 820
809 860
810 888
810 825
811 852
811 863
814 899
815 827
815 845
816 831
817 875
818 849
821 882
822 891
833 836
833 892
837 858
838 858
839 862
839 890
841 870
841 864
843 889
844 876
848 879
852 873
853 868
856 893
860 868
860 896
861 867
862 870
866 869
866 881
870 889
871 897
871 898
874 880
875 883
876 894
879 894
