900 4016
0 176
0 369
0 590
0 486
0 544
0 248
0 206
0 575
1 576
1 481
1 386
1 261
1 458
1 780
1 590
1 440
1 89
1 634
1 445
1 613
2 96
2 160
2 612
2 137
2 202
2 173
2 622
2 644
2 22
2 537
2 283
2 636
2 573
2 191
3 272
3 708
3 679
3 12
3 140
3 281
4 272
4 896
4 739
4 758
4 569
4 217
4 810
4 899
4 206
5 337
5 52
5 117
5 836
5 585
5 283
5 188
5 142
6 608
6 353
6 642
6 763
6 644
6 389
6 686
6 50
6 243
6 566
6 794
6 251
6 639
7 49
7 698
7 276
7 633
7 569
7 425
7 634
7 795
7 236
7 205
7 430
8 68
8 757
8 119
8 792
8 747
8 380
8 413
9 798
9 115
9 85
9 156
9 622
9 517
10 65
10 706
10 435
10 577
10 803
10 506
10 523
10 364
10 881
11 623
11 647
11 45
11 461
12 848
12 161
12 193
12 328
12 297
12 362
12 496
12 163
12 629
12 662
12 745
13 578
13 100
13 423
13 168
13 850
13 750
13 499
13 338
13 339
13 756
13 142
13 151
14 225
14 891
14 532
14 694
14 612
14 407
14 25
14 729
14 428
14 332
14 297
15 273
15 82
15 453
15 374
15 711
15 792
15 549
15 530
15 479
16 160
16 242
16 804
16 406
16 454
16 682
16 818
16 418
16 638
17 369
17 402
17 609
17 279
17 728
17 700
17 492
17 381
17 270
18 192
18 131
18 548
18 618
18 885
18 154
18 475
18 589
18 773
19 224
19 305
19 243
19 806
19 326
19 423
19 649
19 683
19 29
20 595
20 852
20 549
20 550
20 55
20 808
20 186
20 348
20 815
21 360
21 178
21 771
21 84
21 598
21 423
21 24
21 620
21 290
21 158
22 37
22 134
22 23
22 216
22 90
22 507
23 34
23 66
23 167
23 138
23 683
23 364
23 514
23 723
23 339
23 821
23 700
23 159
24 896
24 451
24 884
24 42
24 526
24 335
25 352
25 353
25 515
25 448
25 663
25 740
25 874
25 899
26 491
26 583
26 568
26 74
26 251
26 766
27 193
27 898
27 371
27 212
27 485
27 390
27 739
27 489
27 892
27 845
27 206
28 195
28 676
28 454
28 227
28 771
28 299
28 637
28 255
29 680
29 157
29 830
29 199
30 100
30 337
30 681
30 394
30 332
30 558
30 527
30 720
30 369
30 632
30 473
30 381
31 320
31 273
31 675
31 120
31 348
31 252
31 525
32 112
32 354
32 291
32 100
32 293
33 499
33 452
33 438
33 230
33 55
33 425
33 91
33 156
33 767
34 770
34 35
34 548
34 134
34 296
34 41
34 810
34 733
34 125
34 592
34 797
35 289
35 649
35 200
35 377
35 250
35 727
35 733
36 449
36 162
36 83
36 894
36 785
36 440
36 402
36 574
36 143
37 241
37 244
37 599
37 378
37 727
37 380
38 464
38 241
38 418
38 872
38 568
38 588
38 252
38 573
38 734
39 321
39 325
39 646
39 529
39 870
39 743
39 572
39 367
40 146
40 578
40 406
40 310
40 153
40 778
40 125
41 208
41 544
41 654
41 453
41 326
41 135
41 490
41 366
41 702
42 529
42 737
42 411
42 605
42 558
42 703
43 146
43 596
43 117
43 470
43 248
43 852
43 453
43 203
43 221
43 381
44 432
44 433
44 82
44 807
44 489
44 620
44 622
44 47
45 433
45 676
45 405
45 785
45 283
46 337
46 890
46 499
46 853
46 600
46 803
46 362
46 173
46 655
47 578
47 339
47 116
47 456
47 652
48 400
48 898
48 102
48 634
48 267
48 158
49 400
49 515
49 451
49 358
49 185
49 266
49 668
49 842
49 431
50 100
50 844
50 484
50 492
50 365
50 142
50 141
51 704
51 530
51 836
51 789
51 294
51 344
51 700
51 234
51 396
51 690
51 366
52 418
52 670
52 552
52 633
52 698
52 730
52 654
53 896
53 790
53 101
53 214
53 247
53 812
53 362
53 123
53 524
54 456
54 824
54 115
54 676
55 528
55 555
55 529
55 230
55 417
55 216
55 489
55 683
55 363
56 112
56 201
56 507
56 853
56 335
57 145
57 867
57 663
57 591
57 781
57 557
58 89
58 453
58 275
58 157
58 105
59 289
59 274
59 229
59 712
59 386
59 517
60 192
60 640
60 402
60 755
60 88
60 186
60 317
60 623
61 112
61 145
61 690
61 260
61 662
61 454
61 601
61 587
61 476
62 898
62 659
62 151
62 104
62 713
62 618
62 743
62 318
63 725
63 291
63 644
63 549
63 873
63 714
63 347
63 556
63 770
63 351
64 531
64 235
64 422
64 607
65 232
65 188
65 811
65 782
65 829
65 436
65 174
65 598
65 87
65 380
65 522
66 161
66 130
66 227
66 308
66 841
66 615
67 896
67 113
67 387
67 389
67 376
67 873
67 570
67 815
67 588
67 712
67 581
68 320
68 225
68 578
68 180
68 213
68 167
68 283
68 565
69 871
69 166
69 551
69 696
69 892
69 231
69 300
69 846
70 484
70 325
70 839
70 844
70 828
70 396
70 781
70 749
70 178
70 147
70 212
70 887
70 635
70 348
70 189
71 611
72 776
72 785
72 434
72 739
72 450
73 405
73 198
74 128
74 208
74 418
74 374
74 230
74 359
74 202
74 623
75 864
75 641
75 514
75 325
75 438
75 617
75 712
75 281
75 508
75 669
75 805
76 594
76 582
76 502
76 263
76 505
76 77
76 175
77 464
77 113
77 355
77 756
77 437
77 555
77 473
77 347
77 156
78 345
78 210
78 190
78 561
79 81
79 516
79 513
79 634
79 92
79 815
80 565
80 229
80 165
80 787
80 709
80 782
80 511
80 220
80 301
80 719
80 335
81 208
81 849
81 164
81 421
81 518
81 379
81 684
82 240
82 738
82 741
82 678
82 456
82 700
82 747
82 142
83 530
83 419
83 167
83 349
83 222
84 449
84 146
84 578
84 505
84 249
84 733
84 508
84 429
84 701
85 193
85 467
85 343
85 152
85 859
85 221
85 93
86 895
86 531
86 420
86 309
86 728
86 789
86 379
86 860
86 846
86 95
87 768
87 611
87 324
87 806
87 264
87 779
87 171
87 594
87 687
87 688
87 434
87 515
87 536
87 591
88 499
88 724
88 838
88 649
88 867
88 282
88 839
88 428
88 875
89 272
89 580
89 775
89 93
89 527
90 225
90 699
90 615
90 698
90 363
90 798
91 198
91 137
91 620
91 430
91 271
91 625
91 309
91 182
91 279
91 281
91 527
91 253
91 190
91 447
92 680
92 265
92 555
92 172
92 178
92 462
92 144
92 114
92 757
92 504
92 575
93 596
93 561
93 532
93 832
93 769
93 442
93 364
93 522
94 826
94 740
94 527
95 448
95 187
95 198
95 424
95 300
95 434
95 237
95 338
95 571
95 189
95 637
96 672
96 549
96 887
96 284
96 642
97 130
97 773
97 549
97 184
97 857
97 670
97 399
98 363
98 187
98 517
98 781
99 369
99 178
99 340
99 857
99 212
99 363
99 156
100 160
100 224
100 580
100 682
100 562
100 275
100 269
100 501
100 796
101 810
101 851
102 208
102 355
102 828
102 517
102 700
102 625
102 281
102 412
102 256
103 704
103 289
103 182
103 761
103 681
103 811
103 108
103 622
104 192
104 455
104 170
104 519
104 877
104 878
104 753
104 338
104 158
104 406
104 412
104 479
105 656
105 481
105 436
105 833
105 836
105 460
106 768
106 322
106 734
106 870
106 717
106 862
107 296
107 177
107 659
107 390
108 384
108 194
108 755
108 420
108 389
108 876
108 602
108 668
108 842
108 325
109 112
109 838
109 805
109 806
109 487
109 219
109 204
110 411
110 453
110 583
110 871
110 236
110 494
110 399
110 368
110 406
110 827
110 445
110 478
111 416
111 753
111 722
111 779
111 757
111 809
111 219
111 764
111 781
111 819
112 729
113 706
113 740
113 647
113 424
113 745
113 554
113 387
113 628
113 156
113 253
114 353
114 743
114 650
114 733
114 754
114 116
114 473
114 634
114 815
114 298
114 798
115 465
115 518
115 820
115 262
115 787
115 122
115 341
116 895
116 402
117 489
117 483
117 243
117 600
117 313
117 718
118 242
118 436
118 133
118 871
118 501
118 268
118 654
118 351
119 418
119 563
119 372
119 439
119 860
120 891
120 537
120 162
120 807
121 723
121 468
121 311
121 264
121 372
121 750
122 257
122 562
122 661
122 295
122 807
122 636
122 239
123 563
123 211
123 854
123 806
123 199
123 745
123 506
123 879
123 142
123 143
124 794
124 895
124 278
124 863
125 161
125 257
125 809
125 394
125 812
125 386
125 461
125 176
125 616
125 403
125 212
125 150
125 625
126 289
126 514
126 198
126 551
126 232
126 297
126 301
126 815
126 888
126 731
126 508
126 735
127 320
127 706
127 488
127 589
127 433
127 788
127 533
127 310
127 152
127 506
127 219
127 826
128 272
128 257
128 517
128 406
128 524
128 618
128 254
129 272
129 610
129 654
129 558
130 256
130 835
130 836
130 407
130 279
130 829
131 443
131 396
132 802
132 645
132 526
132 821
133 640
133 177
133 386
133 787
133 548
133 534
133 617
133 798
134 240
134 449
134 659
134 854
134 790
134 868
134 810
134 829
134 654
135 261
135 797
135 274
135 372
135 862
135 214
135 888
135 217
135 538
135 380
135 573
135 190
136 401
136 314
137 428
137 606
137 270
138 280
138 795
138 700
138 861
138 398
139 640
139 417
139 274
139 420
139 294
139 873
139 628
139 846
140 449
140 388
140 886
140 569
140 424
140 180
140 524
140 383
141 307
141 691
141 707
141 799
141 254
141 447
142 653
142 656
142 493
142 393
142 250
143 609
143 847
143 488
143 844
143 620
143 402
143 495
143 401
143 370
143 821
143 630
143 540
143 866
143 767
144 336
144 193
144 644
144 357
144 817
144 504
144 820
144 237
145 734
145 766
145 459
145 542
145 822
145 633
145 171
145 526
146 644
146 229
146 358
146 232
146 203
146 460
146 590
146 690
146 627
146 740
146 676
146 287
147 578
147 739
147 646
147 745
147 206
147 792
147 660
147 213
147 502
147 215
147 344
147 473
148 404
148 517
148 822
148 204
148 879
148 316
148 589
148 845
149 463
149 293
149 222
149 341
150 433
150 595
150 660
150 181
150 671
150 301
151 416
151 417
151 752
151 387
151 531
152 869
152 729
152 895
152 460
152 269
152 318
153 514
153 550
153 583
153 456
153 802
153 682
153 738
153 623
153 468
153 853
153 566
153 248
153 367
154 480
154 496
154 763
154 182
154 198
154 790
154 870
154 379
154 514
154 590
155 432
155 896
155 626
155 770
155 454
155 857
155 682
155 658
155 686
156 757
156 481
156 452
156 864
156 519
156 718
156 163
156 727
156 505
156 248
156 217
156 447
157 673
157 551
157 520
157 425
157 731
158 484
158 389
158 357
158 268
158 750
158 369
158 468
158 565
158 633
159 865
159 675
159 393
159 847
159 652
159 367
160 161
160 859
160 733
160 607
160 642
160 399
161 612
161 828
161 489
161 435
161 724
161 348
161 346
161 796
161 798
162 322
162 229
162 666
162 727
162 282
162 555
162 402
162 446
163 897
163 841
163 298
163 653
164 643
164 644
164 519
164 360
164 713
164 215
164 557
165 848
165 866
165 868
165 710
165 841
165 330
165 780
165 813
165 621
165 562
165 890
165 510
165 255
166 258
166 499
166 856
166 185
166 525
166 893
167 353
167 676
167 243
167 394
167 399
167 530
167 313
167 442
167 698
168 257
168 546
168 614
168 842
168 239
168 179
168 404
168 597
168 732
168 285
168 447
169 480
169 780
169 851
169 244
169 686
170 416
170 200
170 789
170 423
170 621
170 223
171 512
171 804
171 561
171 177
171 440
171 852
171 346
171 586
172 632
172 579
172 692
172 232
172 682
172 396
172 541
172 734
172 239
173 867
173 204
173 605
173 494
174 562
174 245
174 230
174 321
174 636
174 599
174 273
174 815
174 780
175 224
175 752
175 562
175 259
175 556
175 798
176 260
176 839
176 456
176 714
176 818
176 336
176 817
176 530
176 884
176 548
176 411
176 447
177 811
177 332
177 270
177 847
177 867
177 440
177 538
177 559
177 501
178 595
178 532
178 379
178 395
178 877
179 712
179 659
179 340
179 613
179 294
179 455
179 727
179 492
179 670
180 401
180 603
180 599
180 755
180 535
180 442
180 235
181 409
181 401
181 359
181 204
181 300
181 575
182 290
182 611
182 726
182 710
182 200
182 782
182 205
182 206
182 509
182 849
182 725
182 662
182 410
182 805
183 364
183 531
183 220
183 732
183 335
184 610
184 835
184 396
184 745
185 834
185 323
185 358
185 859
185 285
185 850
185 243
185 699
185 700
185 573
185 382
185 255
186 620
186 406
186 585
186 571
186 445
186 526
186 589
187 410
187 780
187 450
187 382
187 351
188 692
188 290
188 579
188 372
188 697
188 580
188 687
188 447
189 742
189 246
189 360
189 617
189 783
189 382
190 523
190 763
190 822
190 249
190 410
191 647
191 249
191 407
191 450
191 815
192 800
192 280
192 856
192 519
192 633
192 349
192 894
193 704
193 848
193 488
193 718
193 847
193 593
193 531
193 508
194 708
194 828
194 839
194 460
194 205
195 241
195 371
195 324
195 484
195 445
195 847
196 504
196 299
196 868
196 263
197 466
197 420
197 374
197 836
197 206
197 687
198 706
198 580
198 619
198 429
198 369
198 275
198 409
198 573
199 657
199 811
199 468
199 644
199 404
200 790
200 340
200 389
200 590
201 682
201 680
201 748
201 202
201 203
201 460
201 397
201 880
201 817
201 530
201 468
201 565
201 859
201 637
201 671
202 755
202 421
202 648
203 609
203 674
203 419
203 886
203 742
203 619
203 402
203 565
203 406
203 786
203 764
203 445
204 337
204 474
205 890
205 690
205 573
206 418
206 475
206 295
206 531
206 643
206 791
206 892
206 637
207 656
207 577
207 455
207 858
207 445
207 830
208 325
208 716
208 656
208 403
208 756
208 278
208 663
208 537
209 688
209 369
209 370
209 420
209 342
209 840
209 251
209 636
209 766
209 559
210 896
210 484
210 233
210 874
210 523
210 813
210 814
210 400
210 562
210 740
210 571
211 225
211 507
211 570
211 236
211 318
212 434
212 790
212 295
212 882
212 777
212 557
213 513
213 331
213 262
213 551
213 392
213 745
213 391
213 880
213 275
213 660
213 382
214 802
214 712
214 889
214 538
214 397
215 540
215 756
215 817
216 242
216 883
216 501
216 537
216 362
216 823
216 333
216 662
217 448
217 290
217 363
217 851
217 501
217 790
217 537
217 260
217 479
218 289
218 370
218 699
218 364
218 587
218 316
219 464
219 624
219 482
219 230
219 248
219 793
219 380
219 816
220 481
220 517
220 528
220 553
220 640
221 481
221 626
221 625
221 393
221 554
221 573
222 823
222 516
222 247
222 876
222 493
222 236
222 365
222 287
223 616
223 883
223 838
223 358
223 311
223 552
223 801
223 430
223 847
224 464
224 337
224 530
224 377
224 847
224 315
224 254
224 239
225 257
225 555
225 811
225 308
225 373
225 733
225 894
225 821
226 673
226 262
226 787
226 724
226 533
226 294
226 791
226 857
226 429
227 433
227 307
227 724
227 677
228 320
228 308
228 805
228 655
228 428
228 767
228 671
229 506
229 326
229 817
229 855
229 250
229 718
229 767
230 738
230 652
230 397
230 878
230 790
230 411
230 380
230 382
231 288
231 528
231 740
231 569
231 699
231 508
231 383
232 726
232 262
232 456
232 746
232 603
232 861
233 465
233 740
233 645
233 439
233 663
233 555
233 508
233 306
233 879
234 851
234 836
234 867
234 717
234 767
235 362
235 445
235 574
235 543
236 876
236 518
236 632
236 780
236 655
236 561
236 307
236 723
236 408
236 665
236 476
236 895
237 368
237 267
237 676
238 328
238 864
238 714
238 702
239 776
239 594
239 436
239 743
239 521
239 637
239 878
240 849
240 302
240 647
240 796
240 638
240 469
241 466
241 475
241 525
242 248
242 723
242 853
242 892
242 588
242 364
242 798
243 814
243 734
244 340
244 361
244 664
244 469
244 637
244 762
244 245
245 648
245 246
245 487
245 616
245 329
245 572
245 269
246 448
246 400
246 354
246 774
246 371
246 770
246 686
246 367
246 368
246 785
246 339
246 663
246 601
247 610
247 631
247 457
247 698
247 797
247 357
248 550
248 390
248 688
248 433
248 308
248 342
249 325
249 408
249 580
249 716
250 416
250 324
250 712
250 276
250 459
250 332
250 629
251 288
251 835
251 456
251 620
251 691
251 597
251 795
251 668
251 509
252 896
252 823
252 859
252 567
252 696
252 655
253 339
253 758
253 487
253 424
253 753
253 748
253 703
254 684
254 652
256 579
256 308
256 727
256 343
256 712
256 599
256 845
256 510
257 806
257 757
257 528
257 346
258 676
258 649
258 777
258 813
258 303
258 562
258 757
258 375
258 527
258 316
258 670
258 895
259 752
259 685
259 554
259 263
259 753
259 330
259 346
259 776
259 447
260 809
260 392
260 634
260 541
260 542
260 477
261 480
261 485
261 806
261 584
261 649
261 682
261 267
261 679
261 855
261 500
261 489
261 576
261 570
262 352
262 593
262 896
262 367
262 636
262 325
263 488
263 725
263 408
263 804
264 819
264 772
264 586
264 302
265 705
265 884
265 325
265 681
265 599
265 300
265 741
266 609
266 359
266 506
266 620
266 397
266 479
267 465
267 898
267 475
267 500
267 326
267 657
267 427
267 654
268 769
268 842
268 739
268 391
268 521
268 746
268 364
268 557
268 861
269 384
269 706
269 435
269 599
269 526
269 549
270 385
270 309
271 448
271 643
271 520
271 377
271 794
271 573
272 277
272 313
272 748
272 523
272 668
272 797
273 568
273 627
273 310
273 299
273 732
274 754
274 491
274 700
274 427
275 642
275 310
275 775
275 892
275 863
275 316
275 799
276 497
276 786
276 862
276 343
276 414
276 607
277 800
277 876
278 804
278 437
278 796
278 375
278 425
278 885
279 467
279 709
279 476
280 641
280 581
280 604
280 525
280 622
280 813
281 774
281 756
281 357
281 863
281 683
281 629
281 507
282 640
282 545
282 675
282 461
282 696
282 308
282 822
282 826
282 763
282 604
283 392
284 417
284 482
284 629
284 832
284 600
285 616
285 530
285 884
285 453
285 662
285 729
285 746
285 674
286 322
286 420
286 741
286 328
286 810
286 557
286 703
287 848
287 427
287 485
288 898
288 739
288 598
288 522
288 430
288 817
288 691
288 340
288 630
288 798
289 609
289 840
289 713
289 397
289 655
289 850
289 307
289 436
289 833
289 568
289 787
289 478
290 546
290 695
290 376
290 334
290 572
291 754
291 375
291 314
291 379
291 300
291 602
292 754
292 790
292 455
292 456
292 841
292 426
292 539
293 578
293 423
293 703
293 642
293 653
294 641
294 308
294 771
294 789
295 833
295 389
295 424
295 650
295 718
295 722
295 439
295 508
295 733
295 437
296 641
296 616
296 747
296 834
296 584
296 850
296 531
296 725
296 439
296 441
296 345
297 753
297 818
297 551
297 844
297 687
298 799
298 859
298 467
298 393
298 522
298 780
298 558
298 688
298 419
298 852
298 597
298 347
298 475
298 735
299 811
299 574
299 577
299 472
299 619
299 622
299 382
299 693
300 579
300 740
300 774
300 760
300 444
300 868
301 546
301 307
301 325
301 519
301 539
301 540
301 759
301 415
302 546
302 317
303 752
303 353
303 531
303 773
303 809
303 314
303 684
303 338
303 463
304 817
304 838
304 500
304 710
304 774
304 852
304 617
304 746
304 847
305 384
305 897
305 359
305 604
305 493
305 624
305 374
305 536
305 895
305 732
305 508
305 479
306 742
306 895
307 674
307 533
307 361
308 484
308 516
308 540
308 829
308 318
309 449
309 451
309 750
309 778
309 718
309 815
309 851
309 311
309 858
310 869
310 725
310 465
310 377
310 812
310 765
310 446
311 896
311 691
312 593
312 802
312 629
312 582
312 362
312 334
313 592
313 886
313 780
313 633
313 730
313 672
313 700
313 445
314 608
314 563
314 820
314 428
314 771
315 594
315 723
315 551
316 370
316 706
316 713
316 715
316 396
317 498
318 547
318 806
318 470
318 777
318 585
319 496
319 449
319 790
319 759
319 880
319 863
320 824
320 855
320 711
320 344
320 713
321 353
321 515
321 526
321 775
321 430
322 640
322 839
322 683
322 493
322 386
322 885
322 398
322 631
322 415
322 764
322 639
323 656
323 706
323 517
323 641
324 675
324 595
324 485
324 787
324 761
324 556
324 602
324 862
325 720
325 418
325 391
325 526
325 435
325 443
325 645
326 360
326 332
326 687
326 556
327 864
327 884
327 421
328 416
328 690
328 379
328 566
328 663
328 411
328 706
329 792
329 452
329 360
329 389
329 794
329 655
330 804
330 744
330 841
330 394
330 867
331 880
331 701
331 514
331 772
331 629
331 710
331 841
331 813
331 365
331 639
332 688
332 499
333 416
333 728
333 525
333 654
333 669
334 424
334 707
334 708
334 449
334 651
334 540
335 625
335 618
335 589
335 781
336 576
336 610
336 491
336 588
336 365
336 370
336 787
336 471
336 601
336 703
336 738
336 575
337 689
337 498
337 595
337 421
338 800
338 717
338 455
338 447
339 627
339 660
339 756
339 412
339 842
339 462
340 712
340 406
340 489
340 724
340 430
341 656
341 353
341 762
341 699
341 540
341 797
341 565
342 672
342 579
342 775
342 713
342 873
343 831
343 733
343 832
343 648
343 820
343 511
343 509
343 447
344 876
344 479
345 464
345 618
345 806
346 848
346 372
346 776
346 827
346 538
346 889
347 816
347 886
347 662
347 616
347 620
347 539
347 572
347 638
348 573
348 893
348 646
348 727
348 841
348 618
348 445
349 784
349 678
349 521
349 895
350 402
350 794
350 582
351 471
351 589
352 881
352 757
352 367
353 618
353 747
353 814
353 464
353 695
354 433
354 498
354 612
354 854
354 395
355 600
355 773
355 389
355 423
355 552
355 683
355 764
355 717
356 464
356 651
356 878
357 410
357 495
358 649
358 679
358 380
359 688
359 537
359 799
359 741
360 872
360 814
360 625
360 374
360 663
360 795
360 860
361 625
361 610
361 838
361 694
361 507
361 892
361 381
362 887
362 788
362 743
362 591
363 624
363 836
363 841
363 715
363 365
363 381
363 528
363 409
364 481
364 546
364 771
364 745
364 623
364 629
364 377
364 511
365 712
365 869
365 456
365 442
365 700
366 368
366 417
366 482
366 533
366 837
367 739
367 567
367 793
367 564
367 473
367 415
368 753
368 898
368 852
368 807
369 370
369 643
369 472
369 710
370 434
370 547
370 656
370 584
370 669
371 760
371 578
371 868
371 584
371 493
371 478
372 677
372 422
372 751
372 531
372 597
372 503
372 824
372 730
373 752
373 843
373 644
373 470
373 455
373 580
373 759
373 877
374 737
374 774
374 683
374 749
374 630
374 471
374 703
374 613
375 596
375 741
375 760
375 457
375 798
376 593
376 533
376 881
376 424
376 443
377 770
377 515
377 731
377 583
377 715
377 556
377 430
377 475
378 640
378 834
378 627
378 516
378 715
378 398
379 422
379 593
380 840
380 388
380 584
380 794
381 577
381 449
381 429
381 557
382 384
382 579
382 758
382 711
382 755
382 694
383 579
383 869
383 488
383 558
384 899
384 612
384 886
384 518
384 871
384 699
385 748
385 652
385 598
385 889
386 402
386 701
387 517
388 852
388 649
388 860
388 827
389 673
389 516
389 678
389 811
389 757
390 477
390 677
391 547
391 820
391 821
391 765
392 433
392 710
392 743
392 772
392 828
392 881
393 578
393 747
393 616
393 651
393 493
393 655
393 854
393 407
393 474
393 671
393 638
394 688
394 657
394 800
395 514
395 836
395 685
395 434
395 823
395 499
395 533
395 690
395 787
395 397
395 541
396 736
396 514
396 743
396 747
396 848
396 724
396 728
397 816
397 491
397 705
397 883
397 813
398 754
398 463
399 862
399 790
399 646
399 712
399 507
400 613
400 609
400 586
400 711
400 764
400 738
400 814
401 795
401 742
401 523
402 545
402 764
402 564
402 543
403 673
403 514
403 549
403 470
403 637
404 659
404 454
404 519
404 873
405 713
405 601
405 602
405 831
405 639
406 822
406 477
406 564
407 422
407 424
407 887
407 876
407 657
407 821
407 713
407 665
407 892
408 579
408 870
408 429
409 619
409 780
409 694
410 674
410 871
410 716
410 671
411 449
411 562
411 462
411 775
412 517
412 663
413 760
413 546
414 416
414 672
414 727
414 666
414 621
415 696
415 423
416 734
416 582
416 812
416 559
416 497
416 574
416 607
417 689
417 866
417 443
417 820
417 795
417 618
418 882
418 740
419 720
419 548
419 819
419 429
420 642
420 518
420 492
420 874
420 716
420 784
420 440
421 754
421 855
422 843
422 613
422 486
422 747
422 813
422 434
422 630
422 828
423 427
423 733
423 525
424 580
424 760
424 430
424 708
425 560
425 802
425 691
425 781
425 475
425 798
425 759
426 467
426 599
426 504
426 759
426 893
426 447
427 800
427 899
427 773
427 718
427 457
427 494
428 552
428 706
428 774
428 683
428 586
428 589
429 448
429 664
429 739
429 573
430 710
430 714
430 556
430 889
430 831
431 625
432 576
432 849
432 635
432 667
432 629
432 881
432 568
432 851
433 694
433 713
433 752
433 488
433 596
434 836
434 517
434 712
434 529
434 731
435 897
435 750
435 805
436 530
436 627
436 827
436 707
436 445
437 512
438 578
438 491
438 724
438 486
438 856
438 665
438 778
438 637
439 803
439 709
439 733
439 590
440 800
440 694
440 564
441 464
441 605
441 558
441 753
442 752
442 824
442 697
442 703
443 608
443 785
443 698
443 571
443 574
444 608
444 482
444 531
444 854
444 520
444 654
445 534
445 807
445 624
445 497
445 882
445 803
445 601
445 645
446 705
446 795
446 693
446 760
446 505
446 699
446 872
447 484
447 645
447 503
447 758
447 540
448 657
448 764
448 813
448 572
448 833
449 768
449 577
449 514
449 536
449 890
450 651
450 724
450 549
450 886
450 807
450 788
451 531
451 651
451 538
451 587
451 469
452 473
452 618
452 797
453 897
453 515
453 614
453 872
453 560
453 595
453 643
453 533
453 472
453 573
454 832
454 887
454 779
454 755
454 758
454 599
454 731
455 497
455 723
455 577
455 617
455 687
456 803
456 772
456 597
457 643
457 724
457 694
457 463
458 496
458 827
458 862
458 888
458 570
458 763
458 892
458 750
459 709
459 519
459 753
459 539
459 781
460 608
460 481
460 550
460 599
460 728
460 752
460 536
461 800
461 707
461 774
461 808
461 575
462 840
462 648
462 643
462 772
462 584
462 633
463 741
463 713
463 729
463 761
463 812
464 685
464 785
464 532
464 504
464 511
465 613
465 474
465 862
466 770
466 660
466 668
466 474
466 699
466 476
466 682
466 478
466 765
467 544
467 797
467 694
467 713
467 679
467 540
467 703
468 760
468 651
468 773
468 860
469 782
469 574
469 535
469 520
469 494
469 575
470 683
470 849
470 643
470 474
471 774
471 725
471 837
471 655
472 727
472 840
472 522
472 865
472 730
472 613
473 645
473 676
473 555
473 668
474 668
474 711
474 725
474 566
474 696
474 700
474 477
475 640
475 803
475 526
475 828
476 868
476 782
476 829
477 752
477 625
477 786
478 598
478 751
479 681
479 620
480 513
480 755
480 852
480 518
480 876
481 775
481 491
481 493
482 624
482 564
482 597
482 853
483 593
483 889
484 835
484 762
484 655
485 518
485 553
485 620
485 623
485 816
485 595
485 755
485 825
485 602
485 540
486 673
486 596
486 679
486 601
486 724
486 711
487 841
487 687
488 892
488 494
489 834
489 710
489 526
489 534
489 509
490 611
490 670
490 799
491 653
491 837
491 561
491 524
491 577
491 625
491 627
491 737
491 736
492 591
493 521
493 601
493 866
493 658
494 576
494 612
494 805
494 519
494 712
494 779
494 524
495 855
495 738
495 623
496 519
496 649
496 684
496 688
496 727
496 665
496 539
496 767
497 529
497 866
497 502
497 584
497 648
497 696
498 770
498 507
499 875
499 772
499 805
499 597
499 697
499 541
500 898
500 804
500 727
501 624
501 659
501 603
501 717
501 800
502 800
502 529
502 758
502 678
502 567
502 644
502 875
502 878
503 879
503 516
503 837
503 788
503 519
503 745
503 554
503 647
503 671
504 899
504 648
504 523
504 845
504 686
504 527
504 597
504 855
504 538
504 767
504 725
505 721
505 790
505 763
506 821
506 851
506 819
506 846
507 576
507 613
508 533
508 735
508 639
509 808
509 571
509 838
509 520
509 878
510 643
510 836
510 743
510 714
510 699
511 850
511 652
512 757
513 822
513 746
513 655
514 889
514 796
515 704
515 772
515 565
515 574
516 688
516 817
516 596
516 879
517 577
517 854
517 634
518 617
518 810
518 624
518 862
518 702
518 895
519 709
519 525
519 883
519 893
519 766
520 817
520 746
521 866
521 645
521 791
521 760
521 874
522 752
522 596
522 857
522 553
522 587
523 574
523 848
523 604
523 701
524 811
525 870
525 680
525 619
525 595
525 807
526 645
526 878
526 573
527 708
527 817
527 553
527 722
527 884
527 758
527 599
527 568
527 831
528 592
528 594
528 828
528 551
529 769
529 867
529 849
529 654
529 743
529 733
530 707
530 838
530 765
530 633
531 821
531 573
532 594
532 888
532 555
533 895
533 632
533 740
534 595
534 715
534 764
535 876
535 572
535 670
535 853
536 550
536 769
538 820
538 613
538 716
539 640
539 643
539 684
539 692
539 793
539 667
539 732
540 816
540 756
540 667
541 593
541 729
542 744
543 564
543 663
543 623
544 566
544 783
545 580
545 836
545 554
545 623
546 675
546 870
546 843
547 865
547 595
547 734
548 598
548 746
549 892
549 666
549 751
550 706
550 842
551 898
551 615
551 567
551 818
551 722
551 631
551 767
552 882
552 877
553 811
554 587
554 674
554 807
554 641
554 696
554 732
555 672
555 877
555 705
555 847
555 575
556 815
556 706
556 648
556 695
556 571
556 732
557 673
557 707
557 646
557 732
557 639
558 819
559 884
559 798
560 672
560 688
560 690
560 632
560 746
560 709
561 720
561 618
562 749
562 722
562 569
562 834
562 638
563 824
563 723
563 680
564 609
564 571
564 747
565 817
565 881
566 836
566 774
566 615
567 770
567 568
567 802
568 611
568 746
568 810
568 749
568 730
569 865
569 699
569 822
569 774
569 813
570 656
570 712
572 705
572 820
572 807
573 627
573 681
573 613
573 862
573 819
574 637
575 751
575 826
577 871
577 624
577 859
577 596
577 733
577 865
578 716
578 627
578 698
579 592
579 898
579 612
580 610
580 676
580 678
580 816
580 755
580 765
581 584
581 690
581 888
581 648
581 591
583 866
583 632
584 663
586 612
587 791
587 652
588 768
588 868
588 646
589 849
589 821
590 661
590 673
590 793
591 616
591 600
592 609
592 677
592 683
592 844
592 849
592 786
592 820
592 894
592 606
593 695
593 649
593 721
594 816
594 888
594 808
594 813
596 713
596 626
596 629
596 763
597 647
597 616
597 821
598 859
598 818
598 690
598 724
598 641
598 831
598 703
599 864
600 833
600 836
600 649
600 632
600 601
600 827
601 767
602 631
602 617
602 821
602 734
603 731
603 750
604 790
604 727
604 810
604 734
605 706
605 882
605 798
606 788
606 717
606 860
607 802
607 805
607 755
608 841
608 819
608 756
608 629
608 727
608 765
608 693
609 834
609 643
609 652
609 755
610 774
611 832
611 724
611 782
611 772
611 766
612 728
612 793
612 760
613 640
613 770
613 818
614 657
614 739
614 647
615 773
615 812
615 652
615 869
616 778
616 882
616 665
616 699
617 851
617 819
618 674
618 842
618 854
618 701
619 753
619 852
619 806
619 884
620 645
620 893
621 656
621 754
621 770
621 666
622 787
622 716
622 770
622 876
623 770
623 700
623 688
623 695
624 680
624 705
624 701
625 664
625 796
626 833
626 795
626 828
627 753
628 691
629 771
629 644
629 698
630 758
632 731
632 679
632 845
632 821
633 817
634 844
635 834
635 711
636 835
636 885
636 841
637 746
637 778
638 665
638 664
639 760
641 780
641 890
642 887
642 751
643 766
644 896
644 891
644 660
645 668
645 858
646 747
647 708
647 665
647 767
647 788
648 711
648 878
648 884
648 729
649 768
649 861
649 840
649 765
650 859
650 682
651 736
651 722
652 705
653 869
653 664
653 735
654 664
654 862
655 847
655 819
655 858
655 873
656 790
656 712
657 888
657 834
657 884
657 728
657 735
658 897
658 710
659 774
659 838
660 676
660 809
660 857
661 856
661 863
662 761
662 842
663 895
663 700
664 736
664 786
664 889
664 804
664 834
666 755
666 827
668 679
668 866
668 681
669 844
669 820
670 897
670 808
670 857
670 847
671 705
671 838
671 695
671 878
671 855
671 796
673 705
673 712
673 771
673 827
674 761
675 769
675 851
675 678
675 840
675 796
676 745
676 887
676 804
677 802
677 678
677 776
678 870
678 789
678 858
679 835
679 706
679 807
679 723
680 897
680 754
680 836
680 891
681 897
681 793
681 756
681 857
682 736
682 720
682 742
682 846
682 855
682 893
683 718
684 798
684 764
685 805
686 736
686 849
687 802
688 728
689 764
690 833
690 846
691 880
691 771
691 885
692 819
693 737
693 722
693 725
693 751
694 749
694 853
695 783
695 728
696 870
696 705
696 762
697 732
698 898
699 806
700 831
700 847
700 745
700 767
701 886
702 881
702 857
702 871
702 862
703 840
704 864
704 886
704 729
704 846
706 802
706 804
706 774
706 819
706 756
706 856
706 731
706 898
708 737
708 739
709 802
709 731
709 830
711 715
711 796
712 797
713 802
713 887
714 848
714 831
714 781
717 849
717 744
717 879
718 839
718 871
718 858
718 795
718 732
719 722
720 783
722 725
722 826
723 818
723 813
723 892
723 861
724 806
724 804
724 879
725 791
725 794
726 786
726 739
726 818
727 807
727 781
729 871
729 778
729 847
731 839
731 750
731 885
733 838
733 849
734 850
734 881
735 850
735 855
735 895
736 824
736 764
738 882
739 813
740 822
740 829
741 791
743 793
744 788
745 873
745 755
746 876
746 889
747 752
747 821
747 825
749 874
750 754
750 862
750 856
751 823
751 850
752 864
752 753
755 852
755 772
756 880
757 803
757 863
758 875
758 807
758 760
762 767
766 785
767 841
769 860
769 883
769 894
770 783
770 781
770 809
771 807
772 814
773 869
774 856
775 882
775 790
775 796
775 781
776 806
776 781
777 819
777 885
780 896
781 824
783 864
784 794
784 886
784 893
785 811
785 815
787 828
788 846
788 860
789 832
790 853
791 848
791 796
791 813
792 824
792 881
792 879
794 834
794 858
794 890
795 820
797 850
801 867
802 834
804 875
804 887
805 857
806 828
807 877
807 867
810 822
811 843
813 822
814 897
814 868
816 843
818 823
818 876
820 861
821 842
821 881
827 856
827 864
829 886
832 878
833 843
834 847
836 850
839 893
843 898
846 897
850 871
850 881
855 875
862 865
866 899
866 872
870 892
871 897
871 882
872 893
