900 4060
0 800
0 1
0 486
0 682
0 144
0 114
0 84
0 885
0 886
0 407
0 600
0 570
0 606
1 880
1 515
1 392
1 41
1 234
1 43
1 751
1 688
1 630
1 535
1 24
1 188
1 330
2 112
2 34
2 212
2 828
2 503
2 104
2 660
2 857
2 716
2 221
2 542
3 496
3 177
3 36
3 292
3 332
3 574
4 880
4 6
4 38
4 712
4 469
4 395
4 126
4 63
5 130
5 211
5 437
5 390
5 408
5 345
5 634
5 549
6 624
6 871
6 584
6 811
6 127
7 224
7 481
7 420
7 110
7 368
7 690
7 302
7 85
7 406
7 728
7 548
7 800
8 843
8 59
8 623
9 608
9 289
9 546
9 709
9 673
9 443
9 414
9 607
10 289
10 82
10 627
10 276
10 638
10 694
10 811
10 396
10 398
11 120
11 421
11 566
12 385
12 354
12 772
12 391
12 456
12 892
12 727
12 208
12 116
12 215
12 564
12 475
12 764
12 221
13 852
13 660
13 428
13 287
14 832
14 149
14 550
14 439
14 763
14 844
14 222
15 177
15 594
15 251
15 763
15 526
15 766
15 353
15 91
15 716
15 206
16 817
16 243
16 885
16 455
16 763
16 716
17 450
17 389
17 358
17 674
17 713
17 93
17 494
17 383
18 560
18 673
18 796
18 423
18 169
18 156
18 77
18 79
19 432
19 505
19 564
19 391
19 329
19 204
19 461
19 878
20 145
20 722
20 867
20 327
20 553
20 793
20 716
20 125
20 254
21 694
21 119
21 152
21 601
21 42
21 799
21 716
21 173
21 447
22 160
22 161
22 880
22 745
22 794
22 461
22 590
22 154
22 304
22 86
22 58
22 509
23 640
23 273
23 194
23 870
23 769
23 127
23 816
23 191
24 69
24 694
24 136
24 393
24 731
24 78
25 672
25 577
25 370
25 74
25 434
25 50
25 243
25 788
25 254
25 690
25 376
25 638
25 159
26 718
26 353
26 366
26 68
26 133
26 134
26 487
26 184
26 596
26 42
26 110
27 448
27 674
27 259
27 147
27 758
27 182
27 599
27 232
27 537
27 431
28 864
28 529
28 660
28 40
28 580
28 555
28 696
29 144
29 305
29 659
29 724
29 264
29 76
29 94
29 335
30 32
30 354
30 515
30 262
30 572
30 266
30 779
30 476
30 882
31 149
31 537
31 89
31 554
31 761
31 812
31 414
31 655
32 718
32 257
32 292
32 438
32 406
32 657
32 756
32 379
32 622
33 512
33 485
33 808
33 876
33 556
33 115
33 309
33 376
33 377
33 123
33 764
33 382
34 657
34 110
34 454
34 632
34 410
34 539
34 834
34 126
34 655
35 528
35 624
35 581
35 824
35 640
35 76
35 810
36 279
36 97
36 513
36 151
36 744
36 891
36 267
36 93
36 541
37 273
37 195
37 598
37 681
37 575
37 476
37 429
37 254
37 271
38 160
38 807
38 67
38 295
38 456
38 636
38 599
38 588
38 797
38 735
39 288
39 818
39 815
39 382
39 287
40 129
40 755
40 407
40 753
40 220
40 61
41 658
41 548
41 861
41 489
41 715
41 716
41 461
41 95
42 625
42 275
42 847
42 117
43 130
43 355
43 513
43 87
43 641
43 203
43 461
44 560
44 465
44 721
44 469
44 337
44 313
44 458
44 839
44 508
44 590
45 226
45 83
45 756
45 789
45 167
45 570
45 610
45 303
46 512
46 866
46 164
46 678
46 614
46 847
46 466
46 150
46 408
46 516
46 478
46 645
47 579
47 555
47 516
47 85
47 886
47 743
47 761
47 329
47 62
47 606
47 462
48 577
48 67
48 617
48 778
48 370
48 367
48 625
48 82
48 278
48 474
48 638
48 799
49 755
49 337
49 651
49 548
49 638
49 151
49 521
49 654
49 571
49 893
49 254
50 657
50 530
50 435
50 195
50 833
50 312
50 171
50 706
51 557
51 117
51 551
52 672
52 419
52 293
52 294
52 231
52 619
52 495
52 472
52 599
52 568
52 793
52 314
52 189
53 752
53 722
53 180
53 230
53 630
53 875
53 674
54 448
54 84
54 470
54 407
54 585
54 795
54 860
54 815
55 65
55 58
55 794
55 540
55 154
56 691
56 885
56 549
56 839
56 680
56 809
56 58
56 732
56 525
56 63
57 176
57 715
57 132
57 614
57 668
57 607
57 523
57 476
57 223
58 754
58 124
58 524
58 751
59 881
59 195
59 692
59 301
59 638
59 127
60 814
60 545
60 179
60 484
60 742
60 571
60 116
60 107
60 349
60 734
60 816
61 351
61 586
61 299
61 317
61 399
62 208
62 290
62 459
62 389
62 601
62 200
62 351
62 251
62 898
63 180
63 361
63 555
63 606
64 96
64 417
64 662
64 582
64 170
64 497
64 884
64 885
64 512
64 793
64 795
64 767
65 578
65 499
65 582
65 872
65 649
65 621
65 111
66 515
66 640
66 338
66 547
66 708
66 853
66 103
66 667
66 668
66 590
67 705
67 822
67 684
67 878
67 76
67 94
67 127
68 272
68 211
68 260
68 293
68 407
68 888
68 494
69 164
69 585
69 330
69 747
69 780
69 398
69 786
69 787
69 302
69 233
69 760
69 855
69 92
69 798
70 290
70 859
70 292
70 838
70 648
70 450
70 494
70 367
70 466
70 206
70 345
70 667
70 158
70 543
71 288
71 154
71 875
71 844
71 638
71 239
72 384
72 801
72 837
72 689
72 299
72 524
72 880
72 113
72 82
72 535
72 376
72 156
73 481
73 454
73 423
73 344
73 764
73 686
73 543
74 112
74 644
74 118
74 857
74 456
74 283
74 797
74 542
74 175
75 272
75 624
75 706
75 675
75 486
75 231
75 154
75 219
75 666
75 832
76 251
76 582
76 134
76 231
76 297
76 187
76 751
76 571
77 97
77 595
77 437
77 775
77 204
77 578
77 319
78 200
78 561
78 230
78 310
78 430
78 554
78 871
78 733
78 414
79 648
79 532
79 343
79 344
79 860
79 171
79 748
79 881
80 860
80 844
80 274
80 388
80 247
81 489
81 170
81 595
82 258
82 164
82 199
82 247
82 334
82 239
82 273
82 563
82 407
82 607
83 775
83 546
83 517
83 758
83 674
83 184
83 107
83 175
84 896
84 274
84 307
84 212
84 152
84 556
84 90
84 92
85 369
85 898
85 443
85 529
85 598
85 377
85 347
85 701
85 542
86 337
86 790
86 147
86 102
86 233
87 321
87 740
87 233
87 171
87 652
87 366
87 719
87 306
87 152
87 730
87 635
87 286
88 164
88 454
88 681
88 344
88 201
88 378
88 507
88 781
89 179
89 469
89 455
89 717
89 467
90 128
90 802
90 437
90 727
90 565
91 781
91 243
91 292
91 613
91 726
91 793
91 612
91 698
91 572
91 762
92 592
92 641
92 500
92 714
92 261
93 576
93 688
93 603
93 893
93 524
93 477
93 464
93 403
93 341
93 601
93 441
93 123
93 189
94 162
94 359
94 665
94 121
94 770
94 670
95 96
95 146
95 214
95 143
96 417
96 898
96 583
96 521
96 459
96 526
96 105
96 406
96 137
96 660
96 189
97 256
97 626
97 837
97 834
97 269
98 304
98 212
98 647
98 106
98 767
98 156
98 671
99 720
99 752
99 814
99 270
99 790
99 249
99 666
99 427
99 302
99 591
100 160
100 704
100 226
100 197
100 470
100 840
100 732
100 332
100 846
101 481
101 818
101 692
101 244
101 121
101 571
101 604
101 527
102 128
102 704
102 114
102 713
102 351
102 268
102 767
102 191
103 721
103 324
103 634
103 486
103 433
103 615
103 754
103 686
103 751
103 209
103 370
103 243
103 569
103 218
103 348
103 538
104 672
104 673
104 774
104 727
104 778
104 274
104 607
105 411
105 372
105 469
105 730
105 331
105 605
106 385
106 164
106 865
106 892
106 842
106 366
106 548
106 340
106 759
106 249
106 442
106 123
106 316
107 353
107 355
107 454
107 342
108 776
108 706
108 357
108 456
108 866
108 701
109 321
109 563
109 836
109 798
109 152
109 570
109 587
109 718
109 799
110 640
110 832
110 293
110 407
110 633
110 845
111 328
111 488
111 120
111 249
111 250
111 428
111 858
112 245
112 662
112 631
112 788
112 554
112 843
112 538
113 304
113 882
113 278
113 215
113 394
113 407
113 844
113 799
114 897
114 514
114 516
114 605
114 382
115 480
115 466
115 437
115 343
115 793
115 151
115 380
115 873
116 802
116 388
116 873
116 540
117 400
117 616
117 488
117 572
117 403
118 304
118 876
118 662
119 656
119 353
119 450
119 691
119 294
119 609
119 316
119 598
119 469
120 891
120 458
120 364
120 818
120 719
120 816
120 504
120 338
120 244
120 536
120 221
121 304
121 768
121 290
121 819
121 823
121 817
121 507
121 253
122 656
122 689
122 322
122 419
122 679
122 712
122 697
122 827
123 786
123 787
123 436
123 645
123 769
123 136
124 370
124 260
124 345
124 530
124 860
124 429
124 238
125 512
125 578
125 521
125 326
125 457
125 810
125 427
125 428
125 174
125 815
125 309
125 439
125 668
125 573
126 257
126 715
126 660
126 298
126 587
127 576
127 416
127 804
127 782
127 144
127 739
127 789
127 375
127 376
128 851
128 449
128 434
128 227
128 359
128 482
128 735
129 592
129 293
129 871
129 892
129 426
129 363
129 400
129 210
129 629
129 155
129 636
129 541
130 480
130 264
130 409
130 522
130 331
130 670
130 415
131 146
131 343
131 236
131 173
131 526
131 637
132 625
132 259
132 516
132 457
132 232
132 523
133 320
133 379
133 823
133 653
133 209
133 373
133 598
133 343
133 411
133 508
133 826
134 616
134 165
134 294
134 689
134 280
134 619
134 634
134 207
135 513
135 395
135 651
135 803
135 895
136 325
136 742
136 397
136 478
137 673
137 854
137 238
137 678
137 428
137 398
137 831
138 464
138 880
138 339
138 651
139 209
139 738
139 868
139 897
139 200
139 712
140 451
140 763
140 584
140 143
140 589
140 255
141 752
141 474
141 615
141 725
141 207
142 512
142 594
142 795
142 734
142 455
142 583
142 535
142 526
142 671
143 672
143 721
143 722
143 771
143 215
143 711
144 725
144 796
145 282
145 797
145 397
145 455
146 640
146 740
146 389
146 502
146 199
146 796
146 317
146 451
146 205
147 653
147 210
147 486
147 440
147 509
147 286
147 533
148 176
148 785
148 322
148 611
148 773
148 764
149 481
149 771
149 709
149 808
149 201
149 171
149 782
149 464
149 248
149 863
149 733
150 753
150 659
150 617
150 618
150 619
150 831
151 725
151 357
151 625
151 553
151 730
151 711
151 509
151 517
152 416
152 864
152 277
152 468
152 301
152 671
153 473
153 658
153 244
153 254
153 788
154 263
154 731
154 171
154 472
154 637
154 429
154 223
155 676
155 862
155 343
155 794
155 711
155 252
155 461
155 238
155 637
156 400
156 291
156 740
156 741
156 828
156 364
157 872
157 249
157 316
157 765
158 290
158 771
158 678
158 711
158 552
158 618
158 779
158 333
158 880
158 562
158 275
158 758
158 722
158 443
158 701
159 160
159 740
159 822
159 550
159 199
159 424
159 583
159 284
159 829
160 882
160 856
160 377
160 410
160 603
160 588
160 570
161 241
161 501
161 668
161 476
161 557
161 206
162 449
162 857
162 711
162 756
162 171
162 622
162 889
162 786
162 404
162 501
162 630
162 409
162 532
162 506
162 380
162 413
163 400
163 705
163 194
163 644
163 663
163 850
163 555
163 284
163 429
163 174
164 450
164 771
164 484
164 839
164 197
164 557
164 757
164 286
164 543
165 758
165 402
165 675
165 533
165 391
165 329
166 404
166 489
166 570
166 571
166 764
166 730
166 894
166 175
167 750
167 854
167 823
167 489
167 282
167 782
168 544
168 801
168 620
168 744
168 396
168 298
168 204
168 241
168 467
168 438
168 349
168 832
169 691
169 790
169 775
169 618
169 779
169 269
169 749
170 672
170 425
170 853
170 626
170 621
170 594
170 734
170 182
170 221
170 589
170 511
171 807
171 751
171 187
171 460
171 766
172 599
172 519
172 548
172 447
173 260
173 390
173 858
173 751
173 496
173 245
173 500
173 440
173 730
173 667
173 541
173 510
173 447
174 872
174 436
174 646
174 183
174 840
174 762
174 700
174 542
174 591
175 401
175 690
175 709
175 439
175 774
175 801
175 471
175 298
176 688
176 225
176 295
176 378
176 508
176 874
177 197
177 781
177 495
177 627
177 565
177 406
177 857
177 376
177 729
177 186
177 603
177 858
178 737
178 226
178 643
178 552
178 810
178 620
178 258
178 334
178 432
178 469
178 438
178 766
179 364
179 897
180 850
180 181
180 526
180 261
181 336
181 878
182 794
182 417
182 187
182 357
182 585
182 435
182 686
183 672
183 246
183 632
183 793
183 235
183 703
183 399
184 769
184 453
184 796
184 586
184 301
184 613
184 888
184 341
184 568
184 252
184 314
184 350
184 255
185 368
185 656
185 198
185 808
185 203
185 797
185 302
185 559
186 224
186 193
186 197
186 521
186 459
186 591
186 592
186 693
186 576
186 665
186 700
186 542
186 479
187 802
187 356
187 886
187 712
187 617
187 875
187 270
187 785
187 210
187 888
188 710
188 786
188 195
188 533
188 262
188 291
188 511
189 504
189 532
189 351
190 799
190 636
190 452
190 732
190 848
190 281
190 251
190 364
190 287
191 404
191 420
191 236
191 477
191 255
192 449
192 873
192 329
192 219
192 797
192 302
193 336
193 867
193 317
194 577
194 609
194 485
194 217
194 663
194 581
194 207
195 352
195 448
195 518
195 682
195 626
195 465
195 885
195 440
195 842
195 741
196 864
196 483
196 216
196 713
196 883
196 445
196 622
197 752
197 890
197 555
197 582
197 491
197 778
197 797
198 401
198 419
198 755
198 699
198 707
198 337
198 519
198 220
198 273
198 743
199 272
199 307
199 247
199 579
199 506
199 290
200 877
200 665
200 506
200 638
200 574
200 687
201 452
201 229
201 358
201 775
201 714
201 811
201 627
201 536
201 569
201 285
201 853
202 289
202 482
202 500
202 725
202 488
202 218
202 283
202 396
202 493
202 605
202 557
203 753
203 723
203 228
203 739
203 776
203 732
204 620
204 692
204 828
204 650
204 820
204 249
204 298
204 604
205 496
205 372
205 422
205 717
205 892
205 274
205 878
205 591
206 726
206 578
206 867
206 542
206 825
206 393
206 832
206 462
207 502
207 294
207 558
207 657
207 530
207 564
207 366
207 214
207 667
208 855
209 480
209 800
209 835
209 294
209 425
209 880
209 657
209 658
209 436
209 265
209 632
209 859
209 285
210 434
210 862
210 630
210 266
210 269
210 606
210 461
211 340
211 756
211 551
212 592
212 274
212 579
212 870
212 696
212 258
212 357
213 498
213 879
213 893
213 421
213 615
213 714
213 522
213 731
213 674
213 725
214 434
214 227
214 788
214 359
214 595
214 522
214 483
214 765
215 539
215 659
215 586
215 331
215 396
216 444
216 354
216 667
217 532
217 581
217 583
217 873
217 362
217 687
217 780
217 845
217 559
218 705
218 643
218 774
218 360
218 423
218 334
218 775
218 273
218 467
218 473
219 705
219 386
219 741
219 824
219 234
219 413
219 270
220 704
220 515
220 389
220 327
220 397
220 405
221 449
221 806
221 614
221 615
221 712
221 618
221 839
221 478
221 376
221 394
221 865
222 418
222 266
222 811
222 621
222 624
222 238
222 279
222 632
222 891
222 842
222 898
222 767
223 304
223 687
224 552
224 844
224 628
224 821
224 392
224 505
224 380
224 442
224 524
225 773
225 471
225 344
225 682
225 428
226 803
226 774
226 562
226 559
226 596
226 406
226 439
226 724
226 442
226 572
226 415
227 864
227 243
227 847
227 796
227 735
228 437
228 270
228 446
229 705
229 331
229 677
229 423
229 553
229 599
229 370
229 564
229 344
229 665
229 795
229 316
229 319
230 613
230 553
230 713
230 235
230 853
230 563
230 757
230 470
230 599
230 526
231 240
231 775
231 296
231 797
231 526
231 895
232 267
232 776
232 610
233 320
233 852
233 361
233 443
234 402
234 548
234 357
234 327
234 686
234 421
235 530
235 427
235 493
235 431
236 295
236 585
236 875
236 302
236 336
236 723
236 244
236 537
236 316
236 702
237 400
237 689
237 868
237 789
237 840
237 809
237 874
237 364
237 494
237 463
238 388
238 517
238 711
238 651
238 592
238 626
238 441
238 510
239 304
239 689
239 627
239 747
239 677
239 407
239 535
239 413
239 798
240 789
240 677
240 666
240 735
240 559
241 288
241 546
241 675
241 837
241 486
241 881
241 846
241 753
241 786
241 723
241 511
242 498
242 277
242 520
242 441
242 754
242 725
243 736
243 481
243 420
243 456
243 779
243 493
243 685
243 676
243 660
243 474
244 448
244 593
244 584
244 273
244 786
244 314
244 890
244 766
244 511
245 850
245 893
245 533
245 582
245 295
245 857
245 807
245 636
245 733
246 673
246 258
246 516
246 709
246 679
247 630
247 439
247 684
247 300
247 895
248 677
248 691
248 708
248 343
249 876
249 404
249 812
249 601
249 380
249 782
250 353
250 629
250 534
250 705
250 574
251 723
251 276
251 540
251 666
252 736
252 600
252 371
252 757
252 739
252 510
252 759
253 352
253 434
253 694
253 795
253 606
253 463
254 820
254 740
254 766
254 751
255 578
255 340
255 364
255 682
255 347
255 317
255 798
256 872
257 290
257 427
257 265
257 761
257 276
257 830
257 663
257 824
257 697
257 797
258 865
258 325
258 872
258 585
258 748
258 653
258 591
258 792
258 527
258 460
259 561
259 552
259 586
259 779
259 463
259 328
259 309
259 535
259 604
259 798
260 897
260 745
260 266
260 683
260 686
260 755
260 841
260 696
260 281
260 447
260 765
260 639
261 304
261 403
261 726
261 630
261 779
261 573
261 813
262 882
262 519
262 522
262 427
262 476
262 381
263 896
263 579
263 277
263 838
263 584
263 297
263 703
264 801
264 268
264 507
264 316
265 827
265 580
265 828
265 407
265 761
265 427
265 413
265 892
265 557
266 642
266 561
266 438
266 471
266 537
266 283
266 412
266 661
267 804
267 891
267 796
267 493
267 543
268 401
268 374
268 345
268 571
268 364
268 383
269 740
269 581
269 705
269 690
269 301
269 856
269 728
269 484
269 378
270 478
270 871
270 382
271 891
271 520
271 351
271 430
271 431
272 799
272 499
272 469
272 438
272 651
272 597
273 358
273 647
273 454
273 489
273 407
273 500
273 293
274 275
274 310
274 297
274 666
274 727
274 364
275 706
275 643
275 749
275 590
275 368
275 670
275 310
275 472
275 601
275 860
275 669
275 543
276 517
276 780
276 303
276 690
276 468
276 469
276 635
276 637
276 725
277 320
277 368
277 547
277 324
277 725
277 632
277 570
277 791
278 292
278 342
278 472
278 288
279 433
279 398
279 790
279 462
280 857
280 835
280 491
280 686
281 323
281 755
281 586
281 335
282 355
282 341
282 771
282 371
282 364
282 776
283 784
283 570
283 565
283 662
283 344
283 558
284 562
284 484
284 694
284 439
284 436
284 794
285 859
285 787
285 565
285 598
285 681
285 490
285 827
285 317
286 423
286 728
286 795
286 525
287 291
287 804
287 728
287 684
288 371
288 356
288 503
288 724
288 295
288 365
288 381
289 736
289 690
289 550
289 527
289 379
289 636
289 525
290 640
290 323
290 806
290 808
290 624
290 864
291 887
291 561
291 307
291 533
291 310
291 567
291 323
291 795
292 471
292 381
293 354
293 674
293 621
293 655
294 878
294 840
294 804
294 842
294 558
295 674
295 340
295 360
295 665
295 726
296 612
296 302
296 502
296 868
296 429
296 334
296 335
297 336
297 614
297 858
297 839
297 861
298 646
298 614
298 681
298 304
298 303
298 342
298 687
298 828
298 726
299 458
299 668
299 853
300 776
300 371
300 405
300 472
300 586
300 743
301 821
301 679
301 689
301 873
301 575
302 456
302 551
302 821
302 375
302 797
302 639
303 481
303 707
303 789
303 561
303 382
303 653
304 621
304 408
304 394
305 779
305 475
305 340
305 535
306 480
306 780
307 814
307 629
307 553
307 412
307 477
307 382
308 353
308 659
308 667
308 781
309 845
309 678
309 875
309 841
309 863
309 492
309 575
310 578
310 678
310 327
310 329
310 684
310 367
310 830
310 593
310 782
310 886
310 574
311 673
311 500
311 437
311 566
311 408
311 876
311 415
312 610
312 710
312 749
312 367
312 692
312 726
312 503
312 696
312 602
312 879
312 636
313 322
313 548
313 502
313 615
313 428
313 364
313 797
313 574
314 504
314 787
314 471
314 811
314 428
314 559
315 321
315 810
315 851
315 796
315 489
316 712
316 594
316 874
316 535
317 645
317 582
317 321
317 490
317 626
317 464
317 496
317 566
318 624
318 397
318 678
318 773
319 896
319 658
319 871
319 414
319 687
320 370
320 451
320 329
320 565
321 881
321 482
321 403
321 344
321 567
321 474
321 722
322 591
322 405
322 758
322 423
322 583
322 748
322 892
322 543
323 500
323 859
323 443
323 419
323 366
323 813
324 656
324 747
324 454
324 808
324 870
324 491
324 413
325 625
325 359
325 700
325 682
325 636
325 744
325 398
325 879
326 783
326 761
326 699
326 775
327 731
327 887
327 500
327 651
327 532
327 447
328 554
328 455
329 344
329 684
329 520
329 742
330 560
330 466
330 641
330 664
330 663
330 796
330 849
331 625
331 485
331 641
331 719
332 548
332 773
332 646
332 714
332 592
332 882
332 899
332 602
332 571
332 490
332 383
333 384
333 400
333 370
333 373
333 696
333 394
333 635
334 608
334 720
334 446
335 899
335 457
335 666
335 359
336 782
336 803
336 364
336 747
336 697
337 683
337 361
337 587
337 592
337 530
337 629
337 885
337 634
337 575
338 624
338 740
338 437
338 647
338 775
339 849
339 891
339 433
339 856
339 409
339 795
339 892
340 721
340 577
340 426
341 496
341 664
341 738
341 375
342 790
342 517
342 759
342 857
342 364
342 461
343 737
343 678
343 833
343 748
343 719
344 809
344 687
344 728
344 572
344 766
345 692
345 582
346 467
346 899
347 549
348 464
348 657
349 609
349 827
349 676
349 726
349 737
349 523
349 541
349 605
350 385
350 469
350 502
350 759
350 509
350 541
351 546
351 830
351 549
351 655
351 635
351 604
352 897
352 498
352 434
352 578
352 405
352 567
352 408
352 825
352 459
353 775
353 387
353 795
353 692
353 460
354 882
354 572
355 863
355 421
355 735
355 665
355 538
355 686
355 447
356 737
356 647
356 696
356 590
357 417
357 654
357 671
358 384
358 825
358 526
358 463
359 801
359 886
359 793
359 665
359 591
359 459
360 802
360 860
360 701
360 558
361 613
361 424
361 650
361 891
361 812
361 493
361 574
362 502
363 640
363 834
363 577
363 376
363 896
363 683
363 830
364 480
364 642
364 870
364 861
364 617
364 459
364 499
364 575
364 506
365 567
365 443
365 853
365 551
366 576
366 417
366 396
366 621
366 526
366 888
366 408
366 638
367 758
367 774
367 670
367 569
367 398
367 559
368 672
368 537
368 438
368 827
368 777
368 397
368 511
369 400
369 465
369 818
369 835
369 705
369 683
370 450
370 396
370 501
370 438
370 706
370 890
371 385
371 750
371 567
371 794
371 734
371 895
372 529
372 630
372 550
372 839
372 632
372 844
372 381
373 867
373 532
373 758
373 584
373 539
373 588
373 734
373 415
374 673
374 674
374 516
374 801
374 601
374 395
374 830
375 850
375 814
375 898
375 440
375 586
375 508
375 653
376 678
376 682
376 429
376 776
376 531
376 894
377 767
377 589
378 673
378 647
378 809
378 458
378 782
378 655
378 406
378 695
378 472
378 410
378 764
378 858
379 394
379 741
380 609
380 404
380 407
380 842
381 727
381 638
382 672
382 520
382 523
382 727
382 858
382 541
382 798
383 818
383 728
383 834
383 476
384 480
384 888
384 499
384 837
384 394
385 544
385 655
386 546
386 451
386 518
386 614
386 795
386 777
386 718
386 431
386 464
386 838
386 440
386 794
387 784
387 650
387 493
387 527
388 402
388 675
388 871
388 664
388 877
389 480
389 807
389 648
389 664
389 653
390 578
390 436
390 808
390 521
390 587
390 830
390 581
391 560
391 434
391 515
391 692
391 769
391 773
391 839
391 693
392 448
392 517
392 519
392 484
392 829
392 524
392 589
392 765
393 706
393 594
393 622
393 805
394 692
394 654
395 832
395 721
395 792
395 730
395 716
396 678
396 793
396 655
396 625
396 436
396 697
396 541
396 638
397 517
397 481
397 574
398 799
398 641
398 585
398 491
398 792
398 687
399 584
399 530
399 552
399 616
399 705
399 844
399 857
399 621
400 862
400 701
400 441
400 451
401 657
401 613
402 738
402 547
402 550
402 837
402 669
402 798
402 709
403 771
403 797
403 486
403 729
403 649
403 876
403 510
404 685
404 713
404 863
404 509
405 609
405 594
406 777
406 800
407 453
407 498
407 435
407 657
407 868
408 577
408 522
408 651
408 526
408 658
408 790
409 644
409 756
409 703
409 526
409 509
410 745
410 508
410 700
411 528
411 654
412 881
412 738
412 579
412 814
412 745
412 780
413 851
413 438
413 441
414 769
414 788
414 857
414 441
414 878
415 704
415 654
415 751
415 786
415 468
415 730
415 558
415 893
415 821
416 624
416 561
416 802
416 627
417 830
417 609
417 551
417 625
417 684
417 709
418 433
418 738
418 529
418 598
418 577
418 697
418 882
419 705
419 770
419 567
419 680
419 580
419 671
420 723
420 489
420 751
421 608
421 667
421 887
421 712
421 820
421 813
421 671
422 880
422 641
422 661
422 487
422 808
422 429
422 746
422 431
423 450
423 491
423 886
423 566
423 728
423 569
424 513
424 475
424 837
424 737
424 812
424 624
424 529
424 658
424 570
424 795
425 718
425 553
426 609
426 455
426 484
426 682
426 679
426 604
426 701
426 542
427 598
427 601
428 866
428 821
429 734
429 466
429 558
430 855
430 499
430 534
430 503
430 568
430 711
431 566
431 587
431 614
431 444
431 573
431 898
432 800
432 865
432 843
432 708
432 711
432 649
432 523
432 818
432 534
432 713
432 636
433 737
433 708
433 657
433 749
433 497
433 626
433 691
433 702
434 677
435 748
435 491
435 492
435 594
436 496
436 578
436 863
436 719
437 859
437 558
437 623
437 532
437 667
437 557
438 659
438 694
438 567
438 440
438 826
438 603
439 675
439 740
439 556
439 461
439 495
439 572
440 450
440 500
440 787
440 692
441 579
441 877
441 882
442 513
442 661
442 825
442 458
443 711
443 517
444 726
444 574
445 560
445 450
445 631
445 474
445 839
445 510
445 639
446 880
446 835
446 550
446 711
446 836
446 618
446 863
446 845
446 591
447 809
447 540
447 666
447 615
448 578
448 678
448 457
448 523
448 620
448 590
448 696
448 861
449 771
449 854
449 806
449 519
449 706
449 668
449 510
450 739
450 837
450 461
450 472
450 882
450 869
451 627
451 626
451 608
451 783
452 676
452 826
452 526
452 751
453 704
453 713
453 749
454 897
454 487
454 586
454 766
454 463
455 739
455 630
455 570
456 625
456 514
456 759
456 749
458 833
458 852
458 757
459 706
459 634
460 875
460 533
460 721
460 892
460 773
461 897
461 681
461 465
461 750
462 560
462 881
462 591
462 476
462 767
463 593
463 631
463 569
463 606
464 616
464 714
465 708
465 646
465 557
466 753
466 482
466 809
466 844
467 747
467 612
467 475
467 525
468 752
468 676
468 509
469 521
470 474
470 829
471 875
471 823
471 488
471 859
472 582
472 809
472 811
472 837
474 557
474 753
474 685
475 593
475 620
475 631
475 759
476 883
476 767
477 817
477 781
477 492
477 701
478 824
478 739
478 700
478 687
479 816
479 481
479 724
479 581
479 628
479 860
480 836
480 686
480 560
480 750
480 569
480 542
480 869
481 673
481 803
481 837
481 664
482 868
482 646
482 856
482 766
483 810
484 718
484 713
484 686
484 831
485 688
485 851
485 545
485 505
485 860
485 768
486 560
486 614
486 539
486 821
487 776
487 835
487 820
487 632
487 715
489 635
489 511
490 856
490 857
490 667
490 573
491 897
491 866
491 710
491 776
491 809
491 627
491 795
492 897
492 692
493 496
493 722
493 735
494 717
494 680
494 521
494 858
494 779
494 575
495 887
495 743
495 801
496 544
496 738
496 619
496 631
496 542
497 858
497 692
497 864
498 602
498 847
499 788
499 533
499 553
499 650
499 877
500 611
500 746
500 605
501 789
501 577
501 537
501 606
502 672
502 642
502 817
502 532
502 665
502 635
503 555
503 669
504 768
504 738
504 715
504 790
504 539
505 752
505 778
505 589
505 815
506 787
506 580
506 551
506 867
506 594
507 560
507 662
507 842
507 748
508 784
508 871
508 840
508 748
508 876
508 694
508 758
509 641
509 804
509 599
509 654
509 566
509 765
509 671
510 546
510 644
510 814
510 568
510 574
510 703
511 741
511 876
511 664
511 826
511 776
512 579
512 643
513 600
513 675
513 662
513 860
513 797
514 871
514 875
514 674
514 815
515 642
516 707
516 805
516 754
517 770
517 579
517 739
517 647
517 810
517 530
517 538
517 890
518 600
518 616
518 881
519 676
519 585
519 746
519 894
519 536
520 743
520 778
521 834
521 799
521 637
522 577
522 857
522 738
522 642
522 889
523 770
523 563
523 650
523 847
524 698
524 616
525 897
525 761
525 601
525 799
526 681
526 754
526 856
526 626
526 797
526 845
527 886
527 713
527 658
527 862
528 816
528 852
528 613
528 621
528 542
528 543
529 595
529 706
530 856
530 841
531 804
531 692
531 653
532 586
532 595
532 799
532 607
533 784
533 655
534 642
534 883
534 841
534 779
534 866
535 694
535 586
535 737
536 872
536 606
536 718
537 715
537 731
537 728
537 862
538 564
539 780
539 684
539 816
539 594
539 595
539 728
539 699
539 575
540 756
540 840
540 713
540 587
540 844
541 871
541 713
541 813
542 739
542 689
543 803
543 798
544 756
544 682
544 670
545 889
545 555
545 606
545 661
546 576
546 564
546 663
546 728
546 859
547 705
547 563
547 808
547 778
548 864
548 775
549 847
549 739
549 779
550 832
550 585
550 863
551 647
551 784
551 881
551 659
551 694
551 568
551 700
552 659
552 687
552 685
553 677
553 866
553 571
554 717
554 660
554 638
554 558
555 823
555 824
555 734
556 818
556 742
556 734
556 799
557 682
557 726
557 857
558 614
559 854
559 847
559 858
560 855
560 866
561 794
561 562
561 884
561 813
561 717
562 652
562 622
563 897
563 628
563 709
563 890
563 591
564 834
564 687
564 725
564 763
564 670
564 767
565 786
565 619
565 631
565 760
565 762
566 840
566 595
566 660
566 577
566 641
567 868
567 645
567 677
567 642
568 865
568 754
568 585
569 754
569 709
569 702
570 896
570 586
570 687
571 652
571 626
571 890
571 605
572 863
573 898
573 792
573 622
574 764
574 601
574 603
575 746
575 682
576 581
576 790
576 597
576 872
576 762
576 719
577 651
577 728
577 821
577 602
577 725
578 584
578 585
578 852
579 618
579 711
579 791
579 858
579 714
579 798
580 865
580 886
580 839
580 813
581 615
581 681
581 842
581 846
581 848
581 790
582 867
582 747
582 605
583 771
583 590
583 842
583 651
584 860
584 729
585 682
586 674
586 860
586 831
587 608
587 821
588 869
588 701
589 672
589 680
589 633
589 795
590 621
591 694
591 802
592 610
592 609
592 695
592 763
592 801
593 799
593 721
593 695
593 830
594 619
594 886
595 822
595 757
596 788
596 662
596 791
596 872
596 818
596 620
596 669
597 875
597 733
597 829
598 608
598 832
598 675
599 708
600 855
601 604
601 846
601 752
601 668
602 647
602 732
602 663
602 863
603 838
604 899
604 810
605 753
605 645
605 725
606 806
607 760
607 683
607 769
607 655
608 896
608 615
608 808
608 725
609 778
609 694
609 716
610 754
610 793
610 800
611 752
611 871
611 679
611 682
611 791
612 776
612 642
612 695
612 745
613 667
613 740
613 748
613 621
614 668
615 665
616 630
616 839
616 853
616 725
616 622
617 785
617 869
617 681
617 652
618 726
618 898
618 807
619 872
619 823
619 760
619 653
619 846
620 699
620 758
620 742
620 834
620 671
621 896
621 662
621 694
621 865
622 669
622 694
622 719
623 779
624 673
624 801
624 807
624 851
624 790
624 696
624 893
625 689
625 842
625 735
626 682
626 782
626 784
627 691
627 827
628 839
628 860
629 725
629 680
629 649
629 636
629 686
630 738
631 667
631 663
631 648
631 633
631 829
632 738
632 695
633 672
633 880
633 790
633 666
633 671
634 798
634 665
634 638
634 895
635 660
635 645
636 859
636 776
636 842
636 731
636 670
637 734
638 666
638 883
638 855
639 808
639 802
639 760
640 782
640 738
641 860
641 649
641 812
641 861
641 757
641 895
642 855
643 880
643 691
643 788
643 789
643 701
643 734
644 752
644 717
644 681
644 695
644 669
644 703
645 832
646 657
646 872
647 722
647 649
648 710
648 690
648 749
649 769
651 872
651 829
651 671
652 659
652 661
652 815
653 680
653 875
655 891
655 684
656 813
657 688
657 796
657 852
658 843
658 702
659 788
659 877
660 811
661 771
661 837
661 855
661 853
662 796
662 887
663 729
664 806
664 862
665 898
665 806
665 811
666 822
667 801
667 675
667 834
668 887
670 785
670 805
670 780
670 863
672 684
672 854
672 827
672 810
673 847
673 854
673 699
674 832
674 741
675 833
675 798
676 849
676 780
676 847
678 749
679 739
679 696
679 734
680 682
680 699
682 843
682 684
683 836
683 761
684 870
685 819
685 873
688 694
689 718
689 765
689 804
690 818
690 745
691 780
691 873
691 703
692 808
692 718
692 724
692 762
693 883
696 734
696 893
698 818
698 702
699 710
699 860
699 872
700 893
700 877
701 734
703 775
703 794
703 781
704 706
705 736
705 897
705 758
705 854
706 838
707 812
708 747
708 892
708 732
708 776
709 714
710 899
711 827
712 794
712 850
713 728
714 789
714 833
715 888
716 767
717 750
718 887
718 860
719 736
719 748
720 872
720 887
721 752
721 801
721 844
721 759
723 762
724 859
725 847
725 789
725 793
725 753
725 852
725 827
726 771
726 844
727 840
727 743
727 751
728 741
728 813
729 831
730 894
731 784
731 888
731 894
732 776
732 779
732 798
732 733
733 740
734 773
735 794
735 828
735 894
736 821
737 753
739 768
739 858
740 769
741 847
741 811
741 745
741 779
742 745
743 825
744 835
744 827
744 845
744 830
747 839
747 814
748 798
750 890
750 810
750 762
750 807
750 846
755 813
760 883
761 772
761 847
761 794
761 795
761 892
762 848
762 764
763 833
764 803
764 766
764 791
765 811
767 785
767 898
768 886
768 793
768 794
770 804
770 810
770 893
770 879
772 898
773 781
776 801
778 784
779 788
779 815
780 801
780 855
780 820
781 896
783 803
783 876
783 878
784 789
786 833
786 878
787 862
787 821
789 801
789 853
790 854
791 893
794 885
795 829
796 838
796 827
796 857
796 874
797 898
797 864
799 861
800 820
800 801
800 813
801 803
801 882
801 833
801 840
802 851
804 895
805 880
806 851
807 847
809 818
809 884
811 845
812 870
814 839
818 877
821 834
821 893
821 854
822 895
823 865
824 861
825 837
826 885
827 882
828 853
829 876
830 875
831 832
831 876
832 872
832 857
833 857
834 836
835 869
836 870
836 838
836 887
840 851
845 890
847 872
848 889
849 856
851 890
851 869
852 891
859 864
863 879
863 895
866 898
870 885
