1
0 69
0 714
1 21
1 468
2 128
2 886
3 64
3 178
4 419
4 842
5 372
5 411
6 445
6 665
7 379
7 427
8 118
8 843
9 391
9 722
10 498
10 764
11 730
11 829
12 111
12 113
13 91
13 741
14 239
14 249
15 40
15 106
16 148
16 280
17 372
17 461
18 416
18 674
19 439
19 767
20 185
20 412
21 490
22 76
22 499
23 240
23 450
24 203
24 739
25 231
25 848
26 123
26 751
27 602
27 826
28 108
28 719
29 55
29 556
30 580
30 791
31 291
31 466
32 577
32 823
33 567
33 679
34 643
34 652
35 485
35 809
36 694
36 803
37 538
37 873
38 424
38 603
39 155
39 596
40 224
41 601
41 806
42 75
42 631
43 104
43 469
44 310
44 470
45 666
45 787
46 109
46 129
47 100
47 414
48 73
48 133
49 400
49 570
50 246
50 595
51 539
51 634
52 249
52 761
53 250
53 320
54 427
54 675
55 835
56 295
56 849
57 348
57 380
58 402
58 807
59 286
59 539
60 602
60 707
61 352
61 766
62 385
62 609
63 126
63 293
64 209
65 231
65 330
66 531
66 713
67 110
67 486
68 378
68 455
69 883
70 864
70 898
71 419
71 582
72 224
72 811
73 120
74 247
74 273
75 175
76 572
77 217
77 387
78 164
78 766
79 428
79 595
80 605
80 748
81 302
81 800
82 192
82 341
83 225
83 270
84 354
84 862
85 268
85 893
86 348
86 678
87 546
87 605
88 434
88 611
89 519
89 703
90 832
90 833
91 314
92 422
92 891
93 244
93 599
94 195
94 551
95 566
95 751
96 275
96 714
97 461
97 555
98 211
98 854
99 241
99 664
100 440
101 253
101 520
102 376
102 746
103 345
103 777
104 161
105 196
105 897
106 579
107 598
107 711
108 324
109 597
110 318
111 716
112 433
112 512
113 132
114 650
114 896
115 135
115 218
116 417
116 809
117 322
117 720
118 705
119 410
119 827
120 645
121 495
121 817
122 460
122 466
123 665
124 446
124 481
125 407
125 622
126 331
127 575
127 749
128 657
129 878
130 492
130 651
131 300
131 434
132 197
133 712
134 512
134 549
135 573
136 141
136 255
137 373
137 543
138 522
138 583
139 334
139 465
140 518
140 757
142 193
142 600
143 278
143 755
144 435
144 673
145 487
145 621
146 430
146 662
147 166
147 415
148 431
149 331
149 701
150 750
150 882
151 169
151 618
152 813
152 839
153 844
153 861
154 353
154 525
155 343
156 500
156 698
157 212
157 687
158 482
158 793
159 207
159 478
160 258
160 293
161 505
162 218
162 528
163 375
163 877
164 542
165 236
165 548
166 323
167 639
167 690
168 395
168 685
169 209
170 668
170 849
171 226
171 779
172 283
172 648
173 592
173 693
174 263
174 367
175 607
176 437
176 812
177 524
177 820
178 469
179 210
179 234
180 477
180 868
181 704
181 897
182 258
182 713
183 429
183 787
184 536
184 544
185 740
186 447
186 501
187 256
187 874
188 644
188 867
189 220
189 534
190 508
190 526
191 296
191 747
192 532
193 851
194 290
194 525
195 859
196 223
197 474
198 274
198 721
199 725
199 770
200 259
200 426
201 217
201 533
202 336
202 593
203 716
204 507
204 795
205 834
205 863
206 550
206 808
207 358
208 642
208 790
210 497
211 737
212 769
213 370
213 550
214 449
214 686
215 360
215 484
216 321
216 837
219 342
219 842
220 221
221 360
222 473
222 895
223 506
225 551
226 315
227 233
227 566
228 232
228 594
229 499
229 824
230 302
230 596
232 674
233 365
234 299
235 554
235 579
236 744
237 633
237 806
238 388
238 487
239 792
240 755
241 681
242 394
242 587
243 401
243 764
244 762
245 642
245 697
246 792
247 592
248 673
248 821
250 597
251 704
251 782
252 424
252 558
253 708
254 296
254 340
255 290
256 523
257 523
257 559
259 672
260 361
260 876
261 361
261 752
262 266
262 868
263 899
264 535
264 855
265 367
265 444
266 746
267 359
267 645
268 553
269 659
269 797
270 752
271 591
271 741
272 319
272 441
273 496
274 351
275 852
276 640
276 867
277 436
277 778
278 542
279 471
279 496
280 671
281 669
281 670
282 743
282 823
283 358
284 590
284 683
285 316
285 511
286 898
287 301
287 409
288 307
288 346
289 521
289 620
291 615
292 530
292 875
294 484
294 707
295 459
297 312
297 397
298 369
298 680
299 518
300 758
301 689
303 333
303 709
304 533
304 744
305 366
305 656
306 459
306 814
307 411
308 444
308 630
309 413
309 513
310 616
311 349
311 730
312 378
313 636
313 861
314 788
315 324
316 862
317 488
317 641
318 870
319 892
320 677
321 650
322 529
323 326
325 338
325 850
326 742
327 510
327 715
328 516
328 697
329 332
329 656
330 654
332 335
333 495
334 667
335 871
336 515
337 385
337 616
338 504
339 456
339 509
340 465
341 734
342 663
343 357
344 399
344 768
345 664
346 748
347 375
347 893
349 807
350 515
350 769
351 571
352 879
353 643
354 405
355 397
355 658
356 380
356 517
357 425
359 394
362 390
362 826
363 420
363 731
364 460
364 524
365 569
366 812
368 552
368 588
369 797
370 824
371 516
371 717
373 822
374 563
374 808
376 679
377 565
377 841
379 774
381 556
381 888
382 690
382 801
383 386
383 839
384 476
384 655
386 758
387 691
388 718
389 501
389 641
390 655
391 560
392 443
392 548
393 475
393 759
395 740
396 464
396 623
398 624
398 724
399 838
400 710
401 825
402 506
403 451
403 887
404 483
404 528
405 728
406 558
406 722
407 884
408 543
408 712
409 463
410 668
412 777
413 762
414 715
415 619
416 669
417 420
418 527
418 545
421 513
421 680
422 882
423 455
423 553
425 816
426 732
428 648
429 521
430 709
431 696
432 610
432 757
433 625
435 895
436 589
437 485
438 660
438 687
439 440
441 706
442 547
442 804
443 726
445 684
446 554
447 584
448 773
448 899
449 856
450 820
451 581
452 503
452 638
453 738
453 853
454 723
454 814
456 702
457 630
457 798
458 611
458 691
462 829
462 853
463 786
464 586
467 572
467 888
468 771
470 776
471 649
472 531
472 569
473 580
474 613
475 606
476 489
477 565
478 647
479 629
479 705
480 559
480 724
481 574
482 615
483 880
486 784
488 790
489 896
490 779
491 529
491 575
492 706
493 727
493 854
494 675
494 817
497 653
498 600
500 652
502 609
502 646
503 570
504 869
505 733
507 750
508 676
509 581
510 561
511 585
514 760
514 781
517 860
519 760
520 701
522 541
526 840
527 804
530 738
532 684
534 756
535 700
536 608
537 631
537 749
538 794
540 561
540 864
541 683
544 781
545 629
546 878
547 780
549 682
552 622
555 786
557 788
557 887
560 723
562 708
562 881
563 638
564 635
564 765
567 875
568 796
568 816
571 736
573 662
574 670
576 676
576 836
577 614
578 653
578 818
582 890
583 624
584 732
585 688
586 840
587 743
588 647
589 774
590 692
591 628
593 763
594 881
598 621
599 635
601 833
603 696
604 695
604 776
606 735
607 682
608 780
610 801
612 739
612 794
613 872
614 821
617 633
617 889
618 865
619 721
620 799
625 649
626 727
626 892
627 813
627 880
628 768
632 685
632 770
634 772
636 815
637 836
637 851
639 773
640 695
644 865
646 805
651 742
654 870
657 663
658 863
659 819
660 835
661 771
661 872
666 803
667 869
671 791
672 703
677 866
678 858
681 847
686 699
688 890
689 736
692 783
693 753
694 852
698 831
699 802
700 745
702 785
710 837
711 818
717 719
718 765
720 778
725 800
726 832
728 891
729 733
729 789
731 885
734 838
735 843
737 825
745 827
747 884
753 785
754 799
754 873
756 815
759 844
761 775
763 810
767 846
772 784
775 866
782 885
783 830
789 859
793 845
795 819
796 886
798 845
802 883
805 828
810 841
811 857
822 847
828 850
830 876
831 894
834 874
846 877
848 860
855 856
857 894
858 871
879 889
900 623
901 141
-1 -1
566.989
