1
0 12
0 525
1 4
1 188
2 481
2 818
3 316
3 382
4 632
5 411
5 851
6 315
6 650
7 355
7 626
8 92
8 757
9 543
9 762
10 201
10 320
11 154
11 734
12 693
13 241
13 570
14 680
14 882
15 384
15 792
16 396
16 625
17 522
17 759
18 93
18 157
19 62
19 548
20 112
20 800
21 266
21 597
22 148
22 719
23 198
23 843
24 182
24 717
25 739
25 874
26 786
26 804
27 124
27 236
28 264
28 866
29 87
29 800
30 210
30 835
31 186
31 249
32 228
32 243
33 669
33 877
34 129
34 568
35 214
35 639
36 523
36 735
37 476
37 656
38 135
38 734
39 236
39 899
40 746
40 809
41 73
41 92
42 584
42 822
43 129
43 667
44 60
44 490
45 416
45 773
46 97
46 526
47 358
47 863
48 300
48 711
49 457
49 865
50 246
50 631
51 240
51 571
52 368
52 426
53 538
53 761
54 727
54 868
55 136
55 559
56 150
56 649
57 256
57 707
58 562
58 725
59 169
59 721
60 267
61 242
61 455
62 560
63 381
63 860
64 202
64 414
65 88
65 158
66 257
66 447
67 178
67 494
68 140
68 424
69 295
69 590
70 398
70 451
71 185
71 509
72 802
72 803
73 359
74 310
74 460
75 488
75 670
76 190
76 603
77 118
77 789
78 121
78 372
79 697
79 890
80 199
80 686
81 314
81 771
82 693
82 751
83 524
83 725
84 151
84 339
85 554
85 756
86 134
86 207
87 746
88 695
89 91
89 182
90 575
90 813
91 399
93 262
94 714
94 892
95 253
95 640
96 279
96 883
97 466
98 99
98 309
99 747
100 214
100 403
101 388
101 653
102 489
102 784
103 527
103 799
104 337
104 615
105 567
105 667
106 593
106 633
107 155
107 835
108 564
108 880
109 172
109 301
110 194
110 276
111 132
111 471
112 580
113 246
113 885
114 597
114 736
115 122
115 588
116 498
116 561
117 288
117 878
118 267
119 540
119 627
120 383
120 704
121 313
122 331
123 386
123 737
124 753
125 188
125 627
126 547
126 632
127 683
127 845
128 808
128 832
130 555
130 584
131 135
131 601
132 722
133 389
133 664
134 360
136 873
137 567
137 833
138 557
138 856
139 302
139 515
140 884
141 325
141 828
142 148
142 894
143 481
143 608
144 238
144 475
145 269
145 714
146 174
146 855
147 312
147 655
149 452
149 563
150 659
151 651
152 507
152 823
153 650
153 774
154 482
155 408
156 172
156 435
157 448
158 888
159 468
159 497
160 217
160 666
161 737
161 816
162 275
162 385
163 231
163 758
164 171
164 626
165 336
165 485
166 428
166 776
167 447
167 535
168 678
168 700
169 593
170 807
170 820
171 521
173 218
173 235
174 330
175 319
175 745
176 527
176 671
177 304
177 643
178 496
179 529
179 839
180 361
180 396
181 453
181 775
183 321
183 540
184 216
184 453
185 432
186 898
187 512
187 676
189 422
189 825
190 717
191 391
191 619
192 274
192 886
193 406
193 427
194 738
195 520
195 839
196 351
196 654
197 244
197 876
198 536
199 514
200 585
200 703
201 873
202 299
203 365
203 553
204 357
204 363
205 665
205 740
206 208
206 630
207 211
208 845
209 704
209 738
210 871
211 219
212 692
212 706
213 633
213 862
215 606
215 789
216 341
217 349
218 891
219 577
220 482
220 598
221 224
221 741
222 459
222 671
223 240
223 896
224 614
225 462
225 546
226 242
226 473
227 393
227 623
228 456
229 367
229 426
230 631
230 811
231 751
232 354
232 742
233 338
233 710
234 517
234 661
235 701
237 529
237 792
238 616
239 404
239 604
241 497
243 421
244 576
245 324
245 337
247 392
247 715
248 334
248 730
249 477
250 778
250 846
251 349
251 439
252 294
252 761
253 459
254 505
254 875
255 675
255 719
256 773
257 849
258 432
258 581
259 506
259 836
260 813
260 872
261 434
261 801
262 318
263 305
263 745
264 837
265 405
265 785
266 897
268 705
268 762
269 486
270 271
270 638
271 395
272 347
272 488
273 477
273 512
274 564
275 556
276 833
277 294
277 485
278 333
278 514
279 700
280 729
280 806
281 467
281 890
282 400
282 420
283 287
283 371
284 699
284 861
285 625
285 783
286 559
286 657
287 881
288 344
289 291
289 582
290 583
290 851
291 541
292 370
292 491
293 591
293 781
295 616
296 522
296 877
297 516
297 846
298 356
298 475
299 750
300 809
301 753
302 510
303 517
303 684
304 579
305 350
306 595
306 694
307 374
307 547
308 780
308 874
309 411
310 352
311 611
311 641
312 325
313 415
314 595
315 599
316 694
317 444
317 484
318 786
319 710
320 391
321 418
322 423
322 884
323 343
323 443
324 571
326 448
326 756
327 503
327 803
328 381
328 669
329 511
329 621
330 871
331 642
332 417
332 817
333 670
334 878
335 345
335 716
336 582
338 386
339 578
340 377
340 790
341 355
342 647
342 812
343 687
344 679
345 388
346 479
346 607
347 896
348 409
348 723
350 598
351 397
352 774
353 718
353 842
354 505
356 831
357 369
358 852
359 793
360 843
361 534
362 636
362 801
363 452
364 408
364 772
365 698
366 415
366 685
367 658
368 894
369 827
370 586
371 810
372 895
373 410
373 729
374 744
375 664
375 794
376 404
376 434
377 760
378 663
378 847
379 438
379 493
380 531
380 825
382 895
383 838
384 648
385 576
387 457
387 501
389 777
390 546
390 660
392 797
393 591
394 674
394 744
395 701
397 869
398 470
399 721
400 548
401 495
401 690
402 606
402 856
403 508
405 747
406 489
407 566
407 622
409 498
410 797
412 446
412 651
413 685
413 787
414 451
416 742
417 461
418 885
419 566
419 794
420 666
421 594
422 645
423 638
424 469
425 677
425 866
427 437
428 749
429 507
429 754
430 728
430 730
431 487
431 865
433 574
433 681
435 558
436 823
436 855
437 790
438 683
439 829
440 763
440 778
441 614
441 723
442 492
442 854
443 479
444 553
445 557
445 609
446 499
449 718
449 749
450 460
450 513
454 826
454 834
455 629
456 880
458 537
458 758
461 466
462 703
463 702
463 757
464 621
464 726
465 617
465 770
467 840
468 739
469 538
470 785
471 859
472 630
472 705
473 887
474 492
474 741
476 814
478 764
478 817
480 695
480 824
483 720
483 898
484 674
486 826
487 795
490 788
491 643
493 788
494 596
495 649
496 891
499 673
500 533
500 824
501 536
502 766
503 870
504 808
504 854
506 596
508 798
509 765
510 858
511 572
513 569
515 779
516 602
518 743
518 783
519 589
519 680
520 815
521 850
523 771
524 636
525 628
526 724
528 570
528 769
530 709
530 770
531 844
532 618
532 791
533 601
534 562
535 555
537 624
539 623
539 696
541 750
542 731
542 769
543 804
544 752
544 893
545 675
545 691
549 728
549 879
550 575
550 760
551 652
551 830
552 641
552 733
554 892
556 848
558 748
560 657
561 656
563 883
565 639
565 682
568 637
569 772
572 796
573 646
573 832
574 727
577 863
578 857
579 588
580 793
581 688
583 620
585 618
586 615
587 682
587 748
589 608
590 811
592 613
592 841
594 605
599 691
600 644
600 827
602 893
603 653
604 781
605 634
607 867
609 658
610 637
610 819
611 726
612 782
612 864
613 655
617 819
619 837
620 872
622 752
624 706
628 853
629 735
634 707
635 668
635 822
640 838
642 672
644 802
645 732
646 766
647 679
648 850
652 828
654 733
659 662
660 755
661 720
662 879
663 888
665 848
668 830
672 821
673 864
676 722
677 881
678 807
681 796
684 795
686 692
687 708
688 775
689 787
689 862
690 779
696 842
697 857
698 712
699 815
708 713
709 899
711 816
712 759
713 784
715 716
724 780
731 889
732 860
736 821
740 743
754 889
755 777
763 840
764 849
765 844
767 818
767 829
768 798
768 861
776 791
782 810
799 876
805 812
805 836
806 820
814 868
831 841
834 887
847 882
852 870
853 869
858 897
859 875
867 886
900 702
901 502
-1 -1
43.8402
