1
0 536
0 751
1 103
1 189
2 317
2 501
3 610
3 828
4 50
4 131
5 21
5 42
6 435
6 754
7 478
7 659
8 345
8 807
9 801
9 824
10 340
10 553
11 252
11 673
12 263
12 642
13 152
13 343
14 207
14 770
15 108
15 120
16 681
16 703
17 170
17 514
18 570
18 701
19 373
19 715
20 637
20 819
21 453
22 302
22 365
23 652
23 755
24 433
24 839
25 460
25 591
26 528
26 716
27 782
27 871
28 176
28 737
29 589
29 869
30 668
30 868
31 77
31 414
32 89
32 104
33 665
33 875
34 84
34 873
35 364
35 459
36 188
36 371
37 202
37 491
38 571
38 651
39 68
39 391
40 253
40 386
41 47
41 620
42 61
43 470
43 718
44 149
44 281
45 783
46 356
46 511
47 217
48 160
48 425
49 114
49 892
50 617
51 132
51 840
52 134
52 279
53 454
53 545
54 76
54 418
55 278
55 749
56 789
56 899
57 549
57 727
58 727
58 816
59 593
59 788
60 75
60 823
61 886
62 199
62 438
63 262
63 330
64 750
64 804
65 487
65 897
66 247
66 749
67 113
67 482
68 121
69 277
69 646
70 838
70 890
71 231
71 344
72 633
72 741
73 100
73 860
74 89
74 742
75 309
76 462
77 771
78 479
78 624
79 276
79 742
80 525
80 842
81 129
81 285
82 385
82 780
83 290
83 654
84 717
85 571
85 640
86 509
86 543
87 298
87 658
88 223
88 333
90 361
90 845
91 284
91 620
92 606
92 763
93 576
93 594
94 441
94 472
95 395
95 854
96 275
96 873
97 387
97 682
98 244
98 756
99 514
99 850
100 553
101 454
101 721
102 530
102 893
103 355
104 398
105 321
105 566
106 333
106 658
107 627
107 664
108 574
109 147
109 820
110 611
110 650
111 428
111 725
112 489
112 744
113 556
114 538
115 303
115 818
116 216
116 837
117 639
117 648
118 467
118 602
119 179
119 380
120 414
121 760
122 686
122 838
123 308
123 521
124 287
124 356
125 214
125 462
126 330
126 550
127 283
127 295
128 607
128 856
129 322
130 142
130 270
131 434
132 481
133 650
133 872
134 764
135 444
135 891
136 190
136 217
137 153
137 211
138 421
138 644
139 349
139 703
140 813
140 884
141 444
141 585
142 358
143 497
143 648
144 518
144 725
145 264
145 402
146 298
146 583
147 352
148 601
148 679
149 181
150 405
150 782
151 457
151 487
152 329
153 665
154 548
154 855
155 653
155 685
156 227
156 529
157 456
157 768
158 657
158 696
159 170
159 471
160 526
161 367
161 490
162 175
162 720
163 165
163 493
164 341
164 853
165 796
166 801
166 851
167 206
167 265
168 445
168 705
169 442
169 617
171 236
171 500
172 367
172 600
173 578
173 785
174 540
174 784
175 769
176 599
177 347
177 424
178 282
178 428
179 498
180 506
180 774
181 430
182 696
182 832
183 713
183 857
184 415
184 581
185 467
185 621
186 350
186 477
187 326
187 588
188 806
189 572
190 292
191 386
191 470
192 506
192 649
193 224
193 656
194 483
194 513
195 517
195 576
196 323
196 437
197 404
197 466
198 357
198 743
199 328
200 442
200 683
201 712
201 715
202 582
203 668
203 867
204 245
204 535
205 483
205 849
206 377
207 616
208 714
208 777
209 304
209 496
210 621
210 798
211 733
212 451
212 795
213 474
213 530
214 550
215 503
215 827
216 780
218 476
218 666
219 757
219 841
220 238
220 366
221 494
221 655
222 384
222 631
223 632
224 346
225 240
225 870
226 331
226 843
227 264
228 288
228 539
229 396
229 683
230 234
230 427
231 372
232 368
232 560
233 523
233 768
234 541
235 294
235 879
236 829
237 628
237 781
238 247
239 407
239 773
240 528
241 694
241 875
242 258
242 651
243 301
243 751
244 267
245 706
246 594
246 845
248 800
248 805
249 728
249 863
250 419
250 579
251 489
251 544
252 685
253 861
254 572
254 584
255 408
255 618
256 711
256 795
257 399
257 829
258 719
259 371
259 445
260 352
260 411
261 389
261 538
262 565
263 767
265 458
266 532
266 750
267 559
268 416
268 474
269 609
269 669
270 740
271 684
271 704
272 588
272 859
273 859
273 891
274 426
274 654
275 351
276 826
277 582
278 833
279 502
280 335
280 533
281 362
282 667
283 403
284 806
285 379
286 511
286 719
287 569
288 607
289 502
289 848
290 436
291 315
291 799
292 396
293 316
293 353
294 475
295 325
296 439
296 677
297 304
297 645
299 623
299 674
300 812
300 862
301 578
302 376
303 358
305 592
305 615
306 681
306 777
307 343
307 369
308 758
309 760
310 531
310 787
311 484
311 508
312 484
312 895
313 404
313 887
314 586
314 759
315 499
316 889
317 461
318 410
318 876
319 554
319 866
320 608
320 856
321 843
322 690
323 626
324 392
324 432
325 726
326 876
327 774
327 898
328 711
329 787
331 624
332 596
332 667
334 660
334 771
335 464
336 452
336 639
337 518
337 746
338 805
338 894
339 418
339 644
340 359
341 824
342 745
342 759
344 847
345 415
346 377
347 785
348 526
348 693
349 448
350 614
351 567
353 675
354 359
354 837
355 430
357 466
360 519
360 562
361 778
362 813
363 661
363 713
364 803
365 625
366 781
368 821
369 480
370 429
370 734
372 419
373 536
374 700
374 889
375 547
375 825
376 682
378 770
378 786
379 858
380 653
381 446
381 568
382 540
382 591
383 482
383 864
384 896
385 694
387 871
388 515
388 600
389 633
390 741
390 857
391 878
392 640
393 423
393 702
394 406
394 515
395 828
397 604
397 748
398 840
399 797
400 463
400 670
401 753
401 792
402 524
403 532
405 562
406 860
407 425
408 689
409 758
409 778
410 431
411 566
412 632
412 708
413 858
413 870
416 688
417 433
417 810
420 534
420 846
421 724
422 706
422 793
423 747
424 766
426 670
427 519
429 581
431 485
432 575
434 554
435 595
436 849
437 799
438 752
439 897
440 705
440 763
441 776
443 488
443 610
446 698
447 504
447 638
448 695
449 505
449 638
450 630
450 652
451 844
452 835
453 869
455 471
455 587
456 809
457 812
458 834
459 592
460 836
461 756
463 810
464 833
465 710
465 867
468 569
468 895
469 503
469 729
472 874
473 561
473 887
475 844
476 708
477 590
478 480
479 521
481 717
485 893
486 510
486 622
488 531
490 798
491 729
492 548
492 748
493 794
494 626
495 676
495 762
496 498
497 783
499 762
500 882
501 728
504 542
505 597
507 558
507 823
508 551
509 723
510 662
512 693
512 835
513 747
516 520
516 766
517 537
520 568
522 577
522 832
523 547
524 883
525 878
527 686
527 702
529 822
533 888
534 709
535 558
537 565
539 864
541 847
542 677
543 792
544 692
545 775
546 555
546 587
549 663
551 689
552 559
552 885
555 604
556 723
557 596
557 720
560 577
561 622
563 634
563 831
564 672
564 779
567 602
570 583
573 772
573 820
574 817
575 601
579 817
580 709
580 814
584 836
585 852
586 701
589 616
590 642
593 740
595 656
597 606
598 746
598 802
599 852
603 834
603 841
605 697
605 848
608 815
609 772
611 736
612 635
612 767
613 669
613 679
614 643
615 761
618 794
619 831
619 881
623 627
625 659
628 797
629 814
629 865
630 678
631 803
634 899
635 674
636 739
636 807
637 882
641 734
641 877
643 880
645 877
646 692
647 733
647 789
649 884
655 737
657 825
660 710
661 865
662 739
663 757
664 764
666 673
671 684
671 744
672 880
675 724
676 753
678 736
680 769
680 791
687 754
687 776
688 731
690 811
691 700
691 726
695 894
697 755
698 732
699 735
699 853
704 826
707 839
707 881
712 816
714 718
716 738
721 743
722 731
722 896
730 765
730 793
732 775
735 808
738 886
745 818
752 811
761 808
765 796
773 784
779 791
786 846
788 855
790 815
790 890
800 863
802 861
804 868
809 874
819 821
822 854
827 866
830 892
842 898
850 872
851 885
862 879
883 888
900 830
901 45
-1 -1
43.9848
