100 497
0 54
0 55
0 42
0 7
0 77
0 15
1 32
1 96
1 83
1 84
1 85
1 54
1 7
1 8
1 87
1 12
1 13
2 97
2 9
2 11
2 13
2 61
2 16
2 18
2 83
2 84
2 24
2 90
2 93
3 96
3 83
3 68
3 30
3 23
3 77
3 46
4 32
4 92
4 34
4 19
4 54
4 41
4 9
4 95
4 12
4 30
4 44
5 20
5 53
5 54
5 88
5 89
5 42
5 76
6 48
6 34
6 83
6 9
6 59
6 92
6 77
7 84
7 16
7 80
7 28
7 12
7 96
7 76
8 64
8 34
8 65
8 42
8 50
8 48
8 18
8 20
8 57
8 90
8 27
8 62
8 52
9 49
9 19
9 20
9 87
9 30
10 35
10 51
10 81
10 89
10 26
10 13
10 63
11 97
11 91
11 37
11 93
11 40
11 44
11 14
11 47
11 48
11 50
11 88
11 59
11 29
11 62
12 37
12 74
12 76
12 13
12 45
12 50
12 20
12 97
12 23
12 24
12 79
12 94
13 99
13 97
13 33
13 73
13 44
13 48
13 14
13 57
13 74
13 94
14 32
14 80
14 98
14 73
14 16
14 18
14 88
14 89
14 60
14 61
15 41
15 76
15 86
15 56
16 99
16 37
16 74
16 48
16 49
16 84
16 46
16 55
16 69
17 64
17 33
17 67
17 68
17 86
17 75
17 78
17 49
17 18
17 53
17 24
17 23
17 56
17 30
17 95
18 36
18 39
18 60
18 74
18 66
18 23
18 57
18 28
19 64
19 34
19 85
19 38
19 26
19 45
19 79
20 49
20 34
20 27
20 21
21 97
21 73
21 88
21 25
21 26
21 95
21 74
21 30
21 52
22 64
22 75
22 84
22 54
22 23
22 95
22 27
22 31
23 36
23 87
23 44
23 35
24 65
24 40
24 41
24 75
24 76
24 83
24 85
24 25
24 58
25 64
25 99
25 55
25 26
25 75
25 58
25 30
26 32
26 58
26 50
26 38
26 29
26 62
27 48
27 66
27 38
27 68
27 42
27 91
27 78
28 98
28 91
28 36
28 37
28 70
28 74
28 84
28 89
28 87
28 68
28 59
28 92
29 33
29 50
29 59
29 52
29 86
29 55
29 67
29 84
29 63
30 68
30 83
30 56
30 77
30 85
31 48
31 52
31 39
31 88
31 92
31 74
31 60
32 92
32 82
32 89
32 68
32 76
32 47
33 64
33 45
33 67
33 37
33 80
33 73
33 43
34 88
34 98
34 85
34 73
34 86
34 93
35 56
35 69
35 93
36 48
36 64
36 75
36 50
36 78
36 95
37 82
37 75
37 68
37 76
37 93
38 90
38 44
38 60
38 61
38 95
39 81
39 58
39 76
39 61
39 62
40 72
40 50
40 84
40 86
40 87
40 57
40 42
40 43
41 56
41 66
41 53
41 74
41 63
41 94
42 65
42 70
42 96
42 43
42 49
42 83
42 52
43 50
43 84
43 97
43 72
43 45
43 46
43 93
44 99
44 46
44 47
44 86
44 89
44 58
44 94
45 91
45 94
45 59
45 87
45 56
45 78
45 47
46 48
46 79
46 63
47 96
47 67
47 92
47 59
47 94
48 76
48 89
48 63
49 66
49 87
49 73
49 59
49 94
50 54
50 59
51 65
51 83
51 86
51 73
51 58
52 85
53 96
53 89
53 56
53 76
53 69
54 83
54 64
54 92
54 78
54 62
55 66
55 67
55 98
55 65
55 75
55 96
55 77
56 83
56 67
56 68
56 69
56 72
57 71
58 69
58 72
58 81
58 83
58 84
58 59
58 94
59 73
59 90
59 85
59 87
59 62
60 99
60 85
60 75
60 76
61 80
61 69
61 95
61 75
61 85
62 64
62 71
62 83
62 86
62 94
63 96
63 74
63 72
64 68
64 65
64 87
64 84
64 69
65 66
65 71
65 79
65 86
65 89
65 92
66 72
66 76
66 95
67 88
68 93
69 92
70 91
70 83
70 87
70 88
70 75
71 84
71 85
71 86
71 73
71 88
71 77
71 79
72 98
74 86
74 93
75 98
75 83
76 98
76 81
76 83
76 89
76 88
76 91
76 94
76 85
77 96
78 99
78 85
78 92
79 90
80 92
81 91
82 83
83 99
84 90
85 98
85 93
85 95
86 87
86 92
87 92
87 89
88 96
88 98
89 93
89 95
90 95
91 96
93 99
95 96
