100 465
0 1
0 66
0 35
0 69
0 6
0 7
0 41
0 10
0 76
0 90
0 93
1 64
1 19
1 21
1 86
1 24
1 27
1 69
2 51
2 67
2 36
2 73
2 10
2 78
2 17
2 19
2 20
2 90
2 61
2 62
2 63
3 32
3 65
3 18
3 67
3 54
3 57
3 56
3 41
3 76
3 13
3 78
4 32
4 17
4 48
4 81
4 42
4 92
5 64
5 83
5 39
5 24
5 26
5 15
6 33
6 38
6 40
6 41
6 42
6 79
6 18
6 51
6 59
6 60
6 29
7 83
7 20
7 22
7 42
7 95
7 61
7 31
8 96
8 49
8 34
8 51
8 37
8 23
8 41
8 59
8 28
8 60
8 15
9 32
9 33
9 99
9 36
9 81
9 52
9 59
9 94
10 33
10 36
10 21
10 38
10 48
10 87
10 27
10 44
10 46
11 68
11 73
11 74
11 75
11 44
11 15
11 18
11 41
11 55
11 57
11 26
11 62
12 34
12 84
12 30
12 22
12 71
12 87
12 62
12 95
13 92
13 99
13 83
13 36
13 25
13 90
13 91
13 60
13 61
14 87
14 75
14 68
14 37
14 63
15 32
15 96
15 34
15 38
15 48
15 18
15 21
15 88
15 57
15 92
16 32
16 99
16 22
16 25
16 44
16 61
17 56
17 19
17 23
17 24
17 25
17 67
17 50
17 78
17 61
18 67
18 76
18 77
18 20
18 87
18 56
18 84
18 60
18 31
19 86
19 70
19 89
19 47
20 72
20 83
20 68
20 86
20 70
20 56
21 64
21 98
21 33
21 72
21 41
21 42
21 93
21 29
21 25
21 26
22 48
22 56
22 53
22 24
22 72
22 90
22 80
23 64
23 50
23 36
23 37
23 89
23 95
24 67
24 41
24 76
24 46
24 48
24 82
24 55
24 57
24 27
24 86
24 30
25 38
25 39
25 95
25 59
25 69
25 65
26 97
26 98
26 68
26 39
26 40
26 42
26 43
26 46
26 53
27 82
27 39
27 57
27 71
28 80
28 38
28 71
28 76
28 95
29 81
29 91
29 51
29 36
29 40
29 47
29 45
29 77
29 37
30 96
30 70
30 58
30 59
31 54
31 86
31 50
31 93
32 51
32 55
32 58
32 71
33 97
33 34
33 67
33 86
33 39
33 72
33 66
33 45
33 80
33 99
33 54
33 56
33 60
34 66
34 39
34 87
34 47
35 92
35 52
35 86
35 60
35 44
35 78
35 95
36 80
36 40
36 87
36 46
36 48
36 54
36 57
36 90
37 81
37 78
37 61
38 59
38 52
38 89
38 47
38 44
38 93
39 48
39 99
39 41
40 69
40 42
40 43
40 84
40 89
40 55
40 56
40 57
40 62
41 42
41 58
42 45
42 47
42 50
42 55
42 57
42 60
43 51
43 68
43 71
43 74
43 77
44 48
44 77
44 84
44 54
44 88
44 58
44 59
44 60
45 50
45 65
45 49
45 55
45 92
45 47
46 71
46 75
46 67
46 55
46 59
46 62
46 95
47 80
47 81
47 54
47 97
47 72
48 97
49 82
49 51
50 57
50 75
50 76
51 96
51 74
51 98
51 80
51 84
51 86
52 82
52 69
52 89
52 58
52 59
53 65
53 55
53 57
53 92
53 62
54 69
54 73
54 99
54 84
54 86
54 56
54 60
54 93
54 94
55 59
55 78
56 97
56 74
56 79
56 72
56 93
56 63
57 93
57 76
57 78
57 81
57 58
57 61
58 65
58 73
58 93
58 79
59 66
59 79
59 89
59 69
60 80
60 88
61 65
61 76
61 78
61 63
61 69
62 81
62 92
62 95
63 82
63 73
63 75
63 93
64 86
64 69
66 84
67 83
67 77
68 71
68 72
68 73
68 77
69 97
70 74
70 95
71 78
72 89
72 77
73 95
73 98
73 82
74 99
74 87
74 88
75 96
75 89
75 98
76 80
76 81
78 82
78 94
78 95
81 87
82 94
83 98
83 86
84 96
84 88
84 94
84 93
85 98
86 98
86 88
87 91
87 95
89 92
90 99
91 96
91 93
92 99
96 97
98 99
