100 490
0 17
0 68
0 73
0 55
0 57
0 39
0 62
0 81
1 51
1 6
1 79
1 43
1 12
1 45
1 61
2 33
2 98
2 5
2 70
2 80
2 76
2 12
2 78
2 47
2 16
2 50
2 57
2 27
2 93
3 97
3 83
3 89
3 39
3 73
3 26
3 28
3 62
4 98
4 35
4 36
4 37
4 6
4 7
4 11
4 46
4 81
4 20
4 88
4 26
4 29
4 94
4 95
5 48
5 65
5 36
5 85
6 18
6 35
6 54
6 38
6 39
6 8
6 89
6 97
6 62
7 33
7 99
7 42
7 43
7 13
7 46
7 79
7 17
7 14
7 54
7 25
7 93
7 85
8 97
8 82
8 87
8 22
8 70
8 39
8 88
8 75
8 37
9 32
9 50
9 68
9 69
9 38
9 82
9 91
9 12
9 61
10 67
10 68
10 21
10 39
10 40
10 71
10 93
10 46
10 95
11 84
11 66
11 37
11 76
11 50
11 51
11 20
11 89
11 55
11 25
11 58
11 91
11 63
12 98
12 97
12 42
12 44
12 66
12 76
12 49
12 52
12 57
12 27
12 60
12 31
13 88
13 18
13 68
13 85
13 39
13 89
13 71
13 23
13 82
13 78
14 48
14 33
14 75
14 59
14 68
14 37
14 96
14 43
14 28
14 69
15 49
15 18
15 51
15 69
15 88
15 58
15 67
15 44
15 98
16 96
16 43
16 92
17 33
17 98
17 37
17 54
17 80
17 88
17 78
17 95
18 34
18 68
18 37
18 83
18 78
18 19
18 20
18 54
18 86
18 28
18 61
19 35
19 82
19 53
19 54
19 86
19 78
19 77
19 30
19 79
20 44
20 45
20 93
20 48
20 84
20 85
20 87
20 57
20 58
20 60
20 61
20 94
20 95
21 96
21 34
21 53
21 89
21 87
21 41
21 91
21 29
21 94
21 93
22 40
22 82
22 67
22 94
22 25
22 42
22 58
22 88
22 79
23 64
23 50
23 68
23 37
23 58
23 47
24 99
24 55
25 48
25 33
25 43
25 53
25 73
25 70
25 30
26 27
26 67
26 85
27 65
27 69
27 57
28 64
28 97
28 36
28 70
28 77
28 73
28 74
28 45
28 61
28 42
29 66
29 39
29 40
29 42
29 48
29 54
29 55
29 89
29 90
29 93
29 85
30 36
30 71
30 92
30 31
31 50
31 36
31 53
31 87
31 82
31 79
32 48
32 67
32 37
32 86
32 39
32 87
32 92
33 34
33 77
34 98
34 79
34 61
34 69
34 53
35 49
35 37
35 65
35 40
35 89
35 81
36 70
36 39
36 89
36 56
36 68
36 61
36 62
37 85
37 74
38 64
38 40
38 73
38 46
38 80
38 82
38 86
38 92
38 93
38 63
39 71
39 73
39 48
39 53
39 87
39 63
40 99
40 97
40 88
40 60
41 56
41 54
41 63
42 52
42 56
42 75
42 62
43 82
43 68
43 80
44 96
44 67
44 70
44 89
44 75
45 48
45 87
45 72
45 89
45 96
45 47
46 64
46 65
46 98
46 86
46 73
47 78
48 97
48 67
49 65
49 67
49 94
49 72
49 61
49 77
50 65
50 91
50 71
50 72
50 77
50 79
50 99
50 57
50 90
50 59
51 85
51 97
51 88
51 60
51 79
52 80
52 55
52 88
52 92
52 63
53 75
53 98
53 89
53 87
53 88
53 60
53 55
54 97
54 74
54 78
54 88
54 90
54 92
55 82
55 59
55 95
56 97
56 82
56 71
56 88
56 74
57 59
57 89
57 78
58 96
58 97
58 66
58 77
59 97
59 91
59 72
59 75
60 98
60 84
60 78
60 62
61 96
61 84
61 90
61 62
61 95
62 98
62 71
62 77
62 83
62 91
63 66
63 99
63 95
64 72
65 98
66 98
66 75
66 84
66 69
66 72
66 89
68 86
68 77
69 91
69 85
70 74
70 95
70 94
71 90
71 89
71 79
72 85
72 84
73 81
73 97
73 95
74 80
74 97
74 87
74 85
74 79
75 87
75 94
75 78
76 96
77 91
78 80
78 89
78 90
79 85
79 95
80 83
80 85
81 89
82 98
82 84
82 89
83 94
83 87
83 92
83 93
84 97
84 86
84 87
86 89
86 92
86 95
88 97
88 90
88 94
90 98
91 99
91 92
93 98
94 96
97 99
