1
0 31
0 216
1 222
2 146
2 219
3 25
3 81
4 235
4 286
5 68
5 101
6 27
6 205
7 157
7 194
8 16
8 109
9 239
9 240
10 207
10 275
11 246
11 266
12 87
12 271
13 60
13 258
14 32
14 286
15 41
15 67
16 123
17 131
17 282
18 191
18 226
19 169
19 272
20 22
20 287
21 223
21 290
22 73
23 228
23 231
24 40
24 42
25 127
26 135
26 180
27 233
28 206
28 221
29 92
29 108
30 56
30 248
31 98
32 220
33 162
33 218
34 44
34 108
35 105
35 125
36 72
36 82
37 154
37 158
38 134
38 180
39 132
39 157
40 154
41 173
42 139
43 70
43 186
44 94
45 186
45 234
46 117
46 147
47 73
47 165
48 59
48 74
49 240
49 299
50 144
50 296
51 143
51 194
52 66
52 78
53 212
53 215
54 160
54 293
55 77
55 86
56 83
57 110
57 257
58 102
58 237
59 297
60 172
61 177
61 187
62 71
62 139
63 94
63 229
64 207
64 264
65 101
65 295
66 106
67 263
68 140
69 168
69 244
70 130
71 254
72 78
74 125
75 236
75 294
76 119
76 155
77 171
79 87
79 104
80 105
80 281
81 124
82 153
83 279
84 165
84 203
85 145
85 250
86 104
88 89
88 122
89 197
90 245
90 281
91 141
91 280
92 178
93 184
93 236
95 190
95 259
96 159
96 202
97 251
97 288
98 133
99 276
99 278
100 189
100 261
102 112
103 173
103 193
106 272
107 159
107 277
109 190
110 261
111 196
111 258
112 123
113 183
113 274
114 178
114 192
115 176
115 262
116 174
116 262
117 150
118 119
118 243
120 134
120 206
121 152
121 298
122 213
124 295
126 143
126 181
127 169
128 192
128 253
129 218
129 290
130 278
131 273
132 179
133 200
135 246
136 151
136 184
137 289
137 292
138 267
138 289
140 285
141 224
142 166
142 243
144 291
145 210
146 253
147 230
148 164
148 232
149 208
149 248
150 268
151 237
152 233
153 255
155 214
156 172
156 187
158 163
160 208
161 204
161 285
162 276
163 238
164 245
166 168
167 175
167 216
170 174
170 265
171 176
175 273
177 256
179 197
181 238
182 189
182 252
183 239
185 226
185 298
188 219
188 254
191 283
193 205
195 242
195 259
196 299
198 201
198 264
199 241
199 268
200 275
201 232
202 217
203 252
204 229
209 251
209 265
210 269
211 263
211 291
212 234
213 280
214 270
215 227
217 242
220 244
221 231
222 260
223 277
224 225
225 249
227 257
228 284
230 274
235 271
241 247
247 283
249 250
255 279
260 293
266 269
267 288
270 297
282 284
287 296
292 294
300 256
301 1
-1 -1
165.133
