1
0 519
0 722
1 451
1 493
2 688
2 694
3 156
3 680
4 294
4 670
5 23
5 450
6 392
6 702
7 39
7 457
8 64
8 574
9 80
9 106
10 466
10 509
11 337
11 413
12 389
12 620
13 166
13 343
14 450
14 781
15 467
15 745
16 190
16 443
17 191
17 444
18 25
18 445
19 93
19 491
20 136
20 359
21 61
21 327
22 53
22 293
23 727
24 468
24 570
25 669
26 280
26 563
27 189
27 680
28 51
28 610
29 255
29 258
30 38
30 427
31 237
31 276
32 256
32 293
33 199
33 790
34 287
34 472
35 554
35 699
36 460
36 616
37 340
37 366
38 343
39 220
40 62
40 142
41 58
41 126
42 524
42 566
43 740
43 788
44 178
44 799
45 360
45 555
46 540
46 761
47 264
47 596
48 390
48 501
49 289
49 469
50 207
50 594
51 210
52 163
52 303
53 429
54 325
54 710
55 196
55 518
56 591
56 623
57 367
57 479
58 245
59 87
59 97
60 520
60 786
61 630
62 356
63 442
63 646
64 411
65 385
65 426
66 119
66 151
67 452
67 539
68 382
68 768
69 145
69 362
70 579
70 701
71 170
71 551
72 102
72 374
73 562
73 798
74 723
74 751
75 269
75 320
76 421
76 735
77 447
77 633
78 339
78 672
79 151
79 237
80 535
81 335
81 439
82 337
82 658
83 548
83 643
84 206
84 399
85 182
85 538
86 235
86 482
87 322
88 135
88 380
89 373
89 490
90 242
90 534
91 746
91 747
92 101
92 352
93 757
94 108
94 666
95 490
95 743
96 375
96 744
97 565
98 202
98 499
99 159
99 622
100 278
100 295
101 295
102 628
103 661
103 744
104 318
104 321
105 381
105 715
106 627
107 341
107 579
108 277
109 388
109 540
110 596
110 689
111 328
111 690
112 281
112 577
113 477
113 628
114 395
114 567
115 285
115 651
116 231
116 565
117 187
117 469
118 149
118 324
119 326
120 351
120 553
121 209
121 729
122 298
122 386
123 433
123 631
124 182
124 620
125 236
125 340
126 597
127 303
127 588
128 130
128 578
129 568
129 745
130 721
131 145
131 776
132 229
132 485
133 200
133 602
134 171
134 315
135 788
136 282
137 165
137 213
138 264
138 644
139 365
139 765
140 243
140 571
141 244
141 619
142 698
143 327
143 742
144 656
144 673
146 516
146 629
147 500
147 751
148 304
148 352
149 687
150 386
150 660
152 432
152 615
153 502
153 737
154 234
154 563
155 174
155 251
156 662
157 239
157 434
158 321
158 732
159 543
160 241
160 259
161 364
161 421
162 197
162 544
163 274
164 268
164 426
165 301
166 292
167 189
167 309
168 388
168 444
169 492
169 577
170 512
171 581
172 659
172 759
173 180
173 248
174 314
175 508
175 741
176 739
176 796
177 355
177 634
178 570
179 637
179 712
180 587
181 412
181 770
183 451
183 609
184 283
184 787
185 503
185 642
186 493
186 666
187 698
188 416
188 442
190 454
191 626
192 657
192 664
193 339
193 710
194 616
195 438
195 762
196 272
197 409
198 269
198 411
199 731
200 558
201 396
201 611
202 576
203 221
203 677
204 215
204 481
205 262
205 454
206 597
207 362
208 475
208 556
209 521
210 495
211 238
211 248
212 414
212 419
213 412
214 372
214 621
215 316
216 739
216 797
217 228
217 798
218 222
218 391
219 358
219 431
220 622
221 586
222 363
223 265
223 761
224 498
224 708
225 642
225 663
226 246
226 389
227 693
227 772
228 233
229 326
230 235
230 635
231 631
232 380
232 541
233 491
234 608
236 296
238 455
239 449
240 346
240 621
241 705
242 607
243 721
244 679
245 262
246 307
247 746
247 766
249 383
249 405
250 448
250 667
251 769
252 561
252 682
253 408
253 423
254 473
254 636
255 773
256 361
257 347
257 486
258 641
259 581
260 376
260 681
261 458
261 730
263 370
263 684
265 322
266 422
266 463
267 439
267 784
268 556
270 405
270 415
271 368
271 656
272 510
273 333
273 441
274 645
275 324
275 655
276 672
277 795
278 572
279 449
279 513
280 533
281 578
282 676
283 717
284 375
284 719
285 572
286 530
286 624
287 528
288 704
288 793
289 292
290 353
290 455
291 652
291 780
294 789
296 484
297 549
297 562
298 403
299 349
299 435
300 347
300 366
301 764
302 379
302 505
304 580
305 468
305 750
306 700
306 729
307 349
308 694
308 772
309 737
310 485
310 658
311 670
312 413
312 434
313 407
313 763
314 773
315 452
316 447
317 598
317 725
318 472
319 517
319 617
320 741
323 590
323 633
325 505
328 436
329 418
329 438
330 524
330 552
331 600
331 643
332 662
332 673
333 503
334 613
334 747
335 695
336 467
336 679
338 363
338 474
341 678
342 535
342 609
344 462
344 593
345 703
345 738
346 790
348 573
348 713
350 420
350 500
351 387
353 507
354 515
354 714
355 498
356 378
357 432
357 475
358 782
359 754
360 657
361 507
364 686
365 546
367 587
368 528
369 435
369 543
370 732
371 446
371 541
372 496
373 632
374 511
376 422
377 403
377 471
378 671
379 470
381 665
382 743
383 681
384 399
384 529
385 566
387 716
390 765
391 730
392 786
393 612
393 703
394 711
394 796
395 684
396 722
397 445
397 649
398 624
398 641
400 771
400 783
401 667
401 727
402 561
402 749
404 522
404 559
406 576
406 735
407 513
408 756
409 687
410 464
410 482
414 617
415 605
416 608
417 514
417 669
418 775
419 654
420 733
423 583
424 757
424 774
425 522
425 734
427 515
428 488
428 762
429 663
430 758
430 785
431 707
433 487
436 731
437 595
437 676
440 545
440 755
441 783
443 601
446 697
448 728
453 481
453 557
456 510
456 707
457 626
458 545
459 584
459 777
460 720
461 476
461 685
462 555
463 674
464 695
465 560
465 590
466 602
470 753
471 544
473 794
474 756
476 605
477 483
478 549
478 794
479 564
480 603
480 686
483 494
484 618
486 733
487 652
488 653
489 575
489 600
492 760
494 582
495 647
496 668
497 536
497 701
499 778
501 748
502 618
504 612
504 696
506 532
506 611
508 774
509 595
511 629
512 569
514 724
516 677
517 571
518 709
519 648
520 767
521 776
523 692
523 768
525 594
525 632
526 685
526 742
527 532
527 636
529 630
530 584
531 557
531 792
533 661
534 675
536 567
537 542
537 668
538 546
539 708
542 779
547 592
547 791
548 599
550 674
550 699
551 610
552 664
553 603
554 606
558 592
559 706
560 700
564 640
568 682
569 589
573 706
574 650
575 614
580 712
582 785
583 778
585 644
585 678
586 711
588 759
589 738
591 599
593 705
598 649
601 653
604 659
604 715
606 750
607 619
613 740
614 752
615 683
623 771
625 648
625 792
627 697
634 725
635 780
637 755
638 719
638 789
639 718
639 754
640 696
645 728
646 777
647 655
650 749
651 797
654 781
660 766
665 718
671 787
675 726
683 784
688 782
689 764
690 691
691 763
692 752
693 753
702 714
704 736
709 723
713 716
717 770
720 795
724 760
726 793
734 775
736 748
758 779
767 791
769 799
800 311
801 194
-1 -1
641.807
