1
0 67
0 416
1 230
1 470
2 494
2 719
3 44
3 303
4 255
4 389
5 58
5 500
6 167
6 384
7 379
7 384
8 317
8 344
9 317
9 612
10 306
10 770
11 29
11 344
12 320
12 564
13 264
13 410
14 359
14 712
15 580
15 609
16 40
16 246
17 524
17 612
18 307
18 579
19 386
19 390
20 55
20 71
21 171
21 574
22 115
22 364
23 36
23 530
24 258
24 722
25 674
25 697
26 583
26 759
27 361
27 754
28 366
28 393
29 623
30 477
30 774
31 75
32 259
32 377
33 667
33 724
34 87
34 294
35 473
35 510
36 148
37 494
37 616
38 229
38 307
39 639
39 715
40 484
41 615
41 632
42 390
42 679
43 139
43 637
44 772
45 297
45 444
46 175
46 221
47 125
47 756
48 265
48 368
49 598
49 757
50 249
50 649
51 66
51 436
52 545
52 629
53 432
53 492
54 511
54 594
55 407
56 230
56 564
57 227
57 666
58 723
59 336
59 397
60 335
60 778
61 189
61 664
62 422
62 567
63 222
63 424
64 282
64 796
65 168
65 225
66 463
67 367
68 544
68 645
69 112
69 640
70 471
70 665
71 599
72 165
72 710
73 97
73 586
74 201
74 505
75 293
76 252
76 565
77 290
77 704
78 310
78 394
79 242
79 729
80 340
80 682
81 185
81 487
82 90
82 166
83 224
83 438
84 177
84 559
85 314
85 627
86 234
86 311
87 92
88 265
88 322
89 745
89 781
90 641
91 111
91 541
92 132
93 502
93 519
94 368
94 453
95 332
95 513
96 104
96 439
97 646
98 325
98 779
99 106
99 653
100 469
100 758
101 154
101 352
102 327
102 499
103 695
103 781
104 333
105 205
105 514
106 603
107 119
107 529
108 116
108 579
109 139
109 365
110 313
110 734
111 531
112 147
113 273
113 433
114 192
114 474
115 126
116 689
117 355
117 373
118 208
118 708
119 163
120 324
120 794
121 438
121 775
122 165
122 448
123 125
123 325
124 355
124 707
126 628
127 547
127 619
128 269
128 541
129 228
129 430
130 342
130 404
131 278
131 521
132 692
133 493
133 648
134 190
134 648
135 466
135 713
136 415
136 459
137 162
137 679
138 304
138 597
140 246
140 576
141 153
142 399
142 688
143 375
143 693
144 291
144 327
145 300
145 690
146 730
146 764
147 525
148 392
149 677
149 796
150 562
150 742
151 203
151 600
152 275
152 531
153 782
154 475
155 497
155 519
156 262
156 490
157 223
157 539
158 324
158 502
159 345
159 453
160 245
160 443
161 633
161 749
162 261
163 474
164 330
164 518
166 797
167 611
168 684
169 551
169 575
170 617
170 750
171 638
172 312
172 423
173 501
173 795
174 367
174 570
175 359
176 253
176 530
177 674
178 183
178 312
179 180
179 768
180 388
181 655
181 676
182 504
182 671
183 382
184 563
184 707
185 675
186 663
186 775
187 736
187 755
188 516
188 632
189 538
190 716
191 354
191 722
192 513
193 212
193 276
194 249
194 271
195 461
195 534
196 649
196 770
197 524
197 686
198 239
198 523
199 434
199 725
200 505
200 631
201 680
202 593
202 620
203 639
204 471
204 554
205 411
206 454
206 581
207 406
207 792
208 656
209 465
209 795
210 376
210 537
211 548
211 799
212 757
213 458
213 697
214 391
214 672
215 350
215 515
216 326
216 566
217 335
217 508
218 476
218 539
219 254
219 540
220 302
220 546
221 380
222 658
223 706
224 476
225 253
226 454
226 618
227 398
228 496
229 237
231 555
231 708
232 528
232 654
233 329
233 755
234 637
235 308
235 571
236 663
236 673
237 656
238 461
238 590
239 413
240 347
240 529
241 310
241 584
242 535
243 432
243 536
244 315
244 694
245 391
247 338
247 577
248 418
248 525
250 276
250 784
251 591
251 662
252 403
254 292
255 741
256 319
256 772
257 545
257 669
258 281
259 756
260 462
260 733
261 309
262 424
263 465
263 642
264 351
266 763
266 785
267 301
267 581
268 328
268 554
269 282
270 452
270 761
271 791
272 427
272 542
273 499
274 429
274 601
275 350
277 694
277 737
278 701
279 442
279 568
280 389
280 585
281 778
283 759
283 783
284 303
284 752
285 641
285 710
286 536
286 622
287 326
287 380
288 347
288 362
289 630
289 719
290 713
291 336
292 486
293 400
294 523
295 459
295 607
296 635
296 647
297 509
298 443
298 561
299 354
299 709
300 485
301 433
302 378
304 511
305 630
305 774
306 361
308 798
309 628
311 578
313 771
314 501
315 690
316 705
316 728
318 425
318 451
319 788
320 659
321 419
321 490
322 450
323 431
323 717
328 416
329 441
330 624
331 378
331 688
332 615
333 415
334 398
334 683
337 537
337 744
338 558
339 343
339 479
340 798
341 601
341 665
342 738
343 685
345 348
346 356
346 362
348 386
349 498
349 535
351 752
352 491
353 668
353 687
356 388
357 718
357 783
358 497
358 789
360 364
360 440
363 374
363 780
365 419
366 428
369 412
369 414
370 397
370 779
371 742
371 767
372 426
372 517
373 748
374 406
375 695
376 521
377 449
379 777
381 473
381 600
382 791
383 417
383 427
385 446
385 787
387 542
387 660
392 407
393 605
394 551
395 593
395 603
396 472
396 670
399 691
400 515
401 514
401 731
402 596
402 764
403 651
404 507
405 566
405 729
408 614
408 634
409 571
409 725
410 436
411 488
412 503
413 434
414 793
417 732
418 711
420 633
420 670
421 508
421 760
422 657
423 740
425 576
426 556
428 627
429 588
430 685
431 652
435 510
435 569
437 666
437 741
439 793
440 703
441 516
442 591
444 682
445 447
445 451
446 526
447 464
448 533
449 455
450 746
452 481
455 687
456 462
456 481
457 693
457 744
458 573
460 618
460 691
463 543
464 735
466 720
467 560
467 595
468 550
468 653
469 538
470 650
472 616
475 624
477 588
478 562
478 669
479 563
480 634
480 743
482 585
482 787
483 681
483 726
484 642
485 700
486 518
487 503
488 754
489 651
489 731
491 610
492 592
493 785
495 662
495 664
496 626
498 732
500 699
504 700
506 659
506 789
507 761
509 698
512 736
512 766
517 790
520 613
520 730
522 660
522 714
526 644
527 546
527 547
528 621
532 548
532 597
533 587
534 735
540 549
543 762
544 553
549 561
550 740
552 678
552 782
553 737
555 786
556 640
557 684
557 715
558 771
559 598
560 652
565 619
567 753
568 706
569 676
570 734
572 661
572 751
573 609
574 582
575 589
577 769
578 698
580 587
582 644
583 765
584 721
586 753
589 696
590 797
592 751
594 610
595 721
596 658
599 712
602 645
602 704
604 696
604 728
605 672
606 608
606 705
607 625
608 613
611 657
614 794
617 680
620 773
621 626
622 750
623 643
625 701
629 635
631 683
636 638
636 643
646 675
647 677
650 766
654 718
655 673
661 763
667 773
668 760
671 716
678 733
681 711
686 717
689 758
692 702
699 727
702 726
703 790
709 748
714 723
720 776
724 762
727 739
738 792
739 769
743 749
745 788
746 765
747 767
747 786
768 784
776 799
777 780
800 141
801 31
-1 -1
184.927
