1
0 334
0 744
1 36
1 217
2 113
2 683
3 205
3 757
4 51
4 420
5 255
5 505
6 49
6 603
7 307
7 671
8 414
8 676
9 150
9 323
10 597
10 737
11 20
11 249
12 416
12 429
13 636
13 780
14 585
15 180
15 716
16 534
16 739
17 49
17 553
18 141
18 792
19 522
19 564
20 789
21 196
21 577
22 393
22 533
23 151
23 493
24 710
24 733
25 677
25 782
26 301
26 525
27 42
27 226
28 92
28 157
29 85
29 367
30 56
30 684
31 86
31 218
32 246
32 751
33 155
33 322
34 421
34 519
35 66
35 427
36 172
37 529
37 773
38 244
38 632
39 568
39 673
40 447
40 655
41 633
41 727
42 772
43 67
43 532
44 280
44 439
45 739
45 746
46 413
46 658
47 53
47 259
48 613
48 725
50 364
50 582
51 695
52 492
52 584
53 444
54 88
54 652
55 540
55 610
56 745
57 630
57 736
58 467
58 798
59 305
59 524
60 456
60 730
61 230
61 236
62 74
62 603
63 319
63 384
64 351
64 721
65 165
65 378
66 749
67 490
68 158
68 563
69 73
69 130
70 131
70 143
71 313
71 583
72 301
72 574
73 751
74 453
75 394
75 698
76 423
76 533
77 450
77 662
78 110
78 201
79 162
79 798
80 191
80 557
81 275
81 296
82 697
82 702
83 566
83 718
84 238
84 660
85 140
86 391
87 350
87 631
88 553
89 95
89 366
90 438
90 740
91 536
91 694
92 319
93 785
93 795
94 422
94 475
95 744
96 178
96 276
97 569
97 778
98 357
98 770
99 241
99 732
100 332
100 398
101 392
101 461
102 161
102 473
103 771
103 797
104 152
104 299
105 346
105 451
106 358
106 681
107 112
107 695
108 136
108 144
109 415
109 654
110 661
111 120
111 347
112 756
113 663
114 121
114 799
115 123
115 410
116 317
116 525
117 546
117 785
118 627
118 722
119 188
119 765
120 183
121 185
122 436
122 518
123 490
124 286
124 579
125 318
125 767
126 162
126 625
127 136
127 565
128 651
128 678
129 200
129 538
130 253
131 606
132 307
132 345
133 400
133 407
134 511
134 557
135 479
135 608
137 286
137 448
138 449
138 706
139 216
139 261
140 726
141 708
142 508
142 627
143 554
144 263
145 318
145 629
146 185
146 714
147 226
147 649
148 154
148 349
149 540
149 542
150 429
151 512
152 587
153 662
153 720
154 530
155 224
156 214
156 656
157 628
158 330
159 583
159 700
160 217
160 243
161 320
163 412
163 609
164 288
164 692
165 541
166 410
166 607
167 171
167 265
168 199
168 678
169 345
169 584
170 514
170 690
171 370
172 196
173 482
173 624
174 390
174 526
175 580
175 753
176 302
176 399
177 184
177 248
178 672
179 560
179 765
180 766
181 711
181 771
182 361
182 547
183 698
184 598
186 328
186 548
187 356
187 692
188 245
189 542
189 769
190 366
190 683
191 317
192 394
192 685
193 644
193 704
194 198
194 497
195 480
195 659
197 334
197 496
198 666
199 759
200 790
201 703
202 467
202 570
203 221
203 621
204 344
204 613
205 775
206 305
206 534
207 576
207 799
208 608
208 669
209 287
209 385
210 228
210 310
211 347
211 791
212 252
212 690
213 422
213 591
214 754
215 225
215 571
216 635
218 573
219 691
219 701
220 271
220 594
221 273
222 386
222 389
223 303
223 524
224 623
225 737
227 267
227 298
228 743
229 329
229 465
230 331
231 326
231 713
232 374
232 671
233 501
233 566
234 379
234 414
235 581
235 631
236 472
237 278
237 375
238 657
239 416
239 781
240 360
240 602
241 786
242 628
242 752
243 644
244 362
245 430
246 673
247 285
247 724
248 730
249 700
250 355
250 562
251 408
251 586
252 519
253 514
254 282
254 283
255 794
256 277
256 383
257 721
257 763
258 405
258 477
259 561
260 384
260 409
261 435
262 629
262 699
263 403
264 460
264 747
265 433
266 487
266 504
267 680
268 734
268 764
269 289
269 308
270 409
270 758
271 523
272 361
272 762
273 503
274 381
274 555
275 280
276 435
277 552
278 395
279 556
279 598
281 336
281 432
282 395
283 693
284 609
284 687
285 748
287 752
288 702
289 466
290 738
290 745
291 626
291 704
292 325
292 523
293 599
293 761
294 380
294 484
295 588
295 684
296 426
297 501
297 786
298 474
299 314
300 349
300 578
302 458
303 750
304 442
304 616
306 364
306 712
308 617
309 498
309 581
310 772
311 652
311 783
312 497
312 760
313 646
314 643
315 641
315 661
316 457
316 651
320 344
321 741
321 756
322 563
323 727
324 447
324 611
325 454
326 363
327 441
327 634
328 359
329 753
330 749
331 509
332 456
333 411
333 697
335 404
335 570
336 430
337 494
337 789
338 571
338 599
339 390
339 498
340 440
340 640
341 755
341 757
342 460
342 541
343 621
343 788
346 376
348 441
348 461
350 495
351 505
352 382
352 614
353 485
353 688
354 455
354 626
355 372
356 477
357 773
358 515
359 549
360 481
362 677
363 508
365 367
365 622
368 713
368 726
369 401
369 463
370 703
371 493
371 607
372 719
373 694
373 720
374 767
375 471
376 464
377 513
377 663
378 478
379 711
380 446
381 776
382 527
383 486
385 562
386 511
387 454
387 488
388 470
388 545
389 787
391 601
392 499
393 424
396 639
396 750
397 485
397 696
398 476
399 779
400 593
401 748
402 425
402 731
403 424
404 732
405 618
406 617
406 665
407 444
408 537
411 449
412 635
413 502
415 535
417 716
417 731
418 596
418 666
419 620
419 762
420 612
421 718
423 729
425 577
426 660
427 747
428 634
428 782
431 565
431 768
432 517
433 510
434 486
434 637
436 755
437 489
437 689
438 588
439 604
440 452
442 597
443 536
443 589
445 468
445 604
446 784
448 636
450 670
451 787
452 457
453 736
455 516
458 780
459 496
459 590
462 466
462 778
463 595
464 696
465 530
468 469
469 781
470 741
471 654
472 618
473 795
474 792
475 705
476 754
478 686
479 637
480 746
481 615
482 572
483 504
483 527
484 579
487 705
488 515
489 668
491 539
491 674
492 622
494 724
495 679
499 616
500 503
500 592
502 797
506 531
506 742
507 590
507 647
509 558
510 743
512 643
513 545
516 549
517 686
518 699
520 640
520 707
521 612
521 656
522 655
526 758
528 569
528 575
529 708
531 568
532 547
535 602
537 544
538 658
539 685
543 714
543 769
544 561
546 735
548 619
550 645
550 653
551 592
551 600
552 567
554 593
555 560
556 649
558 770
559 670
559 760
564 614
567 735
572 625
573 723
574 642
575 776
576 586
578 723
580 589
582 610
585 650
587 687
591 693
594 719
595 682
596 650
600 728
601 777
605 774
605 796
606 645
611 709
615 715
619 733
620 707
623 653
624 793
630 639
632 791
633 717
638 664
638 774
641 709
642 672
646 783
648 701
648 777
657 659
664 691
665 674
667 742
667 763
668 717
669 679
675 728
675 793
676 706
680 766
681 688
682 734
689 712
710 738
715 768
722 759
725 729
740 784
761 794
764 796
775 779
788 790
800 647
801 14
-1 -1
60.0341
