1
0 404
0 635
1 336
1 757
2 647
2 754
3 370
3 586
4 61
4 779
5 389
5 422
6 121
6 161
7 55
7 576
8 370
8 627
9 648
9 788
10 132
10 145
11 29
11 553
12 659
12 708
13 157
13 310
14 291
14 726
15 376
15 665
16 372
16 405
17 427
17 606
18 22
18 405
19 228
19 698
20 263
20 735
21 229
21 661
22 303
23 133
23 701
24 162
24 404
25 73
25 438
26 265
26 322
27 179
27 301
28 278
28 619
29 649
30 378
30 736
31 36
31 298
32 241
32 605
33 293
33 438
34 87
34 724
35 268
35 431
37 565
37 762
38 391
38 452
39 101
39 297
40 319
40 541
41 97
41 362
42 295
42 625
43 563
43 585
44 294
44 594
45 215
45 486
46 364
46 731
47 311
47 764
48 551
48 582
49 339
49 605
50 214
50 488
51 441
51 678
52 205
52 221
53 330
53 446
54 451
54 675
55 236
56 629
56 658
57 417
57 546
58 131
58 597
59 206
59 346
60 154
60 339
61 755
62 468
62 761
63 456
63 607
64 534
64 615
65 83
65 204
66 382
66 471
67 491
67 650
68 382
68 655
69 239
69 683
70 394
70 664
71 489
71 531
72 293
72 462
73 527
74 95
74 379
75 526
75 694
76 163
76 662
77 285
77 408
78 144
78 418
79 530
79 780
80 148
80 381
81 175
81 555
82 125
82 699
83 740
84 281
84 587
85 230
85 448
86 328
86 351
87 324
88 210
88 447
89 182
89 288
90 171
90 505
91 424
91 699
92 124
92 219
93 357
93 408
94 716
94 730
95 609
96 103
96 463
97 779
98 301
98 685
99 353
99 694
100 243
100 551
101 639
102 118
102 509
103 158
104 489
104 712
105 675
105 677
106 238
106 498
107 511
107 574
108 214
108 578
109 247
109 384
110 151
110 536
111 767
111 776
112 252
112 399
113 745
113 760
114 683
114 726
115 275
115 621
116 412
116 720
117 257
117 414
118 406
119 177
119 206
120 233
120 621
121 472
122 135
122 751
123 211
123 540
124 453
125 169
126 330
126 759
127 549
127 581
128 313
128 732
129 217
129 375
130 589
130 783
131 632
132 519
133 485
134 216
134 392
135 147
136 137
136 503
137 707
138 584
138 625
139 274
139 402
140 495
140 553
141 436
141 653
142 196
142 208
143 644
143 763
144 461
145 157
146 513
146 603
147 163
148 190
149 352
149 794
150 584
150 777
151 652
152 500
152 525
153 396
153 484
154 304
155 198
155 266
156 604
156 614
158 566
159 264
159 759
160 387
160 615
161 515
162 473
164 218
164 325
165 617
165 674
166 304
166 575
167 315
167 454
168 283
168 539
169 627
170 314
170 695
171 199
172 238
172 393
173 187
173 203
174 237
174 619
175 785
176 271
176 292
177 482
178 373
178 618
179 421
180 362
180 501
181 358
181 672
182 542
183 554
183 737
184 447
184 475
185 351
185 604
186 419
186 644
187 507
188 255
188 729
189 358
189 656
190 289
191 546
191 711
192 260
192 494
193 269
193 690
194 229
194 789
195 435
195 572
196 392
197 624
197 632
198 209
199 477
200 491
200 788
201 597
201 721
202 495
202 567
203 791
204 442
205 626
207 543
207 741
208 437
209 798
210 782
211 773
212 436
212 655
213 282
213 582
215 669
216 290
217 506
218 407
219 716
220 636
220 686
221 296
222 356
222 363
223 278
223 733
224 306
224 530
225 383
225 633
226 470
226 580
227 277
227 772
228 722
230 457
231 680
231 792
232 346
232 521
233 647
234 371
234 579
235 353
235 487
236 608
237 706
240 259
240 696
241 298
242 300
242 706
243 746
244 574
244 577
245 270
245 475
246 538
246 651
247 516
248 261
248 492
249 462
249 525
250 386
250 577
251 367
251 713
252 591
253 643
253 702
254 394
254 608
255 297
256 374
256 687
257 799
258 459
258 517
259 518
260 457
261 764
262 674
262 678
263 266
264 484
265 740
267 309
267 397
268 501
269 529
270 660
271 559
272 731
272 750
273 751
273 792
274 786
275 638
276 595
276 600
277 727
279 391
279 466
280 395
280 418
281 652
282 371
283 437
284 310
284 320
285 414
286 287
286 308
287 614
288 723
289 336
290 634
291 611
292 367
294 705
295 708
296 300
299 401
299 666
302 636
302 767
303 337
305 430
305 747
306 509
307 571
307 613
308 596
309 502
311 727
312 332
312 359
313 711
314 542
315 707
316 431
316 441
317 668
317 673
318 393
318 466
319 773
320 559
321 411
321 649
322 722
323 573
323 692
324 369
325 464
326 592
326 663
327 427
327 538
328 423
329 333
329 630
331 689
331 725
332 703
333 638
334 340
334 628
335 398
335 686
337 598
338 488
338 522
340 520
341 493
341 682
342 480
342 774
343 550
343 695
344 576
344 610
345 383
345 534
347 433
347 753
348 403
348 713
349 499
349 794
350 512
350 575
352 360
354 564
354 650
355 363
355 412
356 734
357 423
359 469
360 366
361 364
361 506
365 504
365 539
366 432
368 558
368 684
369 662
372 738
373 631
374 684
375 645
376 744
377 514
377 529
378 400
379 562
380 497
380 540
381 610
384 420
385 602
385 613
386 520
387 516
388 507
388 616
389 578
390 566
390 748
395 536
396 724
397 564
398 795
399 677
400 728
401 561
402 766
403 590
406 556
407 449
409 570
409 598
410 424
410 633
411 558
413 623
413 742
415 588
415 765
416 510
416 569
417 422
419 449
420 653
421 752
425 443
425 754
426 723
426 735
428 458
428 557
429 518
429 579
430 434
432 464
433 469
434 717
435 702
439 532
439 771
440 679
440 734
442 769
443 712
444 603
444 690
445 721
445 793
446 490
448 787
450 670
450 719
451 600
452 535
453 474
454 693
455 561
455 797
456 739
458 634
459 620
460 586
460 749
461 782
463 693
465 654
465 666
467 549
467 640
468 752
470 757
471 730
472 763
473 719
474 797
476 667
476 691
477 657
478 609
478 743
479 541
479 612
480 710
481 512
481 646
482 483
483 744
485 681
486 765
487 756
490 581
492 626
493 739
494 624
496 497
496 729
498 622
499 717
500 657
502 531
503 583
504 709
505 692
508 513
508 611
510 728
511 629
514 639
515 648
517 784
519 747
521 568
522 523
523 594
524 585
524 776
526 742
527 681
528 676
528 758
532 565
533 599
533 780
535 612
537 599
537 756
543 770
544 704
544 761
545 590
545 778
547 718
547 738
548 663
548 736
550 670
552 555
552 746
554 620
556 673
557 720
560 667
560 778
562 658
563 595
567 616
568 659
569 570
571 691
572 651
573 601
580 637
583 701
587 749
588 775
589 591
592 709
593 601
593 789
596 785
602 646
606 623
607 630
617 715
618 741
622 790
628 672
631 665
635 704
637 783
640 661
641 645
641 768
642 679
642 791
643 732
654 689
656 793
660 745
664 748
668 769
669 743
671 687
671 688
676 718
680 796
682 698
685 755
688 760
696 725
697 700
697 714
700 790
703 774
705 795
710 733
714 758
715 750
737 771
753 770
762 768
766 781
772 798
775 799
777 787
781 784
786 796
800 239
801 36
-1 -1
820.141
