1
0 5
0 415
1 490
1 647
2 3
2 374
3 695
4 426
4 700
5 617
6 315
6 379
7 28
7 387
8 294
8 460
9 67
9 589
10 51
10 152
11 282
11 778
12 44
12 339
13 76
13 121
14 22
14 377
15 99
15 618
16 190
16 444
17 392
17 468
18 289
18 509
19 342
19 345
20 33
20 311
21 551
21 775
22 189
23 330
23 433
24 251
24 691
25 256
25 424
26 339
26 738
27 242
27 434
28 765
29 62
29 738
30 249
30 576
31 160
31 499
32 55
32 721
33 642
34 207
34 567
35 282
35 337
36 157
36 290
37 127
37 428
38 159
38 205
39 83
39 533
40 416
40 467
41 132
41 594
42 495
42 563
43 111
43 763
44 543
45 504
45 734
46 107
46 122
47 384
47 754
48 156
48 759
49 133
49 430
50 248
50 467
51 519
52 305
52 547
53 403
53 464
54 484
54 539
55 766
56 465
56 650
57 312
57 489
58 367
58 373
59 468
59 638
60 659
60 794
61 256
61 349
62 448
63 245
63 466
64 590
64 746
65 243
65 659
66 587
66 625
67 310
68 395
68 627
69 144
69 371
70 195
71 283
71 292
72 137
72 228
73 178
73 393
74 482
74 528
75 302
75 719
76 572
77 444
77 754
78 403
78 730
79 101
79 752
80 124
80 267
81 211
81 322
82 139
82 543
83 398
84 89
84 280
85 414
85 628
86 92
86 355
87 238
87 717
88 169
88 250
89 147
90 628
90 739
91 430
91 631
92 758
93 368
93 616
94 691
94 773
95 399
95 560
96 204
96 586
97 318
97 720
98 170
98 764
99 694
100 169
100 629
101 130
102 321
102 580
103 281
103 538
104 207
104 270
105 215
105 640
106 137
106 607
107 629
108 689
108 711
109 506
109 657
110 561
110 781
111 717
112 262
112 349
113 425
113 431
114 406
114 437
115 217
115 488
116 228
116 362
117 221
117 731
118 399
118 798
119 449
119 513
120 465
120 555
121 354
122 337
123 579
123 597
124 610
125 142
125 273
126 518
126 615
127 212
128 140
128 241
129 486
129 661
130 657
131 594
131 762
132 165
133 759
134 252
134 394
135 271
135 718
136 224
136 225
138 168
138 507
139 216
140 474
141 389
141 521
142 620
143 663
143 705
144 687
145 607
145 635
146 508
146 593
147 744
148 152
148 269
149 439
149 552
150 265
150 447
151 476
151 530
153 154
153 222
154 397
155 670
155 711
156 316
157 640
158 183
158 352
159 193
160 736
161 287
161 682
162 325
162 402
163 761
163 766
164 255
164 479
165 481
166 521
166 675
167 369
167 570
168 329
170 230
171 280
171 529
172 324
172 579
173 506
173 712
174 474
174 644
175 297
175 686
176 509
176 563
177 427
177 690
178 319
179 323
179 387
180 347
180 446
181 385
181 519
182 340
182 361
183 605
184 537
184 741
185 398
185 665
186 388
186 494
187 428
187 457
188 205
188 442
189 233
190 241
191 436
191 565
192 647
192 735
193 206
194 249
194 660
195 548
196 557
196 676
197 323
197 420
198 377
198 555
199 583
199 677
200 264
200 472
201 350
201 776
202 318
202 374
203 437
203 540
204 489
206 469
208 338
208 656
209 678
209 783
210 357
210 562
211 363
212 306
213 549
213 603
214 475
214 765
215 724
216 666
217 790
218 413
218 585
219 272
219 627
220 361
220 477
221 756
222 501
223 459
223 463
224 460
225 797
226 412
226 782
227 619
227 650
229 565
229 635
230 574
231 546
231 749
232 306
232 685
233 307
234 303
234 346
235 408
235 788
236 404
236 613
237 471
237 612
238 324
239 404
239 747
240 291
240 710
242 508
243 776
244 453
244 590
245 787
246 353
246 408
247 263
247 485
248 462
250 328
251 285
252 751
253 259
253 390
254 440
254 722
255 731
257 438
257 643
258 303
258 667
259 396
260 669
260 672
261 441
261 701
262 632
263 684
264 369
265 611
266 320
266 524
267 631
268 637
268 779
269 443
270 517
271 681
272 275
273 382
274 605
274 796
275 704
276 600
276 602
277 726
277 785
278 373
278 522
279 462
279 753
281 358
283 478
284 455
284 798
285 542
286 431
286 790
287 360
288 566
288 673
289 326
290 450
291 457
292 609
293 376
293 652
294 591
295 688
295 742
296 327
296 350
297 380
298 677
298 795
299 364
299 611
300 716
300 739
301 618
301 768
302 671
304 336
304 514
305 791
307 664
308 413
308 656
309 483
309 718
310 774
311 533
312 600
313 595
313 752
314 699
314 743
315 634
316 527
317 564
317 634
319 678
320 773
321 362
322 429
325 698
326 710
327 578
328 545
329 646
330 663
331 346
331 561
332 410
332 761
333 401
333 747
334 356
334 493
335 396
335 470
336 445
338 768
340 750
341 638
341 668
342 418
343 422
343 614
344 365
344 626
345 526
347 741
348 409
348 735
351 389
351 414
352 472
353 648
354 619
355 512
356 575
357 671
358 523
359 461
359 599
360 429
363 641
364 442
365 512
366 664
366 751
367 581
368 564
370 497
370 737
371 602
372 592
372 769
375 503
375 757
376 502
378 407
378 569
379 749
380 651
381 676
381 757
382 604
383 433
383 622
384 596
385 646
386 571
386 760
388 443
390 771
391 423
391 793
392 420
393 750
394 729
395 728
397 452
400 419
400 497
401 730
402 720
405 655
405 770
406 779
407 755
409 692
410 453
411 585
411 787
412 625
415 604
416 621
417 464
417 504
418 740
419 660
421 517
421 723
422 777
423 799
424 461
425 653
426 753
427 505
432 601
432 693
434 789
435 715
435 762
436 630
438 610
439 760
440 680
441 582
445 454
446 681
447 669
448 772
449 639
450 584
451 534
451 645
452 665
454 709
455 571
456 487
456 644
458 612
458 675
459 683
463 778
466 785
469 496
470 582
471 529
473 624
473 645
475 567
476 511
477 658
478 733
479 583
480 522
480 686
481 685
482 584
483 771
484 630
485 643
486 577
487 767
488 520
490 641
491 537
491 541
492 598
492 770
493 514
494 603
495 791
496 617
498 690
498 799
499 557
500 683
500 728
501 553
502 756
503 540
505 527
507 574
510 654
510 782
511 792
513 661
515 639
515 764
516 699
516 748
518 700
520 531
523 616
524 573
525 708
525 767
526 621
528 597
530 726
531 703
532 575
532 742
534 684
535 559
535 725
536 651
536 797
538 682
539 654
541 786
542 679
544 546
544 576
545 701
547 570
548 636
549 788
550 598
550 792
551 719
552 698
553 655
554 692
554 696
556 680
558 562
558 780
559 609
560 727
566 786
568 714
568 755
569 758
572 599
573 687
577 707
578 734
580 592
581 737
586 784
587 614
588 702
588 796
589 672
591 596
593 689
595 746
601 789
606 615
606 706
608 666
608 721
613 705
620 716
622 623
623 707
624 733
626 649
632 708
633 703
633 706
636 668
637 673
642 652
648 713
649 743
653 702
658 777
662 793
662 794
667 784
670 740
674 704
674 748
679 709
688 736
693 712
694 714
695 729
696 732
697 772
697 795
713 783
715 732
722 780
723 769
724 745
725 781
727 774
744 745
763 775
800 70
801 556
-1 -1
182.622
