1
0 185
0 466
1 307
1 137
2 489
2 278
3 342
3 240
4 121
4 329
5 109
5 160
6 206
6 436
7 194
7 462
8 245
9 277
9 158
10 304
10 417
11 272
11 77
12 127
12 336
13 73
13 149
14 154
14 415
15 432
15 105
16 51
16 308
17 260
17 34
18 80
18 426
19 321
19 422
20 267
20 471
21 95
21 430
22 213
22 463
23 277
23 174
24 314
24 395
25 42
25 109
26 215
26 490
27 112
27 206
28 50
28 153
29 265
29 237
30 42
30 254
31 136
31 424
32 176
32 435
33 312
33 67
34 425
35 440
35 420
36 292
36 147
37 398
37 444
38 433
38 248
39 275
39 281
40 84
40 369
41 313
41 239
43 346
43 175
44 402
44 419
45 298
45 58
46 316
46 108
47 89
47 110
48 139
48 439
49 100
49 249
50 447
51 219
52 428
52 396
53 288
53 81
54 92
54 379
55 435
55 447
56 96
56 221
57 427
57 240
58 274
59 363
59 326
60 122
60 215
61 401
61 459
62 178
62 242
63 320
63 234
64 146
64 244
65 391
65 482
66 141
66 211
67 494
68 133
68 150
69 273
69 357
70 120
70 434
71 316
71 164
72 148
72 349
73 276
74 276
74 167
75 289
75 491
76 495
76 124
77 364
78 173
78 380
79 95
79 465
80 335
81 394
82 296
82 243
83 291
83 92
84 395
85 433
85 161
86 330
86 497
87 305
87 103
88 273
88 469
89 416
90 261
90 198
91 345
91 255
93 155
93 179
94 262
94 251
96 417
97 325
97 410
98 331
98 208
99 333
99 253
100 162
101 287
101 318
102 170
102 456
103 450
104 164
104 413
105 444
106 274
106 205
107 414
107 493
108 315
110 356
111 236
111 247
112 211
113 198
113 202
114 306
114 223
115 371
115 464
116 494
116 363
117 454
117 467
118 310
118 312
119 370
119 212
120 318
121 460
122 256
123 285
123 185
124 146
125 349
125 254
126 177
126 436
127 329
128 268
128 172
129 351
129 445
130 150
130 432
131 390
131 170
132 380
132 171
133 257
134 409
134 452
135 393
135 327
136 290
137 271
138 257
138 278
139 174
140 472
140 443
141 353
142 344
142 404
143 322
143 378
144 260
144 345
145 301
145 491
147 343
148 406
149 490
151 280
151 209
152 405
152 214
153 424
154 309
155 216
156 283
156 212
157 279
157 243
158 300
159 427
159 258
160 356
161 405
162 230
163 324
163 376
165 476
165 180
166 366
166 474
167 473
168 302
168 492
169 409
169 181
171 499
172 255
173 317
175 310
176 361
177 469
178 437
179 332
180 306
181 291
182 403
182 498
183 295
183 350
184 324
184 197
186 309
186 418
187 282
187 442
188 311
188 237
189 290
189 224
190 293
190 400
191 267
191 199
192 366
192 196
193 320
193 400
194 205
195 326
195 461
196 386
197 369
199 214
200 275
200 252
201 408
201 232
202 420
203 228
203 230
204 359
204 411
207 283
207 410
208 448
209 495
210 323
210 471
213 431
216 457
217 269
217 352
218 268
218 445
219 284
220 374
220 226
221 239
222 439
222 375
223 342
224 412
225 441
225 252
226 383
227 301
227 374
228 285
229 264
229 358
231 464
231 482
232 341
233 401
233 249
234 458
235 266
235 250
236 379
238 322
238 454
241 443
241 253
242 465
244 403
245 259
246 475
246 328
247 344
248 402
250 452
251 407
256 458
258 337
259 294
261 496
262 446
263 377
263 430
264 450
265 335
266 461
269 381
270 478
270 371
271 463
272 457
279 448
280 282
281 493
284 300
286 441
286 477
287 453
288 481
289 337
292 449
293 302
294 486
295 459
296 480
297 298
297 492
299 365
299 373
303 315
303 390
304 338
305 351
307 321
308 431
311 333
313 347
314 359
317 455
319 397
319 462
323 341
325 368
327 383
328 354
330 419
331 372
332 421
334 368
334 453
336 397
338 449
339 466
340 355
340 498
343 496
346 389
347 484
348 381
348 423
350 483
352 484
353 376
354 358
355 487
357 398
360 429
360 468
361 365
362 412
362 489
364 428
367 421
367 446
370 373
372 388
375 479
377 467
378 460
382 393
382 470
384 474
384 481
385 388
385 485
386 468
387 423
387 497
389 470
391 456
392 404
392 437
394 422
396 451
399 476
399 411
406 499
407 434
408 418
413 485
414 488
415 477
416 479
425 483
426 455
429 442
438 486
438 488
440 487
451 475
472 480
473 478
500 339
501 8
-1 -1
126.225
