1
0 95
0 121
1 302
1 187
2 280
2 461
3 262
3 84
4 18
4 118
5 484
5 445
6 200
6 201
7 380
7 468
8 284
8 82
9 51
9 430
10 408
10 477
11 160
11 364
12 336
12 248
13 391
13 92
14 373
14 388
15 33
15 131
16 43
16 64
17 203
17 425
18 214
19 428
19 455
20 134
20 150
21 103
21 416
22 176
22 449
23 185
23 250
24 74
24 229
25 352
25 236
26 259
26 290
27 126
27 155
28 289
28 181
29 365
30 390
30 157
31 291
31 166
32 97
32 366
33 208
34 113
34 457
35 295
35 460
36 279
36 341
37 486
37 345
38 307
38 191
39 454
39 219
40 41
40 375
41 255
42 360
42 438
43 446
44 442
44 435
45 406
45 227
46 143
46 155
47 360
47 216
48 139
48 435
49 259
49 367
50 331
50 81
51 273
52 415
52 240
53 424
53 451
54 344
54 393
55 267
55 142
56 277
56 495
57 177
57 452
58 117
58 249
59 92
59 129
60 427
60 397
61 287
61 372
62 86
62 154
63 308
63 334
64 357
65 382
65 198
66 257
66 67
67 145
68 361
68 137
69 352
69 381
70 99
70 243
71 480
71 224
72 452
72 93
73 256
73 210
74 238
75 124
75 467
76 270
76 77
77 313
78 105
78 152
79 347
79 154
80 321
80 226
81 303
82 114
83 193
83 245
84 157
85 414
85 188
86 112
87 431
87 270
88 206
88 216
89 281
89 293
90 264
90 351
91 186
91 463
93 492
94 369
94 130
95 313
96 389
96 391
97 472
98 395
98 247
99 274
100 312
100 119
101 316
101 405
102 115
102 123
103 429
104 333
104 329
105 258
106 394
106 195
107 260
107 368
108 351
108 432
109 140
109 200
110 330
110 251
111 434
111 470
112 496
113 338
114 479
115 358
116 263
116 253
117 335
118 439
119 444
120 392
120 168
121 397
122 263
122 387
123 193
124 281
125 417
125 204
126 203
127 356
127 241
128 334
128 385
129 286
130 357
131 370
132 149
132 153
133 407
133 162
134 445
135 436
135 196
136 158
136 456
137 139
138 178
138 251
140 192
141 345
141 377
142 236
143 197
144 264
144 166
145 160
146 353
146 147
147 499
148 172
148 204
149 319
150 199
151 350
151 453
152 286
153 344
156 363
156 339
158 469
159 268
159 245
161 323
161 189
162 229
163 311
163 497
164 433
164 464
165 342
165 207
167 171
167 212
168 376
169 296
169 202
170 220
170 223
171 451
172 202
173 299
173 198
174 190
174 223
175 342
175 213
176 458
177 471
178 403
179 428
179 225
180 271
180 272
181 249
182 222
182 241
183 292
183 378
184 369
184 429
185 463
186 336
187 242
188 246
189 366
190 321
191 443
192 458
194 234
194 297
195 316
196 329
197 483
199 267
201 314
205 309
205 248
206 427
207 348
208 303
209 415
209 228
210 370
211 420
211 423
212 402
213 466
214 488
215 274
215 314
217 296
217 326
218 343
218 484
219 328
220 441
221 289
221 355
222 246
224 382
225 300
226 479
227 271
228 485
230 386
230 468
231 375
231 483
232 318
232 255
233 404
233 491
234 379
235 268
235 279
237 285
237 421
238 422
239 420
239 448
240 437
242 472
243 330
244 333
244 475
247 499
250 398
252 439
252 324
253 410
254 275
254 430
256 337
257 462
258 291
260 328
261 493
261 311
262 491
265 346
265 432
266 290
266 276
269 285
269 294
272 396
273 340
275 353
276 384
277 362
278 358
278 456
280 322
282 408
282 431
283 324
283 392
284 300
287 437
288 444
288 498
292 474
293 304
294 436
295 325
297 363
298 383
298 497
299 376
301 481
301 419
302 455
304 320
305 411
305 470
306 349
306 419
307 368
308 335
309 469
310 459
310 487
312 488
315 406
315 467
317 448
317 464
318 465
319 320
322 418
323 332
325 337
326 399
327 447
327 371
331 395
332 371
338 438
339 388
340 473
341 418
343 426
346 426
347 486
348 421
349 377
350 490
354 440
354 471
355 457
356 495
359 443
359 390
361 413
362 422
364 385
365 433
367 402
372 478
373 398
374 414
374 442
378 401
379 492
380 476
381 400
383 447
384 446
386 475
387 403
389 478
393 425
394 411
396 482
399 473
400 462
401 489
404 489
405 466
407 450
409 493
409 498
410 474
412 459
412 461
413 454
416 480
417 494
423 450
424 485
434 465
440 496
441 494
449 490
453 482
460 487
476 477
500 481
501 29
-1 -1
44.7214
