1
0 7
0 218
1 8
1 245
2 385
2 284
3 65
3 331
4 121
4 406
5 71
5 227
6 462
6 296
7 131
8 150
9 205
9 211
10 116
10 489
11 437
11 440
12 143
12 246
13 391
13 165
14 21
14 331
15 56
15 412
16 290
16 374
17 44
17 241
18 397
18 414
19 103
19 406
20 498
20 487
21 313
22 152
22 247
23 26
24 316
24 124
25 275
25 302
26 320
27 257
27 52
28 288
28 249
29 34
29 219
30 398
30 482
31 299
31 175
32 447
32 187
33 51
33 445
34 305
35 210
35 218
36 50
36 424
37 473
37 226
38 90
38 119
39 289
39 452
40 190
40 221
41 323
41 452
42 204
42 499
43 319
43 496
44 228
45 59
45 108
46 53
46 366
47 277
47 419
48 295
48 61
49 347
49 162
50 305
51 456
52 360
53 139
54 392
54 195
55 77
55 488
56 231
57 395
57 330
58 217
58 244
59 142
60 495
60 444
61 158
62 339
62 173
63 274
63 220
64 424
64 243
65 235
66 78
66 458
67 321
67 464
68 329
68 184
69 483
69 438
70 307
70 133
71 282
72 328
72 189
73 491
73 293
74 383
74 136
75 402
75 177
76 399
76 202
77 97
78 110
79 346
79 298
80 157
80 239
81 166
81 199
82 157
82 235
83 430
83 247
84 309
84 354
85 111
85 179
86 351
86 444
87 216
87 486
88 471
88 362
89 377
89 497
90 345
91 130
91 212
92 147
92 467
93 457
93 203
94 278
94 221
95 139
95 493
96 267
96 446
97 414
98 394
98 231
99 355
99 212
100 411
100 427
101 372
101 439
102 408
102 485
103 325
104 359
104 145
105 287
105 351
106 360
106 116
107 428
107 226
108 350
109 392
109 181
110 279
111 146
112 172
112 474
113 364
113 439
114 410
114 426
115 366
115 494
117 365
117 375
118 263
118 228
119 222
120 365
120 161
121 393
122 275
122 433
123 269
123 201
124 456
125 132
125 471
126 288
126 268
127 477
127 224
128 404
128 435
129 266
129 341
130 248
131 333
132 215
133 175
134 371
134 417
135 169
135 429
136 357
137 368
137 185
138 449
138 163
140 322
140 197
141 349
141 149
142 283
143 384
144 402
144 222
145 273
146 283
147 223
148 277
148 348
149 193
150 468
151 376
151 337
152 472
153 343
153 165
154 302
154 267
155 292
155 486
156 420
156 176
158 353
159 163
159 450
160 170
160 210
161 219
162 262
164 412
164 252
166 320
167 306
167 344
168 387
168 422
169 323
170 183
171 338
171 367
172 180
173 325
174 370
174 466
176 237
177 341
178 334
178 382
179 403
180 371
181 453
182 317
182 183
184 448
185 461
186 356
186 491
187 467
188 386
188 281
189 363
190 276
191 403
191 347
192 400
192 198
193 388
194 429
194 291
195 401
196 499
196 251
197 422
198 326
199 361
200 303
200 230
201 206
202 408
203 473
204 373
205 425
206 229
207 384
207 324
208 344
208 420
209 497
209 310
211 334
213 265
213 239
214 431
214 286
215 460
216 301
217 494
220 437
223 492
224 451
225 480
225 255
227 261
229 479
230 335
232 411
232 413
233 378
233 477
234 256
236 475
236 266
237 451
238 299
238 401
240 358
240 364
241 282
242 279
242 428
243 396
244 425
245 465
246 459
248 312
249 436
250 469
250 386
251 259
252 476
253 470
253 263
254 260
254 484
255 374
256 271
257 289
258 373
258 492
259 269
260 427
261 459
262 329
264 345
264 338
265 493
268 319
270 304
270 407
271 379
272 311
272 340
273 382
274 313
276 311
278 330
280 423
280 332
281 300
284 352
285 393
285 465
286 453
287 430
290 432
291 342
292 448
293 442
294 350
294 379
295 478
296 466
297 348
297 314
298 375
300 378
301 328
303 404
304 396
306 342
307 410
308 362
308 472
309 349
310 312
314 358
315 480
315 489
316 363
317 479
318 367
318 449
321 481
322 482
324 438
326 369
327 395
327 463
332 398
333 441
335 389
336 369
336 418
337 442
339 354
340 458
343 443
346 464
352 355
353 359
356 484
357 454
361 475
368 397
370 400
372 390
376 483
377 383
380 381
380 421
381 487
385 416
387 407
388 450
389 490
390 447
391 495
394 434
399 435
405 462
405 496
409 454
409 432
413 481
415 433
415 476
416 446
417 441
418 431
419 470
421 468
423 463
426 455
434 474
436 461
440 490
443 455
445 478
457 485
460 498
469 488
500 23
501 234
-1 -1
9.63849
