1
0 401
0 436
1 135
1 230
2 370
2 239
3 393
3 397
4 44
4 358
5 54
5 201
6 10
6 376
7 317
7 192
8 79
8 232
9 290
9 117
10 174
11 322
11 482
12 39
12 281
13 445
13 320
14 318
14 272
15 437
15 409
16 55
16 259
17 277
17 41
18 52
18 467
19 50
19 274
20 373
20 127
21 83
21 134
22 345
22 96
23 278
23 301
24 392
24 423
25 299
25 266
26 268
26 73
27 101
27 188
28 282
28 142
29 263
29 104
30 125
30 417
31 37
31 480
32 47
32 59
33 349
33 399
34 78
34 294
35 264
35 211
36 80
37 119
38 96
38 329
39 480
40 335
40 452
41 321
42 390
42 200
43 452
43 484
44 219
45 258
45 149
46 395
46 237
47 457
48 285
48 419
49 208
49 209
50 407
51 67
51 442
52 361
53 66
53 122
54 68
55 444
56 125
56 169
57 494
57 421
58 267
58 275
59 465
60 129
60 474
61 279
61 180
62 371
62 243
63 136
63 492
64 298
64 366
65 142
65 252
66 195
67 463
68 164
69 119
69 251
70 304
70 86
71 294
71 468
72 128
72 364
73 288
74 303
74 205
75 177
75 291
76 366
76 167
77 355
77 412
78 148
79 345
80 328
81 325
81 476
82 261
82 186
83 88
84 396
84 144
85 136
85 477
86 89
87 470
87 248
88 407
89 456
90 132
90 431
91 385
91 473
92 349
92 103
93 353
93 153
94 388
94 178
95 111
95 264
97 339
97 209
98 325
98 402
99 408
99 426
100 152
100 429
101 487
102 346
102 182
103 377
104 297
105 267
105 202
106 292
106 405
107 296
107 434
108 228
108 498
109 334
109 158
110 383
110 180
111 430
112 446
112 186
113 149
113 425
114 492
114 428
115 346
115 484
116 319
116 255
117 146
118 299
118 489
120 332
120 228
121 382
121 131
122 225
123 258
123 490
124 216
124 222
126 311
126 159
127 304
128 327
129 495
130 440
130 244
131 359
132 316
133 386
133 191
134 139
135 390
137 154
137 414
138 359
138 375
139 178
140 464
140 247
141 330
141 454
143 324
143 382
144 410
145 413
145 161
146 449
147 334
147 222
148 386
150 165
150 187
151 374
151 247
152 206
153 282
154 231
155 442
155 469
156 315
156 430
157 207
157 250
158 271
159 218
160 315
160 238
161 218
162 418
162 447
163 173
163 432
164 336
165 437
166 300
166 499
167 451
168 262
168 197
169 402
170 460
170 469
171 175
171 458
172 214
172 348
173 273
174 340
175 461
176 289
176 254
177 483
179 351
179 244
181 317
181 461
182 431
183 347
183 433
184 486
184 214
185 478
185 498
187 275
188 422
189 380
189 212
190 300
190 411
191 323
192 238
193 364
193 387
194 272
194 253
195 456
196 383
196 415
197 245
198 391
198 202
199 265
199 435
200 367
201 467
203 306
203 354
204 322
204 473
205 462
206 448
207 226
208 255
210 358
210 399
211 344
212 455
213 462
213 215
215 381
216 307
217 313
217 378
219 470
220 379
220 488
221 270
221 302
223 291
223 416
224 475
224 385
225 424
226 242
227 482
227 296
229 332
229 370
230 417
231 455
232 398
233 379
233 235
234 342
234 353
235 451
236 398
236 408
237 447
239 367
240 373
240 249
241 343
241 330
242 277
243 435
245 343
246 290
246 306
248 287
249 441
250 439
251 363
252 271
253 293
254 257
256 311
256 478
257 260
259 276
260 414
261 391
262 423
263 438
265 318
266 453
268 347
269 389
269 341
270 360
273 295
274 483
276 365
278 312
279 468
280 466
280 485
281 333
283 326
283 324
284 425
284 449
285 420
286 335
286 292
287 493
288 406
289 301
293 487
295 350
297 312
298 434
302 308
303 479
305 403
305 491
307 471
308 445
309 446
309 424
310 410
310 459
313 490
314 380
314 415
316 412
319 400
320 393
321 429
323 355
326 471
327 384
328 356
329 372
331 403
331 476
333 464
336 441
337 404
337 339
338 406
338 466
340 360
341 342
344 352
348 354
350 369
351 397
352 465
356 428
357 450
357 376
361 481
362 474
362 497
363 454
365 485
368 395
368 459
369 475
371 495
372 404
374 381
375 472
377 418
378 450
384 486
387 481
388 444
389 440
392 472
394 436
394 438
396 460
400 496
401 477
405 427
409 493
411 443
413 494
416 463
419 499
420 433
421 439
422 496
426 427
432 457
443 497
448 479
453 491
488 489
500 36
501 458
-1 -1
8.02679
