1
0 477
0 241
1 295
1 398
2 103
2 150
3 330
3 239
4 396
4 456
5 130
5 197
6 493
6 448
7 268
7 225
8 74
8 227
9 330
9 468
10 290
10 38
11 27
11 238
12 333
12 471
13 337
13 339
14 363
14 180
15 359
15 400
16 297
16 150
17 33
17 80
18 264
18 140
19 51
19 328
20 199
20 205
21 243
21 246
22 315
22 179
23 278
24 473
24 253
25 289
25 177
26 403
26 157
27 254
28 308
28 122
29 272
29 448
30 377
30 389
31 322
31 107
32 282
32 63
33 201
34 439
34 485
35 37
35 383
36 124
36 332
37 275
38 381
39 129
39 211
40 141
40 252
41 256
41 82
42 284
42 96
43 354
43 246
44 305
44 254
45 292
45 183
46 147
46 210
47 292
47 337
48 257
48 117
49 385
49 441
50 484
50 175
51 253
52 411
52 191
53 178
53 474
54 428
54 434
55 106
55 430
56 363
56 331
57 346
57 427
58 344
58 368
59 62
59 136
60 366
60 113
61 447
61 202
62 174
63 457
64 67
64 161
65 312
65 490
66 452
66 382
67 365
68 69
68 443
69 122
70 267
70 311
71 76
71 366
72 291
72 237
73 285
73 230
74 306
75 77
75 442
76 480
77 282
78 288
78 153
79 413
79 467
80 93
81 152
81 213
82 230
83 127
83 151
84 402
84 466
85 142
85 229
86 156
86 425
87 388
87 152
88 173
88 421
89 304
89 353
90 260
90 415
91 135
91 498
92 343
92 464
93 312
94 459
94 489
95 108
95 118
96 127
97 298
97 440
98 367
98 433
99 258
99 424
100 411
100 456
101 462
101 249
102 262
102 263
103 198
104 461
104 469
105 121
105 477
106 139
107 481
108 232
109 124
109 408
110 445
110 220
111 199
111 487
112 196
112 463
113 499
114 475
114 126
115 451
115 402
116 267
116 148
117 315
118 251
119 478
119 186
120 365
120 426
121 371
123 262
123 439
125 164
125 433
126 424
128 328
128 364
129 291
130 499
131 391
131 243
132 479
132 451
133 335
133 201
134 286
134 453
135 420
136 495
137 259
137 409
138 271
138 181
139 484
140 204
141 296
142 412
143 307
143 239
144 367
144 240
145 176
145 198
146 494
146 207
147 306
148 286
149 303
149 329
151 177
153 364
154 276
154 412
155 266
155 437
156 376
157 470
158 188
158 231
159 290
159 251
160 195
160 216
161 277
162 404
162 176
163 280
163 305
164 316
165 388
165 334
166 481
166 498
167 490
167 416
168 404
168 405
169 326
169 413
170 349
170 178
171 403
171 374
172 325
172 449
173 174
175 299
179 350
180 224
181 469
182 414
182 429
183 376
184 360
184 473
185 372
185 235
186 455
187 375
187 432
188 429
189 300
189 494
190 281
190 383
191 472
192 370
192 496
193 261
193 419
194 283
194 234
195 236
196 244
197 431
200 348
200 275
202 248
203 397
203 212
204 382
205 329
206 372
206 223
207 454
208 265
208 250
209 405
209 295
210 375
211 314
212 460
213 476
214 410
214 483
215 482
215 432
216 245
217 320
217 454
218 480
218 359
219 395
219 237
220 294
221 273
221 276
222 323
222 407
223 247
224 437
225 248
226 268
226 409
227 274
228 340
228 436
229 341
231 277
232 487
233 288
233 474
234 422
235 300
236 317
238 273
240 347
241 496
242 357
242 389
244 301
245 458
247 415
249 261
250 401
252 299
255 384
255 393
256 272
257 465
258 323
259 368
260 316
263 493
264 488
265 303
266 380
269 309
269 343
270 461
270 468
271 446
274 407
278 436
279 310
279 293
280 361
281 352
283 355
284 326
285 319
287 440
287 379
289 351
293 435
294 421
296 492
297 307
298 491
301 446
302 318
302 371
304 392
308 458
309 488
310 378
311 356
313 482
313 418
314 479
317 450
318 324
319 442
320 346
321 344
321 492
322 486
324 434
325 351
327 449
327 465
331 338
332 348
333 360
334 491
335 471
336 497
336 464
338 423
339 370
340 470
341 401
342 438
342 472
345 485
345 373
347 391
349 410
350 399
352 416
353 356
354 400
355 387
357 361
358 422
358 489
362 377
362 486
369 381
369 459
373 455
374 428
378 427
379 425
380 426
384 444
385 387
386 420
386 450
390 394
390 495
392 393
394 414
395 453
396 417
397 466
398 423
399 406
406 443
408 457
417 475
418 463
419 445
430 438
431 467
435 452
441 444
447 497
460 478
476 483
500 462
501 23
-1 -1
87.6571
