1
0 52
0 53
1 277
1 408
2 407
2 534
3 521
3 186
4 572
4 453
5 489
5 496
6 85
6 369
7 205
7 568
8 561
8 31
9 134
9 555
10 557
10 440
11 17
11 402
12 196
12 373
13 161
13 52
14 259
14 501
15 289
15 154
16 187
16 570
17 559
18 222
19 108
19 502
20 232
20 564
21 66
21 238
22 293
22 479
23 513
23 418
24 47
24 122
25 79
25 189
26 400
26 381
27 410
27 559
28 299
28 134
29 580
29 251
30 165
30 378
31 446
32 84
32 517
33 595
33 441
34 212
34 597
35 451
35 317
36 258
36 582
37 162
37 403
38 425
38 573
39 181
39 182
40 358
40 62
41 235
41 509
42 263
42 526
43 306
43 147
44 387
44 510
45 303
45 536
46 469
46 401
47 350
48 517
48 539
49 292
49 342
50 248
50 317
51 583
51 438
53 105
54 334
54 492
55 186
55 202
56 84
56 439
57 85
57 316
58 231
58 149
59 298
59 189
60 521
60 429
61 577
61 247
62 518
63 238
63 305
64 390
64 66
65 101
65 125
67 136
67 494
68 275
68 491
69 333
69 444
70 104
70 505
71 400
71 371
72 256
72 131
73 548
73 319
74 135
74 299
75 295
75 296
76 260
76 411
77 106
77 365
78 402
78 596
79 212
80 388
80 571
81 353
81 422
82 361
82 234
83 470
83 556
86 515
86 146
87 291
87 563
88 275
88 405
89 514
89 370
90 353
90 326
91 399
91 542
92 493
92 499
93 424
93 191
94 546
94 292
95 214
95 224
96 249
96 509
97 397
97 524
98 582
98 369
99 540
99 361
100 548
100 308
101 403
102 467
102 427
103 121
103 543
104 456
105 474
106 167
107 568
107 296
108 543
109 520
109 120
110 470
110 505
111 129
111 588
112 329
112 139
113 438
113 247
114 208
114 274
115 294
115 508
116 569
116 588
117 513
117 249
118 539
118 125
119 387
119 406
120 596
121 184
122 394
123 227
123 395
124 232
124 494
126 166
126 155
127 271
127 365
128 490
128 412
129 469
130 206
130 495
131 565
132 171
132 574
133 194
133 357
135 493
136 160
137 206
137 591
138 589
138 474
139 250
140 386
140 452
141 406
141 217
142 476
142 528
143 289
143 304
144 421
144 573
145 301
145 437
146 174
147 204
148 333
148 378
149 225
150 295
150 434
151 354
151 471
152 244
152 413
153 391
153 554
154 311
155 478
156 551
156 537
157 264
157 393
158 529
158 533
159 220
159 335
160 257
161 384
162 244
163 213
163 330
164 511
164 252
165 544
166 404
167 518
168 199
168 558
169 587
169 276
170 500
170 183
171 514
172 484
172 550
173 491
173 180
174 401
175 524
175 398
176 425
176 456
177 285
177 190
178 578
178 340
179 273
179 188
180 331
181 371
182 550
183 586
184 483
185 516
185 465
187 377
188 340
190 264
191 336
192 579
192 343
193 523
193 563
194 479
195 271
195 281
196 328
197 405
197 545
198 432
198 554
199 535
200 537
200 399
201 480
201 504
202 449
203 228
203 585
204 379
205 507
207 268
207 348
208 282
209 372
209 312
210 328
210 473
211 297
211 530
213 373
214 533
215 532
215 303
216 541
216 498
217 374
218 487
218 502
219 389
219 269
220 229
221 580
221 459
222 458
223 556
223 239
224 546
225 412
226 455
226 442
227 255
228 532
229 542
230 368
230 248
231 590
233 337
233 441
234 262
235 339
236 598
236 349
237 530
237 553
239 388
240 300
240 380
241 450
241 467
242 448
242 477
243 416
243 345
245 592
245 286
246 418
246 496
250 350
251 414
252 430
253 320
253 384
254 462
254 397
255 352
256 527
257 447
258 382
259 298
260 558
261 492
261 472
262 366
263 311
265 475
265 287
266 506
266 430
267 305
267 308
268 511
269 302
270 363
270 314
272 522
272 464
273 432
274 362
276 341
277 475
278 523
278 335
279 376
279 574
280 481
280 540
281 302
282 468
283 504
283 569
284 488
284 355
285 463
286 547
287 483
288 576
288 389
290 349
290 310
291 428
293 489
294 383
297 560
300 445
301 503
304 309
306 327
307 427
307 415
309 318
310 358
312 584
313 431
313 347
314 431
315 421
315 503
316 545
318 564
319 419
320 458
321 594
321 468
322 339
322 473
323 515
323 344
324 535
324 443
325 422
325 396
326 499
327 364
329 343
330 408
331 598
332 599
332 506
334 372
336 520
337 525
338 450
338 407
341 560
342 434
344 367
345 423
346 426
346 444
347 566
348 464
351 360
351 382
352 454
354 478
355 500
356 562
356 486
357 381
359 512
359 415
360 394
362 462
363 488
364 426
366 584
367 487
368 561
370 374
375 508
375 538
376 552
377 459
379 507
380 581
383 576
385 435
385 386
390 579
391 498
392 451
392 410
393 435
395 461
396 423
398 485
404 460
409 519
409 495
411 516
413 549
414 477
416 454
417 599
417 490
419 578
420 457
420 484
424 571
428 480
429 595
433 555
433 591
436 593
436 570
437 442
439 572
440 562
443 529
445 522
446 485
447 482
448 463
449 531
452 552
453 538
455 460
457 526
461 575
465 589
466 585
471 527
472 519
476 557
481 594
482 510
486 592
497 534
497 586
501 567
512 565
525 587
528 583
531 567
536 547
541 551
544 575
549 566
553 590
577 597
581 593
600 466
601 18
-1 -1
1.99016
