1
0 418
0 563
1 280
1 410
2 421
2 9
3 388
3 554
4 132
4 376
5 382
5 127
6 275
6 410
7 201
7 495
8 44
8 462
9 495
10 407
10 45
11 176
11 547
12 225
12 501
13 453
13 457
14 52
14 441
15 210
15 348
16 515
16 428
17 489
17 141
18 162
18 113
19 64
19 302
20 592
20 216
21 144
21 253
22 540
22 104
23 550
23 477
24 401
24 438
25 34
25 432
26 68
26 317
27 295
27 442
28 432
28 529
29 557
29 441
30 399
30 183
31 466
31 122
32 182
32 344
33 498
33 541
34 413
35 582
35 514
36 557
36 212
37 130
37 269
38 457
38 591
39 121
39 62
40 130
40 448
41 551
41 123
42 43
42 208
43 80
44 573
45 75
46 80
46 434
47 300
47 308
48 483
48 239
49 264
49 188
50 251
50 592
51 566
51 151
52 434
53 477
53 244
54 66
54 364
55 384
55 312
56 354
56 68
57 566
57 95
58 567
58 497
59 66
59 102
60 578
60 525
61 368
61 191
62 140
63 488
63 277
64 144
65 330
65 383
67 452
67 250
69 360
69 498
70 106
70 205
71 577
71 367
72 581
72 445
73 156
73 271
74 475
74 346
75 504
76 327
76 393
77 467
77 468
78 115
78 261
79 590
79 463
81 393
81 569
82 510
82 357
83 105
83 588
84 419
84 227
85 322
85 235
86 585
86 152
87 99
87 380
88 245
88 405
89 377
89 510
90 203
90 570
91 273
91 472
92 593
92 275
93 449
93 163
94 537
94 225
95 362
96 372
96 173
97 153
97 538
98 260
98 211
99 404
100 202
100 252
101 598
101 145
102 385
103 316
103 383
104 349
105 317
106 511
107 321
107 589
108 486
108 555
109 246
109 249
110 213
110 437
111 545
111 444
112 230
112 291
113 233
114 400
114 191
115 365
116 550
116 341
117 430
117 239
118 342
118 373
119 229
119 300
120 425
120 398
121 124
122 161
123 148
124 146
125 173
125 189
126 276
126 155
127 485
128 294
128 263
129 193
129 552
131 555
131 528
132 339
133 525
133 158
134 439
134 217
135 450
135 180
136 352
136 532
137 333
137 553
138 267
138 402
139 279
139 559
140 301
141 155
142 164
142 543
143 468
143 185
145 276
146 344
147 356
147 572
148 491
149 469
149 154
150 391
150 551
151 157
152 309
153 464
154 581
156 589
157 460
158 196
159 331
159 343
160 553
160 408
161 580
162 590
163 248
164 218
165 199
165 466
166 560
166 303
167 539
167 277
168 171
168 593
169 392
169 208
170 315
171 422
172 354
172 500
174 530
174 547
175 256
175 538
176 464
177 458
177 392
178 330
178 282
179 505
179 319
180 409
181 327
181 420
182 561
183 496
184 211
184 284
185 571
186 288
186 481
187 587
187 301
188 493
189 567
190 334
190 271
192 201
192 563
193 223
194 338
194 227
195 454
196 536
197 531
197 579
198 430
198 586
199 456
200 306
200 511
202 476
203 379
204 226
204 285
205 564
206 552
206 253
207 599
207 212
209 465
209 340
210 478
213 533
214 222
214 286
215 363
215 283
216 268
217 519
218 380
219 324
219 336
220 522
220 524
221 349
221 544
222 513
223 426
224 595
224 509
226 583
228 429
228 282
229 246
230 500
231 323
231 413
232 297
232 341
233 446
234 240
234 248
235 273
236 520
236 482
237 560
237 374
238 591
238 491
240 292
241 315
241 437
242 542
242 484
243 252
243 597
244 460
245 382
247 361
247 314
249 345
250 429
251 562
254 287
254 433
255 568
255 443
256 459
257 531
257 350
258 461
258 476
259 366
259 529
260 494
261 360
262 325
262 389
263 374
264 364
265 287
265 572
266 297
266 540
267 520
268 373
269 482
270 595
270 504
272 353
272 518
274 596
274 402
278 415
278 406
279 311
280 329
281 394
281 381
283 535
284 352
285 539
286 370
288 335
289 544
289 479
290 425
290 414
291 433
292 453
293 516
293 378
294 549
295 336
296 503
296 395
298 385
298 427
299 426
299 497
302 356
303 305
304 530
304 474
305 347
306 508
307 390
307 512
308 424
309 486
310 337
310 319
311 427
312 372
313 388
313 564
314 326
316 332
318 514
318 440
320 598
320 571
321 377
322 521
323 506
324 480
325 483
326 338
328 409
328 569
329 546
331 521
332 443
333 549
334 351
335 367
337 528
339 578
340 431
342 492
343 517
345 350
346 397
347 435
348 545
351 473
353 455
355 588
355 463
357 375
358 562
358 526
359 398
359 415
361 534
362 535
363 534
365 585
366 451
368 548
369 487
369 442
370 496
371 481
371 387
375 376
378 459
379 456
381 559
384 470
386 513
386 461
387 574
389 395
390 523
391 452
394 406
396 403
396 407
397 583
399 542
400 582
401 470
403 546
404 435
405 507
408 424
411 580
411 594
412 420
412 488
414 548
416 450
416 490
417 599
417 469
418 484
419 519
421 438
422 485
423 502
423 445
428 596
431 446
436 462
436 502
439 594
440 451
444 579
447 587
447 499
448 501
449 515
454 526
455 584
458 558
465 584
467 471
471 556
472 516
473 489
474 492
475 543
478 524
479 493
480 575
487 490
494 499
503 558
505 523
506 576
507 518
508 522
509 512
517 576
527 570
527 537
532 597
533 577
536 565
541 565
554 586
556 575
561 568
573 574
600 195
601 170
-1 -1
3.76117
