200 955
0 48
0 112
0 114
0 163
0 4
0 149
0 86
0 56
0 132
0 92
0 158
1 176
1 66
1 19
1 8
1 89
1 191
1 109
1 143
2 149
2 51
2 131
2 53
2 166
2 55
2 147
2 87
2 21
2 5
3 96
3 129
3 34
3 121
3 89
3 152
3 41
3 27
3 82
3 190
4 97
4 194
4 155
4 117
4 106
4 43
5 88
5 196
5 197
5 23
5 40
5 90
5 141
5 142
6 83
6 181
6 182
6 55
6 29
6 175
7 32
7 48
7 66
7 70
7 54
7 89
7 176
7 173
7 45
7 94
7 93
8 166
8 70
8 193
8 72
8 42
8 114
8 54
8 59
8 28
8 62
8 95
9 176
9 145
9 34
9 19
9 126
9 55
9 56
9 186
9 78
9 127
10 64
10 65
10 50
10 99
10 102
10 14
10 47
11 17
11 162
11 180
11 100
11 73
11 97
11 89
11 193
11 75
11 151
11 190
12 33
12 131
12 38
12 129
12 161
12 139
12 78
12 144
12 145
12 87
12 122
12 31
13 76
13 146
13 20
13 77
13 178
14 96
14 165
14 130
14 37
14 22
14 87
14 137
14 61
14 134
14 15
15 192
15 17
15 67
15 124
15 183
15 73
15 199
15 94
15 62
16 193
16 164
16 101
16 63
16 104
16 137
16 46
16 54
16 119
16 123
16 156
16 182
17 99
17 75
17 133
17 123
17 91
17 92
17 143
18 193
18 163
18 180
18 24
18 41
18 154
19 162
19 131
19 163
19 195
19 129
19 145
19 82
19 115
19 148
19 41
19 152
19 165
20 160
20 156
20 68
20 85
20 25
20 44
20 101
21 129
21 116
21 134
21 23
21 184
21 57
21 124
21 34
21 158
21 141
22 33
22 82
22 123
22 179
22 55
22 27
22 79
23 173
23 177
23 137
23 121
23 185
23 62
23 125
23 94
24 65
24 83
24 131
24 196
24 197
24 51
24 135
24 193
24 178
24 177
24 179
24 117
24 183
24 146
25 195
25 133
25 102
25 71
25 72
25 28
25 145
25 86
25 124
25 190
25 31
26 145
26 147
26 103
26 74
26 59
26 108
26 141
27 48
27 96
27 50
27 179
27 72
27 162
28 112
28 100
28 84
28 102
28 184
28 43
28 141
28 78
29 163
29 196
29 102
29 171
29 92
29 109
30 34
30 43
30 196
30 70
30 171
30 172
30 162
30 46
30 85
30 57
30 92
30 181
31 144
31 115
31 84
31 101
31 169
31 170
31 75
31 46
31 159
32 112
32 81
32 116
32 197
32 168
32 90
32 123
32 109
33 80
33 180
33 68
33 73
33 170
33 155
33 195
33 158
33 127
34 36
34 86
34 131
34 195
34 37
35 198
35 117
35 150
35 87
35 137
35 122
35 92
35 186
36 64
36 192
36 187
36 167
36 136
36 137
36 43
36 112
36 182
36 105
36 123
36 92
36 126
37 160
37 67
37 76
37 142
37 189
37 54
37 55
37 121
37 90
37 61
38 160
38 114
38 39
38 105
38 126
39 44
39 45
39 143
40 172
40 67
40 105
40 73
40 108
41 130
41 165
41 170
41 107
41 76
41 144
41 84
41 190
41 62
42 160
42 194
42 67
42 132
42 131
42 86
42 138
42 187
42 150
43 128
43 53
43 119
43 44
43 138
43 109
44 64
44 161
44 196
44 172
44 58
44 108
45 65
45 59
45 166
45 161
45 111
45 48
45 149
45 154
45 91
45 62
46 96
46 194
46 156
46 173
46 111
46 82
46 151
46 122
46 188
47 65
47 146
47 148
47 60
47 155
47 92
47 74
47 191
48 107
48 73
48 138
48 174
49 144
49 65
49 182
49 119
49 72
49 185
49 74
49 60
49 186
50 112
50 179
50 115
50 68
50 53
50 52
50 74
51 112
51 56
51 67
51 105
51 159
52 107
52 94
52 87
53 64
53 128
53 131
53 132
53 70
53 199
53 141
53 80
53 153
53 90
53 124
54 162
54 99
54 138
54 148
54 150
54 92
54 61
54 62
54 197
55 97
55 67
55 78
55 85
55 121
55 61
55 133
56 176
56 148
56 197
56 182
56 168
56 75
56 60
56 77
57 144
57 147
57 153
57 58
57 191
57 154
57 126
57 189
58 83
58 101
58 170
58 76
59 130
59 101
59 73
60 64
60 144
60 120
60 193
60 65
60 105
60 136
60 62
61 96
61 177
61 85
61 159
61 108
61 166
62 160
62 134
62 74
62 151
62 86
62 125
63 96
63 110
63 153
63 189
63 126
63 174
64 97
64 124
64 144
64 150
64 169
64 156
64 94
65 129
65 162
65 133
65 134
65 177
65 77
65 179
65 149
65 86
65 169
65 120
65 91
66 165
66 105
66 143
66 124
66 95
67 70
67 93
67 112
67 157
67 118
67 74
67 101
68 192
68 194
68 163
68 114
68 78
68 149
68 116
68 158
68 191
69 96
69 99
69 93
69 87
70 115
70 168
70 146
70 162
70 74
70 109
71 96
71 81
71 146
71 150
71 112
71 120
71 159
71 188
71 110
71 79
72 194
72 155
72 179
72 92
72 93
72 126
72 191
73 107
73 172
73 173
73 177
73 147
73 191
74 197
74 199
74 114
74 142
74 116
74 86
74 156
75 112
75 185
75 169
76 144
76 82
76 195
76 107
76 133
77 178
77 83
77 134
77 102
77 193
77 122
78 195
78 104
78 180
78 149
78 153
78 122
78 156
79 179
79 132
79 101
80 115
80 97
80 106
80 107
80 143
81 164
81 126
82 98
82 121
82 170
82 141
82 191
83 144
83 120
83 99
83 116
83 166
83 190
83 179
84 114
84 131
84 86
84 119
84 168
84 127
84 169
85 115
85 154
85 184
85 138
85 171
85 93
86 170
86 109
86 151
86 122
87 114
87 166
87 88
87 106
87 98
88 171
88 181
88 99
88 149
88 150
88 163
88 167
88 166
88 189
89 116
89 161
89 190
89 111
90 163
90 119
90 94
91 145
91 178
91 166
91 110
92 107
92 154
92 124
93 96
93 137
93 106
93 103
93 112
93 145
93 183
93 168
94 196
94 169
94 199
94 149
94 184
94 159
94 117
95 179
95 132
95 199
95 138
95 188
96 112
96 189
96 118
97 145
97 121
98 185
98 143
98 187
99 114
99 155
99 174
100 155
101 130
101 199
101 136
101 173
101 174
101 178
101 111
102 161
102 109
102 179
102 148
102 120
103 185
103 135
104 130
104 150
104 118
104 106
104 127
105 166
105 107
105 110
105 143
105 176
105 181
105 169
105 152
105 156
106 113
106 130
106 118
106 121
106 137
107 185
107 190
108 178
108 135
108 172
108 155
108 142
109 118
109 181
109 149
109 130
110 187
111 132
111 198
111 145
111 178
111 119
111 186
111 188
111 125
112 128
112 115
112 120
112 126
113 176
113 145
113 180
113 193
113 156
114 167
114 176
114 178
114 131
114 124
115 131
115 172
115 183
115 187
115 124
115 157
116 144
116 119
116 151
116 124
116 189
117 179
117 198
117 196
117 138
117 191
117 127
118 120
118 131
118 197
118 150
118 185
119 178
119 177
119 151
119 174
120 130
120 150
120 137
120 172
120 189
121 128
121 162
121 137
121 141
121 143
121 190
122 130
123 144
123 127
124 169
124 191
124 183
124 155
124 125
124 126
125 145
125 180
125 188
125 199
125 141
126 192
126 153
126 188
127 163
127 145
127 133
128 132
128 169
128 197
129 166
129 193
129 140
129 141
129 174
129 185
129 159
130 195
130 172
130 189
130 133
131 132
131 179
132 171
132 153
132 158
133 135
133 177
133 151
133 175
133 179
133 187
135 177
135 142
136 157
137 142
137 174
138 187
138 163
138 180
138 169
139 160
139 178
139 174
139 151
139 169
139 172
139 190
141 168
142 172
142 153
142 175
143 160
143 167
143 192
143 173
143 184
144 181
144 151
145 155
145 157
146 190
147 160
147 163
147 157
149 165
150 178
150 160
151 194
151 156
151 157
152 181
152 153
153 193
154 157
155 194
155 177
155 191
157 163
157 162
158 183
159 198
159 184
159 172
161 176
161 180
162 176
162 174
163 165
163 180
163 190
164 167
165 166
165 186
165 173
165 182
166 198
167 192
167 182
167 189
169 177
169 179
169 171
171 187
172 191
173 182
174 194
176 180
176 185
177 196
178 192
181 198
181 192
181 191
182 188
184 192
185 196
186 198
187 197
187 189
188 189
190 197
191 193
192 194
