1
0 310
0 598
1 40
1 65
2 184
2 657
3 8
3 177
4 55
4 314
5 352
5 405
6 352
6 493
7 203
7 638
8 556
9 483
9 541
10 24
10 313
11 418
11 646
12 264
12 697
13 148
13 399
14 155
14 188
15 374
15 489
16 236
16 609
17 111
17 187
18 404
18 592
19 336
19 568
20 431
20 584
21 308
21 410
22 158
22 653
23 51
23 691
24 377
25 34
25 565
26 336
26 412
27 247
27 364
28 238
28 672
29 437
29 578
30 47
30 425
31 200
31 375
32 284
32 540
33 337
33 664
34 322
35 153
35 443
36 291
36 611
37 596
37 658
38 480
38 648
39 166
39 682
40 73
41 405
41 649
42 354
42 434
43 228
43 451
44 56
44 455
45 642
45 694
46 190
46 201
47 57
48 52
48 676
49 277
49 350
50 554
50 670
51 558
52 563
53 299
53 572
54 105
54 527
55 167
56 378
57 566
58 169
58 646
59 211
59 619
60 176
60 687
61 162
61 545
62 373
62 438
63 80
63 191
64 234
64 317
65 406
66 256
66 628
67 314
67 373
68 481
68 583
69 392
69 580
70 359
70 453
71 166
71 507
72 232
72 625
73 556
74 138
74 617
75 593
75 655
76 411
76 423
77 401
77 580
78 111
78 476
79 357
79 494
80 697
81 635
81 696
82 513
82 651
83 453
83 541
84 286
84 548
85 365
85 624
86 129
86 143
87 438
87 492
88 317
88 686
89 134
89 271
90 215
90 222
91 291
91 455
92 251
92 270
93 174
93 555
94 673
94 675
95 129
95 481
96 193
96 484
97 415
97 630
98 135
98 678
99 244
99 621
100 214
100 463
101 576
101 694
102 332
102 477
103 298
103 663
104 189
104 255
105 408
106 312
106 517
107 335
107 385
108 273
108 340
109 257
109 698
110 540
110 551
112 127
112 441
113 368
114 126
114 316
115 506
115 542
116 623
116 629
117 261
117 296
118 387
118 436
119 497
119 501
120 483
120 670
121 569
121 693
122 437
122 535
123 543
123 573
124 375
124 683
125 371
125 474
126 187
127 280
128 130
128 197
130 235
131 495
131 576
132 195
132 669
133 482
133 652
134 393
135 295
136 245
136 422
137 600
137 662
138 504
139 157
139 404
140 180
140 560
141 342
141 382
142 538
142 680
143 408
144 418
144 523
145 357
145 521
146 192
146 303
147 223
147 370
148 240
149 342
149 674
150 262
150 559
151 320
151 402
152 554
152 637
153 482
154 293
154 451
155 479
156 499
156 667
157 311
158 394
159 549
159 675
160 248
160 399
161 259
161 327
162 512
163 256
163 546
164 337
164 433
165 242
165 595
167 531
168 489
168 688
169 590
170 414
170 454
171 183
171 366
172 381
172 601
173 301
173 334
174 537
175 530
175 669
176 329
177 259
178 219
178 566
179 361
179 653
180 240
181 239
181 416
182 206
182 529
183 448
184 695
185 206
185 449
186 472
186 478
188 267
189 557
190 296
191 363
192 203
193 209
194 313
194 699
195 308
196 224
196 331
197 487
198 465
198 491
199 324
199 442
200 519
201 631
202 229
202 305
204 223
204 613
205 254
205 312
207 350
207 620
208 326
208 346
209 513
210 468
210 518
211 279
212 237
212 682
213 537
213 615
214 553
215 346
216 356
216 616
217 231
217 474
218 574
218 640
219 415
220 460
220 651
221 447
221 502
222 543
224 459
225 400
225 699
226 464
226 466
227 328
227 632
228 588
229 661
230 233
230 307
231 275
232 323
233 679
234 502
235 605
236 349
237 634
238 684
239 690
241 334
241 372
242 662
243 260
243 462
244 608
245 462
246 636
246 659
247 272
248 597
249 333
249 439
250 361
250 385
251 545
252 288
252 318
253 287
253 407
254 555
255 450
257 570
258 434
258 529
260 627
261 591
262 265
263 283
263 359
264 439
265 599
266 430
266 666
267 526
268 396
268 493
269 531
269 617
270 496
271 533
272 409
273 476
274 303
274 348
275 471
276 290
276 665
277 600
278 339
278 505
279 281
280 559
281 485
282 347
282 516
283 644
284 403
285 436
285 678
286 322
287 363
288 542
289 577
289 649
290 547
292 596
292 668
293 503
294 471
294 637
295 298
297 341
297 621
299 339
300 428
300 593
301 579
302 421
302 631
304 486
304 504
305 625
306 515
306 668
307 475
309 411
309 604
310 660
311 395
315 636
315 663
316 343
318 349
319 392
319 613
320 611
321 619
321 660
323 384
324 562
325 386
325 430
326 371
327 426
328 686
329 609
330 428
330 492
331 616
332 591
333 528
335 358
338 572
338 691
340 423
341 509
343 582
344 590
344 671
345 417
345 626
347 406
348 679
351 378
351 525
353 589
353 656
354 521
355 536
355 614
356 390
358 634
360 485
360 490
362 608
362 657
364 677
365 494
366 435
367 421
367 506
368 644
369 509
369 676
370 564
372 388
374 640
376 456
376 581
377 490
379 643
379 655
380 501
380 620
381 685
382 567
383 467
383 549
384 524
386 567
387 672
388 487
389 420
389 674
390 654
391 432
391 598
393 419
394 652
395 585
396 441
397 480
397 587
398 491
398 550
400 417
401 500
402 486
403 457
407 449
409 586
410 573
412 587
413 456
413 645
414 488
416 692
419 515
420 638
422 629
424 429
424 667
425 560
426 539
427 459
427 615
429 568
431 522
432 534
433 544
435 468
440 677
440 695
442 648
443 535
444 577
444 607
445 473
445 689
446 583
446 627
447 461
448 512
450 561
452 510
452 687
454 564
457 478
458 586
458 626
460 585
461 499
463 603
464 641
465 624
466 622
467 516
469 656
469 688
470 552
470 683
472 510
473 643
475 606
477 528
479 519
484 589
488 633
495 681
496 547
497 498
498 579
500 514
503 557
505 594
507 650
508 570
508 633
511 571
511 581
514 558
517 632
518 597
520 530
520 538
522 666
523 539
524 575
525 594
526 614
527 563
532 622
532 642
533 552
534 584
536 690
544 607
546 665
548 571
550 618
551 692
553 582
561 684
562 680
565 698
569 641
574 671
575 647
578 693
588 654
595 661
599 612
601 628
602 673
602 689
603 635
604 612
605 606
610 618
610 647
623 639
630 658
639 659
645 681
650 664
685 696
700 113
701 592
-1 -1
1.14675
