1
0 451
0 647
1 392
1 766
2 9
2 222
3 262
3 637
4 18
4 519
5 301
5 573
6 160
6 523
7 605
7 688
8 265
8 392
9 721
10 267
10 586
11 16
11 304
12 120
12 322
13 221
13 768
14 714
14 772
15 293
15 398
16 511
17 609
17 693
18 371
19 394
19 654
20 37
20 463
21 268
21 597
22 108
22 467
23 242
23 569
24 128
24 588
25 109
25 751
26 410
26 737
27 356
27 561
28 491
28 782
29 192
29 243
30 66
30 368
31 164
31 561
32 77
32 201
33 40
33 565
34 178
34 480
35 247
35 674
36 49
36 408
37 553
38 139
38 435
39 208
39 386
40 400
41 672
41 759
42 344
42 470
43 342
43 766
44 470
44 520
45 274
45 314
46 331
46 584
47 385
47 763
48 386
48 755
49 116
50 732
50 769
51 81
51 288
52 176
52 215
53 158
53 636
54 475
54 485
55 172
55 747
56 391
56 753
57 177
57 635
58 712
58 760
59 331
59 709
60 164
60 614
61 68
61 551
62 389
62 627
63 455
63 494
64 325
64 780
65 265
65 462
66 286
67 248
67 587
68 522
69 79
69 85
70 320
70 640
71 689
71 690
72 130
72 668
73 337
73 350
74 133
74 258
75 78
75 105
76 185
76 242
77 558
78 712
79 148
80 589
80 646
81 594
82 511
82 735
83 396
83 747
84 129
84 423
85 457
86 174
86 520
87 594
87 601
88 576
88 579
89 687
89 711
90 412
90 701
91 379
91 690
92 485
92 617
93 258
93 593
94 206
94 521
95 285
95 741
96 123
96 250
97 122
97 665
98 468
98 671
99 497
99 789
100 309
100 635
101 471
101 540
102 204
102 592
103 239
103 481
104 558
104 792
105 297
106 432
106 469
107 516
107 633
108 379
109 130
110 252
110 533
111 370
111 686
112 253
112 577
113 502
113 687
114 333
114 442
115 389
115 646
116 180
117 493
117 729
118 414
118 480
119 244
119 787
120 683
121 371
121 637
122 557
123 727
124 158
124 388
125 475
125 651
126 381
126 631
127 284
127 639
128 435
129 530
131 717
131 735
132 695
132 737
133 652
134 281
134 461
135 189
135 628
136 182
136 425
137 175
137 245
138 397
138 784
139 780
140 566
140 796
141 241
141 415
142 628
142 796
143 154
143 494
144 532
144 578
145 192
145 606
146 257
146 274
147 338
147 513
148 311
149 180
149 254
150 405
150 414
151 347
151 777
152 583
152 588
153 421
153 699
154 527
155 272
155 426
156 285
156 616
157 681
157 726
159 574
159 668
160 775
161 672
161 707
162 409
162 746
163 197
163 362
165 231
165 710
166 209
166 412
167 326
167 658
168 670
168 768
169 173
169 388
170 217
170 776
171 444
171 711
172 442
173 701
174 288
175 744
176 247
177 306
178 786
179 541
179 624
181 336
181 564
182 232
183 252
183 617
184 375
184 550
185 476
186 334
186 648
187 326
187 664
188 418
188 723
189 313
190 380
190 505
191 237
191 504
193 336
193 514
194 651
194 715
195 215
195 762
196 279
196 706
197 449
198 318
198 467
199 552
199 620
200 400
200 654
201 574
202 330
202 733
203 633
203 792
204 707
205 536
205 675
206 372
207 380
207 676
208 586
209 370
210 226
210 447
211 634
211 650
212 539
212 559
213 629
213 638
214 610
214 734
216 523
216 640
217 266
218 333
218 381
219 604
219 644
220 298
220 307
221 703
222 765
223 626
223 784
224 362
224 420
225 355
225 706
226 229
227 366
227 426
228 436
228 717
229 283
230 341
230 404
231 698
232 619
233 249
233 542
234 402
234 495
235 499
235 624
236 512
236 524
237 521
238 540
238 573
239 366
240 484
240 715
241 527
243 255
244 289
245 685
246 287
246 751
248 346
249 440
250 377
251 254
251 344
253 785
255 325
256 665
256 797
257 349
259 335
259 772
260 270
260 296
261 295
261 632
262 266
263 519
263 608
264 615
264 725
267 563
268 583
269 495
269 644
270 754
271 305
271 417
272 403
273 466
273 478
275 664
275 771
276 481
276 597
277 599
277 789
278 448
278 727
279 652
280 570
280 788
281 347
282 555
282 603
283 593
284 394
286 589
287 397
289 774
290 439
290 708
291 395
291 608
292 767
292 790
293 605
294 376
294 587
295 407
296 332
297 797
298 427
299 451
299 460
300 531
300 688
301 346
302 438
302 669
303 330
303 458
304 691
305 575
306 390
307 434
308 338
308 719
309 447
310 456
310 799
311 319
312 569
312 718
313 599
314 322
315 629
315 691
316 450
316 693
317 358
317 424
318 398
319 627
320 399
321 354
321 759
323 365
323 539
324 647
324 721
327 565
327 729
328 487
329 515
329 545
332 603
334 734
335 626
337 582
339 377
339 761
340 666
340 761
341 669
342 396
343 395
343 427
345 430
345 794
348 499
348 696
349 667
350 769
351 456
351 695
352 434
352 618
353 431
353 553
354 742
355 722
356 375
357 374
357 455
358 505
359 382
359 657
360 439
360 632
361 486
361 541
363 408
363 648
364 623
364 790
365 430
367 700
367 777
368 798
369 422
369 542
372 673
373 625
373 667
374 782
376 631
378 428
378 591
382 570
383 401
383 581
384 731
384 788
385 677
387 391
387 677
390 773
393 418
393 457
399 515
401 728
402 525
403 513
404 714
405 799
406 421
406 781
407 754
409 662
410 462
411 552
411 600
413 516
413 554
415 705
416 530
416 578
417 692
419 436
419 533
420 745
422 568
423 718
424 497
425 798
428 566
429 584
429 786
431 778
432 501
433 678
433 740
437 440
437 506
438 716
441 502
441 623
443 487
443 614
444 630
445 483
445 546
446 659
446 775
448 681
449 547
450 458
452 466
452 643
453 744
453 779
454 506
454 547
459 546
459 576
460 509
461 488
463 709
464 545
464 689
465 655
465 683
468 621
469 670
471 704
472 643
472 757
473 491
473 743
474 532
474 559
476 649
477 479
477 753
478 572
479 749
482 696
482 791
483 548
484 529
486 582
488 639
489 556
489 602
490 638
490 752
492 504
492 739
493 554
496 611
496 743
498 560
498 602
500 658
500 764
501 575
503 662
503 739
507 773
507 795
508 679
508 757
509 785
510 657
510 749
512 755
514 752
517 562
517 746
518 543
518 577
522 705
524 571
525 685
526 551
526 661
528 596
528 636
529 724
531 720
534 600
534 675
535 572
535 656
536 763
537 674
537 702
538 656
538 660
543 634
544 661
544 741
548 682
549 645
549 767
550 748
555 562
556 699
557 560
564 607
567 596
567 630
568 720
571 765
579 692
580 610
580 620
581 615
585 604
585 609
590 694
590 787
591 736
592 598
595 612
595 702
598 621
601 725
606 650
607 684
611 619
612 700
613 671
613 740
616 764
618 682
622 760
622 776
625 726
641 703
641 704
642 736
642 791
645 684
649 783
653 756
653 793
655 794
659 742
660 779
663 676
663 679
666 793
673 750
678 680
680 713
686 795
694 719
697 745
697 756
698 771
708 733
710 738
713 778
716 750
722 770
723 728
724 738
730 758
730 762
731 783
732 748
758 781
770 774
800 563
801 328
-1 -1
4.92984
