1
0 239
0 674
1 44
1 521
2 642
2 761
3 163
3 506
4 571
4 629
5 638
6 277
6 672
7 470
7 506
8 467
8 531
9 410
9 623
10 641
10 663
11 185
11 369
12 255
12 710
13 134
13 484
14 85
14 388
15 146
15 524
16 224
16 593
17 46
17 780
18 205
18 575
19 51
19 687
20 540
20 667
21 155
21 201
22 747
22 795
23 159
23 336
24 226
24 339
25 399
25 569
26 94
26 502
27 371
27 715
28 537
28 684
29 454
29 478
30 264
30 468
31 175
31 305
32 509
32 639
33 425
33 575
34 779
34 783
35 366
35 503
36 167
36 582
37 490
37 653
38 142
38 764
39 362
39 678
40 315
40 560
41 341
41 659
42 326
42 619
43 64
43 80
44 304
45 603
45 756
46 322
47 289
47 517
48 494
48 695
49 210
49 540
50 456
50 705
51 636
52 414
52 741
53 453
53 748
54 325
54 780
55 103
55 226
56 720
56 750
57 689
57 740
58 528
58 603
59 474
59 555
60 261
60 636
61 189
61 252
62 327
62 675
63 160
63 789
64 439
65 133
65 291
66 230
66 721
67 728
67 796
68 236
68 381
69 581
69 763
70 739
70 751
71 119
71 321
72 177
72 529
73 132
73 722
74 312
74 405
75 583
75 731
76 343
76 588
77 80
77 707
78 365
78 546
79 161
79 263
81 254
81 353
82 143
82 192
83 107
83 751
84 352
84 709
85 648
86 644
86 767
87 240
87 742
88 195
88 769
89 608
89 661
90 579
90 635
91 693
91 770
92 337
92 759
93 639
93 661
94 254
95 421
95 716
96 709
96 761
97 259
97 426
98 316
98 743
99 544
99 562
100 197
100 380
101 452
101 524
102 607
102 765
103 131
104 429
104 500
105 431
105 748
106 237
106 284
107 145
108 555
108 744
109 358
109 379
110 457
110 708
111 285
111 544
112 271
112 654
113 475
113 481
114 187
114 295
115 235
115 683
116 430
116 466
117 415
117 516
118 349
118 413
119 793
120 690
121 434
121 799
122 267
122 381
123 211
123 399
124 310
124 604
125 249
125 611
126 365
126 382
127 270
127 614
128 569
128 607
129 589
129 614
130 186
130 755
131 701
132 209
133 157
134 234
135 584
135 785
136 224
136 677
137 216
137 441
138 339
138 538
139 331
139 789
140 323
140 659
141 395
141 548
142 700
143 747
144 299
144 688
145 459
146 416
147 539
147 682
148 620
148 692
149 312
149 621
150 348
150 594
151 450
151 745
152 389
152 729
153 258
153 511
154 219
154 362
155 318
156 357
156 508
157 370
158 233
158 793
159 698
160 355
161 308
162 443
162 447
163 469
164 469
164 645
165 542
165 618
166 494
166 599
167 611
168 534
168 608
169 374
169 455
170 364
170 679
171 487
171 706
172 202
172 504
173 262
173 375
174 351
174 389
175 330
176 265
176 446
177 450
178 280
178 384
179 530
179 776
180 209
180 601
181 294
181 574
182 464
182 627
183 462
183 598
184 208
184 453
185 740
186 546
187 550
188 710
188 749
189 395
190 554
190 568
191 602
191 708
192 420
193 451
193 598
194 586
194 756
195 702
196 198
196 625
197 507
198 763
199 273
199 475
200 240
200 314
201 486
202 325
203 350
203 412
204 222
204 229
205 428
206 424
206 539
207 460
207 724
208 533
210 324
211 368
212 532
212 578
213 629
213 682
214 429
214 660
215 559
215 784
216 536
217 306
217 616
218 647
218 704
219 605
220 427
220 434
221 566
221 634
222 329
223 657
223 692
225 332
225 403
227 460
227 703
228 271
228 375
229 455
230 700
231 317
231 768
232 245
232 744
233 479
234 677
235 376
236 765
237 443
238 467
238 521
239 571
241 650
241 711
242 721
242 778
243 336
243 566
244 265
244 367
245 574
246 320
246 675
247 357
247 542
248 272
248 438
249 376
250 466
250 551
251 428
251 777
252 590
253 316
253 716
255 588
256 344
256 378
257 385
257 564
258 343
259 538
260 400
260 437
261 379
262 631
263 383
264 530
266 534
266 552
267 749
268 515
268 597
269 402
269 473
270 501
272 612
273 714
274 471
274 638
275 302
275 518
276 649
276 727
277 548
278 505
278 651
279 387
279 549
280 315
281 283
281 284
282 383
282 477
283 606
285 309
286 320
286 592
287 387
287 777
288 297
288 526
289 684
290 523
290 725
291 472
292 411
292 715
293 334
293 718
294 342
295 418
296 511
296 728
297 707
298 474
298 518
299 513
300 377
300 432
301 341
301 533
302 576
303 314
303 589
304 472
305 664
306 567
307 422
307 797
308 484
309 405
310 596
311 664
311 754
313 500
313 558
317 553
318 652
319 646
319 782
321 647
322 426
323 746
324 601
326 522
327 617
328 504
328 768
329 732
330 701
331 347
332 666
333 364
333 632
334 640
335 446
335 496
337 527
338 528
338 597
340 463
340 626
342 591
344 509
345 578
345 697
346 439
346 652
347 649
348 641
349 417
350 799
351 461
352 668
353 459
354 441
354 627
355 599
356 414
356 779
358 581
359 393
359 651
360 377
360 449
361 385
361 503
363 532
363 733
366 525
367 490
368 694
369 743
370 565
371 568
372 470
372 635
373 407
373 595
374 717
378 585
380 424
382 462
384 592
386 488
386 493
388 541
390 584
390 617
391 583
391 776
392 435
392 760
393 465
394 563
394 737
396 492
396 672
397 561
397 686
398 433
398 513
400 772
401 559
401 697
402 705
403 735
404 557
404 786
406 510
406 619
407 755
408 502
408 620
409 454
409 600
410 797
411 730
412 771
413 788
415 480
416 447
417 547
418 536
419 580
419 727
420 591
421 485
422 582
423 738
423 772
425 686
427 498
430 643
431 463
432 600
433 739
435 713
436 537
436 698
437 671
438 495
440 492
440 573
442 642
442 736
444 473
444 618
445 590
445 610
448 482
448 774
449 476
451 791
452 778
456 757
457 746
458 482
458 717
461 766
464 488
465 577
468 678
471 512
476 610
477 745
478 609
479 665
480 726
481 529
483 656
483 662
485 752
486 690
487 596
489 512
489 685
491 738
491 790
493 634
495 621
496 792
497 624
497 766
498 525
499 732
499 786
501 624
505 674
507 773
508 516
510 602
514 563
514 669
515 609
517 522
519 718
519 788
520 669
520 676
523 645
526 553
527 688
531 702
535 646
535 695
541 545
543 704
543 760
545 753
547 613
549 724
550 558
551 626
552 723
554 734
556 594
556 741
557 572
560 660
561 587
562 666
564 699
565 663
567 781
570 668
570 774
572 658
573 676
576 731
577 653
579 742
580 655
585 712
586 706
587 790
593 604
595 648
605 685
606 712
612 783
613 757
615 696
615 719
616 644
622 640
622 713
623 787
625 671
628 680
628 770
630 719
630 753
631 673
632 637
633 655
633 665
637 683
643 703
650 673
654 662
656 771
657 681
658 769
667 734
670 775
670 787
679 750
680 798
681 782
687 792
689 759
691 730
691 798
693 720
694 764
696 729
699 737
711 791
714 775
722 733
723 773
725 796
726 762
735 754
736 794
752 758
758 795
762 781
767 785
784 794
800 120
801 5
-1 -1
71.36
