1
0 31
0 605
1 7
1 475
2 453
2 764
3 140
3 666
4 739
4 778
5 53
5 559
6 263
6 280
7 566
8 80
8 354
9 399
9 635
10 316
10 445
11 21
11 510
12 521
12 783
13 223
13 371
14 228
14 795
15 51
15 172
16 339
16 546
17 112
17 523
18 267
18 627
19 586
19 701
20 263
20 704
21 673
22 201
22 231
23 254
23 373
24 525
24 748
25 158
25 649
26 247
26 359
27 28
27 335
28 284
29 341
29 789
30 72
30 461
31 60
32 385
32 511
33 454
33 524
34 537
34 549
35 396
35 526
36 120
36 244
37 339
37 761
38 168
38 347
39 387
39 531
40 462
40 670
41 508
41 680
42 175
42 205
43 224
43 498
44 298
44 320
45 287
45 799
46 409
46 637
47 603
47 711
48 446
48 588
49 538
49 687
50 532
50 795
51 765
52 423
52 446
53 438
54 644
54 655
55 82
55 157
56 111
56 791
57 309
57 457
58 298
58 350
59 179
59 630
60 732
61 288
61 587
62 412
62 555
63 141
63 767
64 377
64 793
65 260
65 265
66 204
66 611
67 610
67 709
68 340
68 464
69 210
69 652
70 189
70 515
71 346
71 651
72 630
73 210
73 268
74 653
74 682
75 335
75 499
76 187
76 323
77 377
77 535
78 621
78 760
79 313
79 716
80 626
81 255
81 361
82 595
83 379
83 502
84 512
84 772
85 136
85 741
86 563
86 605
87 296
87 700
88 499
88 765
89 297
89 374
90 489
90 575
91 366
91 784
92 238
92 469
93 458
93 592
94 264
94 719
95 237
95 328
96 388
96 762
97 659
97 769
98 241
98 419
99 181
99 666
100 437
100 566
101 641
101 691
102 334
102 451
103 177
103 383
104 138
104 479
105 261
105 452
106 307
106 362
107 289
107 429
108 166
108 709
109 304
109 454
110 197
110 466
111 270
112 794
113 583
113 608
114 198
114 319
115 200
115 708
116 253
116 502
117 441
118 316
118 715
119 174
119 224
120 735
121 123
121 155
122 248
122 285
123 775
124 212
124 543
125 228
125 514
126 274
126 533
127 622
127 790
128 517
128 555
129 506
129 638
130 477
130 578
131 211
131 275
132 620
132 639
133 281
133 695
134 397
134 595
135 217
135 754
136 177
137 273
137 408
138 314
139 434
139 607
140 315
141 234
142 183
142 297
143 428
143 640
144 295
144 395
145 547
145 594
146 242
146 619
147 571
147 680
148 432
148 561
149 436
149 694
150 447
150 598
151 166
151 213
152 615
152 667
153 347
153 449
154 581
154 589
155 487
156 557
156 642
157 624
158 798
159 194
159 334
160 459
160 635
161 277
161 703
162 278
162 782
163 385
163 649
164 383
164 511
165 507
165 634
167 498
167 684
168 394
169 243
169 785
170 572
170 625
171 293
171 512
172 656
173 399
173 505
174 574
175 457
176 203
176 631
178 660
178 713
179 790
180 183
180 727
181 476
182 379
182 524
184 520
184 560
185 227
185 516
186 417
186 468
187 374
188 414
188 731
189 296
190 306
190 460
191 358
191 384
192 380
192 744
193 252
193 474
194 437
195 245
195 772
196 203
196 644
197 226
198 710
199 604
199 625
200 699
201 779
202 355
202 536
204 412
205 313
206 491
206 591
207 440
207 718
208 392
208 527
209 256
209 395
211 318
212 319
213 487
214 266
214 444
215 558
215 786
216 463
216 626
217 267
218 413
218 534
219 324
219 462
220 259
220 368
221 286
221 461
222 363
222 686
223 310
225 602
225 714
226 735
227 304
229 740
229 758
230 367
230 624
231 787
232 301
232 522
233 245
233 250
234 422
235 378
235 416
236 413
236 639
237 336
238 696
239 403
239 573
240 439
240 556
241 593
242 588
243 471
244 718
246 655
246 793
247 752
248 705
249 481
249 788
250 257
251 432
251 747
252 686
253 796
254 637
255 447
256 299
257 456
258 420
258 617
259 482
260 777
261 465
262 294
262 404
264 676
265 501
266 746
268 503
269 434
269 568
270 726
271 575
271 669
272 419
272 598
273 792
274 388
275 579
276 723
276 752
277 337
278 679
279 291
279 603
280 402
281 384
282 402
282 441
283 293
283 424
284 470
285 596
286 430
287 688
288 703
289 776
290 367
290 467
291 729
292 326
292 396
294 427
295 417
299 728
300 411
300 545
301 722
302 642
302 726
303 494
303 672
305 429
305 705
306 618
307 438
308 526
308 657
309 646
310 534
311 317
311 480
312 331
312 551
314 391
315 677
317 348
318 722
320 430
321 455
321 493
322 345
322 730
323 338
324 661
325 405
325 580
326 492
327 485
327 497
328 530
329 403
329 769
330 386
330 777
331 567
332 523
332 633
333 448
333 489
336 570
337 698
338 751
340 770
341 476
342 486
342 602
343 579
343 629
344 641
344 788
345 471
346 416
348 547
349 493
349 553
350 406
351 590
351 693
352 479
352 485
353 369
353 491
354 701
355 576
356 477
356 682
357 546
357 673
358 796
359 600
360 369
360 661
361 683
362 448
363 604
364 472
364 541
365 496
365 733
366 664
368 787
370 382
370 733
371 613
372 691
372 729
373 443
375 530
375 773
376 738
376 797
378 669
380 663
381 645
381 712
382 638
386 508
387 591
389 513
389 727
390 564
390 713
391 628
392 415
393 613
393 675
394 786
397 756
398 620
398 674
400 561
400 653
401 665
401 697
404 768
405 481
406 658
407 460
407 527
408 761
409 766
410 495
410 720
411 427
414 433
415 551
418 453
418 589
420 694
421 425
421 756
422 732
423 558
424 503
425 671
426 651
426 702
428 577
431 541
431 587
433 768
435 621
435 681
436 616
439 615
440 540
442 544
442 553
443 712
444 522
445 692
449 770
450 562
450 704
451 707
452 542
455 657
456 519
458 500
459 533
463 734
464 568
465 763
466 721
467 779
468 739
469 643
470 513
472 650
473 629
473 775
474 647
475 654
478 536
478 552
480 570
482 780
483 490
483 557
484 507
484 627
486 646
488 622
488 665
490 784
492 690
494 748
495 521
496 590
497 543
500 760
501 539
504 658
504 731
505 734
506 606
509 623
509 707
510 674
514 764
515 767
516 677
517 766
518 612
518 758
519 648
520 710
525 762
528 636
528 683
529 607
529 723
531 576
532 736
535 660
537 759
538 567
539 569
540 563
542 781
544 689
545 668
548 636
548 706
549 717
550 714
550 750
552 614
554 599
554 750
556 652
559 751
562 650
564 678
565 684
565 749
569 753
571 687
572 782
573 586
574 725
577 771
578 581
580 724
582 643
582 746
583 720
584 609
584 737
585 675
585 740
592 783
593 618
594 690
596 632
597 692
597 724
599 623
600 776
601 708
601 721
606 645
608 676
609 759
610 730
611 754
612 648
614 774
616 742
617 685
619 628
631 668
632 755
633 702
634 792
640 671
647 706
654 693
656 662
659 698
662 679
663 763
664 699
667 778
670 695
672 728
678 681
685 745
688 719
689 725
696 799
697 773
700 789
711 755
715 747
716 797
717 736
737 791
738 753
741 757
742 749
743 757
743 785
744 771
745 794
774 781
780 798
800 560
801 117
-1 -1
193.223
