1
0 346
0 622
1 55
1 148
2 220
2 519
3 176
3 178
4 759
4 781
5 336
5 436
6 35
6 278
7 13
7 458
8 289
8 463
9 259
9 268
10 556
10 734
11 429
11 598
12 293
12 327
13 207
14 51
14 433
15 136
15 459
16 326
16 384
17 366
17 551
18 254
18 695
19 321
19 330
20 256
20 443
21 276
21 418
22 359
22 410
23 185
23 514
24 592
24 790
25 459
25 541
26 244
26 707
27 73
27 369
28 84
28 484
29 481
29 620
30 69
30 276
31 386
31 462
32 124
32 216
33 316
33 711
34 139
34 796
35 343
36 530
36 730
37 219
37 416
38 242
38 591
39 104
39 672
40 108
40 499
41 218
41 795
42 451
42 724
43 490
43 726
44 246
44 719
45 604
45 789
46 164
46 225
47 532
47 590
48 267
48 427
49 355
49 700
50 243
50 740
51 253
52 556
52 669
53 134
53 653
54 215
54 687
55 668
56 448
56 771
57 83
57 496
58 734
58 767
59 350
59 461
60 389
60 697
61 189
61 613
62 278
62 485
63 438
63 702
64 339
64 754
65 282
65 363
66 91
66 284
67 223
67 347
68 171
68 511
69 634
70 160
70 622
71 486
71 768
72 608
72 611
73 328
74 593
74 685
75 564
75 646
76 684
76 718
77 392
77 770
78 244
78 317
79 258
79 285
80 521
80 602
81 563
81 701
82 158
82 753
83 152
84 269
85 420
85 572
86 535
86 578
87 346
87 366
88 104
88 252
89 316
89 664
90 368
90 605
91 339
92 528
92 628
93 286
93 351
94 225
94 527
95 231
95 523
96 311
96 362
97 388
97 621
98 198
98 286
99 305
99 351
100 199
100 758
101 440
101 589
102 667
102 681
103 199
103 664
105 142
105 615
106 455
106 662
107 120
107 122
108 398
109 545
109 624
110 529
110 747
111 127
111 322
112 215
112 799
113 327
113 501
114 421
114 744
115 158
115 493
116 378
116 589
117 385
117 645
118 126
118 642
119 155
119 543
120 597
121 537
121 608
122 324
123 234
123 312
124 650
125 399
125 612
126 793
127 546
128 180
128 506
129 522
129 586
130 263
130 405
131 303
131 798
132 184
132 691
133 162
133 264
134 599
135 252
135 257
136 344
137 205
137 241
138 574
138 712
139 308
140 513
140 766
141 444
141 520
142 345
143 250
143 281
144 440
145 298
145 742
146 700
146 729
147 166
147 191
148 507
149 193
149 354
150 400
150 500
151 285
151 732
152 436
153 439
153 741
154 582
154 603
155 624
156 645
156 699
157 524
157 632
159 173
159 710
160 776
161 657
161 690
162 415
163 424
163 550
164 709
165 326
165 497
166 476
167 304
167 395
168 321
168 480
169 534
169 629
170 412
170 617
171 684
172 729
172 749
173 569
174 572
174 591
175 445
175 546
176 357
177 677
177 783
178 509
179 662
179 682
180 722
181 748
181 786
182 372
182 617
183 213
183 302
184 635
185 315
186 399
186 653
187 300
187 680
188 468
188 702
189 490
190 438
190 714
191 271
192 599
192 706
193 271
194 293
194 561
195 347
195 432
196 570
196 727
197 525
197 552
198 598
200 210
200 555
201 437
201 538
202 646
202 717
203 209
203 261
204 257
204 308
205 792
206 350
206 767
207 263
208 353
208 725
209 266
210 596
211 348
211 479
212 603
212 615
213 287
214 280
214 733
216 218
217 455
217 585
219 641
220 796
221 474
221 750
222 309
222 663
223 577
224 573
224 720
226 550
226 701
227 300
227 652
228 283
228 588
229 336
229 533
230 322
230 732
231 496
232 332
232 785
233 484
233 604
234 540
235 512
235 665
236 358
236 383
237 279
237 770
238 477
238 651
239 388
239 393
240 554
240 566
241 255
242 752
245 579
245 772
246 349
247 497
247 768
248 659
248 773
249 463
249 709
250 394
251 428
251 739
253 333
254 418
255 668
256 650
258 386
259 280
260 411
260 453
261 544
262 498
262 652
264 747
265 369
265 601
266 294
267 678
268 395
269 467
270 367
270 520
272 445
272 640
273 416
273 655
274 580
274 687
275 433
275 623
277 427
277 614
279 312
281 671
282 460
283 586
284 547
287 345
288 329
288 644
289 536
290 309
290 621
291 292
291 401
292 320
294 444
295 705
295 797
296 435
296 728
297 306
297 328
298 721
299 402
299 711
301 456
301 725
302 318
303 698
304 695
305 449
306 799
307 451
307 590
310 507
310 689
311 385
313 337
313 430
314 396
314 777
315 677
317 708
318 777
319 375
319 596
320 510
323 325
323 635
324 464
325 576
329 501
330 464
331 571
331 779
332 790
333 356
334 613
334 623
335 415
335 679
337 554
338 341
338 703
340 616
340 778
341 784
342 407
342 683
343 528
344 694
348 499
349 791
352 707
352 714
353 602
354 782
355 442
356 746
357 642
358 400
359 512
360 692
360 761
361 371
361 526
362 429
363 467
364 634
364 736
365 454
365 560
367 625
368 577
370 537
370 651
371 679
372 531
373 428
373 655
374 405
374 534
375 408
376 696
376 784
377 542
377 671
378 549
379 450
379 491
380 392
380 465
381 419
381 584
382 393
382 672
383 560
384 647
387 402
387 515
389 686
390 450
390 619
391 562
391 756
394 744
396 661
397 516
397 588
398 776
401 489
403 425
403 595
404 406
404 557
406 482
407 551
408 465
409 545
409 763
410 482
411 515
412 435
413 526
413 765
414 504
414 660
417 471
417 633
419 718
420 735
421 717
422 475
422 529
423 555
423 610
424 516
425 606
426 592
426 658
430 736
431 481
431 660
432 579
434 606
434 665
437 505
439 667
441 636
441 706
442 539
443 724
446 492
446 685
447 473
447 593
448 470
449 798
452 643
452 781
453 518
454 682
456 737
457 479
457 738
458 754
460 658
461 573
462 518
466 567
466 764
468 571
469 633
469 733
470 688
471 769
472 632
472 772
473 738
474 540
475 708
476 748
477 693
478 492
478 525
480 730
483 749
483 797
485 780
486 514
487 510
487 607
488 506
488 580
489 643
491 766
493 648
494 563
494 788
495 548
495 641
498 755
500 697
502 538
502 792
503 505
503 769
504 764
508 618
508 762
509 715
511 666
513 673
517 530
517 743
519 638
521 742
522 722
523 703
524 568
527 674
531 676
532 692
533 760
535 731
536 565
539 669
541 699
542 612
543 649
544 716
547 574
548 686
549 594
552 789
553 704
553 774
557 743
558 609
558 719
559 637
559 774
561 763
562 782
564 567
565 629
566 760
568 648
569 698
570 587
575 584
575 731
576 626
578 696
581 607
581 705
582 753
583 726
583 761
585 787
587 625
594 759
595 680
597 780
600 639
600 673
601 757
605 794
609 713
610 762
611 616
614 735
618 626
619 704
620 644
627 745
627 786
628 756
630 788
630 791
631 739
631 773
636 659
637 723
638 676
639 794
640 771
647 721
649 656
654 661
654 741
656 713
657 694
663 670
666 740
670 689
674 758
675 693
675 728
678 720
681 751
683 783
688 710
690 746
691 779
712 750
715 765
716 737
723 757
727 775
745 778
751 785
752 795
755 775
787 793
800 144
801 243
-1 -1
260.53
