1
0 307
0 503
1 331
1 489
2 54
2 785
3 592
3 720
4 284
4 698
5 568
5 780
6 322
6 714
7 96
7 696
8 25
8 482
9 138
9 331
10 57
10 65
11 325
11 704
12 33
12 750
13 583
13 670
14 20
14 137
15 118
15 623
16 179
16 478
17 500
17 535
18 181
18 531
19 542
20 139
21 369
21 460
22 24
22 268
23 485
23 732
24 634
25 725
26 415
26 495
27 536
27 598
28 109
28 771
29 311
29 772
30 292
30 467
31 80
31 103
32 66
32 403
33 267
34 195
34 657
35 498
35 538
36 357
36 442
37 490
37 641
38 201
38 653
39 647
39 731
40 398
40 580
41 173
41 319
42 204
42 601
43 139
43 610
44 599
44 759
45 487
45 791
46 635
46 787
47 165
47 211
48 140
48 539
49 229
49 249
50 285
50 417
51 193
51 608
52 408
52 786
53 178
53 250
54 342
55 148
55 622
56 58
56 165
57 566
58 144
59 617
59 739
60 393
60 561
61 543
61 627
62 196
62 455
63 155
63 555
64 241
64 256
65 558
66 744
67 702
67 758
68 190
68 226
69 230
69 550
70 124
70 751
71 273
71 408
72 384
72 614
73 259
73 646
74 609
74 614
75 123
75 544
76 457
76 572
77 632
77 693
78 150
78 275
79 151
79 574
80 633
81 222
81 287
82 174
82 247
83 747
83 783
84 306
84 402
85 693
85 752
86 573
86 752
87 198
87 217
88 283
88 600
89 523
89 715
90 201
90 504
91 134
91 570
92 399
92 451
93 204
93 472
94 123
94 164
95 409
95 664
96 414
97 209
97 231
98 717
98 749
99 446
99 481
100 175
100 761
101 517
101 569
102 383
102 612
103 332
104 164
104 469
105 628
105 771
106 365
106 476
107 247
107 360
108 412
108 792
109 147
110 489
110 740
111 309
111 507
112 661
112 791
113 640
113 675
114 318
114 379
115 337
115 500
116 314
116 379
117 326
117 366
118 340
119 630
119 685
120 660
120 675
121 364
121 692
122 271
122 579
124 480
125 296
125 315
126 272
126 283
127 275
127 486
128 680
128 758
129 177
129 329
130 641
130 709
131 154
131 428
132 212
132 276
133 141
133 636
134 717
135 406
135 450
136 378
136 541
137 595
138 679
140 488
141 768
142 491
142 760
143 661
143 739
144 700
145 531
145 552
146 392
146 735
147 463
148 244
149 298
149 684
150 787
151 587
152 347
152 616
153 317
153 454
154 315
155 610
156 542
156 578
157 624
157 789
158 416
158 537
159 168
159 691
160 377
160 678
161 444
161 518
162 596
162 730
163 605
163 799
166 353
166 565
167 305
167 681
168 413
169 311
169 557
170 293
170 636
171 488
171 497
172 380
172 652
173 355
174 556
175 353
176 479
176 628
177 543
178 770
179 439
180 288
180 767
181 547
182 453
182 734
183 411
183 521
184 604
184 613
185 673
185 720
186 403
186 716
187 385
187 714
188 422
188 798
189 397
189 467
190 473
191 391
191 695
192 550
192 554
193 726
194 291
194 563
195 444
196 669
197 648
197 667
198 208
199 740
199 757
200 604
200 764
202 383
202 510
203 461
203 646
205 294
205 448
206 394
206 790
207 430
207 469
208 617
209 335
210 307
210 519
211 248
212 686
213 359
213 700
214 289
214 572
215 588
215 719
216 386
216 774
217 310
218 264
218 376
219 358
219 441
220 549
220 655
221 380
221 745
222 266
223 520
223 593
224 338
224 689
225 367
225 436
226 583
227 737
227 755
228 300
228 475
229 528
230 692
231 566
232 360
232 668
233 237
233 507
234 406
234 706
235 427
235 678
236 254
236 289
237 340
238 581
238 721
239 573
239 691
240 308
240 798
241 625
242 345
242 499
243 568
243 682
244 302
245 255
245 599
246 423
246 654
248 736
249 468
250 322
251 355
251 465
252 424
252 438
253 396
253 629
254 665
255 343
256 699
257 445
257 471
258 667
258 709
259 712
260 524
260 567
261 431
261 708
262 558
262 763
263 405
263 797
264 304
265 511
265 631
266 781
267 651
268 557
269 601
269 642
270 282
270 456
271 561
272 618
273 738
274 525
274 749
276 704
277 470
277 707
278 775
278 797
279 420
279 545
280 539
280 584
281 517
281 649
282 373
284 461
285 427
286 590
286 697
287 606
288 495
290 496
290 521
291 319
292 339
293 453
294 626
295 497
295 502
296 672
297 530
297 775
298 540
299 533
299 777
300 559
301 312
301 347
302 574
303 305
303 715
304 764
306 404
308 522
309 576
310 432
312 711
313 425
313 697
314 754
316 477
316 594
317 778
318 323
320 343
320 769
321 329
321 642
323 417
324 374
324 609
325 607
326 346
327 527
327 779
328 540
328 687
330 493
330 708
332 575
333 349
333 363
334 393
334 430
335 663
336 433
336 669
337 777
338 729
339 382
341 455
341 581
342 365
344 434
344 718
345 437
346 653
348 401
348 520
349 585
350 525
350 627
351 505
351 577
352 409
352 620
354 396
354 603
356 483
356 774
357 376
358 625
359 733
361 384
361 407
362 611
362 796
363 707
364 586
366 560
367 416
368 684
368 790
369 548
370 373
370 683
371 478
371 703
372 399
372 506
374 770
375 448
375 637
377 756
378 494
381 637
381 723
382 551
385 527
386 638
387 677
387 698
388 538
388 577
389 534
389 744
390 645
390 680
391 794
392 772
394 659
395 546
395 643
397 650
398 535
400 533
400 677
401 652
402 449
404 648
405 537
407 541
410 660
410 751
411 656
412 471
413 732
414 716
415 515
418 484
418 523
419 580
419 768
420 662
421 487
421 735
422 623
423 674
424 776
425 504
426 460
426 773
428 690
429 472
429 512
431 713
432 784
433 666
434 452
435 564
435 748
436 746
437 668
438 658
439 536
440 518
440 703
441 591
442 634
443 621
443 651
445 778
446 619
447 479
447 718
449 753
450 666
451 547
452 530
454 567
456 731
457 511
458 466
458 618
459 477
459 736
462 482
462 582
463 506
464 532
464 593
465 766
466 638
468 591
470 629
473 607
474 747
474 793
475 483
476 686
480 724
481 722
484 795
485 526
486 656
490 796
491 676
492 562
492 600
493 516
494 795
496 626
498 799
499 741
501 687
501 729
502 788
503 781
505 508
508 544
509 553
509 588
510 584
512 681
513 590
513 769
514 579
514 613
515 730
516 654
519 552
522 782
524 672
526 619
528 556
529 602
529 612
532 725
534 650
545 674
546 587
548 767
549 728
551 571
553 773
554 748
555 649
559 757
560 696
562 671
563 616
564 615
565 742
569 659
570 733
575 726
576 705
578 782
582 595
585 760
586 620
589 603
589 644
592 631
594 690
596 605
597 701
597 721
598 719
602 743
606 755
608 694
611 745
615 635
621 763
622 705
624 639
630 662
632 776
633 664
639 671
640 762
643 685
644 706
645 765
647 727
655 734
657 722
658 665
663 784
670 788
673 679
676 695
682 710
683 713
688 759
688 789
689 785
694 741
699 724
701 710
702 746
711 756
712 792
723 765
727 794
728 742
737 793
738 761
743 779
750 766
753 762
754 786
780 783
800 571
801 19
-1 -1
312.407
