1
0 432
0 774
1 45
1 736
2 573
2 683
3 68
3 596
4 73
4 258
5 102
5 644
6 504
6 782
7 105
7 394
8 198
8 270
9 68
9 519
10 87
10 752
11 402
11 725
12 115
12 758
13 344
13 534
14 509
14 742
15 64
15 318
16 210
16 387
17 450
17 762
18 100
18 183
19 426
19 706
20 89
20 122
21 197
21 291
22 399
22 519
23 380
23 487
24 337
24 545
25 43
25 669
26 75
26 708
27 491
27 496
28 656
28 658
29 74
29 708
30 564
30 676
31 613
31 728
32 223
32 654
33 364
33 636
34 437
34 651
35 308
35 461
36 90
36 669
37 263
37 600
38 547
38 778
39 326
39 333
40 270
40 639
41 170
41 661
42 360
42 778
43 581
44 155
44 435
45 463
46 590
46 767
47 53
47 372
48 71
48 169
49 311
49 731
50 209
50 629
51 719
51 765
52 188
52 521
53 584
54 252
54 480
55 167
55 725
56 302
56 339
57 467
57 711
58 69
58 88
59 567
59 576
60 719
60 779
61 618
61 630
62 221
62 291
63 427
63 646
64 512
65 346
65 478
66 734
66 742
67 231
67 657
69 253
70 190
70 199
71 641
72 397
72 621
73 526
74 625
75 418
76 244
76 321
77 148
77 313
78 392
78 732
79 120
79 300
80 276
80 415
81 84
81 371
82 184
82 286
83 273
83 361
84 428
85 288
85 610
86 279
86 738
87 347
88 260
89 434
90 702
91 97
91 344
92 583
92 608
93 265
93 783
94 376
94 538
95 419
95 769
96 120
96 587
97 156
98 308
98 521
99 237
99 301
100 431
101 297
101 388
102 345
103 240
103 541
104 595
105 299
106 744
106 794
107 492
107 497
108 473
108 557
109 168
109 769
110 570
110 740
111 773
111 781
112 528
112 700
113 540
113 793
114 454
114 736
115 164
116 298
116 641
117 398
117 448
118 384
118 483
119 131
119 301
121 275
121 626
122 412
123 347
123 484
124 140
124 252
125 619
125 743
126 142
126 561
127 464
127 699
128 227
128 597
129 327
129 427
130 576
130 614
131 272
132 506
132 660
133 267
133 632
134 609
134 689
135 277
135 674
136 512
136 796
137 299
137 438
138 180
138 673
139 304
139 688
140 522
141 251
141 758
142 329
143 421
143 433
144 267
144 598
145 326
145 483
146 148
146 354
147 346
147 571
149 239
149 508
150 704
150 741
151 433
151 460
152 596
152 768
153 212
153 510
154 671
154 787
155 256
156 378
157 600
157 634
158 690
158 701
159 260
159 523
160 227
160 791
161 514
161 659
162 173
162 610
163 187
163 320
164 454
165 293
165 450
166 240
166 603
167 591
168 225
169 694
170 357
171 295
171 638
172 296
172 310
173 366
174 379
174 578
175 539
175 667
176 307
176 707
177 457
177 507
178 642
178 729
179 365
179 602
180 695
181 348
181 460
182 336
182 739
183 336
184 532
185 212
185 498
186 647
186 664
187 703
188 315
189 294
189 434
190 551
191 386
191 537
192 589
192 617
193 456
193 488
194 621
194 624
195 383
195 672
196 493
196 523
197 627
198 309
199 420
200 338
200 721
201 772
201 776
202 330
202 623
203 287
203 489
204 393
204 418
205 443
205 766
206 637
206 743
207 245
207 790
208 278
208 414
209 785
210 247
211 429
211 491
213 381
213 595
214 320
214 715
215 236
215 303
216 451
216 681
217 750
217 784
218 624
218 662
219 659
219 730
220 638
220 689
221 425
222 770
222 787
223 431
224 248
224 305
225 529
226 390
226 417
228 501
228 797
229 294
229 550
230 349
230 447
231 372
232 393
232 566
233 257
233 472
234 338
234 392
235 281
235 502
236 643
237 561
238 280
238 340
239 373
241 422
241 594
242 254
242 364
243 248
243 369
244 500
245 516
246 652
246 696
247 671
249 722
249 731
250 520
250 713
251 586
253 369
254 499
255 686
255 796
256 486
257 588
258 592
259 587
259 718
261 528
261 675
262 385
262 482
263 685
264 335
264 649
265 452
266 279
266 359
268 665
268 763
269 567
269 634
271 440
271 527
272 453
273 611
274 439
274 524
275 711
276 766
277 381
278 390
280 492
281 546
282 443
282 475
283 368
283 423
284 407
284 572
285 377
285 474
286 630
287 767
288 751
289 441
289 700
290 324
290 421
292 391
292 637
293 666
295 737
296 541
297 405
298 628
300 350
302 424
303 332
304 355
305 722
306 540
306 609
307 537
309 317
310 699
311 620
312 464
312 663
313 580
314 475
314 562
315 436
316 707
316 716
317 612
318 732
319 368
319 384
321 780
322 760
322 768
323 506
323 613
324 776
325 501
325 710
327 799
328 406
328 481
329 620
330 693
331 500
331 759
332 714
333 635
334 362
334 737
335 359
337 559
339 543
340 585
341 534
341 599
342 524
342 791
343 459
343 763
345 588
348 410
349 505
350 517
351 367
351 679
352 563
352 750
353 437
353 788
354 471
355 698
356 516
356 792
357 481
358 472
358 686
360 607
361 648
362 677
363 584
363 682
365 468
366 451
367 373
370 411
370 538
371 760
374 386
374 404
375 411
375 795
376 462
377 741
378 678
379 530
380 788
382 618
382 710
383 691
385 515
387 635
388 527
389 466
389 545
391 611
394 724
395 629
395 651
396 439
396 709
397 407
398 693
399 663
400 401
400 402
401 726
403 441
403 468
404 466
405 463
406 428
408 757
408 798
409 569
409 697
410 631
412 592
413 724
413 745
414 556
415 445
416 456
416 544
417 419
420 568
422 692
423 425
424 694
426 733
429 785
430 536
430 581
432 458
435 487
436 622
438 582
440 764
442 510
442 650
444 679
444 773
445 577
446 465
446 496
447 477
448 449
449 560
452 653
453 574
455 553
455 715
457 771
458 640
459 797
461 748
462 720
465 657
467 729
469 473
469 604
470 509
470 692
471 798
474 723
476 602
476 756
477 735
478 739
479 515
479 765
480 577
482 615
484 668
485 709
485 745
486 660
488 775
489 572
490 642
490 738
493 774
494 547
494 786
495 514
495 626
497 607
498 789
499 727
502 658
503 546
503 643
504 703
505 579
507 555
508 619
511 672
511 718
513 594
513 748
517 518
518 753
520 681
522 553
525 605
525 704
526 649
529 533
530 756
531 627
531 685
532 717
533 552
535 625
535 706
536 633
539 683
542 761
542 772
543 645
544 559
548 655
548 771
549 571
549 799
550 792
551 789
552 653
554 574
554 606
555 726
556 670
557 668
558 687
558 705
560 599
562 697
563 735
564 682
565 569
565 570
566 759
568 793
573 698
575 677
575 713
578 678
579 747
580 586
582 764
583 632
585 691
589 762
590 786
591 597
593 662
593 757
598 680
601 608
601 714
603 644
604 790
605 652
606 747
612 656
614 633
615 775
616 670
616 777
617 701
622 744
623 664
628 749
631 752
636 754
639 655
640 781
645 728
647 702
648 673
650 695
654 661
665 723
666 680
667 794
674 690
675 751
676 770
684 696
684 795
687 753
688 733
705 755
712 734
712 782
716 730
717 783
720 754
721 740
727 746
746 784
749 780
755 761
777 779
800 646
801 104
-1 -1
172.019
