69
0 81
0 146
2 31
4 91
5 35
5 125
6 96
8 88
9 199
10 110
12 192
12 84
13 56
14 180
14 182
15 112
15 86
17 116
17 158
18 162
18 70
20 188
21 23
22 41
23 30
24 80
24 148
26 100
26 190
27 96
27 177
29 107
29 135
30 141
31 142
32 146
32 108
33 48
34 161
34 67
35 68
38 138
38 127
39 148
40 127
41 194
42 159
43 101
44 113
44 139
46 135
47 131
47 156
48 112
49 66
49 62
50 157
50 55
52 122
53 128
54 159
54 85
55 166
56 98
57 65
57 95
58 145
60 80
60 189
62 87
63 140
63 119
66 149
67 111
68 82
69 136
69 94
71 128
73 168
75 193
75 129
77 111
77 99
78 100
78 198
81 126
82 99
83 97
84 124
86 126
87 163
88 95
89 158
91 103
92 162
94 115
97 142
98 118
101 119
102 177
102 116
104 131
104 110
105 168
105 153
106 199
107 185
109 115
113 133
114 145
114 175
117 124
122 163
125 147
133 178
140 150
144 188
149 189
150 167
151 196
151 157
154 193
154 167
160 165
160 174
164 182
166 175
170 190
172 194
179 185
180 183
200 1
200 2
200 3
200 4
200 6
200 7
200 10
200 11
200 16
200 19
200 20
200 21
200 25
200 28
200 33
200 36
200 37
200 40
200 42
200 45
200 51
200 52
200 58
200 59
200 61
200 64
200 71
200 72
200 73
200 74
200 76
200 79
200 90
200 92
200 93
200 108
200 117
200 118
200 120
200 121
200 123
200 129
200 130
200 132
200 134
200 137
200 139
200 143
200 152
200 153
200 155
200 165
200 169
200 170
200 171
200 173
200 174
200 176
200 178
200 179
200 181
200 184
200 186
200 187
200 191
200 192
200 195
200 197
200 198
201 1
201 3
201 7
201 8
201 9
201 11
201 13
201 16
201 19
201 22
201 25
201 28
201 36
201 37
201 39
201 43
201 45
201 46
201 51
201 53
201 59
201 61
201 64
201 65
201 70
201 72
201 74
201 76
201 79
201 83
201 85
201 89
201 90
201 93
201 103
201 106
201 109
201 120
201 121
201 123
201 130
201 132
201 134
201 136
201 137
201 138
201 141
201 143
201 144
201 147
201 152
201 155
201 156
201 161
201 164
201 169
201 171
201 172
201 173
201 176
201 181
201 183
201 184
201 186
201 187
201 191
201 195
201 196
201 197
-1 -1
0.005833
