59
0 146
0 20
1 67
1 94
2 58
2 102
3 124
4 134
4 63
6 40
6 105
7 163
8 116
9 164
9 165
10 112
10 67
12 19
12 188
13 91
14 106
15 148
16 24
16 78
17 29
20 108
22 80
22 44
23 142
24 25
25 161
26 143
27 34
28 156
29 198
31 95
32 121
32 94
33 35
34 127
36 113
38 199
39 95
40 108
41 65
41 133
42 139
44 194
46 118
46 62
47 192
48 145
51 117
52 153
53 61
54 92
55 106
55 162
56 192
56 135
58 194
59 96
59 138
60 141
61 64
62 180
64 170
66 117
68 128
69 90
69 92
70 124
71 114
71 87
72 107
72 139
73 80
73 138
74 121
74 75
75 190
76 119
77 163
78 129
81 164
81 84
82 118
82 93
83 176
84 142
85 161
85 111
86 141
87 171
88 144
88 153
89 184
89 157
91 103
96 143
98 182
99 137
100 116
100 182
102 110
103 125
104 193
104 178
107 180
109 145
109 196
111 137
112 169
113 128
115 179
115 166
120 162
120 186
122 131
122 147
123 195
125 152
126 166
129 149
130 152
131 189
132 193
135 159
136 150
146 175
150 165
154 173
160 188
168 171
170 179
172 183
174 199
175 196
181 190
185 195
191 197
200 3
200 5
200 7
200 8
200 11
200 13
200 14
200 17
200 18
200 19
200 21
200 23
200 27
200 28
200 30
200 31
200 33
200 37
200 43
200 45
200 48
200 49
200 50
200 51
200 54
200 57
200 76
200 77
200 79
200 90
200 93
200 97
200 99
200 101
200 105
200 132
200 133
200 136
200 140
200 144
200 151
200 155
200 156
200 158
200 159
200 167
200 168
200 169
200 172
200 173
200 174
200 177
200 183
200 184
200 185
200 186
200 187
200 189
200 191
201 5
201 11
201 15
201 18
201 21
201 26
201 30
201 35
201 36
201 37
201 38
201 39
201 42
201 43
201 45
201 47
201 49
201 50
201 52
201 53
201 57
201 60
201 63
201 65
201 66
201 68
201 70
201 79
201 83
201 86
201 97
201 98
201 101
201 110
201 114
201 119
201 123
201 126
201 127
201 130
201 134
201 140
201 147
201 148
201 149
201 151
201 154
201 155
201 157
201 158
201 160
201 167
201 176
201 177
201 178
201 181
201 187
201 197
201 198
-1 -1
0.009691
