1
0 110
0 534
1 224
1 401
2 374
2 540
3 178
3 434
4 37
4 231
5 459
6 53
6 481
7 76
7 590
8 151
8 255
9 55
9 309
10 63
10 223
11 154
11 483
12 346
12 420
13 175
13 184
14 432
14 504
15 87
15 501
16 143
16 455
17 71
17 368
18 185
18 315
19 153
19 251
20 169
20 534
21 244
21 292
22 30
22 229
23 103
23 308
24 25
24 48
25 298
26 270
26 304
27 312
27 466
28 216
28 314
29 439
29 509
30 235
31 294
31 596
32 499
32 593
33 259
33 460
34 141
34 207
35 329
35 400
36 118
36 221
37 121
38 286
38 502
39 268
39 369
40 41
40 450
41 133
42 171
42 371
43 66
43 147
44 65
44 300
45 237
45 574
46 421
46 486
47 166
47 316
48 127
49 98
49 180
50 98
50 490
51 290
51 561
52 546
53 478
54 111
54 117
55 73
56 380
56 550
57 230
57 383
58 344
58 523
59 129
59 579
60 323
60 486
61 131
61 238
62 227
62 321
63 454
64 355
64 388
65 297
66 330
67 165
67 402
68 119
68 144
69 320
69 328
70 125
70 569
71 148
72 266
72 349
73 489
74 359
74 375
75 258
75 564
76 535
77 168
77 412
78 93
78 529
79 400
79 445
80 314
80 399
81 203
81 245
82 83
82 517
83 404
84 419
84 461
85 90
85 417
86 499
86 540
87 318
88 379
88 440
89 263
89 557
90 539
91 342
91 586
92 182
92 464
93 192
94 476
94 586
95 108
95 468
96 255
96 418
97 264
97 527
99 206
99 597
100 462
100 467
101 220
101 482
102 287
102 498
103 186
104 532
104 563
105 246
105 288
106 302
106 452
107 257
107 530
108 195
109 475
109 583
110 560
111 116
112 436
112 574
113 382
113 494
114 389
114 423
115 387
115 410
116 424
117 291
118 293
119 228
120 337
120 571
121 537
122 395
122 538
123 175
123 214
124 222
124 251
125 315
126 431
126 438
127 391
128 419
128 566
129 589
130 213
130 425
131 583
132 152
132 426
133 446
134 225
134 543
135 306
135 415
136 317
136 446
137 248
137 281
138 452
138 599
139 274
139 567
140 447
140 468
141 552
142 427
142 552
143 279
144 473
145 413
145 506
146 436
146 515
147 465
148 470
149 244
149 348
150 241
150 262
151 226
152 328
153 498
154 186
155 286
155 487
156 311
156 352
157 199
157 445
158 273
158 276
159 277
159 525
160 200
160 343
161 164
161 598
162 218
162 336
163 183
163 541
164 572
165 356
166 516
167 197
167 333
168 367
169 369
170 176
170 235
171 213
172 437
172 454
173 367
173 477
174 272
174 443
176 514
177 327
177 537
178 557
179 242
179 283
180 311
181 302
181 529
182 249
183 570
184 440
185 511
187 338
187 461
188 215
188 256
189 207
189 456
190 254
190 344
191 264
191 321
192 397
193 594
193 596
194 305
194 376
195 500
196 392
196 480
197 354
198 350
198 493
199 575
200 201
201 595
202 285
202 430
203 554
204 496
204 588
205 239
205 394
206 260
208 239
208 392
209 224
209 528
210 511
210 512
211 270
211 331
212 457
212 513
214 495
215 520
216 304
217 366
217 505
218 339
219 291
219 393
220 433
221 403
222 378
223 536
225 370
226 545
227 271
228 465
229 497
230 310
231 491
232 306
232 520
233 326
233 365
234 252
234 379
236 282
236 479
237 360
238 561
240 263
240 339
241 372
242 332
243 337
243 526
245 527
246 341
247 279
247 416
248 385
249 313
250 296
250 352
252 578
253 267
253 530
254 432
256 453
257 507
258 386
259 565
260 406
261 438
261 542
262 345
265 512
265 558
266 431
267 515
268 425
269 285
269 301
271 519
272 463
273 414
274 278
275 424
275 580
276 334
277 479
278 299
280 504
280 547
281 430
282 591
283 370
284 509
284 599
287 322
288 484
289 290
289 390
292 413
293 366
294 396
295 450
295 578
296 417
297 476
298 508
299 399
300 343
301 428
303 376
303 471
305 348
307 449
307 532
308 457
309 439
310 322
312 428
313 488
316 556
317 420
318 441
319 325
319 462
320 585
323 528
324 405
324 407
325 329
326 444
327 351
330 423
331 389
332 335
333 567
334 482
335 551
336 495
338 542
340 408
340 548
341 444
342 548
345 568
346 375
347 398
347 408
349 447
350 522
351 381
353 568
353 585
354 360
355 361
356 535
357 361
357 386
358 359
358 523
362 409
362 441
363 456
363 560
364 464
364 483
365 579
368 544
371 481
372 451
373 451
373 538
374 484
377 402
377 415
378 558
380 524
381 563
382 406
383 549
384 405
384 582
385 493
387 401
388 551
390 514
391 410
393 584
394 477
395 480
396 503
397 492
398 460
403 422
404 569
407 510
409 587
411 573
411 576
412 490
414 546
416 475
418 491
421 592
422 566
426 472
427 584
429 513
429 559
433 531
434 466
435 448
435 472
437 553
442 485
442 591
443 577
448 553
449 581
453 562
455 494
458 467
458 555
459 564
463 559
469 517
469 554
470 521
471 556
473 521
474 539
474 590
478 524
485 526
487 496
488 544
489 507
492 505
497 570
500 510
501 565
502 562
503 508
506 550
516 582
518 522
518 533
519 525
531 536
533 572
541 589
543 581
545 547
549 592
555 573
571 587
575 598
576 594
577 588
580 597
593 595
600 52
601 5
-1 -1
10.768
