1
0 236
0 54
1 295
1 239
2 109
2 183
3 223
3 240
4 6
4 67
5 277
5 230
6 184
7 138
7 214
8 129
8 244
9 130
9 178
10 139
10 189
11 22
11 127
12 146
12 206
13 57
13 103
14 203
14 210
15 94
15 229
16 78
16 240
17 108
17 118
18 131
18 198
19 114
19 125
20 28
20 55
21 126
21 294
22 271
23 163
23 249
24 117
24 297
25 113
25 149
26 40
26 189
27 81
27 88
28 299
29 35
29 171
30 264
30 218
31 147
31 228
32 256
32 143
33 154
33 284
34 278
34 232
35 122
36 292
36 179
37 110
37 200
38 258
38 91
39 87
39 253
40 54
41 83
41 148
42 122
42 123
43 228
43 237
44 156
44 162
45 290
45 123
46 193
46 283
47 298
47 195
48 80
48 276
49 299
49 112
50 75
50 230
51 295
51 182
52 120
52 152
53 113
53 224
55 102
56 162
56 220
57 211
58 260
58 90
59 76
59 181
60 64
60 199
61 184
61 204
62 285
62 63
63 192
64 79
65 243
65 85
66 281
66 180
67 161
68 266
68 201
69 139
69 289
70 110
70 233
71 142
71 180
72 256
72 77
73 104
73 252
74 205
74 79
75 235
76 208
77 291
78 212
80 159
81 255
82 128
82 261
83 177
84 128
84 186
85 281
86 175
86 188
87 104
88 258
89 117
89 191
90 93
91 251
92 198
92 227
93 97
94 199
95 274
95 250
96 270
96 105
97 265
98 190
98 249
99 277
99 224
100 116
100 197
101 137
101 170
102 174
103 200
105 287
106 219
106 231
107 191
107 219
108 248
109 238
111 196
111 216
112 244
114 163
115 269
115 143
116 260
118 134
119 168
119 245
120 262
121 144
121 220
124 298
124 202
125 257
126 288
127 209
129 238
130 250
131 160
132 215
132 241
133 158
133 169
134 146
135 266
135 248
136 141
136 172
137 185
138 153
140 289
140 207
141 253
142 245
144 173
145 147
145 212
148 279
149 276
150 262
150 213
151 286
151 254
152 272
153 185
154 168
155 177
155 231
156 204
157 206
157 293
158 216
159 174
160 287
161 170
164 280
164 286
165 173
165 232
166 171
167 183
167 297
169 268
172 254
175 187
176 291
176 225
178 181
179 197
182 290
186 192
187 275
188 229
190 259
193 261
194 268
194 243
195 214
196 288
201 278
202 226
203 226
205 252
207 234
208 263
209 221
210 259
211 221
213 246
215 227
217 263
217 273
218 294
222 284
222 271
223 283
225 273
233 274
234 275
235 251
236 269
237 267
239 280
242 267
242 296
246 247
247 285
255 257
264 292
265 296
270 293
272 282
279 282
300 241
301 166
-1 -1
2.75464
