1
0 29
0 132
1 14
1 196
2 92
2 234
3 243
3 118
4 9
4 293
5 288
5 195
6 269
6 69
7 130
7 202
8 55
8 168
9 40
10 279
10 114
11 297
11 177
12 119
12 251
13 80
13 219
14 142
15 35
16 25
16 235
17 69
17 240
18 219
18 244
19 72
19 176
20 21
20 211
21 288
22 183
22 77
23 199
23 212
24 257
24 268
25 291
26 258
26 132
27 218
27 254
28 56
28 58
29 68
30 45
30 181
31 94
31 180
32 39
32 114
33 253
33 127
34 164
34 289
35 83
36 236
36 80
37 175
37 183
38 264
38 119
39 204
40 239
41 48
41 129
42 267
42 81
43 299
43 141
44 285
44 67
45 294
46 171
46 250
47 121
47 70
48 263
49 196
49 209
50 275
50 75
51 151
51 266
52 58
52 246
53 298
53 225
54 76
54 243
55 140
56 139
57 231
57 115
59 60
59 64
60 115
61 258
61 74
62 109
62 165
63 169
63 195
64 67
65 282
65 179
66 270
66 205
68 287
70 277
71 90
71 272
72 78
73 274
73 146
74 178
75 184
76 263
77 272
78 112
79 123
79 255
81 203
82 137
82 152
83 85
84 87
84 157
85 154
86 192
86 294
87 136
88 281
88 95
89 133
89 251
90 260
91 131
91 198
92 116
93 95
93 124
94 226
96 200
96 217
97 266
97 190
98 165
98 184
99 169
99 206
100 113
100 193
101 202
101 269
102 128
102 265
103 233
103 208
104 150
104 174
105 201
105 215
106 210
106 227
107 166
107 189
108 211
108 297
109 274
110 160
110 249
111 164
111 197
112 259
113 163
116 153
117 207
117 120
118 273
120 201
121 182
122 179
122 190
123 230
124 259
125 162
125 187
126 192
126 215
127 145
128 284
129 158
130 256
131 186
133 244
134 154
134 213
135 152
135 283
136 162
137 252
138 160
138 245
139 204
140 278
141 230
142 220
143 157
143 173
144 262
144 170
145 205
146 155
147 216
148 285
148 221
149 220
149 238
150 286
151 283
153 180
155 232
156 178
156 213
158 291
159 167
159 174
161 287
161 163
166 206
167 290
168 242
170 267
171 262
172 188
172 225
173 273
175 210
176 194
177 256
181 182
185 277
185 295
186 282
187 203
188 252
189 228
191 223
191 235
193 218
194 214
197 212
198 289
199 221
200 231
207 208
209 292
214 223
216 271
217 229
222 261
222 248
224 257
224 238
226 233
227 280
228 270
229 275
232 240
234 299
236 254
237 296
237 247
239 296
241 278
241 248
242 284
245 281
246 261
247 250
249 253
255 280
260 298
264 293
265 295
268 271
276 279
276 290
286 292
300 147
301 15
-1 -1
18.8262
