1
0 40
0 180
1 51
1 195
2 236
2 145
3 216
3 275
4 260
4 165
5 262
5 263
6 110
6 244
7 49
7 107
8 113
8 108
9 213
9 214
10 137
10 186
11 49
11 117
12 24
12 225
13 15
13 75
14 56
14 203
15 212
16 258
16 181
17 163
17 164
18 176
18 222
19 126
19 246
20 22
20 105
21 162
21 175
22 116
23 29
23 183
24 172
25 173
25 287
26 128
26 189
27 28
27 275
28 37
29 80
30 74
30 102
31 221
31 98
32 193
32 118
33 160
33 179
34 40
34 79
35 103
35 159
36 170
36 199
37 153
38 276
38 158
39 168
39 215
41 74
41 247
42 276
42 174
43 48
43 230
44 293
44 171
45 73
45 156
46 256
46 245
47 87
47 219
48 178
50 289
50 72
51 97
52 66
52 182
53 270
53 69
54 64
54 228
55 231
55 209
56 100
57 142
57 135
58 172
58 242
59 192
59 253
60 191
60 196
61 203
61 205
62 66
62 135
63 105
63 231
64 273
65 89
65 244
67 147
67 220
68 118
68 140
69 249
70 169
70 175
71 297
71 210
72 285
73 255
75 201
76 261
76 86
77 199
77 229
78 92
78 161
79 264
80 252
81 283
81 243
82 283
82 165
83 164
83 207
84 259
84 168
85 251
86 201
87 223
88 259
88 124
89 248
90 188
90 294
91 280
91 223
92 173
93 299
93 161
94 152
94 120
95 292
95 112
96 136
96 144
97 298
98 228
99 117
99 120
100 104
101 224
101 102
103 184
104 133
106 129
106 183
107 288
108 139
109 269
109 114
110 205
111 114
111 127
112 151
113 191
115 123
115 247
116 169
119 264
119 208
121 287
121 246
122 179
122 154
123 149
124 219
125 295
125 204
126 137
127 278
128 220
129 157
130 143
130 193
131 146
131 174
132 146
132 187
133 294
134 279
134 167
136 234
138 142
138 229
139 195
140 286
141 290
141 271
143 274
144 252
145 166
147 273
148 269
148 250
149 289
150 154
150 225
151 263
152 187
153 206
155 160
155 290
156 190
157 233
158 251
159 235
162 278
163 184
166 197
167 253
170 227
171 284
176 268
177 279
177 280
178 218
180 185
182 232
185 217
186 277
188 281
189 192
190 282
194 226
194 224
196 235
197 299
198 262
198 241
200 281
200 215
202 291
202 207
204 266
206 232
208 233
209 267
210 255
211 221
211 237
212 282
213 274
214 258
216 248
217 250
218 254
222 291
226 265
227 234
230 237
236 297
238 295
238 267
239 298
239 293
240 257
240 272
241 296
242 243
245 257
249 286
254 270
256 285
260 272
261 268
265 296
266 277
271 288
284 292
300 85
301 181
-1 -1
3.42762
