1
0 282
0 81
1 67
1 223
2 24
2 197
3 99
3 149
4 261
4 91
5 277
5 87
6 34
6 83
7 95
7 184
8 294
8 137
9 134
9 204
10 262
10 119
11 72
11 145
12 206
12 250
13 76
13 269
14 265
14 147
15 203
15 228
16 120
16 248
17 146
17 203
18 214
18 231
19 92
19 93
20 29
20 77
21 286
21 211
22 83
22 171
23 287
23 201
24 254
25 94
25 196
26 277
26 66
27 33
27 42
28 298
28 245
29 258
30 268
30 139
31 140
31 164
32 70
32 216
33 189
34 215
35 267
35 100
36 175
36 184
37 152
37 252
38 280
38 225
39 217
39 240
40 281
40 107
41 167
41 246
42 45
43 80
43 251
44 139
44 270
45 215
46 289
46 88
47 297
47 251
48 263
48 180
49 168
49 102
50 138
50 162
51 89
51 117
52 262
52 257
53 71
53 72
54 274
54 71
55 82
55 116
56 86
56 138
57 75
57 168
58 97
58 122
59 95
59 228
60 256
60 74
61 271
61 144
62 141
62 219
63 130
63 158
64 284
64 222
65 171
65 240
66 137
67 257
68 79
68 85
69 94
69 250
70 123
73 230
73 234
74 233
75 187
76 123
77 140
78 290
78 111
79 100
80 97
81 117
82 223
84 288
84 229
85 235
86 136
87 271
88 249
89 195
90 177
90 279
91 180
92 267
93 268
96 177
96 218
98 283
98 286
99 239
101 146
101 226
102 104
103 147
103 172
104 259
105 113
105 227
106 293
106 125
107 194
108 161
108 164
109 207
109 232
110 155
110 258
111 181
112 135
112 225
113 270
114 169
114 216
115 148
115 296
116 211
118 134
118 143
119 185
120 199
121 167
121 253
122 157
124 128
124 247
125 246
126 183
126 264
127 238
127 166
128 290
129 162
129 279
130 248
131 178
131 189
132 187
132 291
133 210
133 220
135 299
136 208
141 159
142 176
142 253
143 295
144 245
145 151
148 229
150 263
150 191
151 190
152 186
153 280
153 237
154 291
154 297
155 179
156 212
156 242
157 269
158 226
159 204
160 201
160 292
161 219
163 292
165 284
165 210
166 260
169 283
170 195
170 243
172 232
173 278
173 285
174 199
174 209
175 193
176 260
178 188
179 281
181 299
182 193
182 221
183 244
185 293
186 188
190 259
191 255
192 272
192 255
194 198
196 209
197 294
198 224
200 261
200 218
202 282
202 287
205 238
205 242
206 213
207 254
208 213
212 220
214 296
217 273
221 224
222 276
227 265
230 252
231 243
233 266
234 239
235 272
236 275
236 256
237 285
241 276
241 295
244 274
247 275
249 266
264 289
273 298
278 288
300 149
301 163
-1 -1
6.5121
