300 2691
0 12
0 13
0 15
0 16
0 41
0 52
0 79
0 83
0 86
0 92
0 104
0 126
0 153
0 178
0 181
0 195
0 197
0 246
0 253
0 285
1 2
1 28
1 58
1 62
1 64
1 74
1 89
1 94
1 95
1 117
1 130
1 187
1 205
1 219
1 220
1 226
1 236
1 245
1 277
1 281
1 283
1 291
1 297
2 5
2 34
2 80
2 82
2 84
2 92
2 100
2 104
2 119
2 122
2 125
2 129
2 150
2 163
2 207
2 254
3 59
3 61
3 82
3 96
3 98
3 107
3 110
3 145
3 150
3 182
3 209
3 230
3 249
3 250
3 255
3 266
4 18
4 21
4 35
4 57
4 62
4 63
4 79
4 84
4 93
4 94
4 114
4 121
4 143
4 159
4 167
4 178
4 205
4 207
4 208
4 218
4 221
4 222
4 287
4 292
4 295
5 8
5 15
5 18
5 53
5 58
5 83
5 93
5 106
5 124
5 169
5 186
5 206
5 209
5 221
5 250
5 258
5 263
5 272
5 288
5 289
6 9
6 22
6 99
6 120
6 135
6 161
6 177
6 184
6 193
6 234
6 240
6 244
6 286
6 287
6 289
7 47
7 50
7 64
7 80
7 82
7 107
7 142
7 146
7 174
7 188
7 196
7 218
7 227
7 238
7 247
7 252
7 253
7 287
8 83
8 84
8 148
8 150
8 173
8 174
8 178
8 202
8 212
8 213
8 219
8 240
8 266
8 296
9 47
9 53
9 60
9 63
9 77
9 166
9 167
9 168
9 222
9 235
9 285
9 299
10 21
10 68
10 90
10 95
10 110
10 118
10 122
10 172
10 190
10 193
10 200
10 206
10 234
10 248
10 299
11 18
11 34
11 36
11 40
11 54
11 59
11 73
11 76
11 92
11 130
11 132
11 137
11 170
11 172
11 194
11 223
11 274
11 286
12 14
12 16
12 38
12 46
12 49
12 64
12 80
12 93
12 113
12 123
12 129
12 200
12 217
12 223
12 236
12 248
12 254
12 264
12 270
12 276
12 284
12 294
13 38
13 98
13 100
13 112
13 139
13 155
13 176
13 186
13 188
13 201
13 210
13 219
13 276
13 287
14 27
14 40
14 75
14 161
14 171
14 173
14 207
14 299
15 33
15 46
15 61
15 64
15 71
15 92
15 107
15 111
15 118
15 123
15 138
15 149
15 162
15 182
15 187
15 208
15 221
15 283
15 290
15 295
16 31
16 38
16 41
16 61
16 62
16 77
16 105
16 125
16 142
16 149
16 151
16 161
16 175
16 219
16 228
16 248
16 271
16 273
16 274
16 299
17 37
17 38
17 51
17 63
17 89
17 126
17 128
17 129
17 144
17 152
17 158
17 166
17 173
17 184
17 206
17 227
17 231
17 232
17 241
17 252
17 291
17 294
17 299
18 26
18 27
18 31
18 56
18 70
18 80
18 85
18 116
18 120
18 143
18 147
18 161
18 169
18 186
18 211
18 214
18 220
18 240
18 270
19 31
19 48
19 59
19 71
19 94
19 105
19 126
19 132
19 158
19 159
19 171
19 192
19 248
19 278
20 26
20 83
20 96
20 131
20 152
20 170
20 208
20 226
20 227
20 228
20 240
20 243
20 281
20 284
21 36
21 68
21 73
21 86
21 91
21 124
21 141
21 155
21 175
21 179
21 197
21 209
21 211
21 241
21 259
21 267
21 269
21 281
21 286
21 291
22 23
22 57
22 76
22 86
22 99
22 103
22 130
22 162
22 186
22 218
22 228
22 231
22 248
22 281
22 282
22 286
23 38
23 54
23 55
23 87
23 90
23 94
23 96
23 102
23 118
23 141
23 164
23 169
23 178
23 195
23 196
23 237
23 263
23 265
23 292
24 28
24 30
24 43
24 65
24 72
24 119
24 148
24 159
24 161
24 201
24 209
24 228
24 238
24 252
24 263
24 267
24 291
25 63
25 68
25 71
25 84
25 85
25 102
25 117
25 128
25 130
25 139
25 146
25 149
25 175
25 196
25 235
25 260
25 274
25 290
26 30
26 33
26 90
26 107
26 112
26 170
26 173
26 196
26 246
26 258
26 272
26 277
26 288
27 31
27 46
27 47
27 71
27 81
27 83
27 92
27 124
27 135
27 161
27 163
27 187
27 192
27 195
27 216
27 217
27 221
27 232
27 241
27 243
27 264
28 31
28 50
28 65
28 80
28 87
28 94
28 125
28 176
28 177
28 181
28 190
28 191
28 198
28 200
28 231
28 270
28 291
29 43
29 54
29 84
29 89
29 91
29 94
29 97
29 99
29 128
29 131
29 148
29 153
29 155
29 161
29 165
29 193
29 194
29 205
29 210
29 214
29 221
29 225
29 246
29 263
30 36
30 43
30 45
30 74
30 94
30 106
30 117
30 153
30 155
30 168
30 197
30 211
30 263
30 276
30 277
30 294
31 37
31 50
31 80
31 82
31 89
31 123
31 154
31 168
31 172
31 174
31 179
31 190
31 205
31 207
31 214
31 222
31 275
31 297
32 49
32 50
32 54
32 57
32 70
32 76
32 84
32 93
32 96
32 98
32 101
32 112
32 120
32 132
32 133
32 136
32 138
32 162
32 180
32 250
32 261
32 280
33 40
33 42
33 48
33 63
33 77
33 100
33 109
33 115
33 136
33 184
33 186
33 205
33 207
33 230
33 271
33 291
34 40
34 82
34 107
34 116
34 124
34 130
34 192
34 194
34 219
34 234
34 236
34 253
34 274
34 279
35 47
35 77
35 120
35 151
35 157
35 175
35 191
35 194
35 202
35 209
35 216
35 228
35 241
35 260
35 273
35 289
36 54
36 56
36 61
36 105
36 116
36 120
36 121
36 139
36 176
36 177
36 193
36 201
36 204
36 224
36 252
36 259
36 272
36 273
36 283
37 58
37 60
37 67
37 90
37 94
37 125
37 174
37 181
37 198
37 213
37 229
37 273
37 288
38 41
38 75
38 79
38 89
38 108
38 109
38 117
38 121
38 132
38 152
38 155
38 160
38 167
38 232
38 244
38 247
38 271
38 280
38 289
38 293
38 294
39 41
39 55
39 58
39 66
39 73
39 114
39 118
39 161
39 168
39 189
39 206
39 238
39 253
40 44
40 67
40 76
40 90
40 92
40 114
40 118
40 120
40 123
40 137
40 183
40 250
40 252
40 258
40 272
40 275
40 294
41 48
41 66
41 67
41 79
41 90
41 137
41 140
41 143
41 145
41 176
41 190
41 201
41 213
41 219
41 221
41 267
41 288
41 292
41 298
42 84
42 102
42 113
42 117
42 136
42 142
42 177
42 192
42 193
42 202
42 244
42 246
42 283
42 294
42 296
43 53
43 66
43 89
43 93
43 101
43 113
43 116
43 118
43 129
43 130
43 144
43 164
43 165
43 182
43 184
43 207
43 218
43 237
43 263
44 47
44 52
44 72
44 85
44 117
44 188
44 206
44 226
44 228
44 230
44 232
44 244
44 253
44 262
45 57
45 138
45 146
45 161
45 184
45 210
45 216
45 264
45 290
46 103
46 128
46 130
46 159
46 162
46 169
46 200
46 208
46 221
47 68
47 78
47 110
47 116
47 160
47 178
47 191
47 206
47 228
47 256
47 268
47 269
47 275
47 293
48 63
48 66
48 78
48 99
48 105
48 110
48 112
48 116
48 157
48 161
48 199
48 224
48 225
48 229
48 231
48 253
48 258
48 272
48 279
48 280
48 297
49 53
49 88
49 108
49 121
49 141
49 143
49 157
49 161
49 165
49 167
49 173
49 174
49 183
49 189
49 193
49 212
49 220
49 235
49 246
49 275
49 283
50 51
50 52
50 68
50 86
50 87
50 101
50 106
50 152
50 153
50 172
50 217
50 242
50 288
50 292
51 52
51 67
51 78
51 84
51 99
51 155
51 158
51 195
51 206
51 209
51 221
51 227
51 262
51 277
52 61
52 100
52 107
52 135
52 139
52 143
52 188
52 198
52 203
52 207
52 213
52 243
52 263
52 297
53 64
53 109
53 115
53 116
53 133
53 145
53 156
53 167
53 196
53 205
53 245
54 72
54 92
54 93
54 115
54 124
54 164
54 173
54 182
54 190
54 198
54 211
54 217
54 223
54 244
54 257
54 261
54 269
54 290
54 299
55 67
55 75
55 110
55 140
55 194
55 200
55 210
55 212
55 232
55 244
55 275
55 291
55 295
56 95
56 110
56 114
56 123
56 134
56 150
56 152
56 169
56 181
56 224
56 259
56 273
56 275
56 282
57 82
57 92
57 94
57 95
57 117
57 155
57 184
57 225
57 261
58 88
58 122
58 152
58 167
58 184
58 204
58 267
58 268
58 275
59 64
59 65
59 75
59 121
59 157
59 188
59 191
59 194
59 196
59 237
59 272
60 70
60 73
60 79
60 83
60 92
60 105
60 159
60 169
60 182
60 210
60 219
60 246
60 267
60 280
61 87
61 139
61 164
61 178
61 188
61 225
61 233
61 234
61 255
61 258
61 260
61 273
61 281
61 285
61 299
62 70
62 76
62 91
62 93
62 127
62 138
62 154
62 162
62 173
62 186
62 194
62 196
62 207
62 231
62 236
62 257
62 258
62 290
63 72
63 101
63 146
63 149
63 155
63 191
63 203
63 215
63 274
64 70
64 78
64 83
64 94
64 123
64 159
64 160
64 171
64 208
64 223
64 231
64 237
64 269
64 283
64 284
65 72
65 75
65 87
65 108
65 143
65 150
65 156
65 183
65 184
65 200
65 210
65 213
65 216
65 228
65 246
65 255
65 272
66 88
66 109
66 147
66 180
66 187
66 209
66 217
66 218
66 243
66 252
67 81
67 90
67 101
67 115
67 116
67 123
67 159
67 176
67 193
67 200
67 218
67 225
67 227
67 246
67 283
67 293
68 72
68 119
68 145
68 147
68 178
68 182
68 188
68 193
68 194
68 205
68 220
68 227
68 245
68 252
68 262
68 274
68 286
68 292
69 78
69 84
69 102
69 105
69 121
69 126
69 132
69 167
69 176
69 210
69 237
69 253
69 268
69 272
70 72
70 77
70 84
70 85
70 150
70 163
70 164
70 167
70 174
70 180
70 203
70 205
70 248
70 252
71 85
71 92
71 101
71 112
71 134
71 146
71 148
71 157
71 164
71 216
71 217
71 248
72 98
72 109
72 110
72 129
72 130
72 139
72 146
72 166
72 170
72 187
72 216
72 219
72 224
72 227
72 264
72 265
72 266
73 96
73 116
73 119
73 130
73 153
73 158
73 186
73 222
73 225
73 236
73 256
73 289
73 294
74 90
74 101
74 107
74 120
74 166
74 168
74 189
74 195
74 203
74 285
74 291
75 85
75 95
75 101
75 108
75 110
75 127
75 129
75 131
75 143
75 149
75 151
75 159
75 169
75 195
75 198
75 216
75 223
75 262
75 263
75 288
75 294
76 77
76 89
76 119
76 125
76 135
76 144
76 157
76 159
76 228
76 249
76 258
76 267
76 284
76 296
77 78
77 109
77 116
77 151
77 174
77 183
77 195
77 224
77 274
77 282
78 89
78 118
78 140
78 154
78 161
78 172
78 173
78 215
78 221
78 266
78 281
79 92
79 109
79 125
79 127
79 131
79 158
79 201
79 235
79 260
80 93
80 109
80 142
80 144
80 146
80 152
80 184
80 196
80 231
80 245
80 260
80 288
80 290
81 104
81 124
81 132
81 140
81 145
81 151
81 179
81 187
81 190
81 196
81 201
81 258
81 262
81 285
81 287
81 290
82 116
82 136
82 143
82 163
82 172
82 194
82 200
82 207
82 208
82 232
82 241
82 254
82 262
82 266
82 297
83 90
83 97
83 104
83 106
83 107
83 119
83 123
83 127
83 128
83 132
83 134
83 170
83 207
83 219
83 221
83 238
83 245
83 251
83 262
83 267
83 293
83 296
84 86
84 112
84 134
84 137
84 158
84 178
84 193
84 214
84 229
84 231
84 240
84 251
84 252
84 266
85 99
85 100
85 102
85 113
85 120
85 148
85 195
85 273
85 274
85 285
86 101
86 108
86 112
86 114
86 118
86 166
86 180
86 196
86 228
86 297
87 112
87 135
87 154
87 160
87 173
87 174
87 200
87 229
87 233
87 239
87 254
87 270
87 280
87 284
87 296
88 96
88 117
88 120
88 135
88 151
88 165
88 191
88 196
88 204
88 223
88 286
88 287
89 112
89 117
89 128
89 173
89 183
89 186
89 204
89 210
89 233
89 242
89 286
90 116
90 134
90 139
90 157
90 159
90 165
90 186
90 201
90 231
90 262
90 289
90 290
91 100
91 126
91 143
91 154
91 167
91 175
91 189
91 237
91 269
91 281
91 287
92 100
92 110
92 111
92 115
92 124
92 153
92 158
92 177
92 181
92 198
92 214
92 233
92 236
92 240
92 252
92 253
92 268
92 278
92 279
92 282
92 295
93 94
93 148
93 166
93 177
93 184
93 210
93 217
93 243
93 257
93 292
94 106
94 119
94 133
94 140
94 148
94 149
94 175
94 199
94 200
94 207
94 241
94 245
94 273
94 282
95 106
95 113
95 151
95 173
95 195
95 211
95 220
95 247
95 277
95 278
95 295
96 102
96 124
96 213
96 232
96 274
96 279
96 296
97 119
97 124
97 139
97 167
97 172
97 176
97 183
97 188
97 195
97 201
97 205
97 213
97 218
97 221
97 228
97 239
97 257
97 280
97 286
98 151
98 156
98 187
98 225
98 248
98 249
98 255
98 290
99 100
99 116
99 123
99 124
99 162
99 221
99 266
99 267
99 296
100 106
100 107
100 122
100 130
100 133
100 188
100 190
100 244
100 257
100 265
100 266
100 272
100 274
100 283
100 296
101 119
101 129
101 131
101 157
101 177
101 199
101 207
101 253
101 258
101 265
101 273
101 278
101 281
101 288
101 291
102 130
102 164
102 174
102 176
102 178
102 195
102 197
102 201
102 209
102 210
102 221
102 225
102 232
102 269
103 110
103 121
103 125
103 126
103 154
103 193
103 214
103 220
103 222
103 268
103 272
104 142
104 161
104 177
104 184
104 190
104 201
104 232
104 259
104 262
104 267
104 270
104 273
104 292
105 110
105 114
105 133
105 146
105 147
105 155
105 158
105 188
105 199
105 203
105 213
105 256
106 135
106 158
106 197
106 232
106 251
106 271
106 279
106 281
107 169
107 184
107 209
107 245
107 272
107 299
108 129
108 143
108 162
108 189
108 202
108 243
108 261
108 265
108 273
108 279
109 128
109 133
109 179
109 197
109 298
110 111
110 123
110 151
110 161
110 165
110 182
110 185
110 204
110 219
110 227
110 232
110 237
110 240
110 248
110 253
110 274
110 286
111 149
111 178
111 183
111 186
111 194
111 199
111 234
111 261
111 287
111 294
112 139
112 141
112 146
112 201
112 202
112 206
112 221
112 223
112 228
112 242
112 252
112 287
112 289
113 122
113 135
113 162
113 169
113 179
113 196
113 215
113 216
113 222
113 273
113 297
114 119
114 133
114 137
114 142
114 145
114 163
114 179
114 181
114 208
114 218
114 240
114 243
114 247
114 280
114 282
115 122
115 128
115 163
115 184
115 208
115 212
115 223
115 225
115 233
115 261
115 271
115 278
115 286
116 121
116 141
116 157
116 189
116 224
116 237
116 243
116 244
116 264
116 266
116 298
117 137
117 162
117 170
117 180
117 194
117 195
117 210
117 240
117 243
118 124
118 128
118 152
118 164
118 165
118 185
118 243
118 260
118 265
118 266
118 280
118 288
119 173
119 176
119 182
119 187
119 189
119 248
119 264
119 267
119 276
119 296
120 134
120 142
120 166
120 200
120 201
120 235
120 239
120 268
121 123
121 130
121 176
121 178
121 184
121 200
121 215
121 217
121 219
121 224
121 250
121 269
121 285
122 135
122 157
122 161
122 181
122 208
122 212
122 218
122 235
122 266
122 276
123 136
123 159
123 164
123 168
123 181
123 200
123 228
123 231
123 243
123 260
123 287
123 289
123 294
123 295
123 298
124 128
124 130
124 139
124 144
124 168
124 217
124 221
124 232
124 276
124 294
124 298
125 127
125 195
125 212
125 226
125 238
125 247
125 280
125 281
125 284
126 156
126 188
126 200
126 204
126 211
126 250
126 282
126 293
127 161
127 177
127 227
127 241
127 254
127 278
127 291
128 201
128 208
128 209
128 236
128 265
129 132
129 134
129 144
129 164
129 195
129 217
129 281
129 290
130 157
130 158
130 172
130 178
130 205
130 233
130 242
130 245
130 274
130 288
130 296
131 139
131 158
131 162
131 179
131 211
131 217
131 222
131 225
131 226
131 256
131 258
131 285
131 288
131 291
132 138
132 159
132 161
132 174
132 206
132 235
132 263
132 272
132 278
133 161
133 169
133 187
133 203
133 244
133 253
133 265
133 271
133 273
133 275
133 281
133 294
134 153
134 200
134 201
134 203
134 212
134 218
134 232
134 279
134 280
135 141
135 210
135 215
135 224
135 246
135 298
135 299
136 138
136 164
136 167
136 233
136 256
136 292
137 166
137 214
137 215
137 219
137 224
137 261
137 290
137 296
138 145
138 152
138 158
138 163
138 192
138 210
138 213
138 216
138 233
139 140
139 148
139 178
139 183
139 252
139 259
139 265
139 275
139 281
139 283
139 296
140 159
140 161
140 167
140 170
140 236
140 237
140 239
140 265
140 292
141 146
141 150
141 153
141 163
141 168
141 183
141 187
141 196
141 199
141 207
141 259
141 294
142 147
142 183
142 203
142 256
142 264
142 281
143 146
143 149
143 161
143 192
143 193
143 207
143 258
143 274
144 186
144 206
144 208
144 240
144 275
144 277
144 295
145 149
145 156
145 197
145 208
145 220
145 249
145 264
145 269
145 297
146 169
146 175
146 177
146 201
146 208
146 221
146 227
146 238
146 241
146 291
147 195
147 200
147 215
147 233
147 298
148 153
148 161
148 167
148 192
148 205
148 210
148 286
148 287
148 290
148 295
149 150
149 157
149 175
149 179
149 208
149 219
149 233
149 281
149 282
150 153
150 190
150 197
150 204
150 229
150 238
150 280
150 283
150 286
150 287
150 293
150 294
151 155
151 168
151 179
151 225
151 269
151 276
151 278
151 279
151 294
151 295
152 159
152 172
152 206
152 215
152 227
152 247
152 270
152 280
153 161
153 163
153 167
153 171
153 212
153 234
153 251
153 264
153 269
153 286
154 176
154 183
154 196
154 197
154 225
154 237
154 250
154 254
154 270
154 287
155 156
155 161
155 205
155 220
155 245
155 247
155 250
155 258
155 275
155 276
156 158
156 160
156 176
156 203
156 219
156 264
156 271
157 162
157 164
157 174
157 201
157 213
157 228
157 230
157 248
157 279
158 206
158 207
158 267
158 279
159 165
159 189
159 213
159 221
159 228
159 246
159 247
159 263
159 265
159 266
159 294
160 186
160 191
160 232
160 249
160 259
160 270
160 274
160 276
161 226
161 239
161 249
161 252
161 256
161 275
161 288
161 295
162 168
162 181
162 209
162 222
162 223
162 251
162 258
162 281
163 164
163 165
163 170
163 182
163 184
163 191
163 216
163 245
163 263
163 275
163 284
163 288
164 177
164 183
164 217
164 218
164 274
164 277
164 280
164 292
164 293
164 296
165 203
165 209
165 239
165 248
165 253
165 257
165 264
165 266
165 279
165 288
166 197
166 208
166 219
166 248
166 254
166 262
166 264
166 265
167 177
167 240
167 247
167 261
167 269
167 272
167 282
167 297
168 195
168 197
168 200
168 209
168 214
168 233
168 250
168 251
168 262
168 263
168 270
169 201
169 224
169 249
169 259
169 261
169 275
169 285
169 287
169 292
169 295
170 174
170 188
170 200
170 208
170 228
170 229
170 262
170 268
170 274
170 285
170 298
171 230
171 254
171 268
171 278
172 187
172 188
172 194
172 217
172 242
172 249
172 251
172 271
172 286
172 291
172 296
173 192
173 202
173 209
173 218
173 222
173 235
173 262
173 266
173 285
173 288
174 185
174 194
174 232
174 282
174 284
175 258
175 299
176 197
176 225
176 233
176 244
176 252
176 264
176 279
176 283
176 292
176 293
177 182
177 190
177 259
177 280
177 285
177 288
178 189
178 218
178 239
178 246
178 249
178 250
178 263
178 284
178 286
178 299
179 184
179 188
179 219
179 222
179 227
179 248
179 252
179 259
179 270
179 273
179 281
179 287
179 292
180 232
180 267
180 273
180 288
181 186
181 196
181 257
181 271
181 291
182 186
182 192
182 224
182 260
182 263
182 268
182 278
182 280
182 288
183 202
183 217
183 240
183 250
183 293
184 185
184 187
184 228
184 234
184 247
184 259
184 284
184 287
185 203
185 215
185 216
185 225
185 249
185 294
185 295
186 192
186 197
186 199
186 202
186 208
186 248
186 259
186 264
186 290
187 223
187 235
187 252
187 255
187 261
187 279
187 282
187 283
187 291
188 218
188 224
188 230
188 264
188 294
189 192
189 213
189 236
189 241
189 251
189 256
189 282
190 192
190 214
190 255
191 194
191 213
191 216
191 238
191 244
191 249
191 266
191 272
191 286
192 195
192 229
192 242
192 245
192 270
192 271
193 214
193 218
193 240
193 245
193 248
193 252
194 228
194 255
194 260
195 214
195 227
195 242
195 259
195 269
195 274
195 291
196 203
196 243
196 244
196 245
196 246
196 256
196 267
197 198
197 294
198 246
198 275
198 292
199 213
199 222
199 266
199 292
200 211
200 227
200 269
200 282
200 283
201 202
201 216
201 247
201 264
201 265
201 276
201 280
202 218
202 228
202 271
203 224
203 242
203 267
203 273
203 282
203 285
204 239
204 254
204 257
204 261
204 266
204 272
205 208
205 223
205 228
205 231
205 248
205 249
205 266
205 290
206 210
206 216
206 237
206 245
206 255
206 258
206 284
206 290
206 291
206 293
207 214
207 217
207 227
207 231
207 260
207 288
208 219
208 241
208 245
208 286
209 220
209 257
209 259
209 268
209 297
210 267
210 277
210 291
211 230
211 239
211 243
211 252
211 254
211 294
212 213
212 222
212 232
212 271
212 273
212 282
212 284
212 298
213 227
213 260
214 252
214 275
214 287
214 290
215 222
215 246
215 256
215 294
215 299
216 240
216 261
216 297
217 220
217 258
217 269
217 270
217 292
218 236
218 246
218 259
218 263
219 243
219 245
219 269
219 293
220 230
220 235
220 258
220 265
221 233
221 237
221 238
221 245
221 265
222 230
222 240
222 243
222 252
222 292
223 226
223 229
223 258
223 280
223 290
223 297
224 266
225 248
225 251
225 285
226 236
226 241
226 249
226 252
226 267
227 245
227 286
227 287
228 232
228 249
228 271
228 277
228 288
229 291
230 269
230 272
230 273
230 298
231 232
231 249
231 255
231 261
231 264
231 281
231 287
232 271
233 245
233 247
233 254
233 261
233 271
233 286
233 290
234 244
234 247
234 271
234 293
235 261
235 268
235 276
235 278
235 287
235 298
235 299
236 248
236 278
237 248
237 255
237 273
237 279
237 284
238 255
238 272
238 284
238 287
239 258
239 293
240 255
240 257
240 258
241 246
241 259
241 262
241 281
242 265
242 276
242 278
242 292
243 272
244 260
244 262
245 260
245 266
245 270
245 292
245 295
246 248
246 274
246 279
247 253
248 255
248 283
249 278
249 292
250 297
251 264
251 278
251 285
251 294
252 277
253 263
253 285
253 299
254 268
254 272
254 274
254 280
254 281
254 288
254 294
255 266
255 299
256 261
256 270
256 286
256 287
257 278
258 259
258 276
258 283
258 298
259 271
259 295
260 274
260 295
261 264
261 266
262 276
263 290
264 269
265 282
266 299
268 272
268 274
269 276
269 281
269 284
270 271
270 275
270 282
273 280
273 283
273 294
274 294
275 278
276 283
278 279
279 287
279 290
279 292
281 282
281 283
282 293
287 298
288 293
288 297
289 293
290 294
292 294
295 298
296 298
