300 2691
0 3
0 37
0 43
0 68
0 92
0 108
0 140
0 144
0 145
0 165
0 176
0 194
0 201
0 212
0 213
0 224
0 235
0 239
0 267
1 8
1 54
1 97
1 100
1 120
1 143
1 163
1 266
1 286
2 14
2 17
2 60
2 61
2 67
2 88
2 91
2 100
2 101
2 107
2 114
2 115
2 127
2 164
2 177
2 201
2 204
2 206
2 208
2 217
2 235
2 286
3 19
3 29
3 65
3 68
3 89
3 90
3 104
3 108
3 111
3 119
3 121
3 150
3 169
3 211
3 212
3 218
3 220
3 248
3 254
3 264
3 275
3 281
4 24
4 33
4 34
4 43
4 51
4 56
4 80
4 88
4 103
4 104
4 118
4 168
4 171
4 179
4 210
4 227
4 233
4 235
4 256
4 288
4 295
5 11
5 14
5 20
5 32
5 35
5 60
5 69
5 88
5 116
5 127
5 128
5 144
5 163
5 191
5 196
5 201
5 248
6 31
6 42
6 50
6 83
6 115
6 119
6 135
6 166
6 170
6 228
6 252
6 264
6 270
6 284
6 298
7 50
7 58
7 78
7 102
7 110
7 113
7 118
7 125
7 133
7 171
7 185
7 193
7 204
7 263
7 277
7 284
7 288
7 298
8 12
8 29
8 37
8 67
8 126
8 182
8 183
8 185
8 233
8 279
8 291
8 297
8 299
9 10
9 11
9 45
9 58
9 63
9 71
9 117
9 123
9 146
9 148
9 159
9 181
9 184
9 242
9 245
9 269
9 294
9 295
10 12
10 13
10 36
10 37
10 47
10 49
10 70
10 124
10 127
10 134
10 159
10 198
10 221
10 284
10 293
10 295
11 12
11 14
11 27
11 54
11 64
11 135
11 145
11 158
11 160
11 183
11 186
11 187
11 201
11 219
11 233
11 234
11 237
11 238
11 244
11 248
11 272
11 279
12 20
12 36
12 40
12 42
12 52
12 60
12 73
12 89
12 107
12 117
12 135
12 153
12 162
12 169
12 183
12 204
12 209
12 230
12 233
12 242
12 261
12 288
13 20
13 24
13 31
13 33
13 56
13 67
13 76
13 77
13 83
13 129
13 151
13 182
13 183
13 200
13 209
13 210
13 219
13 233
13 237
13 252
13 271
13 289
14 51
14 64
14 70
14 75
14 79
14 107
14 110
14 156
14 157
14 168
14 175
14 177
14 248
14 257
14 276
14 277
14 286
14 289
15 25
15 54
15 60
15 95
15 100
15 116
15 125
15 134
15 145
15 158
15 177
15 185
15 197
15 213
15 232
15 248
15 264
16 18
16 78
16 85
16 102
16 104
16 129
16 144
16 197
16 226
16 236
16 241
16 245
16 247
16 256
16 267
17 20
17 30
17 42
17 43
17 54
17 71
17 80
17 132
17 141
17 175
17 180
17 181
17 187
17 199
17 217
17 235
17 260
17 284
18 73
18 80
18 92
18 105
18 113
18 116
18 123
18 144
18 156
18 166
18 167
18 182
18 186
18 234
18 240
18 257
18 294
18 295
19 24
19 57
19 61
19 63
19 64
19 69
19 77
19 100
19 110
19 117
19 145
19 191
19 201
19 203
19 208
19 228
19 255
20 24
20 25
20 72
20 79
20 152
20 157
20 159
20 182
20 207
20 247
20 248
20 257
21 40
21 64
21 89
21 131
21 132
21 151
21 159
21 185
21 197
21 200
21 223
21 245
21 263
21 267
21 291
22 26
22 43
22 51
22 52
22 58
22 61
22 162
22 172
22 213
22 218
22 253
23 43
23 59
23 61
23 74
23 78
23 108
23 136
23 166
23 209
23 219
23 249
23 270
24 30
24 37
24 68
24 80
24 85
24 115
24 163
24 170
24 198
24 213
24 233
24 235
24 250
24 268
24 276
24 292
25 40
25 60
25 64
25 79
25 95
25 140
25 146
25 190
25 191
25 192
25 205
25 222
25 232
25 234
25 275
25 296
26 37
26 54
26 67
26 98
26 104
26 116
26 121
26 135
26 136
26 219
26 235
26 258
26 266
26 273
26 275
26 283
26 284
26 287
26 291
27 46
27 60
27 61
27 76
27 91
27 130
27 133
27 145
27 146
27 153
27 160
27 166
27 204
27 217
27 245
27 249
27 255
27 256
27 290
27 298
27 299
28 37
28 53
28 54
28 65
28 74
28 85
28 90
28 91
28 119
28 131
28 146
28 151
28 157
28 160
28 189
28 219
28 239
28 280
28 282
28 297
29 33
29 41
29 45
29 73
29 92
29 95
29 110
29 113
29 119
29 146
29 171
29 172
29 196
29 204
29 207
29 225
29 231
29 239
29 275
30 42
30 86
30 94
30 96
30 105
30 108
30 124
30 138
30 143
30 146
30 203
30 226
30 233
30 252
30 253
30 265
30 266
30 278
30 299
31 78
31 96
31 106
31 152
31 154
31 181
31 183
31 185
31 188
31 193
31 196
31 216
31 265
31 270
31 272
31 288
31 298
32 34
32 51
32 62
32 96
32 100
32 101
32 109
32 120
32 130
32 166
32 179
32 214
32 236
32 246
32 261
32 277
32 281
32 287
33 35
33 49
33 79
33 85
33 88
33 119
33 123
33 140
33 142
33 160
33 180
33 189
33 218
33 221
33 231
33 233
33 269
33 277
33 281
33 284
33 287
33 288
34 38
34 49
34 51
34 88
34 115
34 157
34 165
34 166
34 173
34 209
34 217
34 267
34 279
34 289
35 66
35 97
35 157
35 176
35 196
35 197
35 199
35 202
35 248
35 257
35 274
35 277
36 70
36 86
36 120
36 135
36 145
36 146
36 151
36 157
36 207
36 221
36 269
36 270
36 291
37 45
37 52
37 54
37 73
37 107
37 147
37 154
37 182
37 240
37 245
37 250
37 253
38 45
38 65
38 81
38 93
38 169
38 171
38 188
38 198
38 203
38 274
38 280
38 284
38 289
39 41
39 68
39 79
39 93
39 112
39 113
39 124
39 127
39 143
39 161
39 181
39 217
39 226
39 239
39 259
39 260
39 266
39 281
40 54
40 64
40 96
40 103
40 111
40 116
40 127
40 145
40 157
40 159
40 200
40 205
40 235
40 240
40 268
40 295
40 296
41 92
41 126
41 136
41 155
41 168
41 172
41 189
41 193
41 198
41 204
41 205
41 241
41 261
41 268
41 283
41 289
42 55
42 113
42 114
42 141
42 167
42 172
42 182
42 183
42 185
42 189
42 192
42 232
42 288
43 53
43 73
43 89
43 95
43 104
43 111
43 117
43 132
43 133
43 169
43 190
43 192
43 198
43 213
43 220
43 221
43 230
43 265
43 269
43 275
43 282
43 293
44 92
44 130
44 147
44 169
44 214
44 228
44 247
44 254
44 269
44 273
44 274
44 293
45 50
45 54
45 62
45 83
45 148
45 228
45 237
45 247
45 252
45 280
45 286
46 48
46 82
46 83
46 98
46 101
46 157
46 221
46 225
46 228
46 254
46 258
46 279
46 292
47 54
47 63
47 71
47 206
47 215
47 232
47 246
47 273
47 294
48 51
48 62
48 73
48 85
48 89
48 95
48 103
48 108
48 110
48 123
48 144
48 181
48 186
48 196
48 230
48 237
49 115
49 124
49 125
49 127
49 137
49 140
49 169
49 179
49 183
49 210
49 224
49 279
50 116
50 117
50 163
50 166
50 188
50 219
50 239
50 242
50 243
51 76
51 89
51 119
51 134
51 145
51 151
51 159
51 166
51 179
51 198
51 208
51 269
52 59
52 73
52 75
52 82
52 97
52 104
52 106
52 113
52 119
52 136
52 163
52 177
52 183
52 195
52 268
52 277
52 278
52 298
53 74
53 94
53 121
53 142
53 183
53 231
53 238
53 242
53 245
53 284
53 290
53 293
54 65
54 68
54 73
54 95
54 156
54 211
54 212
54 264
54 298
55 72
55 106
55 111
55 125
55 129
55 135
55 136
55 178
55 185
55 212
55 222
55 226
55 244
55 259
55 263
55 267
55 269
56 73
56 97
56 117
56 128
56 152
56 171
56 184
56 190
56 217
56 239
56 244
56 252
56 278
56 279
57 61
57 73
57 75
57 87
57 93
57 110
57 139
57 158
57 224
57 292
58 102
58 117
58 123
58 199
58 204
58 227
58 230
58 232
58 236
58 251
58 271
58 272
58 282
58 293
59 62
59 68
59 75
59 77
59 82
59 94
59 109
59 133
59 135
59 158
59 176
59 223
59 237
59 244
59 264
59 275
59 292
60 68
60 79
60 90
60 110
60 120
60 135
60 149
60 161
60 172
60 186
60 200
60 226
60 236
60 253
60 275
60 299
61 68
61 81
61 117
61 119
61 149
61 174
61 175
61 176
61 195
61 225
61 256
61 257
61 276
61 279
61 293
62 68
62 90
62 101
62 128
62 134
62 140
62 193
62 217
62 222
62 228
62 234
62 239
62 263
62 290
63 76
63 88
63 102
63 122
63 135
63 141
63 151
63 162
63 199
63 203
63 241
63 290
63 298
64 106
64 146
64 162
64 184
64 201
64 207
64 220
64 231
64 235
64 276
64 279
64 280
64 283
64 284
64 288
64 292
65 92
65 93
65 94
65 95
65 101
65 112
65 134
65 139
65 172
65 231
65 275
65 277
65 286
65 292
65 293
66 107
66 110
66 142
66 150
66 159
66 202
66 203
66 215
66 217
66 221
66 224
66 239
66 261
66 280
67 89
67 100
67 105
67 112
67 128
67 130
67 138
67 156
67 167
67 227
67 235
68 79
68 84
68 119
68 126
68 131
68 145
68 164
68 177
68 208
68 237
68 255
68 278
69 71
69 89
69 109
69 168
69 178
69 227
69 263
70 72
70 90
70 92
70 110
70 118
70 125
70 172
70 173
70 177
70 228
70 229
70 254
70 259
70 280
70 291
70 292
71 79
71 115
71 125
71 129
71 141
71 143
71 157
71 159
71 161
71 164
71 165
71 175
71 192
71 206
71 223
71 243
71 270
71 272
71 284
72 78
72 101
72 108
72 119
72 146
72 152
72 186
72 218
72 227
72 235
72 247
72 264
72 268
72 276
73 102
73 108
73 122
73 152
73 170
73 177
73 183
73 246
73 255
73 271
74 90
74 119
74 130
74 132
74 138
74 156
74 166
74 170
74 175
74 186
74 191
74 199
74 213
74 230
74 248
74 259
74 261
74 291
75 86
75 92
75 100
75 141
75 157
75 165
75 172
75 214
75 237
75 251
75 258
75 262
76 77
76 91
76 97
76 145
76 146
76 188
76 252
76 253
76 281
77 85
77 100
77 135
77 156
77 173
77 198
77 205
77 215
77 264
77 265
77 284
77 290
77 292
77 298
78 88
78 99
78 120
78 144
78 189
78 208
78 218
78 228
78 279
78 298
79 108
79 112
79 122
79 135
79 140
79 163
79 173
79 200
79 227
79 237
79 253
80 105
80 112
80 157
80 173
80 194
80 204
80 228
80 252
80 256
80 270
80 293
81 84
81 116
81 131
81 232
81 241
81 281
82 86
82 111
82 113
82 130
82 138
82 169
82 171
82 216
82 219
82 227
82 238
82 254
82 292
82 294
83 107
83 137
83 144
83 155
83 209
83 236
83 259
83 273
84 89
84 90
84 107
84 114
84 130
84 174
84 178
84 188
84 201
84 246
84 254
84 264
84 282
85 89
85 115
85 120
85 121
85 125
85 164
85 168
85 173
85 177
85 178
85 226
85 228
85 268
85 274
86 99
86 168
86 173
86 184
86 185
86 186
86 204
86 209
86 221
86 227
86 241
86 243
86 251
86 259
86 262
86 291
86 295
87 100
87 124
87 149
87 156
87 160
87 190
87 205
87 211
87 215
87 221
87 276
87 283
88 117
88 124
88 131
88 132
88 134
88 177
88 192
88 208
88 221
88 236
88 243
88 251
88 272
88 276
88 291
88 293
89 97
89 133
89 142
89 168
89 170
89 179
89 196
89 221
89 230
89 232
90 100
90 118
90 128
90 135
90 170
90 173
90 212
90 220
90 242
90 244
90 257
90 291
90 298
91 95
91 123
91 150
91 174
91 206
91 222
91 269
92 111
92 114
92 117
92 140
92 158
92 186
92 236
92 261
92 267
93 109
93 122
93 151
93 183
93 189
93 198
93 201
93 223
93 259
93 268
93 282
94 100
94 122
94 126
94 154
94 161
94 190
94 192
94 235
94 242
94 256
94 264
94 278
94 287
95 99
95 108
95 116
95 154
95 161
95 178
95 179
95 186
95 197
95 198
95 201
95 217
95 222
95 258
95 279
95 295
96 111
96 112
96 131
96 145
96 155
96 192
96 198
96 221
96 256
96 298
97 132
97 143
97 167
97 175
97 189
97 248
97 259
97 289
97 292
97 295
98 124
98 144
98 147
98 156
98 180
98 196
98 202
98 207
98 212
98 235
98 247
98 285
99 119
99 177
99 196
99 209
99 213
99 216
99 218
99 254
99 260
99 269
99 276
100 110
100 132
100 139
100 153
100 158
100 159
100 175
100 200
100 208
100 210
100 223
100 245
100 254
100 256
100 276
101 110
101 113
101 120
101 143
101 151
101 160
101 171
101 257
101 286
101 298
102 115
102 119
102 130
102 143
102 190
102 201
102 234
102 247
102 252
102 263
102 268
102 272
102 278
103 154
103 167
103 184
103 212
103 223
103 239
103 264
103 272
103 278
103 291
103 295
104 107
104 128
104 154
104 158
104 190
104 195
104 203
104 207
104 223
104 231
104 274
105 113
105 125
105 128
105 133
105 144
105 164
105 193
105 203
105 210
105 218
105 264
105 265
106 117
106 122
106 136
106 151
106 172
106 212
106 237
106 283
106 295
107 116
107 120
107 183
107 188
107 222
107 227
107 235
107 247
107 254
107 262
108 112
108 148
108 208
108 234
108 249
108 250
108 275
108 283
108 287
109 138
109 203
109 209
109 210
109 212
109 238
109 247
109 255
109 256
109 267
109 286
109 290
110 113
110 127
110 138
110 144
110 147
110 155
110 157
110 170
110 183
110 191
110 200
110 223
110 241
110 247
110 259
110 286
111 113
111 132
111 212
111 227
111 239
111 252
111 253
111 257
111 268
111 295
112 130
112 140
112 159
112 182
112 190
112 227
112 232
112 261
112 282
112 291
112 299
113 114
113 135
113 216
113 220
113 242
113 254
113 257
113 265
113 283
114 126
114 153
114 163
114 225
114 234
114 263
114 269
114 287
114 293
114 298
115 126
115 134
115 145
115 146
115 175
115 184
115 191
115 219
115 222
115 264
115 265
115 295
115 299
116 129
116 147
116 159
116 172
116 189
116 192
116 202
116 226
116 249
116 281
116 282
117 123
117 149
117 160
117 165
117 195
117 208
117 210
117 214
117 244
117 285
118 122
118 124
118 173
118 180
118 195
118 201
118 216
118 217
118 233
118 257
118 259
118 262
118 270
118 271
119 140
119 141
119 151
119 156
119 163
119 175
119 199
119 203
119 230
119 233
119 236
119 287
119 294
119 297
120 129
120 134
120 181
120 201
120 225
120 259
120 270
120 278
120 289
120 291
121 123
121 126
121 127
121 148
121 154
121 173
121 192
121 193
121 205
121 206
121 218
121 238
121 248
121 249
121 278
121 280
121 287
121 294
122 132
122 145
122 188
122 200
122 279
122 280
122 291
123 136
123 173
123 181
123 182
123 196
123 198
123 203
123 208
123 253
123 268
123 281
123 287
124 134
124 176
124 203
124 204
124 216
124 222
124 252
124 258
124 266
124 271
124 275
124 293
125 152
125 155
125 169
125 173
125 180
125 188
125 211
125 223
125 235
125 258
125 270
125 282
126 133
126 135
126 155
126 169
126 186
126 189
126 228
126 251
126 252
126 254
126 266
126 271
126 272
126 279
126 282
126 291
126 292
126 294
127 128
127 130
127 140
127 143
127 175
127 177
127 184
127 189
127 201
127 227
127 229
127 246
127 260
127 286
128 160
128 163
128 191
128 197
128 210
128 237
128 294
128 298
129 141
129 148
129 152
129 166
129 186
129 205
129 217
129 243
129 250
129 263
129 266
129 269
129 279
129 280
130 151
130 181
130 218
130 239
130 244
130 253
130 275
130 285
130 286
130 289
131 134
131 147
131 161
131 174
131 178
131 187
131 188
131 200
131 209
131 236
131 252
131 264
131 276
131 283
131 294
132 133
132 155
132 187
132 192
132 205
132 234
132 240
132 247
132 293
132 299
133 152
133 165
133 203
133 214
133 241
133 253
134 153
134 154
134 167
134 168
134 173
134 254
134 256
134 262
134 264
134 265
134 284
135 137
135 139
135 141
135 150
135 167
135 182
135 204
135 215
135 227
135 247
135 296
136 161
136 162
136 170
136 173
136 193
136 195
136 200
136 239
136 244
136 245
136 249
136 263
136 264
136 281
136 287
136 291
136 292
137 148
137 149
137 158
137 188
137 196
137 205
137 235
137 238
137 250
137 258
137 278
137 291
138 139
138 173
138 198
138 227
138 234
138 240
138 241
138 243
138 266
138 268
139 145
139 188
139 214
139 226
139 239
139 258
139 283
140 142
140 155
140 157
140 170
140 181
140 196
140 202
140 212
140 242
140 257
140 262
140 265
140 282
141 187
141 193
141 197
141 276
141 278
141 284
141 286
141 294
142 147
142 163
142 177
142 217
142 231
142 232
142 259
142 270
143 174
143 181
143 187
143 213
143 226
143 234
143 238
143 277
143 284
143 290
144 145
144 148
144 155
144 212
144 219
144 227
144 259
144 260
145 149
145 161
145 164
145 180
145 181
145 193
145 208
145 213
145 215
145 260
145 264
145 286
145 288
145 297
145 298
146 151
146 158
146 160
146 175
146 191
146 229
146 243
146 246
146 284
146 296
147 224
147 232
147 242
147 258
147 284
148 155
148 214
148 216
148 220
148 253
148 264
148 270
148 278
149 165
149 174
149 177
149 191
149 195
149 199
149 247
149 270
150 151
150 157
150 164
150 176
150 180
150 181
150 196
150 198
150 203
150 242
150 249
150 251
150 259
150 260
150 278
151 205
151 248
151 256
151 288
152 154
152 163
152 167
152 172
152 223
152 264
152 270
152 287
153 166
153 169
153 185
153 202
153 250
153 271
153 278
153 297
153 298
153 299
154 177
154 202
154 227
154 241
154 253
154 255
154 257
154 258
154 266
154 274
154 277
154 297
154 298
155 176
155 184
155 191
155 210
155 249
155 278
155 281
155 283
156 167
156 194
156 203
156 204
156 217
156 240
156 241
156 242
156 269
156 284
157 159
157 160
157 189
157 217
157 228
157 265
157 266
158 180
158 217
158 243
158 276
158 293
159 166
159 176
159 180
159 211
159 225
159 247
159 253
159 286
159 296
160 181
160 236
160 262
160 279
160 283
160 286
161 162
161 172
161 180
161 187
161 207
161 215
161 225
161 233
161 275
161 281
161 292
161 294
162 175
162 206
162 223
162 258
163 179
163 181
163 186
163 205
163 213
163 215
163 250
163 253
163 262
163 276
163 296
164 178
164 182
164 196
164 204
164 219
164 225
164 246
165 172
165 185
165 234
165 249
165 267
165 271
166 176
166 178
166 210
166 263
166 286
166 291
167 168
167 200
167 203
167 221
167 243
167 251
167 259
167 267
167 291
167 294
168 222
168 231
168 294
168 296
169 170
169 190
169 244
169 269
169 277
169 297
169 298
170 186
170 187
170 204
170 207
170 216
170 236
170 242
170 254
170 262
170 269
170 275
170 289
171 176
171 178
171 199
171 212
171 240
171 247
171 250
171 252
172 181
172 195
172 208
172 222
172 255
172 264
173 179
173 215
173 227
173 234
173 289
174 187
174 224
174 247
174 280
174 294
175 195
175 213
175 217
175 221
175 259
175 291
175 292
175 297
176 188
176 192
176 213
176 215
176 229
176 269
176 281
176 284
176 292
177 193
177 212
177 223
177 226
177 240
177 268
177 270
178 185
178 186
178 211
178 225
178 243
179 216
179 253
179 258
179 294
180 196
180 198
180 212
180 241
180 250
180 252
180 299
181 250
181 251
181 266
181 274
182 184
182 192
182 211
182 246
182 254
182 258
182 265
183 189
183 220
183 278
183 280
183 282
183 297
184 188
184 195
184 204
184 211
184 248
184 252
184 287
185 189
185 200
185 217
185 257
185 265
185 285
185 296
186 200
186 228
186 236
186 250
186 273
186 283
187 197
187 224
187 234
187 250
187 277
187 283
188 207
188 211
188 220
188 245
188 261
188 284
189 209
189 222
189 223
189 235
189 244
189 278
189 279
189 298
190 227
190 230
190 233
190 234
190 246
190 249
190 292
191 194
191 218
191 224
191 236
191 243
191 262
191 264
192 193
192 211
192 225
192 231
192 232
192 237
192 238
192 243
192 249
192 251
192 259
192 264
193 209
193 213
193 222
193 245
193 257
193 264
193 295
194 205
194 208
194 212
194 221
194 222
194 226
194 260
194 267
194 268
194 271
194 291
194 297
195 242
195 256
195 264
195 284
195 286
196 215
196 218
196 224
196 231
196 234
196 275
196 285
197 244
197 252
197 270
197 293
198 210
198 215
198 243
198 247
198 269
198 289
198 291
199 206
199 211
199 225
199 233
199 263
199 276
200 223
200 228
200 241
200 251
200 252
200 256
200 257
200 259
200 261
200 266
200 299
201 209
201 217
201 221
201 229
201 245
201 248
201 256
201 289
202 224
202 235
202 265
203 228
203 236
203 258
203 259
203 277
203 279
203 280
204 219
204 228
204 233
204 243
204 249
204 257
204 270
204 278
204 298
205 214
205 232
205 259
205 262
205 264
205 276
205 284
205 295
206 213
206 219
207 211
207 220
207 244
207 260
207 279
207 281
208 235
208 239
208 254
208 255
208 277
208 285
208 286
209 224
209 225
209 230
209 232
209 236
209 240
209 247
209 280
209 298
210 213
210 228
210 257
210 264
211 237
211 241
211 256
211 293
212 229
212 230
212 232
212 236
212 238
212 287
213 225
213 295
213 297
214 243
214 244
214 245
214 251
214 256
215 222
215 267
215 298
216 226
216 238
216 255
216 269
216 281
216 283
216 285
216 296
216 297
217 245
218 229
218 256
218 268
218 276
219 223
219 244
219 253
219 260
219 283
220 221
220 228
220 241
220 251
220 255
220 283
221 247
221 254
221 256
221 257
221 277
222 234
222 236
222 257
222 269
222 276
222 279
223 234
223 235
223 254
223 283
224 242
224 258
224 267
224 284
224 291
225 227
225 245
225 249
225 254
225 274
225 283
225 295
226 279
226 292
226 294
227 241
227 251
227 252
227 256
227 261
227 288
228 238
228 257
228 282
228 285
228 290
228 299
229 240
229 281
229 289
230 234
230 240
230 244
230 246
230 250
230 260
230 261
231 240
231 258
231 284
231 295
232 233
232 252
232 257
232 282
233 237
233 240
233 251
233 292
234 257
234 266
234 278
234 279
235 239
235 258
235 259
235 285
235 290
236 252
236 254
236 298
237 243
237 251
237 269
237 275
237 299
238 257
238 266
238 288
239 240
239 256
240 251
240 259
240 267
240 275
240 288
240 292
241 250
241 284
241 286
241 290
241 294
242 244
242 250
243 254
243 258
243 269
243 286
244 255
244 272
245 259
245 267
246 247
246 248
246 257
246 260
246 280
247 250
247 277
247 280
248 281
248 293
249 274
249 286
249 292
250 262
250 270
250 275
250 289
251 257
251 266
251 289
251 292
252 266
252 288
252 292
253 267
253 294
254 257
254 258
254 269
254 276
254 290
254 299
255 274
256 258
256 277
257 261
257 262
257 268
257 284
258 264
258 267
258 268
258 279
258 283
259 269
259 291
260 261
260 269
260 294
260 298
261 267
261 272
261 290
261 298
261 299
262 264
262 265
262 284
262 296
262 298
263 288
264 275
264 288
264 295
265 280
265 281
267 296
268 280
269 286
269 291
269 295
269 298
272 276
273 281
273 287
274 298
276 298
277 288
278 296
278 298
280 287
280 299
281 284
281 287
284 299
286 297
287 288
298 299
