300 2691
0 12
0 42
0 80
0 116
0 118
0 129
0 141
0 172
0 189
0 228
0 248
0 292
0 294
0 295
1 93
1 118
1 168
1 195
1 216
1 229
1 254
1 270
1 280
1 290
2 26
2 33
2 53
2 86
2 118
2 141
2 153
2 174
2 224
2 267
2 291
2 298
3 11
3 41
3 60
3 106
3 107
3 112
3 137
3 165
3 170
3 171
3 229
3 243
3 246
3 251
3 259
3 274
3 285
3 291
3 299
4 58
4 69
4 89
4 138
4 185
4 199
4 241
4 242
4 247
4 248
4 281
5 7
5 14
5 79
5 81
5 86
5 98
5 129
5 135
5 147
5 152
5 169
5 178
5 180
5 189
5 195
5 223
5 249
5 260
5 264
5 266
5 274
5 289
6 18
6 32
6 40
6 68
6 79
6 88
6 109
6 115
6 162
6 170
6 171
6 182
6 196
6 232
6 239
6 279
6 295
7 10
7 20
7 32
7 40
7 50
7 58
7 62
7 63
7 71
7 103
7 124
7 178
7 191
7 248
7 249
7 275
7 278
7 286
8 25
8 40
8 48
8 60
8 76
8 135
8 141
8 167
8 179
8 216
8 249
8 262
9 58
9 74
9 91
9 107
9 135
9 198
9 215
9 218
9 252
9 269
9 281
10 39
10 54
10 68
10 73
10 80
10 112
10 129
10 136
10 137
10 141
10 142
10 147
10 163
10 167
10 188
10 199
10 207
10 236
10 267
10 269
11 22
11 79
11 98
11 104
11 123
11 128
11 132
11 141
11 150
11 153
11 198
11 203
11 218
11 251
11 256
11 269
11 271
11 272
11 293
12 49
12 88
12 128
12 145
12 199
12 207
12 237
12 240
12 249
12 250
12 273
13 25
13 36
13 38
13 46
13 51
13 74
13 77
13 130
13 162
13 175
13 200
13 233
13 240
13 244
14 35
14 63
14 66
14 69
14 95
14 181
14 215
14 220
14 221
14 242
14 283
14 290
15 22
15 38
15 47
15 64
15 75
15 78
15 79
15 91
15 139
15 153
15 166
15 177
15 211
15 219
15 271
15 274
15 281
15 284
16 23
16 31
16 58
16 82
16 86
16 92
16 100
16 145
16 185
16 186
16 194
16 202
16 215
16 249
16 259
16 268
16 275
16 276
16 299
17 53
17 65
17 79
17 109
17 118
17 156
17 158
17 169
17 255
17 266
17 269
17 272
18 44
18 68
18 77
18 80
18 144
18 156
18 171
18 184
18 208
18 247
18 274
18 293
18 297
19 51
19 57
19 75
19 77
19 78
19 91
19 128
19 151
19 165
19 176
19 211
19 215
19 239
19 242
19 244
19 267
19 287
20 104
20 109
20 111
20 115
20 129
20 136
20 148
20 172
20 199
20 226
20 233
20 234
20 236
20 264
20 265
20 278
20 285
21 23
21 30
21 34
21 35
21 43
21 64
21 105
21 113
21 120
21 166
21 175
21 180
21 202
21 211
21 227
21 233
21 235
21 240
21 257
21 270
22 36
22 42
22 59
22 64
22 80
22 108
22 124
22 125
22 130
22 131
22 134
22 147
22 152
22 158
22 169
22 241
22 242
22 248
22 256
22 260
22 299
23 40
23 51
23 128
23 150
23 171
23 183
23 198
23 210
23 213
23 222
23 242
23 246
23 257
23 298
24 32
24 40
24 105
24 122
24 134
24 154
24 155
24 163
24 182
24 195
24 223
24 233
24 235
24 246
24 264
24 273
25 26
25 27
25 51
25 88
25 121
25 149
25 155
25 204
25 205
25 212
25 239
25 254
25 260
25 287
25 292
25 294
26 29
26 33
26 39
26 44
26 88
26 105
26 125
26 149
26 164
26 174
26 255
26 265
26 276
26 285
26 298
27 52
27 53
27 115
27 124
27 163
27 189
27 230
27 235
27 249
27 268
27 271
27 274
27 276
27 278
27 296
28 32
28 83
28 92
28 150
28 163
28 272
29 32
29 62
29 69
29 72
29 76
29 79
29 91
29 106
29 115
29 127
29 131
29 138
29 141
29 152
29 208
29 210
29 254
29 288
29 297
30 31
30 33
30 45
30 51
30 63
30 81
30 88
30 91
30 106
30 111
30 113
30 145
30 149
30 160
30 175
30 183
30 212
30 249
30 270
30 279
30 283
30 293
31 36
31 58
31 73
31 116
31 117
31 124
31 134
31 139
31 146
31 204
31 217
31 222
31 228
31 230
31 239
31 244
31 252
31 263
31 273
32 76
32 81
32 106
32 122
32 130
32 141
32 168
32 172
32 196
32 197
32 208
32 237
32 257
32 289
32 292
33 49
33 51
33 59
33 60
33 78
33 79
33 83
33 97
33 112
33 154
33 168
33 188
33 214
33 223
33 262
33 276
33 298
33 299
34 40
34 45
34 61
34 76
34 100
34 133
34 142
34 170
34 184
34 199
34 211
34 216
34 246
34 251
34 263
34 267
34 285
34 290
34 293
34 298
35 61
35 86
35 110
35 127
35 144
35 201
35 204
35 224
35 226
35 240
35 246
35 285
35 287
35 294
36 45
36 55
36 85
36 89
36 106
36 129
36 136
36 163
36 164
36 193
36 204
36 209
36 211
36 216
36 257
36 297
37 43
37 48
37 58
37 102
37 134
37 148
37 186
37 223
37 233
37 237
38 44
38 53
38 59
38 66
38 72
38 73
38 89
38 108
38 112
38 141
38 183
38 198
38 220
38 223
38 226
38 244
38 251
39 46
39 70
39 118
39 142
39 157
39 158
39 191
39 245
39 247
39 258
39 261
39 263
39 274
39 276
40 62
40 109
40 128
40 141
40 194
40 203
40 209
40 257
40 260
40 290
40 293
41 62
41 72
41 107
41 111
41 130
41 151
41 155
41 192
41 198
41 203
41 218
41 266
41 297
42 91
42 114
42 147
42 186
42 194
42 203
42 226
42 233
42 237
42 264
42 267
42 284
43 61
43 65
43 70
43 76
43 90
43 123
43 134
43 147
43 150
43 151
43 161
43 175
43 181
43 200
43 202
43 285
44 52
44 66
44 101
44 149
44 154
44 184
44 204
44 212
44 229
44 244
44 275
44 285
44 298
45 51
45 61
45 66
45 193
45 199
45 219
45 254
45 262
45 278
46 60
46 62
46 72
46 79
46 87
46 159
46 161
46 206
46 231
46 235
46 251
46 284
47 69
47 71
47 73
47 105
47 124
47 146
47 149
47 150
47 169
47 209
47 218
47 227
47 282
47 283
48 50
48 75
48 78
48 100
48 102
48 105
48 127
48 129
48 137
48 150
48 171
48 224
48 225
48 242
48 253
48 264
48 272
48 274
48 291
49 91
49 96
49 98
49 140
49 195
49 238
49 261
49 276
50 54
50 76
50 97
50 102
50 109
50 124
50 125
50 147
50 152
50 158
50 167
50 176
50 183
50 184
50 185
50 186
50 196
50 229
50 247
50 249
50 260
51 54
51 61
51 64
51 97
51 113
51 117
51 122
51 124
51 129
51 140
51 167
51 192
51 210
51 225
51 230
51 231
51 251
51 272
51 290
51 298
52 79
52 103
52 125
52 128
52 146
52 156
52 219
52 233
52 242
52 246
53 58
53 87
53 108
53 120
53 121
53 123
53 143
53 157
53 161
53 183
53 187
53 203
53 212
53 217
53 293
54 67
54 76
54 89
54 101
54 122
54 135
54 174
54 210
54 223
54 225
54 226
54 282
55 60
55 75
55 85
55 100
55 112
55 115
55 135
55 152
55 165
55 216
55 240
55 242
55 272
55 286
55 292
56 81
56 119
56 122
56 124
56 157
56 158
56 159
56 211
56 232
56 290
56 295
57 60
57 68
57 74
57 91
57 94
57 95
57 98
57 99
57 103
57 170
57 172
57 179
57 194
57 232
57 282
57 284
57 285
57 292
58 79
58 103
58 113
58 121
58 124
58 125
58 150
58 170
58 202
58 214
58 227
58 232
58 253
58 270
58 289
59 79
59 84
59 105
59 108
59 109
59 128
59 137
59 146
59 155
59 182
59 184
59 196
59 202
59 209
59 218
59 282
59 292
59 293
60 79
60 85
60 89
60 116
60 125
60 131
60 133
60 137
60 138
60 139
60 159
60 165
60 167
60 173
60 177
60 184
60 213
60 231
60 232
60 239
60 240
60 251
60 260
60 269
60 272
60 295
61 88
61 96
61 130
61 137
61 178
61 179
61 203
61 219
61 231
61 241
61 266
62 63
62 87
62 122
62 131
62 137
62 142
62 155
62 157
62 159
62 185
62 190
62 208
62 216
62 235
62 268
62 272
63 94
63 103
63 108
63 155
63 169
63 210
63 211
63 244
63 288
64 91
64 110
64 114
64 135
64 137
64 157
64 176
64 180
64 182
64 191
64 192
64 216
64 219
64 227
64 246
64 255
64 265
64 273
64 280
64 284
64 289
65 74
65 90
65 116
65 124
65 132
65 138
65 144
65 150
65 161
65 166
65 188
65 189
65 250
65 252
65 253
65 260
65 284
66 85
66 89
66 97
66 126
66 137
66 188
66 189
66 210
66 216
66 223
66 274
66 284
67 75
67 89
67 104
67 109
67 112
67 113
67 124
67 144
67 209
67 228
67 230
67 241
67 247
67 257
67 259
68 70
68 81
68 89
68 101
68 110
68 111
68 118
68 170
68 182
68 209
68 218
68 219
68 221
68 242
68 257
68 273
68 278
69 76
69 82
69 102
69 111
69 114
69 118
69 149
69 156
69 166
69 192
69 201
69 244
69 262
69 267
69 294
70 139
70 143
70 154
70 171
70 176
70 181
70 241
70 245
70 257
70 278
71 84
71 85
71 89
71 107
71 122
71 186
71 242
71 250
71 272
71 293
72 74
72 89
72 121
72 127
72 132
72 148
72 156
72 158
72 165
72 175
72 180
72 245
72 261
72 288
72 298
73 103
73 113
73 125
73 150
73 185
73 197
73 241
73 249
73 266
74 96
74 116
74 134
74 135
74 136
74 139
74 142
74 148
74 171
74 176
74 183
74 240
74 277
74 292
75 83
75 87
75 94
75 108
75 167
75 168
75 176
75 215
75 220
75 223
75 226
75 237
75 267
75 274
75 279
75 298
76 88
76 100
76 115
76 138
76 140
76 179
76 191
76 195
76 215
76 272
76 292
77 97
77 100
77 109
77 118
77 123
77 125
77 130
77 143
77 171
77 215
77 224
77 231
77 246
77 253
77 284
78 111
78 132
78 144
78 165
78 177
78 189
78 203
78 226
78 228
78 237
78 241
78 255
78 257
78 262
78 280
78 284
78 285
78 288
79 147
79 159
79 169
79 183
79 194
79 232
79 236
79 243
79 252
79 263
79 267
79 273
79 279
79 281
79 288
80 155
80 169
80 181
80 210
80 226
80 253
80 270
81 83
81 91
81 124
81 130
81 151
81 156
81 159
81 160
81 182
81 185
81 279
81 280
82 83
82 131
82 133
82 142
82 144
82 160
82 176
82 192
82 195
82 214
82 231
82 246
82 252
82 255
82 256
82 286
82 288
83 109
83 115
83 118
83 134
83 142
83 145
83 150
83 161
83 164
83 178
83 188
83 193
83 202
83 207
83 213
83 222
83 229
83 268
83 270
83 275
83 277
83 286
83 289
83 298
84 107
84 147
84 163
84 167
84 168
84 198
84 201
84 226
84 240
84 248
84 272
84 273
84 274
84 290
85 96
85 100
85 123
85 130
85 132
85 160
85 171
85 173
85 218
85 244
85 258
85 294
86 122
86 142
86 172
86 196
86 201
86 215
86 220
86 224
86 230
86 239
86 262
86 271
86 273
86 286
87 92
87 105
87 113
87 123
87 125
87 128
87 138
87 142
87 151
87 156
87 160
87 269
87 272
87 278
88 89
88 135
88 147
88 157
88 173
88 184
88 192
88 245
88 253
88 286
88 297
88 298
89 90
89 91
89 111
89 125
89 130
89 149
89 154
89 175
89 178
89 179
89 188
89 200
89 212
89 218
89 247
89 252
89 263
89 285
90 91
90 108
90 132
90 145
90 148
90 156
90 167
90 180
90 194
90 201
90 208
90 215
90 237
90 276
90 293
91 97
91 129
91 133
91 137
91 141
91 144
91 146
91 153
91 206
91 218
91 227
91 246
91 249
91 257
91 261
91 271
91 274
91 277
91 282
91 299
92 137
92 162
92 196
92 212
92 227
92 231
92 252
92 266
92 283
92 289
93 101
93 133
93 142
93 163
93 185
93 203
93 209
93 224
93 230
93 242
93 247
93 265
93 291
94 173
94 181
94 201
94 206
94 213
94 224
94 234
94 255
94 257
94 259
94 267
94 281
94 283
94 284
94 289
94 294
95 101
95 119
95 142
95 161
95 171
95 188
95 217
95 262
95 284
95 290
96 106
96 136
96 147
96 157
96 187
96 238
96 261
96 278
96 288
97 130
97 172
97 201
97 204
97 233
97 259
97 265
97 277
97 283
97 285
98 101
98 110
98 128
98 130
98 145
98 189
98 190
98 203
98 214
98 253
98 254
98 287
98 289
99 150
99 170
99 193
99 195
99 201
99 208
99 217
99 218
99 244
99 286
99 292
100 126
100 144
100 157
100 159
100 191
100 231
100 238
100 242
100 250
100 254
100 289
101 152
101 204
101 229
101 238
101 249
101 270
101 274
101 292
102 168
102 170
102 177
102 199
102 211
102 231
102 261
102 282
102 297
103 106
103 115
103 117
103 142
103 159
103 180
103 189
103 195
103 205
103 231
103 236
103 239
103 254
103 267
103 273
103 295
104 106
104 126
104 146
104 164
104 167
104 169
104 174
104 183
104 189
104 199
104 239
104 262
104 278
104 285
104 299
105 150
105 170
105 171
105 199
105 231
105 232
105 236
105 254
105 260
106 108
106 111
106 126
106 130
106 173
106 182
106 222
106 237
106 246
106 251
107 108
107 115
107 155
107 168
107 218
108 140
108 142
108 151
108 167
108 173
108 176
108 190
108 199
108 205
108 221
108 229
108 233
108 242
108 252
109 142
109 174
109 178
109 199
109 204
109 207
109 215
109 231
109 239
109 242
109 256
110 133
110 163
110 170
110 175
110 181
110 192
110 220
110 232
110 241
110 253
111 116
111 124
111 140
111 151
111 171
111 179
111 180
111 184
111 205
111 206
111 215
111 216
111 224
111 240
111 259
111 291
112 126
112 128
112 134
112 144
112 151
112 162
112 169
112 180
112 189
112 195
112 201
112 209
112 210
112 223
112 241
112 275
112 290
112 294
113 117
113 130
113 138
113 145
113 148
113 157
113 205
113 215
113 244
113 250
113 280
113 286
113 295
114 119
114 123
114 155
114 166
114 171
114 210
114 217
114 229
114 245
114 264
114 267
114 269
114 279
115 116
115 120
115 137
115 156
115 166
115 210
115 240
115 278
115 283
116 122
116 153
116 171
116 191
116 216
116 234
116 251
116 268
116 269
116 282
117 122
117 133
117 172
117 179
117 194
117 208
117 220
117 251
117 260
117 265
118 148
118 164
118 190
118 204
118 206
118 217
118 221
118 295
119 162
119 177
119 187
119 251
119 258
119 266
120 126
120 137
120 141
120 156
120 161
120 201
120 223
120 247
120 258
120 259
121 154
121 174
121 184
121 187
121 216
121 231
121 240
121 251
121 285
122 123
122 124
122 167
122 169
122 185
122 206
122 278
123 125
123 183
123 197
123 220
123 229
123 231
123 243
123 261
123 286
124 129
124 154
124 168
124 182
124 213
124 225
124 252
124 260
124 287
125 135
125 138
125 162
125 169
125 194
125 248
125 284
125 289
125 294
126 147
126 224
126 227
126 235
126 238
126 256
126 271
126 276
126 277
127 129
127 134
127 162
127 169
127 201
127 208
127 220
127 222
127 235
127 243
127 284
128 130
128 137
128 144
128 196
128 204
128 219
128 243
128 294
129 194
129 216
129 220
129 263
129 286
129 296
130 142
130 144
130 150
130 178
130 197
130 207
130 244
130 255
130 263
130 265
131 135
131 144
131 148
131 149
131 157
131 166
131 172
131 174
131 185
131 191
131 234
131 237
131 239
131 243
131 261
131 268
131 292
132 141
132 176
132 196
132 208
132 230
132 261
133 143
133 152
133 157
133 163
133 194
133 204
133 208
133 209
133 213
133 228
133 236
133 279
133 286
133 288
133 293
134 143
134 151
134 152
134 172
134 204
134 222
134 237
134 240
134 258
134 267
134 275
135 142
135 198
135 207
135 215
135 230
135 234
135 240
135 270
135 279
135 285
135 295
136 147
136 176
136 180
136 189
136 200
136 218
136 241
136 249
136 262
136 274
137 157
137 168
137 170
137 287
137 290
138 147
138 148
138 157
138 197
138 200
138 278
138 279
138 280
138 285
138 290
139 170
139 180
139 206
139 222
139 258
139 266
139 271
139 275
139 276
140 142
140 182
140 228
140 277
140 279
141 144
141 171
141 179
141 184
141 187
141 195
141 227
141 232
141 254
141 256
141 279
142 155
142 177
142 186
142 218
142 220
142 232
142 241
142 270
142 279
143 170
143 245
143 269
144 147
144 151
144 156
144 246
144 249
144 261
144 284
144 298
145 162
145 192
145 220
145 262
145 271
145 284
145 292
146 152
146 169
146 172
146 175
146 217
146 241
146 262
146 270
146 283
146 285
147 227
147 242
147 247
147 248
147 267
147 268
147 273
147 286
148 177
148 179
148 181
148 191
148 199
148 212
148 254
148 276
148 277
148 284
149 154
149 155
149 170
149 177
149 178
149 237
149 238
149 263
149 285
150 166
150 207
150 223
150 224
150 249
150 271
150 277
150 290
151 169
151 176
151 179
151 192
151 216
151 227
151 233
151 254
151 255
151 257
151 262
151 273
152 163
152 166
152 182
152 187
152 189
152 197
152 205
152 208
152 239
152 274
152 288
153 160
153 198
153 203
153 212
153 223
153 229
153 233
153 245
153 255
153 266
154 177
154 182
154 216
154 225
154 233
154 247
154 251
154 259
154 273
154 275
154 281
154 282
155 158
155 170
155 180
155 193
155 218
155 219
155 221
155 234
155 239
155 254
155 259
155 271
155 275
155 280
155 285
156 175
156 177
156 181
156 187
156 191
156 208
156 213
156 224
156 226
156 230
156 231
156 258
156 260
156 261
156 283
157 166
157 172
157 182
157 189
157 190
157 201
157 207
157 211
157 227
157 237
157 262
157 263
157 295
158 159
158 176
158 196
158 262
158 276
158 285
159 167
159 170
159 205
159 248
159 276
159 282
160 168
160 178
160 188
160 197
160 209
160 216
160 240
160 241
160 247
160 249
160 259
160 264
160 278
161 167
161 172
161 184
161 185
161 194
161 195
161 213
161 216
161 256
161 258
161 276
161 282
161 285
162 169
162 172
162 218
162 262
162 273
162 276
162 288
163 179
163 180
163 182
163 211
163 266
163 297
164 175
164 191
164 195
164 206
164 219
164 220
164 227
164 230
164 242
164 244
164 245
164 268
165 168
165 188
165 197
165 205
165 229
165 233
165 243
166 192
166 232
166 243
166 249
166 251
166 255
166 268
166 284
166 287
166 294
167 202
167 212
167 214
167 218
167 225
167 232
167 249
167 252
168 174
168 186
168 211
168 225
168 229
168 247
168 257
168 273
168 281
168 288
168 289
168 297
169 190
169 202
169 207
169 210
169 229
169 243
169 251
169 265
169 274
169 293
170 204
170 269
170 284
170 287
170 296
171 180
171 185
171 231
171 243
171 263
171 272
171 287
172 207
172 210
172 214
172 240
172 258
172 263
172 272
172 297
173 178
173 196
173 256
173 264
173 274
173 283
173 295
173 296
173 298
174 202
174 208
174 228
174 243
174 254
174 258
174 261
174 274
174 275
174 276
174 277
175 176
175 181
175 184
175 185
175 269
176 207
176 220
176 245
176 246
176 256
177 182
177 190
177 210
177 244
177 268
177 269
177 293
178 192
178 205
178 240
178 263
178 275
178 276
178 278
178 294
179 198
179 218
179 249
179 255
179 265
179 282
179 284
179 285
179 288
180 192
180 236
180 244
180 247
180 252
180 264
180 289
180 297
181 191
181 219
181 220
181 225
181 227
181 233
181 242
181 247
181 256
181 280
182 194
182 200
182 204
182 205
182 296
183 187
183 194
183 201
183 232
183 241
183 278
183 285
184 198
184 207
184 240
184 248
184 271
184 299
185 204
185 205
185 236
185 237
185 240
185 241
185 252
185 266
185 267
185 282
185 288
186 191
186 197
186 206
186 236
186 278
186 295
187 209
187 220
187 228
187 233
187 240
187 246
187 269
187 272
187 279
188 213
188 253
188 254
188 274
189 204
189 223
189 229
189 231
189 232
189 252
189 285
189 290
190 197
190 205
190 206
190 209
190 225
190 246
190 248
190 265
190 291
191 205
191 216
191 226
191 282
192 232
192 248
192 258
192 274
192 292
193 208
193 220
193 222
193 223
193 233
193 241
193 262
193 286
194 199
194 207
194 212
194 221
194 223
194 247
194 251
194 252
194 278
194 290
194 298
195 221
195 227
195 231
195 240
195 241
195 262
195 263
195 280
195 284
195 298
196 213
196 215
196 237
196 243
196 244
196 260
196 283
196 288
196 295
196 298
197 208
197 210
197 230
197 232
197 249
197 267
197 278
197 280
197 285
198 236
198 252
198 259
198 264
198 268
199 208
199 235
199 238
199 253
199 263
199 299
200 212
200 214
200 239
200 260
200 278
201 224
201 253
201 256
201 262
201 295
202 206
202 246
202 271
202 284
203 223
203 240
203 266
203 299
204 225
204 229
204 234
204 277
204 293
205 224
205 238
205 246
205 256
205 262
206 273
206 278
206 292
206 299
207 210
207 213
207 219
207 246
207 248
207 270
207 273
208 225
208 260
208 261
208 264
208 283
208 296
208 298
209 214
209 237
209 238
209 255
209 260
209 267
209 270
209 298
210 219
210 233
210 244
210 252
210 267
210 272
210 274
210 297
210 299
211 221
211 267
211 289
212 268
212 273
212 281
213 234
213 245
213 247
213 253
213 262
213 281
213 297
214 223
214 234
214 238
214 275
214 277
214 286
214 290
214 297
215 219
215 234
215 237
215 280
215 297
216 226
216 230
216 242
216 262
216 266
216 274
216 279
217 243
217 291
218 237
218 239
218 255
218 258
218 259
218 270
218 287
218 298
219 223
219 235
219 239
219 263
219 268
219 269
219 276
220 238
220 251
220 263
220 281
221 225
221 226
221 252
221 253
221 286
221 297
222 224
222 236
222 269
222 279
222 292
222 294
223 228
223 231
223 278
223 287
224 251
224 261
225 226
225 228
225 230
225 254
225 260
225 269
225 273
225 287
225 292
225 294
226 287
226 296
227 233
227 243
227 254
227 282
228 235
228 241
228 257
228 259
228 265
228 267
228 285
228 293
229 237
229 250
229 292
230 233
230 239
230 247
230 264
230 283
231 243
231 278
232 235
232 265
232 272
232 288
233 238
233 263
233 268
233 279
233 282
234 241
234 255
234 282
234 292
235 240
235 295
236 237
236 285
236 293
237 247
237 255
237 272
237 273
237 278
237 282
238 245
238 251
238 289
238 291
239 277
240 243
240 266
240 280
240 283
240 294
241 259
241 260
241 279
241 297
242 282
242 284
242 285
243 257
243 267
243 270
243 277
243 290
244 288
244 292
245 262
245 273
245 279
245 286
246 268
246 277
246 288
247 265
247 279
248 253
249 253
249 258
249 290
250 258
250 260
250 290
250 296
250 298
251 265
251 278
251 295
252 289
252 291
253 277
253 295
254 268
254 286
254 291
254 293
255 285
256 272
256 277
256 295
257 290
258 263
260 278
260 289
262 283
263 269
263 272
263 298
264 273
264 290
264 291
266 279
266 286
266 287
267 274
268 285
268 287
269 271
269 287
270 278
270 297
270 298
271 278
271 294
272 287
272 291
273 293
273 298
278 288
278 291
278 292
279 284
279 285
279 292
279 295
281 287
281 288
281 294
282 296
286 290
286 299
288 297
288 299
289 299
290 292
290 298
293 297
293 299
