1
0 248
0 474
1 274
1 320
2 203
2 453
3 98
3 270
4 26
4 552
5 268
5 494
6 304
6 352
7 46
7 256
8 13
8 508
9 572
9 308
10 40
10 84
11 151
11 432
12 285
12 420
13 400
14 23
14 159
15 556
15 426
16 47
16 118
17 85
17 281
18 115
18 590
19 513
19 122
20 311
20 436
21 39
21 171
22 184
22 360
23 285
24 49
24 240
25 183
25 264
26 481
27 241
27 380
28 250
28 374
29 557
29 528
30 219
30 501
31 99
31 132
32 69
32 332
33 596
33 373
34 266
34 422
35 535
35 79
36 78
36 564
37 165
37 402
38 46
38 132
39 110
40 98
41 60
41 164
42 346
42 489
43 50
43 570
44 167
44 314
45 543
45 468
47 126
48 568
48 267
49 255
50 221
51 81
51 453
52 275
52 412
53 134
53 383
54 595
54 432
55 252
55 382
56 233
56 428
57 221
57 485
58 211
58 318
59 206
59 291
60 390
61 519
61 138
62 242
62 446
63 352
63 361
64 539
64 440
65 150
65 311
66 321
66 359
67 376
67 471
68 154
68 424
69 176
70 315
70 492
71 142
71 194
72 118
72 351
73 417
73 438
74 207
74 330
75 108
75 230
76 358
76 373
77 530
77 307
78 537
79 214
80 190
80 247
81 554
82 391
82 448
83 93
83 364
84 102
85 496
86 137
86 596
87 180
87 305
88 278
88 544
89 170
89 174
90 300
90 443
91 520
91 427
92 199
92 237
93 474
94 133
94 233
95 140
95 485
96 274
96 452
97 559
97 178
99 385
100 323
100 599
101 549
101 505
102 593
103 514
103 372
104 536
104 255
105 517
105 398
106 354
106 462
107 173
107 369
108 588
109 123
109 291
110 232
111 560
111 469
112 218
112 282
113 189
113 486
114 133
114 413
115 444
116 230
116 506
117 591
117 396
119 212
119 477
120 148
120 591
121 225
121 488
122 340
123 516
124 376
124 433
125 375
125 382
126 494
127 567
127 143
128 193
128 243
129 355
129 476
130 136
130 308
131 147
131 409
134 216
135 594
135 315
136 377
137 203
138 567
139 208
139 293
140 158
141 245
141 455
142 504
143 478
144 574
144 202
145 434
145 484
146 295
146 586
147 471
148 478
149 276
149 585
150 418
151 210
152 355
152 472
153 300
153 563
154 531
155 297
155 450
156 598
156 235
157 387
157 427
158 541
159 491
160 590
160 263
161 577
161 444
162 174
162 290
163 197
163 302
164 460
165 170
166 181
166 198
167 541
168 265
168 279
169 195
169 464
171 571
172 512
172 234
173 488
175 549
175 259
176 493
177 317
177 368
178 561
179 534
179 333
180 214
181 424
182 256
182 411
183 348
184 236
185 293
185 296
186 400
186 459
187 597
187 289
188 548
188 422
189 196
190 350
191 357
191 395
192 512
192 384
193 546
194 547
195 525
196 393
197 386
198 201
199 441
200 586
200 231
201 310
202 459
204 576
204 330
205 555
205 563
206 259
207 306
208 251
209 267
209 306
210 452
211 287
212 553
213 420
213 467
215 272
215 446
216 430
217 517
217 561
218 465
219 337
220 266
220 392
222 307
222 350
223 519
223 258
224 253
224 408
225 540
226 533
226 573
227 386
227 403
228 239
228 346
229 250
229 344
231 489
232 482
234 396
235 476
236 390
237 578
238 366
238 413
239 428
240 498
241 580
242 380
244 339
244 340
245 312
246 298
246 304
247 296
248 324
249 273
249 486
251 461
252 499
253 544
254 588
254 426
257 277
257 406
258 423
260 368
260 421
261 571
261 436
262 575
262 467
263 397
264 577
265 404
268 269
269 495
270 367
271 349
271 487
272 399
273 378
275 377
276 429
277 354
278 397
279 484
280 546
280 301
281 483
282 506
283 305
283 508
284 555
284 414
286 536
286 402
287 433
288 587
288 551
289 359
290 313
292 564
292 540
294 531
294 389
295 332
297 526
298 418
299 326
299 341
301 473
302 419
303 585
303 451
309 513
309 575
310 523
312 322
313 321
314 464
316 328
316 504
317 552
318 369
319 569
319 375
320 501
322 410
323 525
324 498
325 356
325 415
326 505
327 518
327 461
328 454
329 530
329 342
331 335
331 558
333 527
334 392
334 502
335 370
336 528
336 526
337 408
338 362
338 463
339 439
341 381
342 487
343 556
343 421
344 448
345 479
345 483
347 479
347 493
348 579
349 550
351 538
353 553
353 518
356 438
357 451
358 439
360 434
361 496
362 404
363 394
363 469
364 415
365 455
365 490
366 497
367 587
370 387
371 431
371 584
372 416
374 568
378 463
379 450
379 466
381 538
383 515
384 405
385 388
388 440
389 534
391 524
393 458
394 599
395 437
398 460
399 407
401 574
401 581
403 480
405 466
406 562
407 562
409 510
410 414
411 535
412 543
416 578
417 584
419 539
423 437
425 580
425 566
429 481
430 454
431 447
435 470
435 499
441 445
442 547
442 570
443 521
445 516
447 468
449 582
449 511
456 573
456 527
457 514
457 565
458 545
462 503
465 592
470 522
472 551
473 532
475 572
475 482
477 510
480 545
490 589
491 521
492 532
495 507
497 523
500 524
500 566
502 594
503 548
507 579
509 582
509 592
511 542
515 598
520 550
522 581
529 560
529 583
533 583
537 576
542 569
554 595
557 565
558 597
559 593
600 243
601 589
-1 -1
38.1294
