3
0 690
0 105
1 65
1 318
2 50
2 268
3 363
3 127
4 202
4 148
5 567
5 554
6 224
6 401
7 588
7 636
8 14
8 542
9 243
9 383
10 209
10 223
11 312
11 54
12 169
12 469
13 605
13 622
14 392
15 663
15 196
16 63
16 125
17 520
17 379
18 519
18 267
19 184
19 362
20 608
20 662
21 520
21 171
22 558
22 216
23 241
23 577
24 42
24 485
25 232
25 635
26 462
26 406
27 81
27 245
28 608
28 500
29 648
29 203
30 355
30 506
31 523
31 341
32 164
32 570
33 612
33 327
34 320
34 97
35 291
35 281
36 48
36 390
37 519
37 407
38 95
38 268
39 567
39 422
40 172
40 302
41 304
41 531
42 554
43 184
43 620
44 208
44 168
45 230
45 439
46 337
46 611
47 306
47 182
48 391
49 464
49 357
50 58
51 647
51 223
52 452
52 183
53 473
53 142
54 616
55 73
55 314
56 322
56 210
57 452
57 655
58 169
59 73
59 322
60 370
60 674
61 296
61 488
62 640
62 324
63 669
64 361
64 283
65 276
66 177
66 434
67 161
67 380
68 466
68 637
69 234
70 482
70 609
71 352
71 626
72 678
72 381
74 256
74 154
75 514
75 563
76 674
76 347
77 227
77 594
78 179
78 94
79 538
79 495
80 234
80 666
81 320
82 621
82 238
83 400
83 398
84 176
84 395
85 587
85 572
86 530
86 534
87 531
87 513
88 597
88 301
89 565
89 365
90 370
90 315
91 492
91 598
92 691
92 385
93 115
93 681
94 356
95 509
96 472
96 679
97 499
98 466
98 405
99 365
99 438
100 435
100 601
101 516
101 168
102 593
102 467
103 448
103 378
104 187
104 236
105 401
106 163
106 253
107 563
107 437
108 176
108 456
109 373
109 196
110 265
110 233
111 254
111 575
112 301
112 559
113 305
113 596
114 328
114 600
115 662
116 141
116 143
117 409
117 269
118 330
118 527
119 209
119 346
120 368
120 204
121 607
121 367
122 518
122 468
123 439
123 155
124 475
124 636
125 310
126 532
126 607
127 517
128 404
128 394
129 625
129 151
130 382
130 665
131 676
131 500
132 388
132 571
133 340
133 374
134 609
134 188
135 288
135 599
136 177
136 431
137 627
137 280
138 246
138 463
139 389
139 682
140 512
140 680
141 319
142 329
143 409
144 661
144 498
145 375
145 638
146 357
146 343
147 532
147 333
148 181
149 213
149 552
150 437
150 153
151 659
152 240
152 655
153 537
154 639
155 391
156 217
156 589
157 377
157 626
158 438
158 399
159 266
159 699
160 247
160 602
161 277
162 432
162 469
163 313
164 633
165 641
165 522
166 561
166 583
167 299
167 205
170 353
170 313
171 457
172 369
173 621
173 572
174 235
174 231
175 343
175 348
178 548
178 559
179 547
180 305
180 442
181 427
182 598
183 462
185 417
185 333
186 560
186 616
187 311
188 644
189 358
189 538
190 376
190 358
191 664
191 628
192 297
192 474
193 352
193 536
194 259
194 525
195 660
195 491
197 307
197 564
198 346
198 599
199 232
199 594
200 308
200 618
201 684
201 220
202 574
203 660
204 612
205 427
206 454
206 600
207 424
207 694
208 430
210 414
211 228
211 359
212 628
212 651
213 450
214 573
214 629
215 338
215 604
216 335
217 326
218 619
218 568
219 405
219 359
220 281
221 456
221 450
222 579
222 489
224 675
225 657
225 258
226 379
226 403
227 360
228 514
229 355
229 677
230 516
231 237
233 550
235 556
236 579
237 263
238 394
239 393
239 489
240 555
241 371
242 646
242 529
243 578
244 421
244 287
245 287
246 262
247 283
248 645
248 350
249 354
249 596
250 513
250 264
251 426
251 400
252 562
252 280
253 408
254 496
255 650
255 364
256 645
257 261
257 501
258 496
259 307
260 504
260 337
261 591
262 548
263 482
264 631
265 552
266 646
267 696
269 566
270 293
270 505
271 300
271 291
272 564
272 549
273 573
273 325
274 561
274 381
275 311
275 366
276 351
277 687
278 477
278 501
279 308
279 398
282 672
282 446
284 680
284 683
285 339
285 682
286 387
286 476
288 525
289 546
289 547
290 390
290 433
292 640
292 481
293 461
294 436
294 483
295 440
295 475
296 447
297 542
298 685
298 641
299 503
300 536
302 613
303 560
303 698
304 341
306 511
309 535
309 698
310 472
312 595
314 458
315 649
316 683
316 374
317 490
317 687
318 449
319 495
321 652
321 460
323 344
323 349
324 643
325 408
326 515
327 366
328 389
329 693
330 610
331 615
331 540
332 630
332 634
334 526
334 637
335 675
336 413
336 415
338 648
339 384
340 510
342 497
342 396
344 617
345 441
345 661
347 410
348 388
349 445
350 497
351 658
353 486
354 602
356 526
360 465
361 601
362 369
363 670
364 676
367 447
368 530
371 380
372 386
372 589
373 642
375 537
376 649
377 429
378 697
382 508
383 620
384 631
385 512
386 550
387 412
392 490
393 545
395 397
396 477
397 464
399 534
402 539
402 551
403 522
404 478
406 634
407 679
410 610
411 420
411 603
412 556
413 632
414 654
415 539
416 515
416 699
417 584
418 521
418 457
419 625
419 555
420 593
421 486
422 510
423 535
423 458
424 487
425 557
425 553
426 614
428 672
428 485
429 480
430 479
431 582
432 692
433 461
434 505
435 557
436 663
440 690
441 474
442 623
443 624
443 502
444 455
444 509
445 622
446 696
448 653
449 454
451 470
451 686
453 614
455 483
459 668
459 613
460 653
463 677
465 570
467 619
468 480
470 568
471 549
471 671
473 697
476 666
478 667
479 657
481 654
484 498
484 670
487 506
488 689
491 521
492 574
493 566
493 605
494 576
494 586
499 571
503 528
504 580
507 592
507 668
508 647
511 591
517 673
518 545
523 584
524 562
524 659
527 632
528 533
529 639
533 686
540 587
541 606
541 623
543 656
543 692
544 665
544 693
546 695
551 685
553 673
558 569
565 590
569 669
575 595
576 597
577 580
578 581
581 606
582 618
583 688
585 678
585 694
586 652
588 689
592 695
603 681
604 629
611 651
615 650
617 688
627 642
630 667
633 684
635 658
638 691
644 656
664 671
700 69
700 590
700 643
701 453
701 502
701 624
-1 -1
0.275318
