1
0 60
0 99
1 63
1 370
2 74
2 296
3 4
3 740
4 873
5 596
5 272
6 590
6 718
7 39
7 119
8 522
8 722
9 668
9 586
10 159
10 488
11 225
11 354
12 33
12 761
13 159
13 765
14 286
14 360
15 120
15 213
16 39
16 450
17 124
17 258
18 669
18 783
19 31
19 278
20 307
20 358
21 574
21 845
22 256
22 874
23 646
23 822
24 686
24 694
25 643
25 542
26 217
26 224
27 673
27 474
28 600
28 461
29 623
29 303
30 554
30 790
31 285
32 861
32 870
33 170
34 694
34 584
35 237
35 784
36 560
36 426
37 826
37 325
38 708
38 501
40 239
40 566
41 693
41 478
42 107
42 355
43 887
43 427
44 53
44 385
45 313
45 498
46 136
46 832
47 698
47 774
48 69
48 284
49 627
49 420
50 189
50 733
51 741
51 463
52 272
52 451
53 720
54 619
54 215
55 646
55 377
56 161
56 401
57 181
57 815
58 802
58 240
59 404
59 491
60 345
61 279
61 413
62 82
62 204
63 318
64 148
64 410
65 346
65 502
66 824
66 494
67 675
67 680
68 155
68 444
69 286
70 549
70 498
71 819
71 864
72 484
72 507
73 679
73 715
74 367
75 632
75 794
76 144
76 368
77 639
77 392
78 97
78 487
79 753
79 875
80 804
80 242
81 184
81 191
82 580
83 206
83 400
84 532
84 259
85 726
85 318
86 520
86 722
87 728
87 352
88 212
88 311
89 352
89 495
90 100
90 256
91 618
91 154
92 716
92 462
93 563
93 440
94 688
94 771
95 602
95 779
96 544
96 177
97 183
98 143
98 481
99 670
100 359
101 689
101 391
102 880
102 767
103 320
103 394
104 796
104 312
105 690
105 484
106 893
106 852
107 374
108 541
108 742
109 566
109 176
110 186
110 350
111 783
111 455
112 826
112 396
113 329
113 862
114 751
114 211
115 338
115 876
116 249
116 878
117 891
117 413
118 863
118 344
119 798
120 358
121 667
121 171
122 616
122 417
123 536
123 462
124 223
125 255
125 257
126 804
126 576
127 633
127 638
128 228
128 295
129 381
129 464
130 139
130 898
131 268
131 828
132 178
132 253
133 263
133 482
134 209
134 243
135 182
135 215
136 208
137 332
137 371
138 240
138 431
139 721
140 657
140 433
141 883
141 847
142 690
142 469
143 323
144 475
145 175
145 347
146 149
146 481
147 262
147 824
148 589
149 449
150 734
150 274
151 550
151 806
152 707
152 731
153 254
153 290
154 621
155 368
156 359
156 891
157 307
157 871
158 776
158 635
160 444
160 478
161 420
162 601
162 543
163 872
163 746
164 629
164 357
165 276
165 510
166 671
166 247
167 636
167 396
168 559
168 170
169 330
169 407
171 209
172 526
172 289
173 674
173 335
174 190
174 393
175 489
176 512
177 627
178 597
179 719
179 437
180 720
180 475
181 210
182 341
183 339
184 597
185 810
185 402
186 888
187 725
187 860
188 289
188 339
189 609
190 764
191 591
192 791
192 332
193 216
193 751
194 206
194 802
195 739
195 423
196 585
196 889
197 349
197 485
198 887
198 723
199 550
199 831
200 682
200 202
201 765
201 371
202 743
203 873
203 811
204 864
205 711
205 732
207 593
207 640
208 336
210 828
211 645
212 788
213 839
214 226
214 779
216 265
217 784
218 752
218 418
219 848
219 896
220 570
220 386
221 270
221 881
222 625
222 653
223 624
224 398
225 568
226 443
227 343
227 435
228 616
229 738
229 562
230 855
230 390
231 395
231 753
232 630
232 659
233 603
233 308
234 622
234 400
235 701
235 372
236 795
236 374
237 692
238 700
238 473
239 678
241 681
241 886
242 668
243 594
244 785
244 833
245 354
245 408
246 348
246 403
247 557
248 620
248 897
249 838
250 711
250 435
251 449
251 510
252 337
252 433
253 379
254 556
255 434
257 660
258 781
259 633
260 829
260 442
261 750
261 756
262 340
263 561
264 543
264 676
265 673
266 559
266 705
267 571
267 679
268 781
269 629
269 782
270 387
271 838
271 342
273 612
273 303
274 382
275 369
275 380
276 426
277 562
277 317
278 602
279 330
280 327
280 328
281 593
281 535
282 443
282 486
283 697
283 445
284 762
285 757
287 519
287 643
288 696
288 835
290 322
291 865
291 889
292 715
292 362
293 605
293 300
294 706
294 425
295 422
296 706
297 513
297 516
298 800
298 466
299 755
299 493
300 505
301 756
301 459
302 642
302 798
304 591
304 472
305 752
305 792
306 554
306 496
308 542
309 532
309 499
310 617
310 342
311 594
312 712
313 497
314 362
314 849
315 658
315 740
316 565
316 423
317 813
319 546
319 573
320 746
321 369
321 758
322 415
323 360
324 667
324 588
325 506
326 647
326 428
327 842
328 695
329 847
331 640
331 841
333 642
333 471
334 710
334 818
335 665
336 812
337 618
338 685
340 721
341 708
343 456
344 504
345 613
346 520
347 649
348 388
349 817
350 545
351 840
351 361
353 703
353 356
355 421
356 416
357 736
361 496
363 529
363 540
364 545
364 678
365 525
365 431
366 660
366 380
367 709
370 514
372 657
373 514
373 442
375 669
375 844
376 572
376 867
377 608
378 712
378 414
379 762
381 409
382 547
383 664
383 836
384 761
384 764
385 623
386 656
387 833
388 539
389 867
389 456
390 735
391 494
392 754
393 827
394 683
395 723
397 624
397 661
398 747
399 626
399 662
401 403
402 820
404 727
405 843
405 473
406 549
406 604
407 612
408 457
409 582
410 573
411 648
411 441
412 888
412 460
414 421
415 821
416 577
417 419
418 509
419 649
422 778
424 814
424 858
425 615
427 648
428 808
429 871
429 650
430 830
430 791
432 528
432 683
434 846
436 538
436 527
437 743
438 866
438 460
439 581
439 896
440 854
441 834
445 647
446 717
446 816
447 807
447 801
448 521
448 831
450 705
451 759
452 517
452 537
453 695
453 682
454 555
454 476
457 868
458 595
458 759
459 850
461 531
463 663
464 861
465 769
465 780
466 763
467 530
467 585
468 703
468 479
469 886
470 619
470 635
471 865
472 890
474 696
476 733
477 789
477 890
479 511
480 625
480 603
482 770
483 588
483 894
485 853
486 504
487 857
488 843
489 680
490 523
490 874
491 730
492 726
492 572
493 893
495 836
497 882
499 776
500 516
500 610
501 844
502 644
503 803
503 592
505 604
506 777
507 617
508 665
508 534
509 586
511 718
512 792
513 651
515 547
515 583
517 636
518 775
518 797
519 845
521 641
522 848
523 741
524 768
524 856
525 577
526 849
527 655
528 570
529 644
530 801
531 607
533 691
533 837
534 688
535 830
536 655
537 659
538 548
539 675
540 564
541 738
544 731
546 638
548 853
551 693
551 780
552 607
552 725
553 558
553 596
555 745
556 855
557 737
558 829
560 639
561 880
563 701
564 575
565 882
567 631
567 729
568 587
569 637
569 789
571 651
574 672
575 869
576 863
578 793
578 822
579 684
579 823
580 860
581 732
582 786
583 869
584 699
587 684
589 841
590 610
592 892
595 832
598 671
598 650
599 717
599 750
600 859
601 809
605 728
606 775
606 840
608 628
609 760
611 686
611 813
613 714
614 702
614 782
615 778
620 677
621 697
622 852
626 834
628 704
630 676
631 808
632 670
634 719
634 729
637 713
641 691
645 811
652 744
652 842
653 681
654 895
654 899
656 810
658 735
661 817
662 856
663 800
664 687
666 876
666 881
672 816
674 827
677 698
685 794
687 857
689 839
692 777
699 745
700 898
702 809
704 758
707 875
709 748
710 837
713 749
714 797
716 872
724 785
724 899
727 747
730 737
734 897
736 894
739 814
742 868
744 879
748 773
749 823
754 787
757 877
760 885
763 859
766 858
766 796
767 879
768 820
769 884
770 850
771 799
772 878
772 846
773 805
774 821
786 819
787 799
788 803
790 807
793 805
795 885
806 851
812 862
815 884
818 895
825 877
825 883
835 854
851 866
870 892
900 755
901 455
-1 -1
228.211
