1
0 49
0 510
1 771
1 783
2 541
2 784
3 166
3 418
4 779
4 362
5 695
5 877
6 141
6 648
7 8
7 225
8 52
9 31
9 234
10 548
10 98
11 801
11 446
12 554
12 609
13 719
13 275
14 624
14 64
15 296
15 756
16 32
16 487
17 29
17 511
18 68
18 119
19 687
19 485
20 254
20 678
21 798
21 874
22 558
22 633
23 333
23 862
24 68
24 160
25 547
25 168
26 770
26 836
27 199
27 433
28 183
28 355
29 583
30 597
30 220
31 59
32 588
33 228
33 388
34 659
34 511
35 86
35 240
36 233
36 380
37 297
37 876
38 98
38 109
39 284
39 370
40 274
40 313
41 378
41 399
42 241
42 433
43 516
43 173
44 856
44 230
45 806
45 716
46 778
46 736
47 616
47 758
48 78
48 484
49 385
50 682
50 242
51 609
51 803
52 306
53 65
53 458
54 866
54 347
55 518
55 630
56 555
56 475
57 738
57 878
58 97
58 227
59 130
60 569
60 835
61 527
61 310
62 686
62 316
63 845
63 661
64 523
65 460
66 449
66 476
67 692
67 896
69 128
69 692
70 666
70 157
71 539
71 489
72 539
72 870
73 309
73 506
74 659
74 156
75 613
75 839
76 323
76 387
77 404
77 502
78 371
79 108
79 680
80 595
80 804
81 560
81 300
82 867
82 192
83 542
83 420
84 594
84 128
85 123
85 457
86 867
87 630
87 242
88 665
88 267
89 251
89 816
90 520
90 791
91 261
91 373
92 590
92 380
93 115
93 551
94 573
94 471
95 104
95 887
96 109
96 718
97 834
99 644
99 426
100 810
100 849
101 264
101 411
102 568
102 725
103 221
103 236
104 200
105 598
105 249
106 790
106 504
107 581
107 592
108 586
110 734
110 795
111 618
111 776
112 745
112 709
113 737
113 328
114 120
114 761
115 650
116 763
116 458
117 666
117 775
118 164
118 669
119 441
120 351
121 580
121 191
122 731
122 753
123 301
124 301
124 303
125 674
125 789
126 652
126 739
127 299
127 596
129 823
129 505
130 686
131 137
131 148
132 535
132 879
133 824
133 746
134 237
134 341
135 366
135 390
136 520
136 574
137 885
138 690
138 293
139 251
139 455
140 818
140 317
141 276
142 707
142 723
143 815
143 827
144 654
144 418
145 545
145 638
146 180
146 218
147 323
147 330
148 804
149 749
149 766
150 796
150 890
151 157
151 493
152 186
152 485
153 355
153 408
154 258
154 780
155 798
155 861
156 678
158 634
158 178
159 588
159 476
160 593
161 357
161 492
162 297
162 331
163 170
163 864
164 591
165 608
165 459
166 390
167 820
167 490
168 482
169 562
169 453
170 415
171 227
171 584
172 650
172 850
173 860
174 514
174 394
175 270
175 357
176 843
176 392
177 696
177 826
178 439
179 572
179 490
180 792
181 278
181 791
182 765
182 412
183 544
184 584
184 399
185 833
185 840
186 697
187 610
187 698
188 748
188 245
189 289
189 764
190 679
190 557
191 777
192 407
193 347
193 886
194 750
194 894
195 385
195 424
196 321
196 503
197 285
197 844
198 226
198 417
199 781
200 532
201 518
201 460
202 595
202 794
203 677
203 496
204 736
204 859
205 527
205 536
206 229
206 249
207 324
207 341
208 727
208 384
209 720
209 564
210 787
210 407
211 642
211 688
212 549
212 299
213 720
213 404
214 675
214 265
215 662
215 816
216 578
216 674
217 713
217 464
218 712
219 833
219 431
220 326
221 718
222 496
222 507
223 275
223 411
224 820
224 353
225 412
226 383
228 497
229 726
230 350
231 698
231 262
232 825
232 495
233 252
234 571
235 267
235 840
236 533
237 505
238 629
238 467
239 648
239 770
240 549
241 434
243 807
243 386
244 882
244 393
245 294
246 601
246 836
247 813
247 886
248 558
248 349
250 676
250 367
252 310
253 268
253 345
254 851
255 600
255 575
256 806
256 346
257 276
257 375
258 895
259 821
259 285
260 762
260 289
261 475
262 604
263 342
263 432
264 870
265 826
266 283
266 852
268 645
269 837
269 374
270 478
271 581
271 605
272 672
272 732
273 671
273 717
274 536
277 543
277 315
278 295
279 653
279 828
280 689
280 318
281 722
281 850
282 757
282 469
283 506
284 286
286 575
287 743
287 443
288 753
288 808
290 398
290 444
291 835
291 488
292 416
292 481
293 574
294 898
295 512
296 889
298 519
298 465
300 760
302 607
302 338
303 673
304 871
304 358
305 852
305 884
306 824
307 795
307 401
308 812
308 752
309 316
311 684
311 721
312 342
312 497
313 438
314 899
314 499
315 711
317 661
318 576
319 646
319 811
320 427
320 860
321 401
322 531
322 635
324 713
325 619
325 895
326 556
327 348
327 353
328 414
329 783
329 413
330 832
331 757
332 647
332 550
333 371
334 611
334 495
335 775
335 644
336 730
336 669
337 751
337 849
338 730
339 724
339 864
340 734
340 509
343 875
343 555
344 769
344 823
345 807
346 384
348 714
349 620
350 759
351 463
352 566
352 842
354 727
354 502
356 622
356 628
358 453
359 819
359 494
360 667
360 423
361 719
361 811
362 691
363 751
363 805
364 782
364 695
365 403
365 486
366 728
367 625
368 534
368 443
369 553
369 738
370 881
372 657
372 897
373 415
374 619
375 582
376 685
376 479
377 381
377 893
378 567
379 640
379 731
381 402
382 559
382 796
383 708
386 565
387 711
388 749
389 550
389 639
391 566
391 897
392 865
393 728
394 408
395 572
395 890
396 521
396 623
397 808
397 716
398 452
400 690
400 553
402 448
403 688
405 773
405 858
406 628
406 848
409 680
409 899
410 785
410 422
413 693
414 441
416 700
417 600
419 622
419 429
420 660
421 529
421 631
422 652
423 623
424 466
425 561
425 733
426 606
427 854
428 621
428 725
429 597
430 773
430 456
431 737
432 568
434 593
435 673
435 839
436 892
436 492
437 577
437 561
438 744
439 641
440 693
440 847
442 464
442 478
444 472
445 590
445 898
446 705
447 633
447 571
448 462
449 470
450 585
450 699
451 517
451 664
452 722
454 853
454 489
455 883
456 573
457 754
459 857
461 763
461 748
462 606
463 735
465 649
466 605
467 500
468 754
468 879
469 838
470 640
471 540
472 894
473 683
473 805
474 868
474 504
477 629
477 696
479 827
480 655
480 613
481 761
482 721
483 586
483 868
484 706
486 643
487 888
488 877
491 610
491 821
493 602
494 663
498 521
498 658
499 567
500 793
501 522
501 818
503 660
507 797
508 670
508 759
509 665
510 522
512 855
513 691
513 583
514 542
515 675
515 891
516 545
517 626
519 825
523 699
524 729
524 888
525 872
525 846
526 639
526 792
528 662
528 576
529 747
530 819
530 683
531 681
532 618
533 637
534 656
535 774
537 822
537 843
538 632
538 594
540 559
541 853
543 637
544 865
546 645
546 810
547 651
548 882
551 787
552 706
552 832
554 779
556 838
557 844
560 822
562 621
563 782
563 793
564 694
565 837
569 869
570 599
570 817
577 802
578 876
579 646
579 587
580 649
582 653
585 786
587 611
589 871
589 604
591 701
592 612
596 744
598 702
599 741
601 687
602 797
603 741
603 874
607 667
608 788
612 710
614 859
614 828
615 802
615 872
616 671
617 772
617 855
620 752
624 758
625 724
626 723
627 642
627 766
632 893
634 809
635 703
636 655
636 729
638 834
641 790
643 785
647 842
651 848
654 717
656 841
657 789
658 854
663 830
664 875
668 866
668 873
670 885
672 892
676 762
677 700
679 767
681 831
682 708
684 851
685 799
689 803
694 712
697 769
701 704
702 767
703 863
704 856
705 814
707 771
709 750
710 829
714 831
715 726
715 881
732 742
733 739
735 781
740 884
740 857
742 755
743 829
745 778
746 896
747 755
756 863
760 814
764 780
765 880
768 861
768 815
774 784
776 786
777 813
788 801
794 847
799 845
800 809
800 812
817 846
830 841
858 891
862 878
869 887
873 880
883 889
900 772
901 631
-1 -1
34.6255
