1
0 317
0 452
1 156
1 389
2 126
2 309
3 133
3 496
4 579
4 122
5 76
5 162
6 108
6 564
7 632
7 469
8 65
8 709
9 14
9 217
10 566
10 394
11 357
11 468
12 852
12 442
13 575
13 566
14 164
15 384
15 872
16 522
16 584
17 788
17 809
18 402
18 445
19 160
19 342
20 172
20 699
21 554
21 160
22 32
22 447
23 898
23 306
24 226
24 335
25 749
25 524
26 610
26 231
27 45
27 501
28 673
28 374
29 91
29 178
30 780
30 280
31 202
31 782
32 773
33 60
33 262
34 729
34 583
35 187
35 265
36 688
36 501
37 718
37 355
38 84
38 457
39 784
39 726
40 557
40 736
41 139
41 418
42 98
42 747
43 805
43 467
44 187
44 889
45 398
46 147
46 275
47 338
47 396
48 719
48 363
49 565
49 457
50 532
50 599
51 298
51 401
52 778
52 885
53 895
53 418
54 895
54 409
55 198
55 308
56 161
56 864
57 560
57 506
58 798
58 312
59 527
59 582
60 682
61 876
61 478
62 119
62 820
63 570
63 309
64 601
64 648
65 130
66 190
66 434
67 367
67 254
68 555
68 234
69 636
69 890
70 619
70 792
71 832
71 449
72 678
72 471
73 209
73 732
74 128
74 710
75 164
75 767
76 465
77 608
77 838
78 140
78 165
79 693
79 781
80 607
80 487
81 145
81 217
82 568
82 366
83 633
83 336
84 738
85 777
85 287
86 632
86 92
87 265
87 795
88 342
88 896
89 108
89 455
90 590
90 505
91 213
92 650
93 147
93 402
94 541
94 544
95 806
95 764
96 815
96 394
97 562
97 716
98 735
99 239
99 580
100 606
100 661
101 679
101 447
102 525
102 186
103 114
103 807
104 121
104 496
105 301
105 388
106 131
106 499
107 572
107 410
109 595
109 848
110 739
110 873
111 277
111 607
112 193
112 754
113 687
113 429
114 744
115 521
115 221
116 653
116 452
117 645
117 497
118 720
118 325
119 668
120 210
120 377
121 529
122 185
123 617
123 795
124 274
124 719
125 581
125 766
126 681
127 244
127 414
128 552
129 824
129 354
130 546
131 262
132 725
132 388
133 860
134 570
134 676
135 892
135 440
136 396
136 413
137 743
137 861
138 778
138 303
139 335
140 794
141 644
141 585
142 591
142 205
143 553
143 441
144 325
144 448
145 647
146 806
146 331
148 455
148 474
149 350
149 391
150 714
150 884
151 368
151 493
152 542
152 411
153 220
153 451
154 715
154 886
155 600
155 367
156 851
157 624
157 486
158 708
158 247
159 576
159 627
161 663
162 736
163 189
163 459
165 610
166 214
166 844
167 263
167 584
168 618
168 887
169 725
169 481
170 530
170 847
171 514
171 899
172 384
173 234
173 276
174 674
174 430
175 519
175 877
176 827
176 872
177 580
177 621
178 791
179 385
179 405
180 515
180 267
181 817
181 864
182 543
182 899
183 289
183 655
184 777
184 313
185 285
186 478
188 585
188 205
189 528
190 508
191 888
191 469
192 742
192 827
193 772
194 594
194 419
195 753
195 846
196 520
196 776
197 502
197 784
198 790
199 307
199 839
200 577
200 726
201 815
201 348
202 878
203 582
203 371
204 858
204 296
206 854
206 830
207 543
207 822
208 572
208 243
209 348
210 291
211 692
211 587
212 691
212 503
213 258
214 520
215 307
215 826
216 637
216 678
218 696
218 298
219 785
219 393
220 731
221 240
222 700
222 363
223 877
223 449
224 644
224 876
225 594
225 621
226 593
227 305
227 438
228 593
228 633
229 762
229 849
230 635
230 835
231 712
232 779
232 430
233 278
233 492
235 674
235 284
236 533
236 243
237 708
237 817
238 751
238 339
239 788
240 375
241 652
241 346
242 256
242 344
244 538
245 344
245 468
246 863
246 559
247 482
248 695
248 391
249 252
249 304
250 757
250 343
251 382
251 754
252 458
253 536
253 404
254 436
255 839
255 560
256 364
257 306
257 483
258 283
259 673
259 376
260 407
260 459
261 822
261 399
263 651
264 516
264 374
266 808
266 498
267 387
268 516
268 373
269 826
269 461
270 428
270 497
271 683
271 737
272 824
272 475
273 712
273 316
274 811
275 291
276 619
277 504
278 862
279 519
279 842
280 315
281 622
281 780
282 685
282 730
283 533
284 646
285 727
286 739
286 484
287 850
288 347
288 370
289 612
290 576
290 352
292 411
292 799
293 629
293 368
294 688
294 490
295 399
295 677
296 787
297 612
297 506
299 867
299 660
300 658
300 711
301 485
302 553
302 314
303 800
304 776
305 345
308 587
310 732
310 443
311 599
311 347
312 701
313 816
314 643
315 373
316 869
317 706
318 549
318 440
319 606
319 369
320 435
320 482
321 537
321 355
322 857
322 404
323 654
323 823
324 704
324 416
326 601
326 564
327 545
327 550
328 760
328 386
329 530
329 410
330 859
330 869
331 405
332 639
332 653
333 696
333 816
334 771
334 507
336 538
337 855
337 627
338 707
339 705
340 573
340 711
341 892
341 401
343 758
345 752
346 546
349 724
349 484
350 646
351 591
351 692
352 880
353 747
353 834
354 507
356 521
356 837
357 896
358 552
358 716
359 535
359 728
360 731
360 857
361 805
361 666
362 879
362 762
364 760
365 436
365 481
366 529
369 875
370 852
371 550
372 661
372 802
375 508
376 652
377 614
378 821
378 485
379 561
379 589
380 531
380 759
381 818
381 474
382 464
383 551
383 643
385 818
386 893
387 499
389 809
390 583
390 651
392 625
392 432
393 882
395 779
395 803
397 453
397 461
398 491
400 555
400 686
403 851
403 510
406 532
406 733
407 724
408 884
408 438
409 647
412 524
412 631
413 721
414 658
415 694
415 856
416 598
417 604
417 423
419 728
420 798
420 861
421 639
421 571
422 557
422 834
423 628
424 874
424 495
425 671
425 509
426 836
426 745
427 750
427 890
428 649
429 641
431 756
431 838
432 471
433 835
433 472
434 605
435 846
437 603
437 800
439 579
439 598
441 887
442 480
443 663
444 513
444 729
445 810
446 567
446 502
448 703
450 544
450 470
451 545
453 787
454 669
454 672
456 515
456 654
458 540
460 690
460 505
462 676
462 751
463 752
463 492
464 842
465 586
466 586
466 799
467 843
470 659
472 865
473 615
473 811
475 819
476 828
476 491
477 741
477 749
479 666
479 796
480 843
483 856
486 686
487 737
488 709
488 631
489 602
489 703
490 629
493 865
494 682
494 714
495 685
498 804
500 547
500 648
503 563
504 547
509 668
510 759
511 870
511 603
512 722
512 789
513 549
514 596
517 837
517 746
518 525
518 554
522 814
523 786
523 551
526 595
526 767
527 568
528 609
531 820
534 873
534 894
535 640
536 684
537 665
539 618
539 821
540 804
541 707
542 844
548 855
548 687
556 561
556 819
558 589
558 727
559 836
562 830
563 689
565 812
567 775
569 881
569 878
571 600
573 833
574 630
574 849
575 781
577 831
578 624
578 790
581 642
588 888
588 885
590 791
592 608
592 717
596 642
597 771
597 825
602 814
604 829
605 893
609 783
611 756
611 828
613 683
613 722
614 886
615 761
616 768
616 829
617 659
620 704
620 833
622 897
623 684
623 823
625 713
626 870
626 735
628 662
630 718
634 662
634 797
635 655
636 860
637 745
638 782
638 738
640 649
641 847
645 717
650 665
656 720
656 763
657 691
657 789
660 832
664 734
664 793
667 774
667 813
669 772
670 741
670 867
671 883
672 825
675 868
675 755
677 898
679 881
680 859
680 812
681 807
689 705
690 768
693 774
694 723
695 773
697 793
697 750
698 894
698 763
699 882
700 746
701 766
702 810
702 853
706 891
710 730
713 853
715 808
721 733
723 868
734 742
740 775
740 813
743 840
744 850
748 792
748 858
753 783
755 757
758 863
761 879
764 866
765 770
765 796
769 871
769 875
770 785
786 883
794 841
797 891
801 840
801 803
802 862
831 874
841 848
845 871
845 880
854 889
900 866
901 897
-1 -1
2.88484
