1
0 593
0 439
1 32
1 153
2 95
2 175
3 223
3 899
4 82
4 436
5 334
5 365
6 686
6 872
7 187
7 258
8 779
8 269
9 156
9 231
10 531
10 162
11 45
11 303
12 350
12 386
13 169
13 454
14 693
14 768
15 185
15 700
16 207
16 817
17 240
17 439
18 249
18 844
19 230
19 769
20 778
20 620
21 337
21 499
22 160
22 290
23 804
23 399
24 59
24 677
25 587
25 725
26 880
26 672
27 689
27 420
28 577
28 394
29 616
29 131
30 168
30 180
31 74
31 707
32 611
33 555
33 216
34 533
34 744
35 613
35 708
36 838
36 847
37 525
37 327
38 94
38 684
39 179
39 369
40 229
40 898
41 62
41 163
42 137
42 354
43 578
43 737
44 173
44 836
45 216
46 596
46 404
47 661
47 505
48 110
48 665
49 867
49 610
50 306
50 54
51 211
51 357
52 165
52 296
53 528
53 796
54 663
55 815
55 472
56 857
56 352
57 521
57 754
58 114
58 525
59 829
60 670
60 741
61 686
61 329
62 491
63 726
63 743
64 136
64 703
65 330
65 507
66 225
66 471
67 636
67 650
68 373
68 408
69 102
69 125
70 305
70 425
71 566
71 294
72 644
72 154
73 223
73 438
74 101
75 464
75 467
76 651
76 167
77 822
77 337
78 695
78 277
79 549
79 389
80 197
80 324
81 653
81 695
82 740
83 580
83 94
84 135
84 415
85 516
85 843
86 230
86 882
87 202
87 806
88 556
88 792
89 624
89 635
90 601
90 693
91 594
91 150
92 260
92 350
93 250
93 681
95 849
96 639
96 796
97 136
97 273
98 791
98 622
99 623
99 151
100 740
100 727
101 631
102 548
103 878
103 426
104 520
104 502
105 124
105 188
106 200
106 218
107 615
107 252
108 551
108 118
109 733
109 862
110 531
111 701
111 819
112 431
112 459
113 722
113 303
114 333
115 653
115 236
116 348
116 400
117 712
117 320
118 272
119 640
119 442
120 634
120 709
121 712
121 822
122 158
122 196
123 802
123 509
124 745
125 857
126 291
126 443
127 137
127 846
128 413
128 490
129 792
129 300
130 770
130 604
131 739
132 611
132 727
133 557
133 817
134 718
134 228
135 294
138 357
138 458
139 711
139 242
140 543
140 808
141 850
141 358
142 766
142 382
143 546
144 517
144 166
145 617
145 233
146 545
146 338
147 897
147 497
148 830
148 831
149 769
149 263
150 503
151 699
152 564
152 704
153 540
154 624
155 286
155 363
156 591
157 805
157 327
158 309
159 730
159 575
160 722
161 726
161 259
162 767
163 346
164 597
164 795
165 335
166 688
167 399
168 553
169 449
170 540
170 782
171 860
171 456
172 356
172 378
173 178
174 881
174 661
175 476
176 871
176 583
177 598
177 483
178 780
179 339
180 361
181 522
181 603
182 280
182 566
183 272
183 328
184 544
184 288
185 203
186 402
186 527
187 778
188 627
189 798
189 473
190 701
190 412
191 858
191 884
192 628
192 426
193 564
193 386
194 298
194 463
195 618
195 488
196 563
197 537
198 518
198 623
199 342
199 473
200 315
201 282
201 284
202 872
203 834
204 637
204 883
205 690
205 750
206 245
206 640
207 370
208 311
208 409
209 813
209 859
210 770
210 374
211 436
212 659
212 521
213 323
213 475
214 233
214 368
215 462
215 678
217 639
217 842
218 244
219 543
219 724
220 622
220 238
221 325
221 866
222 513
222 619
224 351
224 427
225 416
226 679
226 300
227 786
227 863
228 852
229 480
231 506
232 607
232 245
234 514
234 276
235 734
235 460
236 574
237 630
237 852
238 789
239 536
239 826
240 542
241 613
241 658
242 443
243 419
243 447
244 818
246 873
246 797
247 468
247 500
248 706
248 367
249 446
250 434
251 864
251 401
252 845
253 538
253 735
254 586
254 445
255 573
255 450
256 783
256 851
257 781
257 618
258 320
259 268
260 841
261 670
261 281
262 881
262 299
263 558
264 746
264 754
265 865
265 766
266 697
266 709
267 824
267 850
268 855
269 708
270 433
270 853
271 738
271 431
273 694
274 621
274 476
275 590
275 537
276 288
277 676
278 342
278 869
279 762
279 391
280 405
281 863
282 890
283 648
283 423
284 400
285 649
285 711
286 761
287 295
287 376
289 714
289 868
290 550
291 869
292 573
292 865
293 855
293 758
295 413
296 580
297 313
297 492
298 421
299 418
301 749
301 415
302 547
302 497
304 666
304 741
305 651
306 518
307 524
307 311
308 714
308 379
309 568
310 680
310 383
312 667
312 392
313 451
314 561
314 642
315 664
316 408
316 428
317 671
317 772
318 743
318 779
319 692
319 591
321 516
321 363
322 375
322 430
323 721
324 692
325 547
326 556
326 420
328 794
329 339
330 656
331 358
331 368
332 880
332 832
333 710
334 696
335 669
336 562
336 500
338 494
340 609
340 782
341 789
341 380
343 617
343 818
344 606
344 508
345 545
345 589
346 749
347 402
347 781
348 428
349 606
349 847
351 793
352 494
353 776
353 893
354 685
355 839
355 811
356 440
359 752
359 376
360 578
360 762
361 861
362 673
362 767
364 548
364 696
365 717
366 790
366 738
367 683
369 629
370 479
371 392
371 503
372 842
372 496
373 774
374 570
375 419
377 390
377 424
378 449
379 384
380 600
381 587
381 447
382 717
383 534
384 552
385 765
385 862
387 646
387 460
388 800
388 838
389 853
390 684
391 682
393 634
393 730
394 593
395 565
395 554
396 610
396 552
397 887
397 659
398 895
398 453
401 464
403 720
403 891
404 429
405 859
406 685
406 870
407 559
407 681
409 576
410 875
410 588
411 446
411 498
412 523
414 840
414 765
416 559
417 747
417 434
418 506
421 441
422 529
422 784
423 821
424 637
425 753
427 472
429 856
430 445
432 801
432 829
433 728
435 893
435 890
437 524
437 453
438 846
440 718
441 671
442 479
444 833
444 858
448 757
448 764
450 777
451 478
452 602
452 586
454 526
455 802
455 499
456 553
457 719
457 660
458 612
459 748
461 581
461 689
462 828
463 887
465 522
465 632
466 631
466 790
467 886
468 599
469 575
469 471
470 643
470 892
474 519
474 672
475 694
477 824
477 763
478 724
480 650
481 615
481 787
482 758
482 815
483 854
484 565
484 632
485 520
485 715
486 702
486 649
487 560
487 803
488 731
489 534
489 723
490 867
491 721
492 532
493 835
495 739
495 889
496 646
498 755
501 636
501 773
502 716
504 542
504 605
505 608
507 581
508 806
509 783
510 515
510 860
511 512
511 629
512 875
513 785
514 797
515 517
519 663
523 889
526 528
527 647
529 788
530 654
530 834
532 764
533 616
535 879
535 715
536 746
538 845
539 560
539 896
541 683
541 702
544 669
546 752
549 892
550 691
551 676
554 794
555 759
557 619
558 584
561 674
562 571
563 704
567 812
567 700
568 667
569 641
569 658
570 655
571 793
572 675
572 849
574 641
576 688
577 774
579 589
579 856
582 821
582 864
583 705
584 687
585 736
585 894
588 612
590 656
592 898
592 814
594 877
595 755
595 820
596 710
597 707
598 729
599 733
600 795
601 652
602 803
603 725
604 772
605 791
607 703
608 876
609 657
614 662
614 883
620 677
621 747
625 706
625 771
626 807
626 841
627 773
628 866
630 837
633 786
633 751
635 888
638 745
638 848
642 814
643 833
644 787
645 732
645 753
647 888
648 831
652 673
654 870
655 816
657 735
660 876
662 800
664 666
665 732
668 801
668 756
674 771
675 830
678 868
679 896
680 816
682 690
687 756
691 750
697 760
698 897
698 823
699 827
705 808
713 891
713 835
716 873
719 736
720 776
723 844
728 874
729 843
731 828
734 812
737 836
742 805
742 825
744 848
748 895
751 775
757 809
759 839
760 780
761 825
763 819
768 871
775 799
777 851
784 884
785 810
788 840
798 804
799 878
807 861
809 854
810 827
811 826
813 899
820 877
823 837
832 885
874 886
879 882
885 894
900 143
901 493
-1 -1
281.159
