1
0 221
0 355
1 167
1 481
2 87
2 115
3 394
3 425
4 34
4 148
5 469
5 496
6 340
6 386
7 111
7 227
8 79
8 463
9 171
9 346
10 42
10 486
11 133
11 344
12 271
12 309
13 30
13 35
14 155
14 236
15 404
15 433
16 122
16 159
17 52
17 71
18 269
18 460
19 25
19 253
20 87
20 442
21 56
21 315
22 92
22 313
23 100
23 286
24 238
24 322
25 125
26 73
26 190
27 149
27 301
28 54
28 123
29 223
29 305
30 183
31 39
31 74
32 106
32 287
33 231
33 432
34 226
35 334
36 318
36 414
37 233
37 234
38 259
38 290
39 42
40 96
40 224
41 286
41 345
43 123
43 298
44 242
44 304
45 59
45 489
46 151
46 347
47 78
47 289
48 310
48 417
49 165
49 323
50 465
50 493
51 333
52 246
53 188
53 241
54 379
55 70
55 84
56 66
57 195
57 240
58 282
58 326
59 332
60 234
60 266
61 242
61 446
62 254
62 283
63 290
63 352
64 227
64 421
65 194
65 398
66 364
67 305
67 382
68 117
68 424
69 179
69 479
70 477
71 443
72 79
72 332
73 161
74 91
75 346
75 488
76 185
76 320
77 114
77 215
78 304
80 220
80 325
81 359
81 368
82 134
82 344
83 273
83 452
84 166
85 139
85 329
86 107
86 495
88 162
88 480
89 370
89 423
90 94
90 274
91 326
92 293
93 224
93 417
94 371
95 241
95 418
96 140
97 138
97 306
98 267
98 423
99 180
99 390
100 312
101 103
101 250
102 217
102 483
103 186
104 143
104 388
105 172
105 203
106 420
107 354
108 239
108 311
109 148
109 206
110 311
110 349
111 460
112 219
112 361
113 232
113 495
114 201
115 247
116 153
116 225
117 150
118 395
118 463
119 258
119 389
120 164
120 419
121 331
121 475
122 383
124 266
124 341
125 126
126 401
127 154
127 357
128 318
128 343
129 281
129 455
130 355
130 359
131 191
131 375
132 168
132 443
133 181
134 296
135 166
135 293
136 339
136 412
137 364
137 416
138 461
139 252
140 156
141 217
141 489
142 161
142 497
143 211
144 336
144 427
145 395
145 470
146 167
146 436
147 478
147 498
149 222
150 337
151 265
152 350
152 454
153 440
154 439
155 384
156 192
157 208
157 331
158 196
158 498
159 333
160 207
160 367
162 182
163 317
163 457
164 327
165 474
168 372
169 282
169 342
170 267
170 478
171 177
172 313
173 376
173 392
174 201
174 425
175 291
175 308
176 185
176 352
177 397
178 297
178 370
179 356
180 441
181 415
182 367
183 410
184 323
184 472
186 261
187 229
187 321
188 407
189 203
189 334
190 362
191 454
192 466
193 270
193 383
194 296
195 405
196 398
197 302
197 438
198 312
198 340
199 257
199 348
200 223
200 320
202 211
202 492
204 314
204 413
205 357
205 433
206 287
207 237
208 486
209 430
209 490
210 415
210 457
212 243
212 263
213 273
213 353
214 366
214 453
215 281
216 246
216 437
218 220
218 403
219 319
221 499
222 439
225 362
226 477
228 378
228 402
229 490
230 265
230 431
231 487
232 435
233 448
235 363
235 422
236 309
237 466
238 400
239 292
240 409
243 380
244 275
244 358
245 316
245 393
247 263
248 294
248 468
249 345
249 464
250 434
251 389
251 456
252 406
253 324
254 294
255 348
255 428
256 269
256 494
257 386
258 447
259 366
260 303
260 413
261 335
262 361
262 484
264 268
264 473
268 369
270 449
271 414
272 410
272 456
274 374
275 445
276 300
276 485
277 390
277 469
278 461
278 467
279 378
279 453
280 436
280 440
283 482
284 360
284 447
285 302
285 402
288 356
288 427
289 307
291 380
292 350
295 397
295 475
297 393
298 474
299 381
299 434
300 328
301 351
303 403
306 411
307 419
308 455
310 472
314 462
315 381
316 353
317 483
319 468
321 338
322 465
324 488
325 376
327 341
328 399
329 416
330 418
330 441
335 384
336 492
337 481
338 452
339 482
342 347
343 444
349 438
351 430
354 394
358 405
360 491
363 385
365 372
365 458
368 373
369 445
371 391
373 429
374 446
375 451
377 422
377 479
379 459
382 406
385 435
387 448
387 470
388 494
391 411
392 499
396 426
396 476
399 428
400 491
401 424
404 487
407 429
408 467
408 471
409 420
412 459
421 458
426 485
431 450
432 480
437 473
442 451
444 497
449 493
450 476
464 471
484 496
500 51
501 462
-1 -1
1.68364
