1
0 286
0 520
1 218
1 223
2 20
2 553
3 48
3 540
4 49
4 457
5 529
5 573
6 371
6 595
7 369
7 505
8 97
8 236
9 374
9 460
10 208
10 501
11 251
11 419
12 230
12 319
13 18
13 137
14 98
14 563
15 250
15 392
16 146
16 351
17 120
17 548
18 386
19 275
19 459
20 84
21 62
21 205
22 47
22 300
23 115
23 210
24 474
24 509
25 38
25 559
26 126
26 599
27 62
27 443
28 185
28 223
29 115
29 344
30 94
30 440
31 43
31 232
32 518
32 545
33 309
33 473
34 276
34 365
35 93
35 394
36 481
36 585
37 42
37 572
38 475
39 71
39 570
40 293
40 431
41 124
41 554
42 269
43 549
44 285
44 318
45 88
45 89
46 288
46 550
47 265
48 285
49 183
50 507
50 543
51 85
51 277
52 154
52 397
53 72
53 381
54 496
54 498
55 392
55 546
56 315
56 488
57 128
57 176
58 140
58 484
59 105
59 573
60 133
60 422
61 154
61 570
63 296
63 561
64 268
64 534
65 193
65 395
66 168
66 226
67 282
67 379
68 341
68 413
69 174
69 301
70 103
70 339
71 260
72 281
73 159
73 336
74 221
74 306
75 289
75 583
76 191
76 596
77 440
77 508
78 101
78 512
79 298
79 413
80 375
80 474
81 243
81 257
82 89
82 599
83 116
83 335
84 359
85 175
86 407
86 447
87 485
87 596
88 135
90 108
90 261
91 503
91 588
92 311
92 506
93 475
94 587
95 153
95 477
96 308
96 400
97 420
98 453
99 321
99 463
100 294
100 427
101 337
102 118
102 486
103 256
104 143
104 499
105 332
106 143
106 410
107 212
107 486
108 334
109 415
109 424
110 266
110 279
111 290
111 514
112 272
112 398
113 254
113 544
114 242
114 569
116 342
117 160
117 186
118 438
119 318
119 428
120 409
121 272
121 515
122 310
122 378
123 326
123 555
124 261
125 138
125 219
126 505
127 290
127 363
128 433
129 235
129 352
130 171
130 469
131 201
131 284
132 454
132 560
133 576
134 185
134 569
135 362
136 188
136 383
137 186
138 421
139 348
139 405
140 331
141 336
141 462
142 161
142 267
144 439
144 453
145 216
145 575
146 588
147 274
147 278
148 302
148 446
149 190
149 513
150 239
151 279
151 284
152 456
152 495
153 214
155 507
155 597
156 411
156 434
157 167
157 565
158 497
158 531
159 542
160 551
161 193
162 325
162 348
163 224
163 479
164 416
164 468
165 278
165 547
166 282
166 385
167 489
168 471
169 221
169 470
170 322
170 444
171 379
172 295
172 307
173 528
173 564
174 582
175 423
176 233
177 388
177 594
178 188
178 524
179 258
179 303
180 425
180 435
181 360
181 578
182 251
182 580
183 580
184 256
184 564
187 216
187 350
189 362
189 528
190 250
191 533
192 445
192 531
194 321
194 346
195 361
195 504
196 489
196 521
197 353
197 567
198 373
198 551
199 458
199 484
200 270
200 316
201 287
202 327
202 391
203 354
203 598
204 391
204 461
205 245
206 560
206 562
207 483
207 568
208 414
209 360
209 591
210 311
211 465
211 467
212 288
213 252
213 501
214 583
215 292
215 439
217 575
217 576
218 437
219 326
220 262
220 536
222 313
222 424
224 508
225 579
225 597
226 572
227 381
227 526
228 350
228 510
229 271
229 414
230 253
231 320
231 376
232 589
233 590
234 287
234 476
235 358
236 401
237 479
237 513
238 450
238 592
239 265
240 291
240 342
241 402
241 584
242 509
243 451
244 322
244 467
245 333
246 329
246 587
247 472
247 577
248 494
248 537
249 280
249 482
252 535
253 357
254 438
255 293
255 494
257 339
258 380
259 410
259 595
260 368
262 598
263 390
263 430
264 444
264 590
266 343
267 304
268 432
269 343
270 301
271 354
273 429
273 493
274 524
275 294
276 302
277 427
280 511
281 420
283 303
283 330
286 377
289 313
291 490
292 472
295 351
296 436
297 398
297 412
298 539
299 385
299 480
300 506
304 460
305 390
305 403
306 518
307 469
308 473
309 485
310 408
312 402
312 565
314 324
314 395
315 581
316 558
317 380
317 556
319 405
320 441
323 400
323 519
324 487
325 411
327 516
328 332
328 449
330 517
331 347
333 433
334 445
335 367
337 338
338 522
340 557
340 566
341 403
344 536
345 378
345 525
346 356
347 492
349 452
349 477
352 421
353 488
355 504
355 538
356 500
357 388
358 430
359 370
361 397
363 458
364 503
364 516
365 491
366 466
366 480
367 496
368 417
369 384
370 493
371 592
372 432
372 529
373 593
374 545
375 399
376 409
377 582
382 419
382 543
383 499
384 447
386 584
387 497
387 550
389 537
389 546
393 442
393 502
394 451
396 418
396 538
399 510
401 517
404 426
404 464
406 522
406 567
407 408
412 556
415 418
416 554
417 462
422 544
423 514
425 448
426 589
428 470
429 450
431 437
434 465
435 502
436 581
441 526
442 552
443 448
446 459
449 593
452 559
454 491
455 532
455 547
456 520
457 561
461 540
463 578
464 553
466 541
468 563
471 577
476 527
478 541
478 574
481 490
482 571
483 558
487 530
492 534
495 542
498 586
500 548
511 539
512 535
515 562
519 549
521 585
523 555
523 594
525 557
527 530
532 591
533 566
552 568
571 579
574 586
600 150
601 329
-1 -1
5.2332
