1
0 33
0 143
1 72
1 79
2 280
2 142
3 40
3 267
4 42
4 244
5 109
5 120
6 20
6 22
7 25
7 97
8 128
8 206
9 162
9 200
10 30
10 292
11 50
11 233
12 13
12 156
13 208
14 232
14 252
15 21
15 100
16 114
16 266
17 58
17 115
18 39
18 43
19 80
19 110
20 190
21 195
22 51
23 91
23 278
24 38
24 126
25 138
26 80
26 191
27 115
27 217
28 60
28 157
29 67
29 85
30 168
31 111
31 212
32 123
32 193
33 70
34 191
34 210
35 40
35 106
36 139
36 281
37 99
37 274
38 140
39 238
41 286
41 294
42 53
43 76
44 165
44 281
45 197
45 235
46 176
46 231
47 101
47 171
48 97
48 234
49 288
49 289
50 90
51 266
52 78
52 86
53 171
54 138
54 295
55 158
55 214
56 65
56 88
57 178
57 291
58 238
59 145
59 247
60 163
61 189
61 223
62 132
62 159
63 169
63 230
64 126
64 250
65 299
66 89
66 106
67 175
68 96
68 279
69 162
69 231
70 219
71 166
71 170
72 112
73 127
73 253
74 164
74 215
75 221
75 272
76 172
77 156
77 161
78 182
79 94
81 124
81 280
82 145
82 147
83 102
83 248
84 237
84 276
85 203
86 228
87 206
87 289
88 202
89 265
90 288
91 228
92 273
93 113
93 153
94 188
95 290
95 297
96 170
98 174
98 230
99 264
100 183
101 204
102 255
103 163
103 260
104 186
104 227
105 246
105 270
107 242
107 274
108 261
108 155
109 169
110 201
111 154
112 236
113 136
114 269
116 202
116 296
117 201
117 214
118 226
118 259
119 220
119 254
120 273
121 235
121 293
122 193
122 195
123 131
124 190
125 271
125 290
127 271
128 134
129 198
129 296
130 167
130 292
131 143
132 189
133 284
133 216
134 229
135 181
135 187
136 213
137 183
137 294
139 263
140 287
141 211
141 222
142 159
144 295
144 256
146 160
146 184
147 299
148 275
148 276
149 194
149 265
150 176
150 207
151 168
151 284
152 160
152 268
153 255
154 200
155 218
157 256
158 165
161 178
164 187
166 267
167 199
172 258
173 205
173 217
174 293
175 213
177 182
177 298
179 225
179 297
180 242
180 249
181 196
184 263
185 241
185 247
186 259
188 194
192 226
192 233
196 285
197 277
198 224
199 211
203 251
204 261
205 240
207 252
208 210
209 232
209 236
212 216
215 283
218 286
219 268
220 253
221 222
223 275
224 298
225 277
227 237
229 257
234 272
239 257
240 269
241 283
243 279
243 249
244 246
245 262
245 270
248 278
250 254
251 282
258 260
262 264
282 291
285 287
300 92
301 239
-1 -1
24.9594
