1
0 114
0 231
1 52
1 298
2 200
2 298
3 249
3 294
4 95
4 246
5 179
5 227
6 161
6 241
7 81
7 186
8 183
8 238
9 261
9 287
10 219
10 221
11 156
11 277
12 44
12 197
13 202
13 245
14 214
14 249
15 153
15 170
16 187
16 244
17 201
17 271
18 53
18 122
19 177
19 227
20 189
20 254
21 109
21 177
22 270
23 25
23 130
24 155
24 229
25 294
26 99
26 101
27 98
27 126
28 77
28 207
29 38
29 71
30 151
30 291
31 110
31 231
32 210
32 222
33 67
33 68
34 88
34 149
35 167
35 261
36 192
36 197
37 130
37 191
38 182
39 96
39 246
40 217
40 280
41 81
41 173
42 196
42 207
43 212
43 228
44 251
45 235
45 248
46 59
46 200
47 56
47 65
48 65
48 86
49 180
49 257
50 102
50 111
51 69
51 256
52 225
53 199
54 92
54 210
55 247
55 259
56 237
57 102
57 164
58 78
58 238
59 263
60 115
60 273
61 66
61 100
62 120
62 127
63 131
63 243
64 126
64 253
66 80
67 232
68 141
69 206
70 137
70 293
71 260
72 106
72 250
73 129
73 199
74 283
74 297
75 154
75 211
76 98
76 117
77 165
78 147
79 100
79 163
80 83
82 110
82 166
83 185
84 97
84 281
85 253
85 288
86 133
87 149
87 211
88 247
89 115
89 287
90 254
90 272
91 104
91 209
92 101
93 121
93 152
94 112
94 240
95 108
96 296
97 122
99 165
103 170
103 221
104 184
105 150
105 204
106 205
107 146
107 281
108 218
109 193
111 236
112 204
113 140
113 289
114 288
116 132
116 290
117 189
118 158
118 159
119 169
119 198
120 252
121 256
123 124
123 262
124 290
125 272
125 269
127 230
128 265
128 267
129 174
131 192
132 193
133 274
134 292
134 252
135 194
135 195
136 153
136 171
137 244
138 179
138 280
139 142
139 208
140 242
141 181
142 226
143 187
143 239
144 168
144 297
145 218
145 264
146 291
147 154
148 166
148 180
150 269
151 233
152 185
155 258
156 266
157 196
157 216
158 224
159 214
160 183
160 213
161 173
162 216
163 186
164 235
167 174
168 284
169 285
171 175
172 236
172 268
175 203
176 209
176 258
178 213
178 219
181 274
182 243
184 283
188 212
188 275
190 215
190 299
191 282
194 223
195 263
198 295
201 257
202 299
203 278
205 266
206 265
208 245
215 229
217 264
220 230
220 289
222 279
223 255
224 242
225 286
226 273
228 284
232 268
233 276
234 248
234 260
237 295
239 240
241 293
250 279
251 296
255 271
259 275
262 292
267 277
270 276
278 282
285 286
300 22
301 162
-1 -1
4.37417
