1
0 27
0 210
1 238
1 267
2 15
2 87
3 106
3 181
4 142
4 245
5 59
5 63
6 8
6 170
7 31
7 193
8 73
9 74
9 154
10 55
10 68
11 29
11 256
12 79
12 169
13 179
13 265
14 30
14 271
15 164
16 100
16 230
17 26
17 233
18 104
18 253
19 89
19 167
20 76
20 147
21 150
21 249
22 40
22 134
23 70
23 250
24 139
24 238
25 62
25 115
26 291
27 34
28 92
28 204
29 148
30 88
31 217
32 48
32 61
33 59
33 228
34 181
35 205
35 209
36 67
36 247
37 259
37 289
38 110
38 184
39 118
39 257
40 67
41 171
41 272
42 118
42 153
43 102
43 146
44 242
44 283
45 56
45 160
46 138
46 290
47 228
47 278
48 69
49 98
49 191
50 93
50 94
51 64
51 235
52 98
52 214
53 123
53 134
54 166
54 199
55 244
56 297
57 125
57 299
58 208
58 237
60 250
60 264
61 288
62 223
63 292
64 218
65 187
65 248
66 296
66 81
68 99
69 100
70 254
71 74
71 173
72 81
72 208
73 252
75 87
75 155
76 288
77 151
77 291
78 108
78 201
79 225
80 106
80 296
82 119
82 214
83 97
83 270
84 159
84 195
85 276
85 298
86 102
86 178
88 160
89 284
90 185
90 198
91 139
91 219
92 197
93 158
94 198
95 130
95 260
96 199
96 231
97 223
99 220
101 155
101 295
103 277
103 282
104 178
105 120
105 211
107 133
107 221
108 244
109 142
109 216
110 218
111 252
111 254
112 172
112 212
113 143
113 170
114 203
114 286
115 201
116 150
116 205
117 171
117 207
119 148
120 206
121 133
121 273
122 237
122 265
123 273
124 222
124 275
125 174
126 145
126 213
127 141
127 259
128 132
128 175
129 182
129 187
130 190
131 211
131 231
132 227
135 189
135 191
136 176
136 209
137 195
137 271
138 183
140 152
140 234
141 274
143 299
144 189
144 247
145 297
146 267
147 243
149 192
149 279
151 262
152 281
153 202
154 177
156 251
156 258
157 269
157 270
159 173
161 232
161 284
162 216
162 268
163 176
163 212
164 294
165 166
165 213
167 172
168 194
168 285
169 290
174 248
175 221
177 257
179 188
180 197
180 266
182 233
183 241
184 186
185 293
186 246
188 281
190 268
192 240
193 269
194 232
196 249
196 263
200 219
200 262
202 203
204 298
206 282
207 292
210 261
215 236
215 274
217 239
220 287
222 255
224 272
224 287
225 229
226 240
226 266
227 260
229 286
230 280
234 246
235 251
236 280
239 294
241 279
242 256
243 264
245 295
253 255
258 293
261 285
263 289
275 277
276 278
300 283
301 158
-1 -1
79.158
