1
0 11
0 19
1 440
1 378
2 189
2 245
3 81
3 43
4 26
4 429
5 527
5 414
6 648
6 415
7 546
7 183
8 661
8 39
9 449
9 31
10 253
10 381
11 314
12 450
12 17
13 659
13 630
14 463
14 499
15 207
15 57
16 261
16 169
18 344
18 60
19 667
20 516
20 469
21 472
21 28
22 353
22 374
23 308
23 60
24 198
24 142
25 171
25 432
26 478
27 473
27 126
28 590
29 640
29 135
30 675
30 109
31 286
32 206
32 116
33 538
33 379
34 154
34 671
35 456
35 601
36 175
36 373
37 523
37 232
38 421
38 454
39 300
40 587
40 678
41 107
41 370
42 289
42 505
43 561
44 304
44 251
45 474
45 489
46 398
46 620
47 496
47 619
48 99
48 111
49 192
49 146
50 260
50 318
51 225
51 300
52 363
52 430
53 524
53 93
54 644
54 616
55 470
55 354
56 423
56 120
57 346
58 137
58 495
59 665
59 436
61 82
61 367
62 527
62 636
63 599
63 381
64 613
64 477
65 203
65 635
66 81
66 669
67 652
67 304
68 679
68 364
69 390
69 566
70 195
70 103
71 372
71 635
72 273
72 332
73 480
73 243
74 584
74 589
75 551
75 363
76 288
76 98
77 197
77 296
78 329
78 658
79 204
79 478
80 199
80 497
82 482
83 641
83 259
84 490
84 413
85 626
85 162
86 457
86 162
87 554
87 369
88 650
88 549
89 128
89 195
90 557
90 97
91 665
91 550
92 400
92 280
93 539
94 596
94 442
95 687
95 157
96 595
96 117
97 352
98 678
99 250
100 266
100 277
101 490
101 632
102 257
102 592
103 215
104 661
104 599
105 588
105 592
106 402
106 697
107 598
108 642
108 677
109 131
110 428
110 244
111 380
112 323
112 554
113 267
113 435
114 614
114 464
115 226
115 235
116 365
117 562
118 334
118 501
119 619
119 685
120 382
121 201
121 305
122 264
122 633
123 365
124 387
124 418
125 673
125 149
126 360
127 211
127 611
128 496
129 610
129 622
130 654
130 601
131 526
132 424
132 172
133 401
133 689
134 562
134 504
135 583
136 350
136 222
137 220
138 656
138 670
139 210
139 409
140 641
140 537
141 290
141 468
142 269
143 600
143 383
144 324
144 298
145 196
145 428
146 426
147 343
147 475
148 576
148 529
149 546
150 259
150 174
151 528
151 594
152 165
152 560
153 552
153 301
154 525
155 448
155 319
156 681
156 242
157 535
158 645
158 597
159 262
159 532
160 243
160 459
161 408
161 691
163 167
163 440
164 692
164 492
165 533
166 514
166 442
167 668
168 183
168 419
169 182
170 281
170 515
171 548
172 221
173 217
173 467
174 545
175 402
176 355
176 494
177 354
177 187
178 564
178 500
179 459
179 484
180 303
180 309
181 453
181 657
182 341
184 310
184 698
185 555
185 239
186 629
186 531
187 553
188 455
188 530
189 574
190 326
190 623
191 461
191 369
192 634
193 349
193 608
194 200
194 362
196 403
197 679
198 283
199 447
200 543
201 631
202 476
202 634
203 279
204 647
205 297
205 339
206 393
207 438
208 513
208 230
209 642
209 686
210 526
211 636
212 347
212 234
213 644
213 653
214 405
214 316
215 521
216 598
216 493
217 663
218 580
218 503
219 480
219 536
220 328
221 332
222 307
223 321
223 337
224 388
224 336
225 482
226 618
227 606
227 540
228 553
228 241
229 324
229 362
230 594
231 368
231 254
232 511
233 327
233 680
234 595
235 457
236 600
236 695
237 561
237 317
238 684
238 358
239 327
240 350
240 246
241 263
242 588
244 691
245 694
246 270
247 342
247 510
248 567
248 315
249 565
249 431
250 558
251 468
252 470
252 573
253 505
254 637
255 605
255 577
256 396
256 368
257 488
258 651
258 463
260 268
261 290
262 509
263 445
264 606
265 417
265 686
266 612
267 412
268 309
269 501
270 357
271 617
271 498
272 608
272 359
273 582
274 404
274 683
275 645
275 286
276 348
276 412
277 615
278 613
278 630
279 289
280 492
281 322
282 425
282 696
283 415
284 617
284 311
285 333
285 481
287 356
287 371
288 485
291 435
291 372
292 654
292 411
293 581
293 579
294 531
294 318
295 517
295 434
296 532
297 586
298 556
299 552
299 302
301 461
302 609
303 591
305 357
306 647
306 330
307 355
308 348
310 377
311 511
312 322
312 392
313 498
313 572
314 485
315 451
316 397
317 347
319 407
320 517
320 445
321 699
323 331
325 614
325 466
326 536
328 542
329 399
330 411
331 573
333 469
334 338
335 616
335 564
336 524
337 571
338 656
339 446
340 593
340 502
341 574
342 559
343 413
344 653
345 583
345 422
346 624
349 439
351 407
351 607
352 549
353 585
356 474
358 448
359 519
360 389
361 664
361 479
364 633
366 522
366 447
367 491
370 662
371 537
373 683
374 424
375 609
375 680
376 655
376 694
377 693
378 450
379 587
380 579
382 421
383 649
384 455
384 438
385 500
385 502
386 659
386 669
387 433
388 620
389 488
390 512
391 589
391 628
392 560
393 462
394 643
394 436
395 519
395 487
396 590
397 548
398 544
399 456
400 596
401 621
403 676
404 451
405 666
406 666
406 696
408 516
409 444
410 525
410 628
414 569
416 584
416 558
417 422
418 569
419 626
420 437
420 444
423 556
425 433
426 603
427 673
427 657
429 547
430 528
431 585
432 650
434 539
437 541
439 497
441 515
441 688
443 580
443 577
446 563
449 682
452 695
452 591
453 568
454 627
458 520
458 506
460 566
460 486
462 646
464 578
465 473
465 493
466 602
467 477
471 559
471 611
472 499
475 602
476 570
479 605
481 664
483 618
483 518
484 693
486 670
487 623
489 671
491 615
494 677
495 543
503 507
504 572
506 541
507 607
508 568
508 612
509 570
510 538
512 547
513 520
514 523
518 676
521 535
522 530
529 578
533 685
534 622
534 575
540 668
542 681
544 674
545 555
550 625
551 640
557 687
563 639
565 627
567 643
571 662
575 629
576 688
581 655
582 672
586 597
593 610
603 663
604 698
604 699
621 667
624 639
625 648
631 660
632 690
637 690
638 692
638 652
646 684
649 675
651 682
658 660
672 697
674 689
700 123
701 17
-1 -1
7.85201
