1
0 3
1 158
1 346
2 289
2 355
3 45
4 282
4 297
5 93
5 98
6 300
6 394
7 77
7 105
8 235
8 335
9 189
9 325
10 22
10 62
11 51
11 208
12 46
12 208
13 174
13 237
14 271
14 337
15 141
15 177
16 153
16 161
17 111
17 233
18 237
18 278
19 299
19 397
20 114
20 317
21 76
21 343
22 122
23 171
23 206
24 54
24 368
25 225
25 240
26 214
26 374
27 149
27 337
28 270
28 389
29 272
29 360
30 128
30 320
31 111
31 166
32 151
32 348
33 132
33 156
34 148
34 328
35 222
35 287
36 88
36 232
37 373
37 398
38 130
38 359
39 210
39 289
40 204
40 216
41 121
41 213
42 128
42 312
43 66
43 75
44 88
44 303
45 83
46 342
47 296
47 381
48 195
48 286
49 274
49 340
50 68
50 247
51 350
52 231
52 278
53 268
53 390
54 210
55 78
55 190
56 85
56 160
57 162
57 221
58 151
58 154
59 92
59 253
60 196
60 388
61 76
61 287
62 392
63 101
63 354
64 100
64 204
65 261
65 313
66 220
67 69
67 234
68 304
69 197
70 292
70 327
71 253
71 313
72 178
72 272
73 150
73 179
74 80
74 207
75 364
77 186
78 399
79 182
79 366
80 120
81 198
81 230
82 123
82 205
83 200
84 193
84 205
85 249
86 202
86 215
87 113
87 355
89 311
89 316
90 211
90 373
91 211
91 257
92 241
93 357
94 118
94 175
95 241
95 319
96 99
96 369
97 165
97 185
98 238
99 168
100 396
101 270
102 141
102 306
103 153
103 229
104 146
104 256
105 388
106 140
106 284
107 203
107 366
108 133
108 199
109 236
109 277
110 159
110 310
112 248
112 321
113 371
114 127
115 245
115 395
116 215
116 385
117 259
117 350
118 336
119 356
119 367
120 175
121 282
122 168
123 396
124 370
124 375
125 334
125 369
126 353
126 382
127 316
129 223
129 276
130 398
131 152
131 307
132 152
133 280
134 172
134 384
135 262
135 306
136 170
136 249
137 227
137 377
138 192
138 223
139 256
139 283
140 304
142 180
142 214
143 244
143 273
144 170
144 262
145 194
145 314
146 395
147 174
147 315
148 347
149 379
150 376
154 345
155 161
155 200
156 288
157 294
157 336
158 258
159 358
160 393
162 376
163 279
163 292
164 341
164 378
165 353
166 362
167 207
167 357
169 212
169 308
171 290
172 307
173 232
173 333
176 187
176 338
177 308
178 344
179 246
180 281
181 302
181 358
182 281
183 255
183 338
184 315
184 397
185 264
186 219
187 321
188 244
188 279
189 209
190 380
191 286
191 330
192 375
193 280
194 352
195 222
196 326
197 299
198 371
199 349
201 206
201 261
202 276
203 273
209 318
212 239
213 339
216 263
217 219
217 340
218 268
218 275
220 285
221 399
224 295
224 302
225 310
226 319
226 374
227 344
228 254
228 283
229 361
230 332
231 277
233 390
234 347
235 296
236 363
238 386
239 240
242 250
242 328
243 305
243 334
245 264
246 288
247 351
248 265
250 394
251 293
251 314
252 309
252 323
254 391
255 301
257 258
259 365
260 311
260 346
263 290
265 300
266 275
266 329
267 349
269 295
269 372
271 291
274 377
284 309
285 333
291 386
293 297
294 383
298 317
298 345
301 325
303 326
305 372
312 392
318 327
320 331
322 341
322 381
323 379
324 363
324 378
329 352
330 360
331 339
332 387
335 343
342 351
348 367
354 380
356 387
359 385
361 393
362 370
364 389
365 391
368 382
383 384
400 267
401 0
-1 -1
1.13346
