1
0 332
0 663
1 94
1 638
2 649
2 731
3 237
3 552
4 174
4 434
5 521
5 678
6 181
6 480
7 199
7 401
8 22
8 42
9 46
9 307
10 14
10 383
11 358
11 569
12 268
12 567
13 250
13 479
14 241
15 410
15 478
16 130
16 724
17 263
17 676
18 543
18 733
19 500
19 566
20 520
20 733
21 468
21 670
22 168
23 730
24 191
24 313
25 657
25 726
26 605
26 702
27 104
27 116
28 243
28 449
29 261
29 714
30 93
30 150
31 267
31 655
32 512
32 775
33 247
33 584
34 349
34 520
35 316
35 492
36 106
36 758
37 53
37 80
38 301
38 339
39 667
39 742
40 48
40 115
41 338
41 477
42 585
43 60
43 101
44 160
44 270
45 478
45 637
46 169
47 48
47 203
49 117
49 387
50 146
50 503
51 464
51 552
52 380
52 484
53 499
54 275
54 505
55 490
55 653
56 433
56 564
57 156
57 590
58 464
58 762
59 398
59 488
60 309
61 141
61 682
62 65
62 173
63 64
63 407
64 172
65 341
66 423
66 437
67 195
67 384
68 441
68 748
69 170
69 190
70 547
70 636
71 294
71 392
72 135
72 318
73 324
73 550
74 630
74 715
75 489
75 587
76 696
76 760
77 150
77 679
78 171
78 259
79 500
79 616
80 287
81 176
81 688
82 169
82 710
83 442
83 544
84 154
84 699
85 405
85 621
86 492
86 683
87 100
87 676
88 145
88 201
89 515
89 598
90 312
90 622
91 178
91 786
92 209
92 633
93 767
94 298
95 283
95 501
96 519
96 719
97 444
97 534
98 507
98 553
99 557
99 779
100 232
101 698
102 625
102 746
103 525
103 618
104 499
105 193
105 294
106 729
107 399
107 665
108 338
108 417
109 329
109 470
110 114
110 506
111 143
111 752
112 382
112 404
113 660
113 788
114 134
115 692
116 670
117 216
118 299
118 369
119 411
119 463
120 285
120 771
121 750
121 766
122 259
122 483
123 451
123 680
124 204
124 303
125 192
125 291
126 764
126 796
127 444
127 559
128 522
128 672
129 581
129 652
130 290
131 631
131 765
132 185
132 226
133 453
133 759
134 501
135 403
136 312
136 378
137 648
137 793
138 198
138 430
139 374
139 608
140 293
140 356
141 550
142 152
142 213
143 192
144 502
144 713
145 260
146 732
147 244
147 361
148 611
148 700
149 212
149 583
151 685
151 736
152 451
153 363
153 656
154 373
155 236
155 791
156 526
157 266
157 354
158 405
158 575
159 375
159 512
160 200
161 625
161 786
162 498
162 722
163 481
163 578
164 249
164 746
165 541
165 649
166 189
166 763
167 178
167 571
168 695
170 183
171 776
172 777
173 248
174 206
175 180
175 362
176 789
177 182
177 538
179 498
179 650
180 684
181 751
182 288
183 390
184 645
184 690
185 709
186 188
186 238
187 717
187 785
188 574
189 563
190 641
191 343
193 561
194 551
194 749
195 326
196 402
196 695
197 595
197 738
198 646
199 315
200 265
201 309
202 637
202 703
203 354
204 408
205 232
205 455
206 642
207 425
207 712
208 226
208 347
209 761
210 579
210 594
211 242
211 638
212 672
213 353
214 254
214 610
215 376
215 704
216 664
217 362
217 605
218 364
218 621
219 366
219 416
220 431
220 540
221 467
221 794
222 666
222 723
223 720
223 726
224 434
224 516
225 258
225 353
227 573
227 719
228 335
228 536
229 529
229 735
230 346
230 763
231 721
231 797
233 345
233 394
234 281
234 694
235 404
235 521
236 518
237 497
238 480
239 377
239 774
240 387
240 396
241 531
242 373
243 509
244 613
245 352
245 686
246 653
246 656
247 380
248 345
249 572
250 764
251 311
251 384
252 486
252 502
253 513
253 739
254 260
255 257
255 636
256 582
256 716
257 579
258 331
261 475
262 263
262 459
264 438
264 472
265 343
266 336
267 300
268 419
269 446
269 505
270 741
271 421
271 472
272 339
272 602
273 594
273 708
274 440
274 615
275 693
276 315
276 322
277 467
277 689
278 445
278 793
279 400
279 600
280 680
280 710
281 537
282 320
282 562
283 415
284 508
284 623
285 325
286 466
286 766
287 795
288 720
289 378
289 462
290 612
291 400
292 411
292 647
293 517
295 397
295 527
296 787
296 790
297 608
297 745
298 422
299 510
300 788
301 432
302 582
302 772
303 798
304 443
304 799
305 449
305 558
306 507
306 575
307 379
308 359
308 647
310 364
310 697
311 725
313 610
314 654
314 662
316 750
317 706
317 768
318 414
319 340
319 493
320 548
321 413
321 530
322 631
323 707
323 783
324 447
325 633
326 757
327 519
327 532
328 429
328 487
329 754
330 465
330 727
331 533
332 728
333 367
333 745
334 510
334 730
335 639
336 563
337 496
337 528
340 396
341 445
342 532
342 773
344 495
344 697
346 762
347 450
348 485
348 691
349 350
350 466
351 486
351 669
352 673
355 619
355 736
356 381
357 482
357 778
358 691
359 584
360 556
360 641
361 504
363 420
365 703
365 724
366 597
367 407
368 370
368 424
369 781
370 747
371 533
371 728
372 577
372 593
374 599
375 714
376 701
377 749
379 389
381 515
382 473
383 782
385 527
385 687
386 611
386 711
388 455
388 468
389 398
390 570
391 506
391 667
392 792
393 573
393 696
394 755
395 448
395 748
397 604
399 615
401 791
402 539
403 474
406 423
406 516
408 753
409 657
409 687
410 463
412 660
412 784
413 454
414 646
415 560
416 769
417 628
418 681
418 773
419 617
420 562
421 497
422 738
424 471
425 742
426 603
426 643
427 429
427 675
428 678
428 770
430 780
431 790
433 635
435 439
435 551
436 713
436 717
437 482
438 725
439 759
440 702
441 617
442 494
443 757
446 553
447 576
448 544
450 665
452 523
452 740
453 651
454 494
456 705
456 752
457 564
457 671
458 624
458 743
459 718
460 490
460 587
461 570
461 599
462 529
465 690
469 572
469 789
470 545
471 511
473 549
474 682
475 727
476 581
476 596
477 735
479 588
481 545
483 558
484 542
485 684
487 580
488 612
489 655
491 783
491 795
493 722
495 668
496 504
503 571
508 705
509 666
511 767
513 729
514 614
514 704
517 701
518 794
522 741
523 632
524 585
524 737
525 708
526 639
528 709
530 692
531 627
534 774
535 600
535 644
536 740
537 547
538 586
539 755
540 771
541 662
542 583
543 685
546 554
546 768
548 559
549 658
554 626
555 601
555 629
556 747
557 580
560 595
561 659
565 589
565 679
566 597
567 775
568 659
568 668
569 604
574 606
576 674
577 618
578 686
586 643
588 635
589 640
590 652
591 601
591 772
592 781
592 798
593 607
596 743
598 779
602 661
603 677
606 619
607 744
609 778
609 797
613 628
614 770
616 754
620 675
620 784
622 707
623 734
624 681
626 688
627 758
629 777
630 723
632 712
634 674
634 753
640 642
644 699
645 694
648 651
650 787
654 785
658 761
661 693
663 776
664 756
669 756
671 689
673 698
677 765
683 796
700 706
711 760
715 732
716 731
718 721
734 782
737 744
739 792
751 780
769 799
800 432
801 23
-1 -1
7.74986
