1
0 543
0 797
1 54
1 144
2 572
2 605
3 263
3 522
4 209
4 523
5 253
5 368
6 26
6 101
7 455
7 714
8 256
8 575
9 281
9 340
10 422
10 776
11 540
11 648
12 253
12 442
13 121
13 310
14 702
14 763
15 484
15 491
16 223
16 623
17 526
17 619
18 701
18 758
19 459
19 724
20 107
20 555
21 95
21 679
22 461
22 550
23 330
23 569
24 335
24 671
25 705
25 728
26 314
27 79
27 788
28 58
28 762
29 514
29 529
30 153
30 778
31 288
31 669
32 154
32 576
33 309
33 630
34 312
34 686
35 202
35 519
36 456
36 769
37 197
37 316
38 97
38 226
39 447
39 752
40 43
40 603
41 286
41 650
42 200
42 441
43 72
44 186
44 799
45 167
45 658
46 269
46 673
47 405
47 699
48 89
48 549
49 455
49 611
50 479
50 770
51 360
51 505
52 453
52 772
53 359
53 787
54 685
55 287
55 506
56 499
56 660
57 141
57 397
58 177
59 595
59 758
60 249
60 568
61 232
61 777
62 179
62 625
63 290
63 437
64 661
64 750
65 72
65 102
66 202
66 658
67 225
67 721
68 708
68 738
69 315
69 331
70 480
70 751
71 414
71 765
73 682
73 799
74 347
74 680
75 464
75 550
76 396
76 435
77 182
77 246
78 90
78 604
79 518
80 524
80 589
81 390
81 400
82 155
82 300
83 540
83 682
84 325
84 394
85 556
85 795
86 91
86 753
87 462
87 651
88 604
88 712
89 174
90 564
91 776
92 363
92 394
93 514
93 740
94 407
94 611
95 717
96 511
96 635
97 305
98 160
98 603
99 318
99 432
100 207
100 676
101 291
102 268
103 246
103 501
104 205
104 639
105 265
105 386
106 156
106 593
107 460
108 148
108 659
109 337
109 783
110 238
110 254
111 164
111 264
112 296
112 731
113 310
113 440
114 351
114 457
115 369
115 377
116 708
116 727
117 249
117 700
118 234
118 529
119 396
119 534
120 233
120 272
121 623
122 383
122 415
123 133
123 196
124 175
124 746
125 334
125 525
126 271
126 491
127 490
127 764
128 204
128 304
129 388
129 512
130 382
130 492
131 481
131 624
132 221
132 538
133 661
134 346
134 385
135 239
135 516
136 276
136 757
137 180
137 696
138 467
138 703
139 372
139 387
140 252
140 444
141 570
142 403
142 472
143 364
143 563
144 530
145 168
145 266
146 293
146 341
147 152
147 438
149 191
149 535
150 365
150 595
151 251
151 553
152 500
153 456
154 240
155 566
156 181
157 274
157 449
158 557
158 694
159 356
159 653
160 306
161 327
161 392
162 198
162 737
163 308
163 637
164 395
165 199
165 503
166 369
166 676
167 234
168 587
169 420
169 499
170 686
170 759
171 723
171 762
172 284
172 582
173 192
173 507
174 760
175 793
176 350
176 542
177 265
178 353
178 622
179 474
180 641
181 356
182 638
183 608
183 620
184 486
184 581
185 536
185 647
186 406
187 463
187 683
188 303
188 729
189 213
189 413
190 412
190 528
191 769
192 578
193 389
193 785
194 197
194 724
195 429
195 450
196 598
198 709
199 326
200 647
201 613
201 798
203 447
203 498
204 785
205 459
206 270
206 391
207 614
208 379
208 384
209 485
210 558
210 739
211 660
211 706
212 301
212 517
213 640
214 430
214 479
215 333
215 384
216 225
216 305
217 487
217 774
218 428
218 643
219 318
219 558
220 569
220 653
221 398
222 224
222 751
223 401
224 252
226 236
227 277
227 354
228 361
228 458
229 495
229 501
230 719
230 737
231 401
231 620
232 601
233 695
235 259
235 294
236 612
237 362
237 513
238 567
239 308
240 687
241 321
241 649
242 460
242 670
243 448
243 452
244 350
244 434
245 260
245 636
247 347
247 773
248 376
248 489
250 391
250 502
251 668
254 374
255 743
255 780
256 605
257 619
257 745
258 295
258 432
259 648
260 475
261 554
261 567
262 358
262 471
263 576
264 451
266 537
267 706
267 709
268 526
269 782
270 336
271 429
272 393
273 357
273 488
274 584
275 342
275 693
276 615
277 400
278 482
278 672
279 368
279 390
280 585
280 643
281 416
282 644
282 732
283 422
283 497
284 699
285 637
285 749
286 380
287 371
288 295
289 465
289 547
290 754
291 490
292 353
292 419
293 610
294 602
296 624
297 387
297 677
298 337
298 685
299 471
299 652
300 730
301 750
302 565
302 651
303 531
304 741
306 519
307 560
307 614
309 773
311 632
311 748
312 580
313 425
313 521
314 728
315 424
316 381
317 322
317 646
319 716
319 732
320 464
320 592
321 338
322 781
323 497
323 722
324 392
324 650
325 741
326 649
327 763
328 466
328 645
329 475
329 592
330 516
331 632
332 575
332 664
333 638
334 694
335 735
336 521
338 774
339 572
339 580
340 754
341 617
342 671
343 561
343 589
344 418
344 628
345 380
345 752
346 689
348 505
348 736
349 666
349 745
351 757
352 509
352 528
354 494
355 442
355 454
357 590
358 476
359 796
360 700
361 511
362 365
363 446
364 781
366 508
366 562
367 541
367 670
370 424
370 747
371 587
372 547
373 537
373 560
374 659
375 416
375 674
376 783
377 551
378 473
378 726
379 748
381 470
382 667
383 678
385 610
386 779
388 531
389 398
393 559
395 577
397 739
399 635
399 704
402 419
402 527
403 513
404 430
404 467
405 474
406 736
407 674
408 476
408 612
409 512
409 767
410 515
410 654
411 597
411 625
412 489
413 786
414 469
415 568
417 450
417 470
418 756
420 789
421 444
421 713
423 431
423 524
425 784
426 494
426 585
427 602
427 744
428 662
431 483
433 553
433 714
434 562
435 626
436 583
436 789
437 607
438 571
439 441
439 452
440 552
443 478
443 548
445 496
445 634
446 461
448 533
449 496
451 770
453 522
454 749
457 788
458 594
462 483
463 791
465 552
466 688
468 507
468 629
469 665
472 668
473 565
477 601
477 642
478 771
480 678
481 679
482 744
484 766
485 680
486 764
487 615
488 722
492 795
493 644
493 652
495 746
498 786
500 696
502 579
503 583
504 629
504 690
506 693
508 586
509 669
510 782
510 792
515 768
517 677
518 672
520 596
520 634
523 787
525 574
527 656
530 561
532 599
532 689
533 586
534 734
535 673
536 606
538 772
539 570
539 760
541 761
542 766
543 711
544 633
544 683
545 584
545 731
546 579
546 738
548 597
549 556
551 618
554 715
555 630
557 726
559 720
563 711
564 729
566 767
571 664
573 616
573 684
574 775
577 777
578 742
581 599
582 778
588 596
588 697
590 701
591 636
591 713
593 622
594 609
598 692
600 681
600 775
606 710
607 780
608 663
613 627
616 665
617 626
618 663
621 784
621 798
627 639
628 717
631 684
631 743
633 655
640 718
641 771
642 790
645 654
646 792
655 794
656 692
657 688
657 697
662 733
666 681
667 712
675 691
675 721
687 756
690 730
691 704
695 723
698 735
698 765
702 734
703 791
705 747
707 718
707 719
710 794
715 797
716 761
720 793
725 755
725 790
727 733
740 796
742 753
755 779
759 768
800 148
801 609
-1 -1
8.72191
