1
0 23
0 288
1 532
1 184
2 449
2 123
3 629
3 507
4 858
4 357
5 85
5 818
6 259
6 342
7 397
7 300
8 22
8 49
9 212
9 442
10 785
10 791
11 135
11 567
12 843
12 574
13 64
13 825
14 557
14 197
15 131
15 318
16 109
16 758
17 211
17 500
18 593
18 612
19 575
19 314
20 589
21 747
21 888
22 808
23 96
24 781
24 231
25 809
25 625
26 417
26 459
27 606
27 684
28 737
28 616
29 807
29 609
30 595
30 47
31 45
31 440
32 624
32 449
33 209
33 215
34 692
34 556
35 716
35 536
36 240
36 882
37 259
37 477
38 641
38 133
39 262
39 546
40 858
40 301
41 845
41 531
42 90
42 542
43 146
43 147
44 75
44 856
45 238
46 860
46 816
47 390
48 332
48 180
49 681
50 466
50 740
51 279
51 507
52 665
52 310
53 801
53 189
54 490
54 423
55 498
55 310
56 368
56 754
57 849
57 82
58 417
58 599
59 408
59 642
60 427
60 352
61 157
61 611
62 833
62 722
63 217
63 611
64 719
65 524
65 77
66 331
66 459
67 362
67 632
68 647
68 178
69 847
69 340
70 147
70 680
71 581
71 811
72 753
72 249
73 580
73 852
74 474
74 186
75 272
76 733
76 655
77 875
78 471
78 826
79 413
79 441
80 409
80 874
81 278
81 650
82 393
83 461
83 160
84 424
84 429
85 571
86 840
86 746
87 524
87 878
88 545
88 431
89 398
89 428
90 893
91 362
91 695
92 195
92 165
93 227
93 369
94 320
94 364
95 836
95 228
96 742
97 365
97 683
98 794
98 112
99 331
99 721
100 711
100 556
101 266
101 841
102 516
102 190
103 451
103 347
104 339
104 260
105 598
105 633
106 275
106 305
107 134
107 861
108 813
108 350
109 695
110 668
110 371
111 467
111 879
112 260
113 406
113 503
114 845
114 412
115 807
115 892
116 245
116 635
117 494
117 597
118 657
118 249
119 844
119 654
120 649
120 894
121 378
121 127
122 160
122 703
123 665
124 394
124 485
125 207
125 873
126 256
126 775
127 540
128 786
128 216
129 547
129 198
130 343
130 425
131 756
132 158
132 639
133 686
134 154
135 383
136 435
136 506
137 334
137 254
138 620
138 382
139 847
139 364
140 455
140 672
141 689
141 252
142 326
142 380
143 156
143 436
144 835
144 452
145 608
145 801
146 871
148 395
148 177
149 717
149 487
150 211
150 437
151 866
151 890
152 600
152 605
153 265
153 169
154 287
155 272
155 274
156 737
157 504
158 356
159 453
159 182
161 517
161 522
162 803
162 422
163 641
163 389
164 789
164 203
165 531
166 426
166 830
167 384
167 378
168 333
168 565
169 796
170 404
170 627
171 415
171 625
172 854
172 187
173 431
173 569
174 693
174 702
175 814
175 564
176 829
176 191
177 877
178 244
179 550
179 888
180 828
181 281
181 436
182 483
183 704
183 866
184 472
185 346
185 219
186 744
187 515
188 797
188 592
189 313
190 865
191 549
192 664
192 562
193 532
193 730
194 528
194 798
195 570
196 303
196 694
197 499
198 895
199 263
199 416
200 852
200 831
201 414
201 293
202 489
202 375
203 412
204 458
204 702
205 450
205 410
206 870
206 254
207 365
208 736
208 688
209 290
210 897
210 446
212 356
213 869
213 373
214 301
214 879
215 682
216 540
217 592
218 728
218 863
219 805
220 614
220 769
221 589
221 773
222 725
222 294
223 451
223 282
224 692
224 863
225 802
225 239
226 345
226 233
227 806
228 570
229 482
229 601
230 787
230 795
231 687
232 617
232 562
233 405
234 691
234 470
235 265
235 890
236 284
236 243
237 812
237 696
238 829
239 430
240 363
241 448
241 731
242 275
242 317
243 873
244 700
245 634
246 296
246 342
247 280
247 486
248 808
248 544
250 855
250 475
251 353
251 855
252 525
253 790
253 277
255 887
255 715
256 891
257 896
257 469
258 387
258 703
261 684
261 505
262 398
263 561
264 504
264 501
266 810
267 569
267 889
268 324
268 841
269 830
269 755
270 453
270 638
271 390
271 375
273 604
273 503
274 447
276 839
276 821
277 827
278 488
279 650
280 426
281 768
282 421
283 645
283 886
284 462
285 571
285 603
286 388
286 360
287 677
288 876
289 805
289 367
290 651
291 676
291 865
292 327
292 630
293 878
294 792
295 492
295 621
296 339
297 487
297 763
298 552
298 479
299 794
299 868
300 577
302 708
302 872
303 675
304 706
304 541
305 351
306 452
306 680
307 772
307 826
308 418
308 440
309 527
309 765
311 457
311 880
312 422
312 321
313 533
314 739
315 613
315 621
316 659
316 636
317 358
318 348
319 610
319 551
320 690
321 439
322 729
322 434
323 849
323 804
324 768
325 861
325 851
326 793
327 813
328 402
328 884
329 622
329 758
330 450
330 491
332 750
333 345
334 876
335 718
335 535
336 400
336 567
337 899
337 761
338 461
338 354
340 474
341 520
341 780
343 846
344 610
344 745
346 899
347 656
348 559
349 850
349 379
350 823
351 496
352 493
353 681
354 602
355 759
355 445
357 742
358 534
359 723
359 694
360 454
361 623
361 691
363 465
366 714
366 428
367 760
368 732
369 892
370 576
370 478
371 484
372 588
372 618
373 835
374 670
374 788
376 668
376 724
377 397
377 756
379 566
380 701
381 389
381 848
382 770
383 860
384 596
385 399
385 526
386 582
386 637
387 499
388 521
391 706
391 633
392 759
392 579
393 791
394 578
395 709
396 408
396 543
399 662
400 477
401 544
401 493
402 724
403 725
403 409
404 619
405 485
406 566
407 582
407 446
410 439
411 442
411 785
413 698
414 678
415 588
416 576
418 690
419 664
419 834
420 709
420 688
421 748
423 443
424 658
425 781
427 546
429 609
430 541
432 563
432 638
433 793
433 574
434 470
435 539
437 711
438 468
438 838
441 800
443 538
444 491
444 875
445 838
447 734
448 697
454 738
455 548
456 689
456 762
457 636
458 751
460 817
460 647
462 822
463 482
463 555
464 790
464 679
465 587
466 595
467 883
468 608
469 590
471 771
472 777
473 583
473 893
475 572
476 844
476 547
478 884
479 704
480 699
480 627
481 644
481 573
483 687
484 697
486 862
488 705
489 778
490 872
492 746
494 857
495 683
495 819
496 775
497 502
497 626
498 534
500 518
501 554
502 622
505 736
506 686
508 856
508 568
509 766
509 733
510 705
510 797
511 772
511 565
512 573
512 833
513 660
513 824
514 661
514 594
515 672
516 784
517 558
518 803
519 889
519 831
520 842
521 539
522 815
523 825
523 834
525 806
526 750
527 837
528 712
529 743
529 693
530 859
530 751
533 635
535 713
536 640
537 837
537 811
538 586
542 773
543 644
545 676
548 897
549 593
550 660
551 720
552 764
553 822
553 701
554 671
555 784
557 653
558 782
559 743
560 714
560 598
561 810
563 763
564 819
568 658
572 728
575 717
577 827
578 754
579 850
580 710
581 740
583 739
584 780
584 628
585 843
585 732
586 779
587 657
590 591
591 667
594 727
596 679
597 618
599 862
600 748
601 604
602 628
603 731
605 634
606 857
607 792
607 666
612 646
613 814
614 887
615 870
615 799
616 646
617 744
619 867
620 669
623 869
624 757
626 656
629 661
630 853
631 799
631 710
637 786
639 882
640 674
642 757
643 839
643 645
648 674
648 760
649 864
651 678
652 673
652 891
653 787
654 747
655 753
659 707
662 871
663 796
663 848
666 765
667 738
669 851
670 898
671 823
673 682
675 886
677 722
685 735
685 821
696 755
698 778
699 726
700 723
707 885
708 766
712 885
713 726
715 774
716 770
718 832
719 783
720 815
721 859
727 895
729 752
730 846
734 883
735 877
741 764
741 894
745 881
749 812
749 820
752 874
761 788
762 868
767 800
767 789
769 840
771 832
774 776
776 795
777 809
779 898
782 836
783 853
798 802
804 820
816 880
817 818
824 864
828 854
842 896
867 881
900 632
901 20
-1 -1
18.3227
