100 188
0 8
0 24
0 10
0 26
0 70
1 18
1 54
1 30
1 63
2 96
2 73
2 76
2 22
3 36
3 62
5 51
5 11
5 76
5 46
5 65
6 48
6 90
6 78
6 31
7 92
7 54
8 63
9 84
9 37
9 86
9 71
9 91
9 13
10 43
10 67
10 19
10 81
11 16
11 88
11 50
11 39
11 72
11 57
12 44
12 61
12 62
12 79
13 97
13 75
13 71
13 56
13 43
13 28
14 41
14 89
15 26
15 87
15 52
15 71
16 19
16 57
16 92
17 73
17 99
17 21
18 43
18 84
18 57
19 82
19 71
20 96
20 92
20 26
20 76
21 50
21 84
21 69
22 83
22 42
22 91
22 76
22 50
23 82
23 70
23 30
24 59
24 60
25 34
25 59
25 71
26 91
27 48
27 84
27 36
27 30
27 71
28 72
28 96
28 97
28 87
29 32
29 67
29 51
29 84
30 90
31 72
31 67
32 74
32 47
33 87
34 38
35 66
35 84
35 61
35 46
36 99
38 63
39 56
39 76
39 60
39 55
40 58
40 54
41 68
41 44
42 72
42 85
43 64
43 52
43 76
44 69
46 81
46 92
47 81
47 82
48 75
49 84
50 85
52 81
52 74
52 77
53 83
53 93
53 61
53 78
53 55
54 79
54 60
54 63
55 61
55 99
55 82
57 71
58 75
58 70
59 90
60 83
61 81
61 91
63 64
63 84
64 99
65 93
65 69
67 75
67 86
68 75
68 97
68 89
71 73
77 80
77 85
78 90
78 86
80 88
80 89
82 91
84 86
84 85
85 94
86 98
86 93
87 94
88 91
88 98
91 97
92 95
96 99
