1
0 92
0 239
1 143
2 114
2 204
3 90
3 281
4 51
4 210
5 127
5 144
6 31
6 166
7 171
7 204
8 182
8 299
9 159
9 242
10 70
10 198
11 14
11 233
12 60
12 242
13 56
13 210
14 79
15 116
15 264
16 18
16 245
17 80
17 180
18 234
19 57
19 69
20 152
20 257
21 223
21 263
22 51
22 213
23 43
23 136
24 37
24 268
25 95
25 296
26 266
26 275
27 76
27 290
28 151
28 160
29 73
29 196
30 94
30 299
31 78
32 34
32 96
33 269
33 281
34 115
35 197
35 202
36 86
36 291
37 250
38 81
38 188
39 93
39 124
40 157
40 295
41 136
41 283
42 113
42 288
43 220
44 214
44 228
45 54
45 237
46 82
46 98
47 54
47 246
48 110
48 230
49 169
49 279
50 166
50 219
52 97
52 104
53 94
53 142
55 125
55 129
56 278
57 139
58 271
58 272
59 68
59 135
60 275
61 68
61 176
62 90
62 228
63 203
63 290
64 207
64 292
65 112
65 277
66 202
66 239
67 89
67 138
69 89
70 177
71 141
71 161
72 101
72 108
73 255
74 130
74 156
75 172
75 262
76 91
77 85
77 215
78 99
79 122
80 173
81 84
82 138
83 155
83 236
84 107
85 274
86 168
87 100
87 190
88 177
88 293
91 206
92 158
93 198
95 154
96 221
97 175
98 212
99 276
100 254
101 298
102 143
102 190
103 184
103 272
104 195
105 128
105 164
106 117
106 212
107 235
108 148
109 247
109 255
110 157
111 252
111 295
112 182
113 114
115 146
116 282
117 285
118 173
118 259
119 175
119 236
120 181
120 259
121 193
121 205
122 132
123 208
123 268
124 222
125 155
126 254
126 294
127 189
128 160
129 243
130 244
131 178
131 283
132 133
133 253
134 167
134 265
135 296
137 148
137 238
139 145
140 262
140 265
141 193
142 147
144 260
145 288
146 191
147 284
149 247
149 270
150 203
150 278
151 248
152 270
153 185
153 297
154 298
156 269
158 217
159 225
161 172
162 223
162 258
163 179
163 213
164 225
165 249
165 271
167 267
168 231
169 170
170 207
171 240
174 224
174 280
176 215
178 211
179 253
180 196
181 274
183 282
183 297
184 287
185 285
186 200
186 273
187 224
187 250
188 220
189 209
191 218
192 243
192 251
194 226
194 291
195 284
197 293
199 206
199 263
200 257
201 217
201 289
205 276
208 235
209 232
211 256
214 245
216 226
216 238
218 229
219 260
221 277
222 279
227 256
227 261
229 289
230 244
231 240
232 252
233 292
234 266
237 251
241 286
241 294
246 248
249 286
258 264
261 267
280 287
300 273
301 1
-1 -1
0.927638
