21
0 18
0 39
1 40
1 47
2 77
3 73
3 95
4 99
4 40
5 66
5 63
6 93
6 85
7 22
7 14
8 96
8 36
9 84
9 26
10 80
11 43
11 21
13 94
14 29
15 19
15 89
16 24
16 65
17 43
18 55
19 33
20 24
20 31
22 88
23 89
23 60
25 61
26 94
27 62
29 98
30 83
31 52
32 53
32 55
33 81
34 66
34 95
35 44
35 50
36 68
38 56
38 75
39 45
41 98
42 57
42 81
44 46
45 96
47 75
48 86
48 59
49 65
49 79
51 73
52 58
53 97
54 87
56 85
57 86
59 69
62 91
64 97
64 93
67 72
71 80
72 83
76 88
76 79
84 91
100 12
100 13
100 28
100 30
100 37
100 41
100 50
100 51
100 60
100 67
100 68
100 69
100 70
100 71
100 74
100 77
100 78
100 82
100 87
100 90
100 92
101 2
101 10
101 12
101 17
101 21
101 25
101 27
101 28
101 37
101 46
101 54
101 58
101 61
101 63
101 70
101 74
101 78
101 82
101 90
101 92
101 99
-1 -1
0.004321
