12
0 57
0 81
1 56
1 93
2 21
3 45
3 71
4 57
5 19
5 69
6 96
6 26
7 84
8 40
8 48
9 52
9 22
10 64
10 86
11 97
11 83
12 48
12 96
13 67
13 94
14 43
14 93
15 32
15 85
16 38
16 31
17 89
17 43
18 88
18 51
19 26
20 27
21 68
22 24
23 64
23 78
24 65
25 72
25 82
27 84
28 66
28 69
29 77
30 49
30 91
31 87
33 95
33 92
34 44
34 60
35 40
35 47
36 49
37 50
37 90
38 61
39 73
41 81
41 53
42 85
45 78
46 54
46 91
47 52
53 58
55 99
56 71
59 70
59 62
60 75
62 83
63 76
63 95
65 70
66 79
67 99
72 90
73 79
74 75
74 87
76 82
77 94
86 98
100 7
100 29
100 42
100 44
100 54
100 55
100 58
100 68
100 80
100 88
100 89
100 92
101 2
101 4
101 20
101 32
101 36
101 39
101 50
101 51
101 61
101 80
101 97
101 98
-1 -1
0.003934
