300 13458
0 1
0 130
0 131
0 132
0 133
0 264
0 137
0 138
0 258
0 17
0 146
0 265
0 21
0 22
0 217
0 24
0 175
0 156
0 29
0 150
0 31
0 160
0 33
0 35
0 36
0 37
0 295
0 296
0 299
0 45
0 174
0 157
0 50
0 261
0 53
0 55
0 283
0 58
0 287
0 60
0 190
0 192
0 66
0 152
0 68
0 69
0 198
0 71
0 202
0 183
0 79
0 228
0 209
0 163
0 84
0 85
0 214
0 216
0 89
0 90
0 222
0 96
0 98
0 227
0 100
0 101
0 102
0 145
0 105
0 234
0 231
0 237
0 110
0 242
0 292
0 116
0 117
0 118
0 247
0 120
0 249
0 254
1 2
1 7
1 8
1 9
1 266
1 267
1 12
1 14
1 272
1 18
1 275
1 276
1 278
1 23
1 25
1 282
1 284
1 285
1 286
1 289
1 35
1 297
1 38
1 295
1 291
1 46
1 49
1 52
1 54
1 55
1 58
1 59
1 60
1 62
1 64
1 65
1 67
1 68
1 77
1 78
1 80
1 81
1 82
1 84
1 88
1 89
1 94
1 101
1 102
1 103
1 105
1 274
1 112
1 115
1 116
1 117
1 121
1 128
1 136
1 140
1 143
1 144
1 146
1 147
1 152
1 154
1 155
1 157
1 159
1 162
1 163
1 165
1 166
1 171
1 174
1 182
1 184
1 187
1 190
1 192
1 195
1 203
1 204
1 206
1 208
1 211
1 214
1 217
1 219
1 220
1 221
1 223
1 229
1 230
1 242
1 244
1 245
1 264
1 249
1 253
1 254
2 256
2 258
2 4
2 5
2 7
2 265
2 10
2 268
2 13
2 271
2 16
2 22
2 282
2 27
2 29
2 286
2 31
2 32
2 33
2 36
2 295
2 296
2 41
2 42
2 299
2 44
2 51
2 53
2 60
2 64
2 70
2 73
2 77
2 79
2 83
2 85
2 86
2 88
2 90
2 187
2 101
2 102
2 106
2 107
2 110
2 111
2 112
2 285
2 120
2 127
2 278
2 134
2 140
2 148
2 150
2 154
2 156
2 26
2 160
2 161
2 99
2 165
2 174
2 175
2 177
2 287
2 189
2 288
2 195
2 197
2 199
2 201
2 202
2 203
2 209
2 210
2 211
2 218
2 219
2 225
2 226
2 227
2 232
2 233
2 234
2 249
2 298
2 253
3 256
3 257
3 131
3 260
3 179
3 134
3 136
3 265
3 11
3 140
3 141
3 142
3 143
3 144
3 216
3 19
3 20
3 149
3 151
3 152
3 175
3 285
3 158
3 31
3 32
3 36
3 262
3 41
3 173
3 174
3 47
3 176
3 50
3 51
3 53
3 287
3 183
3 185
3 187
3 60
3 189
3 63
3 181
3 67
3 70
3 71
3 200
3 73
3 204
3 269
3 271
3 81
3 210
3 83
3 212
3 270
3 215
3 88
3 89
3 219
3 92
3 221
3 222
3 293
3 224
3 225
3 98
3 227
3 230
3 195
3 231
3 234
3 235
3 108
3 112
3 113
3 114
3 243
3 116
3 251
3 249
3 122
3 127
3 277
3 21
4 259
4 260
4 261
4 7
4 266
4 11
4 268
4 15
4 17
4 274
4 277
4 279
4 299
4 26
4 29
4 30
4 290
4 291
4 39
4 41
4 43
4 44
4 49
4 52
4 57
4 58
4 59
4 60
4 63
4 64
4 65
4 67
4 71
4 75
4 88
4 89
4 90
4 271
4 93
4 96
4 97
4 99
4 102
4 108
4 115
4 120
4 133
4 137
4 140
4 143
4 286
4 150
4 154
4 155
4 161
4 165
4 166
4 170
4 171
4 175
4 176
4 180
4 181
4 184
4 185
4 186
4 195
4 197
4 198
4 208
4 210
4 212
4 214
4 221
4 223
4 224
4 263
4 231
4 238
4 240
4 244
4 246
4 247
4 250
4 251
5 261
5 268
5 13
5 270
5 273
5 278
5 281
5 26
5 27
5 284
5 290
5 35
5 293
5 38
5 39
5 40
5 297
5 42
5 299
5 51
5 54
5 58
5 63
5 65
5 67
5 68
5 69
5 75
5 77
5 78
5 82
5 83
5 86
5 89
5 91
5 94
5 96
5 99
5 101
5 102
5 105
5 107
5 109
5 116
5 117
5 121
5 122
5 125
5 129
5 133
5 135
5 136
5 137
5 142
5 146
5 147
5 150
5 25
5 157
5 159
5 160
5 283
5 167
5 168
5 172
5 186
5 188
5 199
5 200
5 205
5 206
5 207
5 291
5 212
5 215
5 227
5 230
5 240
5 241
5 242
5 245
5 248
5 249
5 250
5 251
5 252
5 254
5 255
6 131
6 277
6 10
6 267
6 142
6 143
6 144
6 275
6 21
6 150
6 217
6 280
6 299
6 26
6 27
6 156
6 285
6 159
6 33
6 290
6 166
6 241
6 40
6 28
6 42
6 43
6 48
6 50
6 179
6 180
6 55
6 59
6 62
6 295
6 66
6 272
6 198
6 161
6 200
6 73
6 202
6 183
6 205
6 78
6 207
6 201
6 83
6 85
6 86
6 89
6 90
6 93
6 94
6 224
6 97
6 103
6 105
6 252
6 231
6 109
6 168
6 113
6 243
6 244
6 117
6 41
6 248
6 250
6 124
6 125
6 127
7 256
7 9
7 10
7 269
7 18
7 19
7 21
7 24
7 260
7 26
7 27
7 29
7 287
7 33
7 293
7 38
7 39
7 299
7 46
7 54
7 57
7 60
7 62
7 63
7 65
7 69
7 79
7 82
7 85
7 88
7 90
7 92
7 99
7 100
7 103
7 107
7 111
7 275
7 116
7 118
7 121
7 127
7 129
7 130
7 131
7 277
7 134
7 135
7 139
7 140
7 141
7 142
7 146
7 148
7 149
7 157
7 161
7 162
7 164
7 172
7 174
7 175
7 176
7 179
7 182
7 186
7 189
7 193
7 285
7 197
7 202
7 203
7 207
7 209
7 212
7 213
7 214
7 216
7 219
7 220
7 227
7 228
7 229
7 230
7 232
7 233
7 234
7 236
7 238
7 240
7 242
7 246
7 253
7 254
7 255
8 299
8 261
8 262
8 266
8 11
8 13
8 15
8 16
8 273
8 274
8 19
8 21
8 25
8 286
8 289
8 34
8 291
8 36
8 40
8 41
8 43
8 46
8 59
8 63
8 73
8 74
8 75
8 79
8 84
8 85
8 88
8 90
8 103
8 110
8 111
8 112
8 113
8 275
8 118
8 133
8 148
8 149
8 150
8 151
8 156
8 157
8 158
8 163
8 166
8 167
8 171
8 177
8 178
8 179
8 182
8 185
8 191
8 192
8 194
8 195
8 198
8 201
8 202
8 203
8 206
8 209
8 35
8 212
8 214
8 216
8 217
8 219
8 220
8 297
8 211
8 269
8 230
8 235
8 237
8 243
8 245
8 247
8 250
8 251
8 281
8 253
9 299
9 262
9 265
9 271
9 16
9 273
9 18
9 275
9 20
9 21
9 22
9 279
9 281
9 27
9 29
9 286
9 31
9 32
9 33
9 34
9 292
9 296
9 41
9 263
9 44
9 45
9 47
9 50
9 51
9 55
9 283
9 63
9 66
9 68
9 73
9 76
9 77
9 80
9 82
9 98
9 100
9 276
9 111
9 118
9 121
9 123
9 125
9 134
9 140
9 142
9 148
9 149
9 150
9 152
9 153
9 154
9 160
9 162
9 163
9 165
9 167
9 169
9 170
9 171
9 177
9 182
9 184
9 185
9 187
9 188
9 192
9 195
9 196
9 197
9 198
9 200
9 202
9 211
9 213
9 216
9 217
9 218
9 219
9 257
9 223
9 224
9 226
9 229
9 230
9 237
9 238
9 239
9 246
9 252
9 254
10 257
10 297
10 265
10 269
10 14
10 271
10 20
10 23
10 282
10 283
10 28
10 285
10 286
10 289
10 36
10 38
10 41
10 298
10 263
10 44
10 45
10 57
10 58
10 61
10 65
10 66
10 67
10 70
10 72
10 76
10 79
10 82
10 270
10 86
10 88
10 89
10 90
10 95
10 98
10 100
10 109
10 117
10 276
10 123
10 127
10 129
10 130
10 137
10 138
10 146
10 155
10 156
10 163
10 166
10 168
10 284
10 171
10 173
10 176
10 177
10 180
10 181
10 184
10 186
10 189
10 190
10 192
10 194
10 197
10 200
10 201
10 203
10 204
10 205
10 209
10 215
10 218
10 219
10 221
10 294
10 237
10 240
10 243
10 169
10 251
10 252
10 253
11 256
11 261
11 262
11 290
11 270
11 273
11 18
11 19
11 23
11 24
11 282
11 28
11 29
11 287
11 32
11 289
11 34
11 292
11 38
11 295
11 297
11 42
11 47
11 49
11 55
11 63
11 66
11 73
11 76
11 80
11 83
11 84
11 85
11 88
11 91
11 96
11 100
11 106
11 109
11 275
11 120
11 125
11 126
11 128
11 131
11 133
11 138
11 279
11 140
11 141
11 143
11 294
11 145
11 149
11 151
11 153
11 155
11 159
11 163
11 171
11 172
11 175
11 177
11 188
11 194
11 197
11 204
11 205
11 209
11 210
11 214
11 221
11 280
11 224
11 225
11 229
11 233
11 234
11 236
11 238
11 241
11 242
11 244
11 245
11 247
11 251
11 254
12 260
12 257
12 264
12 265
12 14
12 17
12 20
12 22
12 23
12 281
12 28
12 285
12 30
12 288
12 34
12 292
12 37
12 40
12 297
12 42
12 299
12 45
12 48
12 54
12 56
12 57
12 59
12 62
12 66
12 67
12 68
12 74
12 78
12 79
12 81
12 284
12 92
12 98
12 100
12 101
12 105
12 114
12 117
12 118
12 124
12 125
12 127
12 128
12 278
12 134
12 137
12 138
12 143
12 146
12 147
12 150
12 161
12 164
12 169
12 170
12 172
12 174
12 175
12 177
12 184
12 190
12 192
12 193
12 195
12 201
12 202
12 290
12 206
12 207
12 212
12 213
12 215
12 216
12 217
12 218
12 223
12 227
12 230
12 234
12 236
12 237
12 296
12 243
12 244
13 256
13 263
13 266
13 268
13 269
13 14
13 16
13 273
13 280
13 25
13 26
13 27
13 284
13 30
13 31
13 33
13 34
13 291
13 293
13 38
13 44
13 47
13 49
13 51
13 59
13 61
13 64
13 65
13 71
13 76
13 81
13 86
13 88
13 93
13 94
13 95
13 272
13 105
13 106
13 109
13 111
13 113
13 115
13 118
13 119
13 124
13 126
13 128
13 137
13 139
13 140
13 146
13 147
13 163
13 164
13 167
13 171
13 177
13 180
13 286
13 182
13 184
13 287
13 195
13 197
13 198
13 205
13 206
13 208
13 209
13 210
13 211
13 212
13 215
13 220
13 221
13 235
13 241
13 243
13 245
13 246
13 248
13 249
13 254
14 262
14 263
14 270
14 15
14 271
14 24
14 26
14 27
14 30
14 32
14 289
14 290
14 37
14 39
14 297
14 42
14 47
14 48
14 49
14 50
14 51
14 54
14 56
14 62
14 69
14 71
14 72
14 73
14 75
14 269
14 81
14 86
14 91
14 92
14 93
14 96
14 98
14 100
14 104
14 106
14 107
14 115
14 118
14 120
14 127
14 131
14 132
14 135
14 140
14 143
14 280
14 146
14 147
14 151
14 153
14 154
14 155
14 156
14 159
14 161
14 162
14 164
14 166
14 167
14 169
14 172
14 174
14 286
14 185
14 188
14 197
14 200
14 208
14 209
14 210
14 212
14 215
14 220
14 221
14 222
14 225
14 230
14 232
14 238
14 239
14 240
14 241
14 242
14 247
14 250
14 251
14 255
15 257
15 261
15 266
15 271
15 16
15 273
15 274
15 275
15 20
15 22
15 28
15 30
15 32
15 289
15 291
15 36
15 293
15 38
15 39
15 40
15 299
15 47
15 51
15 57
15 63
15 64
15 67
15 69
15 72
15 73
15 75
15 78
15 80
15 92
15 96
15 272
15 100
15 102
15 17
15 109
15 114
15 118
15 120
15 121
15 123
15 127
15 128
15 278
15 135
15 136
15 142
15 143
15 145
15 148
15 151
15 154
15 156
15 157
15 295
15 162
15 167
15 169
15 172
15 181
15 186
15 192
15 193
15 197
15 200
15 202
15 207
15 215
15 219
15 220
15 222
15 227
15 228
15 230
15 231
15 235
15 236
15 241
15 242
15 244
16 259
16 260
16 262
16 263
16 266
16 272
16 17
16 275
16 277
16 26
16 27
16 284
16 29
16 32
16 33
16 290
16 291
16 37
16 38
16 296
16 43
16 52
16 58
16 63
16 71
16 75
16 76
16 77
16 79
16 87
16 89
16 96
16 99
16 273
16 106
16 108
16 110
16 123
16 126
16 128
16 131
16 138
16 139
16 140
16 144
16 147
16 148
16 151
16 153
16 155
16 159
16 163
16 165
16 168
16 174
16 285
16 177
16 179
16 180
16 186
16 187
16 188
16 197
16 198
16 201
16 203
16 204
16 207
16 294
16 210
16 214
16 216
16 217
16 225
16 227
16 228
16 269
16 234
16 236
16 240
16 247
16 248
16 252
17 258
17 261
17 264
17 267
17 270
17 18
17 277
17 22
17 26
17 27
17 286
17 288
17 34
17 35
17 38
17 39
17 297
17 298
17 46
17 48
17 49
17 57
17 61
17 70
17 76
17 77
17 78
17 81
17 82
17 83
17 85
17 86
17 88
17 91
17 93
17 96
17 97
17 99
17 101
17 105
17 106
17 274
17 111
17 113
17 115
17 117
17 118
17 121
17 122
17 124
17 125
17 131
17 133
17 136
17 144
17 156
17 163
17 164
17 165
17 169
17 173
17 179
17 182
17 183
17 189
17 191
17 194
17 200
17 202
17 204
17 205
17 206
17 294
17 210
17 211
17 226
17 229
17 232
17 237
17 272
17 243
17 245
17 249
17 254
18 130
18 235
18 150
18 134
18 136
18 269
18 143
18 146
18 147
18 149
18 22
18 279
18 225
18 25
18 257
18 28
18 157
18 30
18 33
18 162
18 163
18 36
18 37
18 294
18 167
18 296
18 156
18 176
18 44
18 174
18 175
18 48
18 177
18 180
18 181
18 219
18 183
18 185
18 186
18 61
18 191
18 262
18 67
18 69
18 71
18 286
18 201
18 203
18 290
18 78
18 208
18 248
18 210
18 212
18 85
18 215
18 89
18 91
18 250
18 94
18 97
18 251
18 100
18 229
18 231
18 232
18 107
18 281
18 240
18 244
18 118
18 169
18 120
18 121
18 122
18 123
18 124
18 255
19 261
19 262
19 268
19 271
19 273
19 20
19 277
19 22
19 23
19 24
19 25
19 283
19 30
19 288
19 35
19 40
19 43
19 44
19 48
19 264
19 50
19 51
19 52
19 53
19 67
19 69
19 76
19 78
19 83
19 85
19 87
19 94
19 95
19 96
19 98
19 100
19 102
19 106
19 111
19 115
19 116
19 121
19 122
19 123
19 124
19 299
19 21
19 130
19 134
19 137
19 139
19 141
19 148
19 155
19 159
19 160
19 162
19 163
19 166
19 168
19 175
19 176
19 177
19 180
19 286
19 183
19 186
19 191
19 192
19 279
19 196
19 198
19 199
19 203
19 204
19 213
19 214
19 221
19 263
19 229
19 296
19 243
19 249
19 252
19 253
19 254
19 255
20 257
20 194
20 142
20 280
20 274
20 269
20 150
20 24
20 153
20 27
20 28
20 157
20 158
20 288
20 161
20 162
20 155
20 164
20 293
20 166
20 167
20 169
20 170
20 299
20 172
20 242
20 47
20 53
20 219
20 183
20 56
20 57
20 60
20 266
20 62
20 192
20 193
20 66
20 67
20 197
20 268
20 202
20 204
20 206
20 207
20 271
20 81
20 210
20 84
20 215
20 88
20 89
20 218
20 143
20 93
20 95
20 228
20 276
20 209
20 105
20 234
20 110
20 240
20 113
20 114
20 244
20 117
20 118
20 119
20 120
20 121
20 123
20 283
21 257
21 258
21 267
21 277
21 22
21 23
21 24
21 28
21 286
21 288
21 33
21 34
21 36
21 37
21 40
21 45
21 47
21 51
21 52
21 53
21 54
21 55
21 290
21 58
21 64
21 68
21 74
21 80
21 86
21 87
21 89
21 90
21 93
21 100
21 101
21 102
21 104
21 107
21 111
21 112
21 116
21 118
21 126
21 127
21 128
21 129
21 131
21 134
21 136
21 137
21 139
21 140
21 145
21 146
21 150
21 151
21 152
21 157
21 158
21 162
21 163
21 166
21 173
21 174
21 175
21 176
21 177
21 178
21 181
21 182
21 184
21 195
21 196
21 200
21 204
21 205
21 206
21 207
21 209
21 210
21 212
21 219
21 221
21 222
21 227
21 230
21 231
21 240
21 241
21 246
21 250
21 254
22 256
22 261
22 266
22 24
22 25
22 284
22 30
22 287
22 288
22 290
22 291
22 292
22 293
22 39
22 40
22 41
22 44
22 45
22 46
22 51
22 52
22 54
22 55
22 56
22 57
22 60
22 63
22 68
22 70
22 71
22 72
22 76
22 82
22 83
22 86
22 89
22 94
22 95
22 100
22 101
22 103
22 106
22 274
22 110
22 111
22 112
22 275
22 119
22 120
22 128
22 143
22 144
22 147
22 152
22 155
22 295
22 162
22 170
22 171
22 173
22 181
22 182
22 184
22 186
22 190
22 191
22 192
22 201
22 202
22 205
22 206
22 207
22 208
22 210
22 213
22 214
22 217
22 219
22 225
22 228
22 229
22 230
22 232
22 235
22 236
22 296
22 247
22 248
22 250
22 253
22 254
22 255
23 256
23 130
23 260
23 134
23 136
23 265
23 141
23 271
23 144
23 216
23 245
23 148
23 150
23 152
23 281
23 282
23 175
23 284
23 157
23 159
23 32
23 289
23 266
23 164
23 165
23 295
23 40
23 220
23 46
23 47
23 48
23 264
23 51
23 181
23 185
23 58
23 61
23 62
23 191
23 288
23 194
23 67
23 71
23 200
23 74
23 75
23 206
23 208
23 291
23 84
23 203
23 88
23 89
23 218
23 91
23 92
23 93
23 96
23 225
23 227
23 228
23 273
23 232
23 105
23 106
23 108
23 237
23 238
23 253
23 112
23 296
23 292
23 190
23 118
23 247
23 125
23 149
24 257
24 259
24 260
24 268
24 271
24 273
24 274
24 280
24 281
24 282
24 283
24 284
24 30
24 288
24 289
24 34
24 38
24 39
24 40
24 41
24 42
24 46
24 48
24 51
24 53
24 55
24 57
24 58
24 60
24 64
24 65
24 68
24 69
24 74
24 76
24 84
24 86
24 89
24 90
24 92
24 93
24 97
24 99
24 100
24 105
24 107
24 108
24 118
24 119
24 121
24 123
24 126
24 128
24 278
24 134
24 135
24 137
24 138
24 140
24 150
24 151
24 152
24 154
24 159
24 161
24 162
24 164
24 177
24 286
24 182
24 183
24 190
24 192
24 198
24 199
24 200
24 290
24 206
24 210
24 211
24 220
24 221
24 226
24 231
24 232
24 236
24 240
24 241
24 243
24 252
24 255
25 258
25 131
25 132
25 230
25 257
25 265
25 261
25 139
25 140
25 173
25 144
25 273
25 276
25 151
25 280
25 153
25 283
25 284
25 157
25 260
25 160
25 289
25 36
25 165
25 38
25 177
25 40
25 169
25 42
25 43
25 294
25 45
25 46
25 285
25 49
25 52
25 53
25 54
25 183
25 57
25 186
25 188
25 192
25 245
25 64
25 65
25 66
25 68
25 199
25 200
25 292
25 269
25 80
25 209
25 210
25 83
25 213
25 87
25 88
25 217
25 221
25 272
25 296
25 100
25 229
25 102
25 232
25 105
25 106
25 146
25 111
25 241
25 242
25 115
25 117
25 250
25 298
25 253
26 266
26 268
26 271
26 274
26 276
26 278
26 28
26 285
26 286
26 290
26 35
26 36
26 262
26 39
26 297
26 42
26 49
26 50
26 51
26 53
26 56
26 57
26 60
26 65
26 66
26 69
26 70
26 75
26 79
26 80
26 81
26 82
26 88
26 91
26 92
26 95
26 272
26 99
26 101
26 102
26 105
26 117
26 118
26 120
26 121
26 122
26 124
26 125
26 126
26 127
26 135
26 137
26 140
26 143
26 146
26 148
26 151
26 152
26 155
26 156
26 158
26 159
26 164
26 165
26 176
26 177
26 191
26 193
26 200
26 202
26 203
26 205
26 206
26 208
26 209
26 212
26 292
26 218
26 219
26 223
26 224
26 225
26 226
26 230
26 233
26 234
26 295
26 236
26 237
26 240
26 241
26 244
26 246
26 249
26 251
26 252
26 298
26 254
26 255
27 299
27 260
27 271
27 277
27 278
27 29
27 31
27 35
27 262
27 294
27 39
27 42
27 263
27 47
27 50
27 51
27 52
27 265
27 56
27 57
27 62
27 63
27 64
27 65
27 66
27 68
27 69
27 73
27 77
27 79
27 80
27 82
27 83
27 85
27 87
27 88
27 89
27 92
27 94
27 95
27 98
27 273
27 107
27 111
27 112
27 120
27 276
27 122
27 126
27 128
27 132
27 134
27 140
27 141
27 155
27 157
27 162
27 163
27 165
27 166
27 167
27 287
27 179
27 180
27 181
27 183
27 185
27 187
27 190
27 194
27 206
27 209
27 221
27 227
27 295
27 242
27 253
28 257
28 260
28 264
28 265
28 273
28 267
28 281
28 285
28 287
28 33
28 290
28 36
28 38
28 296
28 41
28 298
28 299
28 44
28 46
28 49
28 54
28 58
28 59
28 266
28 63
28 67
28 71
28 73
28 75
28 268
28 84
28 86
28 88
28 89
28 91
28 92
28 94
28 100
28 103
28 107
28 110
28 111
28 115
28 116
28 117
28 118
28 121
28 124
28 127
28 128
28 129
28 136
28 144
28 147
28 149
28 150
28 157
28 158
28 170
28 175
28 178
28 179
28 180
28 182
28 185
28 186
28 188
28 191
28 196
28 198
28 289
28 200
28 202
28 203
28 206
28 212
28 214
28 292
28 218
28 219
28 220
28 223
28 227
28 228
28 231
28 239
28 242
28 246
28 297
28 252
29 268
29 258
29 275
29 276
29 282
29 285
29 287
29 289
29 290
29 291
29 37
29 294
29 298
29 46
29 48
29 49
29 50
29 51
29 52
29 55
29 56
29 58
29 62
29 267
29 73
29 77
29 80
29 82
29 92
29 95
29 96
29 102
29 108
29 113
29 115
29 116
29 117
29 122
29 123
29 127
29 136
29 138
29 143
29 144
29 147
29 149
29 152
29 157
29 158
29 162
29 164
29 166
29 167
29 168
29 172
29 177
29 181
29 182
29 190
29 195
29 197
29 203
29 206
29 207
29 208
29 210
29 215
29 217
29 218
29 220
29 221
29 222
29 293
29 224
29 226
29 230
29 231
29 235
29 239
29 240
29 244
29 245
29 252
29 253
29 254
29 255
30 259
30 261
30 263
30 279
30 281
30 284
30 34
30 291
30 292
30 295
30 297
30 46
30 51
30 54
30 57
30 62
30 63
30 64
30 66
30 75
30 76
30 82
30 83
30 88
30 91
30 92
30 93
30 97
30 104
30 106
30 110
30 111
30 116
30 124
30 125
30 130
30 133
30 135
30 138
30 139
30 140
30 146
30 157
30 161
30 163
30 165
30 166
30 168
30 171
30 172
30 174
30 175
30 177
30 178
30 179
30 183
30 187
30 188
30 191
30 197
30 198
30 199
30 204
30 205
30 211
30 214
30 219
30 220
30 224
30 227
30 229
30 230
30 231
30 233
30 235
30 236
30 237
30 240
30 242
30 244
30 251
30 253
31 257
31 261
31 264
31 267
31 272
31 273
31 276
31 281
31 284
31 285
31 286
31 33
31 290
31 38
31 39
31 296
31 41
31 49
31 51
31 53
31 54
31 56
31 57
31 59
31 64
31 70
31 258
31 78
31 79
31 80
31 84
31 85
31 88
31 89
31 93
31 94
31 95
31 96
31 97
31 99
31 108
31 111
31 112
31 116
31 117
31 119
31 121
31 123
31 126
31 127
31 129
31 130
31 132
31 142
31 145
31 150
31 151
31 152
31 154
31 157
31 159
31 162
31 163
31 164
31 165
31 167
31 168
31 173
31 174
31 175
31 177
31 184
31 185
31 191
31 192
31 193
31 196
31 198
31 199
31 204
31 207
31 209
31 210
31 213
31 217
31 218
31 221
31 229
31 234
31 295
31 236
31 239
31 242
31 245
31 248
31 250
31 252
32 257
32 262
32 263
32 264
32 266
32 273
32 258
32 271
32 275
32 278
32 281
32 282
32 284
32 285
32 286
32 288
32 292
32 37
32 296
32 297
32 298
32 43
32 44
32 46
32 62
32 65
32 69
32 72
32 73
32 76
32 80
32 84
32 270
32 87
32 88
32 91
32 92
32 93
32 97
32 100
32 103
32 107
32 108
32 109
32 120
32 121
32 122
32 126
32 129
32 131
32 132
32 137
32 138
32 139
32 140
32 141
32 145
32 148
32 152
32 155
32 156
32 158
32 159
32 160
32 163
32 169
32 171
32 172
32 173
32 174
32 176
32 179
32 180
32 181
32 182
32 187
32 279
32 193
32 194
32 196
32 199
32 202
32 206
32 208
32 212
32 213
32 215
32 217
32 218
32 222
32 226
32 230
32 231
32 232
32 233
32 238
32 240
32 242
32 243
32 245
32 253
33 256
33 261
33 267
33 273
33 275
33 276
33 278
33 282
33 283
33 285
33 289
33 291
33 37
33 40
33 298
33 299
33 257
33 46
33 47
33 48
33 49
33 50
33 51
33 52
33 58
33 59
33 60
33 62
33 65
33 66
33 258
33 77
33 78
33 269
33 81
33 83
33 85
33 88
33 91
33 272
33 98
33 107
33 274
33 113
33 118
33 119
33 120
33 123
33 128
33 139
33 148
33 149
33 150
33 151
33 153
33 158
33 163
33 164
33 165
33 166
33 284
33 171
33 173
33 175
33 177
33 287
33 188
33 74
33 190
33 194
33 196
33 201
33 202
33 262
33 209
33 210
33 212
33 213
33 218
33 221
33 293
33 227
33 228
33 231
33 236
33 239
33 296
33 243
33 245
33 248
33 252
34 257
34 261
34 262
34 276
34 281
34 282
34 289
34 35
34 292
34 39
34 40
34 298
34 299
34 44
34 264
34 50
34 53
34 265
34 56
34 60
34 67
34 68
34 268
34 76
34 77
34 78
34 79
34 83
34 84
34 90
34 91
34 94
34 95
34 100
34 104
34 111
34 116
34 120
34 121
34 124
34 125
34 128
34 130
34 131
34 134
34 135
34 136
34 142
34 145
34 146
34 151
34 157
34 158
34 162
34 163
34 167
34 168
34 171
34 176
34 286
34 186
34 199
34 204
34 207
34 210
34 291
34 212
34 214
34 218
34 221
34 222
34 223
34 224
34 227
34 240
34 242
34 247
34 250
35 130
35 235
35 260
35 263
35 138
35 213
35 294
35 146
35 147
35 148
35 278
35 290
35 155
35 154
35 267
35 159
35 293
35 38
35 39
35 168
35 170
35 43
35 172
35 47
35 176
35 178
35 51
35 180
35 222
35 55
35 224
35 57
35 287
35 202
35 62
35 193
35 194
35 67
35 275
35 74
35 203
35 204
35 205
35 206
35 207
35 291
35 85
35 185
35 216
35 217
35 91
35 92
35 221
35 94
35 95
35 96
35 226
35 99
35 228
35 215
35 230
35 231
35 233
35 106
35 167
35 240
35 296
35 242
35 115
35 116
35 247
35 122
35 124
35 125
35 127
36 256
36 261
36 265
36 267
36 272
36 275
36 280
36 286
36 288
36 295
36 44
36 45
36 46
36 53
36 55
36 57
36 59
36 60
36 62
36 63
36 81
36 82
36 87
36 90
36 92
36 100
36 102
36 103
36 107
36 109
36 111
36 116
36 117
36 118
36 121
36 282
36 133
36 134
36 137
36 144
36 147
36 150
36 154
36 157
36 158
36 165
36 168
36 170
36 171
36 174
36 175
36 177
36 178
36 179
36 180
36 184
36 189
36 191
36 194
36 198
36 201
36 202
36 210
36 214
36 221
36 223
36 226
36 227
36 229
36 233
36 234
36 238
36 240
36 241
36 243
36 244
36 250
36 252
36 253
36 254
37 129
37 259
37 260
37 134
37 135
37 137
37 266
37 267
37 143
37 150
37 152
37 155
37 286
37 197
37 165
37 38
37 272
37 169
37 44
37 46
37 285
37 287
37 50
37 51
37 52
37 57
37 59
37 60
37 160
37 66
37 228
37 196
37 69
37 198
37 225
37 72
37 73
37 75
37 78
37 288
37 81
37 83
37 84
37 142
37 86
37 88
37 89
37 90
37 91
37 221
37 222
37 95
37 144
37 98
37 100
37 293
37 223
37 270
37 109
37 238
37 111
37 112
37 241
37 117
37 268
37 119
37 248
37 249
37 250
37 251
37 247
37 126
37 127
38 256
38 260
38 265
38 275
38 279
38 286
38 289
38 292
38 39
38 41
38 42
38 43
38 50
38 54
38 56
38 62
38 267
38 69
38 72
38 75
38 269
38 80
38 284
38 90
38 92
38 96
38 97
38 104
38 106
38 107
38 108
38 113
38 116
38 124
38 125
38 126
38 132
38 135
38 138
38 140
38 144
38 280
38 148
38 152
38 154
38 157
38 158
38 160
38 166
38 168
38 169
38 175
38 184
38 185
38 186
38 187
38 190
38 192
38 196
38 198
38 199
38 202
38 291
38 211
38 216
38 228
38 229
38 233
38 239
38 241
38 243
38 245
38 247
38 250
38 253
39 256
39 257
39 258
39 259
39 262
39 267
39 268
39 272
39 275
39 260
39 292
39 296
39 42
39 43
39 44
39 46
39 47
39 52
39 57
39 60
39 63
39 77
39 78
39 85
39 271
39 96
39 99
39 100
39 107
39 111
39 113
39 115
39 121
39 126
39 127
39 129
39 131
39 133
39 134
39 138
39 139
39 141
39 144
39 280
39 153
39 157
39 164
39 176
39 177
39 179
39 180
39 182
39 183
39 184
39 287
39 190
39 191
39 192
39 193
39 194
39 195
39 196
39 198
39 199
39 200
39 204
39 206
39 209
39 213
39 214
39 223
39 263
39 227
39 230
39 234
39 246
39 251
39 253
40 256
40 259
40 263
40 266
40 290
40 269
40 272
40 286
40 295
40 45
40 49
40 50
40 55
40 268
40 77
40 80
40 82
40 86
40 88
40 89
40 92
40 94
40 96
40 98
40 104
40 105
40 106
40 109
40 275
40 119
40 121
40 124
40 125
40 129
40 139
40 141
40 144
40 145
40 146
40 150
40 151
40 153
40 154
40 156
40 157
40 159
40 161
40 163
40 165
40 166
40 170
40 174
40 176
40 177
40 178
40 179
40 186
40 190
40 191
40 194
40 196
40 197
40 289
40 201
40 202
40 205
40 206
40 216
40 217
40 218
40 219
40 221
40 222
40 227
40 229
40 231
40 239
40 242
40 246
40 281
40 253
41 263
41 270
41 273
41 277
41 260
41 286
41 288
41 291
41 292
41 262
41 42
41 45
41 48
41 49
41 51
41 265
41 56
41 57
41 266
41 71
41 76
41 79
41 80
41 82
41 83
41 84
41 86
41 87
41 88
41 98
41 102
41 104
41 108
41 109
41 110
41 111
41 116
41 119
41 120
41 121
41 124
41 127
41 128
41 131
41 133
41 135
41 136
41 138
41 140
41 141
41 144
41 280
41 146
41 147
41 148
41 149
41 150
41 152
41 154
41 156
41 159
41 161
41 278
41 165
41 167
41 169
41 170
41 172
41 178
41 179
41 181
41 185
41 191
41 195
41 196
41 200
41 206
41 209
41 216
41 218
41 219
41 220
41 225
41 227
41 232
41 244
41 249
41 252
41 298
41 264
42 256
42 257
42 264
42 266
42 258
42 275
42 279
42 289
42 48
42 49
42 51
42 55
42 56
42 57
42 66
42 69
42 74
42 77
42 79
42 83
42 84
42 85
42 86
42 87
42 88
42 92
42 94
42 95
42 96
42 98
42 99
42 106
42 107
42 109
42 111
42 116
42 117
42 124
42 126
42 127
42 129
42 135
42 136
42 137
42 138
42 140
42 144
42 269
42 281
42 152
42 154
42 156
42 157
42 160
42 161
42 283
42 164
42 165
42 167
42 169
42 270
42 185
42 187
42 295
42 189
42 191
42 197
42 198
42 204
42 211
42 214
42 216
42 218
42 220
42 221
42 226
42 228
42 294
42 235
42 236
42 245
42 248
42 249
42 253
43 128
43 129
43 130
43 299
43 179
43 193
43 137
43 290
43 140
43 142
43 273
43 205
43 174
43 150
43 151
43 225
43 278
43 159
43 161
43 162
43 134
43 168
43 291
43 176
43 46
43 175
43 48
43 136
43 288
43 51
43 52
43 180
43 287
43 189
43 62
43 295
43 160
43 66
43 196
43 71
43 177
43 203
43 77
43 207
43 190
43 208
43 211
43 84
43 213
43 214
43 87
43 216
43 217
43 91
43 220
43 93
43 222
43 165
43 96
43 97
43 99
43 100
43 293
43 232
43 106
43 107
43 108
43 110
43 112
43 244
43 117
43 262
43 126
43 277
44 262
44 272
44 285
44 287
44 296
44 46
44 47
44 48
44 50
44 51
44 54
44 265
44 56
44 62
44 63
44 65
44 69
44 292
44 74
44 75
44 76
44 269
44 81
44 83
44 88
44 95
44 96
44 99
44 102
44 103
44 105
44 108
44 109
44 110
44 113
44 118
44 121
44 128
44 133
44 135
44 144
44 149
44 150
44 152
44 155
44 158
44 159
44 160
44 278
44 166
44 168
44 284
44 172
44 176
44 179
44 180
44 182
44 183
44 192
44 193
44 196
44 204
44 208
44 213
44 216
44 217
44 219
44 232
44 235
44 238
44 240
44 241
44 243
44 246
44 252
44 254
45 256
45 258
45 263
45 269
45 270
45 271
45 274
45 276
45 282
45 289
45 299
45 47
45 57
45 60
45 62
45 63
45 64
45 68
45 268
45 75
45 77
45 78
45 80
45 82
45 84
45 86
45 88
45 90
45 92
45 95
45 96
45 99
45 100
45 101
45 102
45 107
45 114
45 117
45 121
45 126
45 130
45 136
45 144
45 146
45 148
45 159
45 160
45 162
45 165
45 168
45 172
45 173
45 178
45 187
45 190
45 192
45 199
45 201
45 202
45 204
45 205
45 207
45 208
45 211
45 215
45 216
45 218
45 222
45 223
45 226
45 228
45 229
45 231
45 235
45 236
45 239
45 296
45 242
45 245
45 247
45 249
45 253
45 254
46 256
46 258
46 299
46 260
46 262
46 270
46 271
46 274
46 282
46 290
46 291
46 297
46 298
46 52
46 55
46 57
46 62
46 65
46 68
46 69
46 70
46 292
46 83
46 284
46 87
46 93
46 94
46 97
46 105
46 106
46 108
46 109
46 110
46 111
46 112
46 113
46 115
46 285
46 121
46 126
46 131
46 132
46 137
46 138
46 279
46 142
46 144
46 145
46 286
46 150
46 153
46 157
46 158
46 164
46 169
46 175
46 179
46 181
46 193
46 198
46 205
46 207
46 209
46 211
46 213
46 215
46 217
46 257
46 293
46 263
46 226
46 231
46 236
46 237
46 239
46 245
46 250
47 257
47 260
47 264
47 266
47 284
47 285
47 292
47 291
47 51
47 53
47 55
47 59
47 60
47 67
47 78
47 81
47 83
47 86
47 87
47 267
47 271
47 96
47 97
47 103
47 109
47 111
47 115
47 124
47 126
47 129
47 134
47 136
47 279
47 141
47 146
47 147
47 151
47 152
47 154
47 157
47 159
47 160
47 161
47 164
47 168
47 169
47 175
47 177
47 178
47 180
47 186
47 191
47 195
47 197
47 199
47 204
47 206
47 207
47 210
47 211
47 215
47 219
47 220
47 221
47 228
47 238
47 239
47 242
47 243
47 244
47 246
47 297
47 248
47 249
47 250
47 255
48 128
48 257
48 235
48 132
48 261
48 135
48 136
48 137
48 141
48 272
48 146
48 148
48 151
48 260
48 201
48 159
48 160
48 291
48 292
48 262
48 166
48 210
48 242
48 298
48 287
48 178
48 180
48 53
48 182
48 55
48 223
48 60
48 189
48 63
48 196
48 140
48 202
48 183
48 76
48 77
48 207
48 282
48 82
48 83
48 212
48 86
48 220
48 296
48 95
48 263
48 97
48 226
48 101
48 103
48 273
48 233
48 106
48 107
48 239
48 241
48 114
48 243
48 116
48 245
48 246
48 121
48 122
48 191
48 252
48 170
49 256
49 131
49 179
49 129
49 136
49 268
49 143
49 144
49 146
49 147
49 148
49 149
49 150
49 281
49 152
49 175
49 158
49 288
49 164
49 293
49 154
49 174
49 157
49 51
49 261
49 215
49 56
49 58
49 60
49 190
49 65
49 195
49 199
49 73
49 77
49 269
49 184
49 82
49 237
49 84
49 213
49 87
49 216
49 292
49 90
49 286
49 92
49 277
49 97
49 227
49 102
49 145
49 104
49 188
49 106
49 103
49 109
49 238
49 111
49 243
49 244
49 246
49 297
49 248
49 276
49 124
49 125
49 254
49 127
50 256
50 258
50 263
50 264
50 268
50 269
50 274
50 277
50 281
50 284
50 287
50 291
50 292
50 295
50 56
50 62
50 64
50 69
50 71
50 72
50 74
50 84
50 85
50 87
50 93
50 95
50 96
50 98
50 99
50 104
50 106
50 107
50 108
50 109
50 112
50 115
50 119
50 120
50 121
50 128
50 132
50 134
50 135
50 137
50 149
50 154
50 155
50 159
50 161
50 163
50 166
50 169
50 170
50 174
50 175
50 177
50 178
50 180
50 198
50 289
50 201
50 202
50 290
50 207
50 209
50 217
50 219
50 220
50 221
50 223
50 226
50 227
50 228
50 294
50 230
50 232
50 233
50 234
50 243
50 247
50 248
50 255
51 272
51 276
51 299
51 288
51 290
51 53
51 56
51 57
51 58
51 66
51 67
51 70
51 71
51 72
51 258
51 77
51 269
51 87
51 89
51 91
51 93
51 94
51 98
51 100
51 101
51 106
51 110
51 111
51 114
51 275
51 117
51 120
51 122
51 123
51 127
51 129
51 278
51 134
51 135
51 136
51 139
51 280
51 148
51 151
51 153
51 282
51 158
51 168
51 170
51 176
51 177
51 181
51 183
51 185
51 287
51 198
51 289
51 201
51 207
51 271
51 209
51 291
51 215
51 218
51 221
51 222
51 223
51 228
51 229
51 231
51 233
51 235
51 236
51 242
51 243
51 246
51 297
51 249
51 293
51 251
51 253
51 255
52 258
52 299
52 261
52 264
52 265
52 271
52 275
52 279
52 282
52 288
52 292
52 296
52 56
52 60
52 61
52 63
52 64
52 72
52 74
52 81
52 82
52 83
52 86
52 89
52 92
52 96
52 97
52 98
52 105
52 106
52 108
52 110
52 117
52 119
52 123
52 127
52 129
52 130
52 134
52 136
52 138
52 143
52 156
52 159
52 160
52 283
52 165
52 168
52 169
52 170
52 173
52 175
52 181
52 195
52 196
52 289
52 200
52 203
52 204
52 214
52 218
52 227
52 229
52 232
52 238
52 239
52 243
52 244
52 248
52 249
52 250
52 252
52 254
53 257
53 264
53 265
53 266
53 270
53 271
53 274
53 275
53 278
53 279
53 283
53 297
53 298
53 299
53 54
53 58
53 65
53 66
53 71
53 73
53 75
53 77
53 80
53 85
53 88
53 90
53 91
53 94
53 97
53 98
53 101
53 103
53 106
53 109
53 113
53 117
53 118
53 276
53 122
53 131
53 133
53 135
53 137
53 139
53 141
53 280
53 146
53 148
53 149
53 150
53 151
53 153
53 154
53 156
53 282
53 160
53 164
53 174
53 175
53 177
53 180
53 181
53 182
53 187
53 197
53 198
53 201
53 210
53 211
53 121
53 216
53 221
53 231
53 239
53 240
53 243
53 281
53 253
54 259
54 264
54 265
54 275
54 276
54 280
54 282
54 283
54 291
54 293
54 295
54 57
54 60
54 64
54 65
54 68
54 71
54 73
54 76
54 80
54 81
54 270
54 91
54 95
54 97
54 101
54 111
54 115
54 116
54 123
54 125
54 127
54 131
54 133
54 134
54 140
54 141
54 144
54 145
54 151
54 152
54 153
54 154
54 161
54 261
54 165
54 166
54 284
54 170
54 172
54 173
54 176
54 177
54 183
54 186
54 287
54 188
54 189
54 191
54 197
54 199
54 201
54 207
54 294
54 210
54 211
54 212
54 213
54 216
54 217
54 218
54 229
54 236
54 237
54 238
54 240
54 246
54 251
55 260
55 261
55 257
55 266
55 271
55 273
55 279
55 281
55 282
55 287
55 295
55 57
55 58
55 59
55 64
55 66
55 68
55 70
55 74
55 76
55 78
55 82
55 89
55 90
55 92
55 96
55 98
55 111
55 115
55 116
55 119
55 123
55 125
55 128
55 129
55 278
55 134
55 135
55 136
55 138
55 139
55 140
55 144
55 148
55 151
55 152
55 157
55 164
55 169
55 170
55 177
55 180
55 183
55 185
55 189
55 204
55 206
55 207
55 208
55 210
55 212
55 217
55 221
55 234
55 235
55 237
55 238
55 239
55 243
55 250
55 252
56 256
56 129
56 282
56 132
56 133
56 135
56 138
56 267
56 140
56 141
56 272
56 196
56 151
56 152
56 153
56 158
56 160
56 289
56 163
56 220
56 167
56 296
56 171
56 266
56 219
56 180
56 186
56 159
56 61
56 63
56 192
56 65
56 68
56 69
56 198
56 199
56 200
56 74
56 78
56 269
56 80
56 294
56 210
56 211
56 212
56 142
56 215
56 278
56 89
56 90
56 91
56 92
56 221
56 222
56 97
56 99
56 101
56 103
56 232
56 231
56 236
56 114
56 118
56 169
56 251
57 256
57 258
57 299
57 262
57 265
57 269
57 270
57 272
57 277
57 284
57 288
57 290
57 294
57 263
57 59
57 61
57 62
57 63
57 65
57 72
57 75
57 83
57 92
57 93
57 96
57 97
57 98
57 101
57 103
57 107
57 113
57 126
57 131
57 147
57 149
57 153
57 154
57 155
57 282
57 161
57 163
57 164
57 166
57 173
57 174
57 175
57 176
57 177
57 178
57 187
57 196
57 203
57 204
57 210
57 211
57 214
57 216
57 293
57 225
57 227
57 229
57 230
57 234
57 295
57 253
58 299
58 129
58 136
58 128
58 267
58 140
58 269
58 270
58 143
58 152
58 286
58 277
58 260
58 239
58 158
58 261
58 288
58 161
58 162
58 283
58 262
58 167
58 284
58 170
58 289
58 255
58 176
58 179
58 138
58 62
58 63
58 64
58 279
58 200
58 268
58 203
58 78
58 209
58 82
58 215
58 88
58 271
58 220
58 93
58 95
58 100
58 293
58 105
58 234
58 237
58 238
58 189
58 240
58 245
58 247
58 122
58 251
58 298
58 126
58 127
59 131
59 278
59 236
59 139
59 142
59 143
59 144
59 145
59 274
59 148
59 149
59 201
59 152
59 132
59 154
59 175
59 282
59 286
59 162
59 294
59 156
59 299
59 255
59 242
59 192
59 253
59 181
59 182
59 184
59 287
59 188
59 61
59 250
59 191
59 64
59 65
59 67
59 161
59 72
59 73
59 202
59 204
59 77
59 164
59 81
59 82
59 284
59 87
59 89
59 93
59 223
59 225
59 100
59 276
59 209
59 108
59 237
59 238
59 111
59 240
59 221
59 116
59 245
59 120
59 249
59 122
59 123
59 239
59 290
59 127
60 266
60 268
60 258
60 270
60 272
60 274
60 259
60 279
60 260
60 287
60 288
60 298
60 263
60 257
60 292
60 72
60 74
60 75
60 77
60 82
60 85
60 87
60 88
60 91
60 93
60 95
60 99
60 100
60 101
60 104
60 106
60 108
60 110
60 111
60 112
60 117
60 118
60 119
60 121
60 299
60 128
60 129
60 135
60 137
60 139
60 140
60 143
60 280
60 150
60 152
60 153
60 154
60 156
60 158
60 162
60 164
60 179
60 182
60 186
60 189
60 194
60 198
60 201
60 202
60 207
60 208
60 211
60 213
60 214
60 215
60 217
60 218
60 219
60 222
60 224
60 225
60 226
60 227
60 235
60 238
60 242
60 244
60 245
60 247
60 250
60 252
60 255
61 256
61 258
61 264
61 267
61 272
61 273
61 275
61 278
61 280
61 281
61 282
61 284
61 289
61 291
61 293
61 294
61 295
61 296
61 299
61 63
61 67
61 69
61 71
61 73
61 74
61 76
61 78
61 79
61 83
61 87
61 88
61 89
61 91
61 92
61 95
61 96
61 101
61 106
61 107
61 109
61 113
61 114
61 115
61 118
61 121
61 123
61 125
61 126
61 127
61 129
61 131
61 139
61 141
61 144
61 146
61 150
61 154
61 158
61 159
61 163
61 164
61 165
61 169
61 175
61 176
61 178
61 185
61 193
61 195
61 196
61 198
61 203
61 207
61 208
61 210
61 213
61 214
61 216
61 217
61 226
61 230
61 231
61 234
61 239
61 249
61 250
62 258
62 266
62 267
62 269
62 274
62 278
62 280
62 284
62 262
62 295
62 298
62 64
62 66
62 68
62 70
62 71
62 73
62 74
62 76
62 77
62 79
62 270
62 87
62 92
62 93
62 96
62 100
62 101
62 102
62 106
62 108
62 109
62 268
62 276
62 122
62 124
62 128
62 129
62 294
62 136
62 279
62 286
62 147
62 156
62 161
62 283
62 168
62 169
62 172
62 173
62 177
62 181
62 183
62 185
62 186
62 192
62 193
62 195
62 196
62 206
62 207
62 210
62 291
62 215
62 292
62 219
62 293
62 224
62 226
62 229
62 232
62 235
62 236
62 239
62 242
62 246
62 248
62 249
62 252
63 266
63 269
63 259
63 277
63 279
63 260
63 282
63 261
63 288
63 291
63 297
63 298
63 265
63 64
63 65
63 67
63 76
63 81
63 83
63 267
63 89
63 91
63 92
63 93
63 106
63 108
63 275
63 117
63 123
63 124
63 134
63 137
63 140
63 141
63 143
63 146
63 150
63 152
63 153
63 154
63 159
63 166
63 170
63 171
63 177
63 180
63 182
63 184
63 186
63 188
63 193
63 195
63 203
63 204
63 206
63 271
63 210
63 212
63 214
63 216
63 220
63 224
63 231
63 232
63 235
63 238
63 243
63 247
63 249
63 250
63 254
63 255
64 133
64 260
64 136
64 266
64 267
64 140
64 142
64 144
64 277
64 269
64 149
64 279
64 156
64 157
64 289
64 155
64 163
64 294
64 167
64 168
64 297
64 298
64 299
64 255
64 221
64 180
64 189
64 194
64 245
64 197
64 199
64 72
64 74
64 262
64 219
64 78
64 79
64 271
64 209
64 210
64 83
64 213
64 228
64 207
64 186
64 94
64 223
64 97
64 98
64 100
64 293
64 230
64 231
64 232
64 233
64 106
64 111
64 242
64 117
64 248
64 122
64 190
64 124
64 239
65 272
65 279
65 285
65 287
65 290
65 293
65 296
65 297
65 298
65 299
65 66
65 69
65 70
65 78
65 80
65 82
65 84
65 86
65 91
65 99
65 100
65 101
65 107
65 109
65 111
65 116
65 123
65 124
65 127
65 129
65 130
65 133
65 135
65 136
65 138
65 145
65 149
65 158
65 163
65 174
65 175
65 177
65 182
65 184
65 185
65 189
65 191
65 192
65 193
65 195
65 196
65 199
65 204
65 288
65 210
65 211
65 213
65 214
65 216
65 218
65 219
65 225
65 231
65 233
65 234
65 237
65 238
65 251
66 260
66 261
66 271
66 272
66 278
66 279
66 287
66 291
66 292
66 262
66 295
66 266
66 67
66 72
66 73
66 76
66 80
66 81
66 267
66 92
66 96
66 100
66 101
66 102
66 104
66 105
66 109
66 110
66 268
66 121
66 122
66 123
66 124
66 125
66 127
66 134
66 138
66 139
66 141
66 146
66 151
66 153
66 155
66 282
66 158
66 160
66 162
66 283
66 166
66 167
66 172
66 173
66 175
66 176
66 178
66 179
66 181
66 182
66 185
66 189
66 192
66 195
66 197
66 289
66 201
66 202
66 209
66 210
66 222
66 224
66 233
66 237
66 240
66 242
66 244
66 246
66 298
67 258
67 262
67 263
67 264
67 265
67 267
67 277
67 260
67 286
67 289
67 293
67 68
67 73
67 75
67 78
67 81
67 83
67 85
67 90
67 92
67 93
67 96
67 97
67 98
67 99
67 106
67 274
67 115
67 116
67 120
67 123
67 124
67 132
67 135
67 136
67 139
67 144
67 145
67 148
67 150
67 158
67 162
67 164
67 172
67 173
67 177
67 180
67 181
67 183
67 186
67 189
67 195
67 201
67 204
67 290
67 206
67 209
67 215
67 222
67 225
67 227
67 240
67 242
67 244
67 246
67 253
67 255
68 258
68 259
68 262
68 257
68 266
68 267
68 271
68 273
68 274
68 279
68 282
68 284
68 261
68 291
68 294
68 296
68 298
68 71
68 268
68 76
68 78
68 79
68 80
68 87
68 92
68 100
68 102
68 103
68 104
68 105
68 106
68 107
68 109
68 114
68 283
68 121
68 124
68 126
68 127
68 129
68 132
68 278
68 136
68 137
68 139
68 140
68 142
68 150
68 281
68 155
68 156
68 159
68 163
68 166
68 168
68 171
68 287
68 184
68 187
68 189
68 190
68 197
68 198
68 199
68 202
68 290
68 209
68 211
68 213
68 216
68 225
68 228
68 231
68 232
68 241
68 243
68 251
68 253
69 267
69 269
69 279
69 285
69 261
69 290
69 297
69 263
69 71
69 74
69 76
69 77
69 82
69 83
69 84
69 85
69 89
69 90
69 92
69 94
69 95
69 98
69 105
69 109
69 110
69 119
69 120
69 131
69 135
69 141
69 149
69 150
69 151
69 152
69 154
69 156
69 159
69 160
69 165
69 168
69 171
69 172
69 173
69 175
69 179
69 180
69 181
69 183
69 185
69 186
69 187
69 188
69 196
69 198
69 199
69 217
69 218
69 222
69 225
69 227
69 230
69 237
69 238
69 240
69 241
69 242
69 244
69 248
69 249
69 253
69 255
70 129
70 132
70 179
70 134
70 135
70 265
70 267
70 268
70 141
70 143
70 146
70 131
70 148
70 151
70 257
70 156
70 157
70 160
70 237
70 247
70 243
70 262
70 166
70 295
70 296
70 170
70 171
70 172
70 240
70 176
70 177
70 181
70 187
70 195
70 196
70 211
70 72
70 73
70 203
70 78
70 80
70 82
70 193
70 84
70 228
70 218
70 91
70 221
70 224
70 263
70 212
70 250
70 103
70 234
70 236
70 109
70 238
70 111
70 112
70 287
70 114
70 115
70 119
70 121
70 122
70 251
70 200
70 126
70 127
71 262
71 266
71 280
71 281
71 285
71 286
71 288
71 295
71 296
71 84
71 89
71 95
71 97
71 98
71 99
71 106
71 108
71 109
71 110
71 113
71 116
71 133
71 135
71 136
71 138
71 279
71 147
71 151
71 152
71 155
71 158
71 160
71 278
71 166
71 167
71 168
71 173
71 177
71 180
71 181
71 182
71 187
71 190
71 198
71 203
71 205
71 208
71 211
71 213
71 216
71 218
71 220
71 221
71 224
71 226
71 230
71 231
71 232
71 233
71 235
71 239
71 241
71 245
71 247
71 250
71 251
71 255
72 128
72 132
72 214
72 264
72 268
72 269
72 144
72 274
72 281
72 201
72 158
72 159
72 160
72 291
72 166
72 169
72 172
72 183
72 138
72 195
72 199
72 73
72 74
72 203
72 204
72 78
72 288
72 271
72 82
72 85
72 86
72 88
72 217
72 91
72 92
72 293
72 224
72 251
72 228
72 102
72 252
72 235
72 108
72 210
72 114
72 116
72 118
72 248
72 123
72 124
73 256
73 260
73 261
73 266
73 274
73 275
73 276
73 277
73 278
73 279
73 280
73 287
73 294
73 295
73 267
73 76
73 88
73 271
73 93
73 94
73 97
73 98
73 108
73 119
73 121
73 123
73 127
73 128
73 133
73 134
73 137
73 138
73 142
73 145
73 149
73 155
73 156
73 158
73 162
73 165
73 166
73 168
73 171
73 172
73 179
73 186
73 187
73 188
73 193
73 200
73 204
73 206
73 288
73 221
73 223
73 224
73 227
73 229
73 231
73 234
73 235
73 238
73 240
73 244
73 247
73 248
73 251
73 253
73 255
74 258
74 260
74 265
74 266
74 267
74 271
74 274
74 284
74 294
74 297
74 264
74 76
74 78
74 81
74 90
74 96
74 100
74 103
74 108
74 109
74 110
74 111
74 114
74 115
74 116
74 117
74 124
74 130
74 132
74 133
74 138
74 279
74 141
74 142
74 151
74 152
74 155
74 156
74 157
74 160
74 161
74 163
74 165
74 169
74 174
74 175
74 177
74 178
74 179
74 180
74 181
74 182
74 184
74 192
74 193
74 195
74 198
74 289
74 205
74 291
74 214
74 215
74 217
74 218
74 224
74 225
74 230
74 231
74 233
74 236
74 242
74 244
74 245
74 246
74 252
74 298
74 254
74 255
75 258
75 262
75 274
75 277
75 280
75 285
75 287
75 291
75 77
75 82
75 89
75 95
75 272
75 101
75 106
75 107
75 108
75 109
75 110
75 111
75 116
75 118
75 124
75 125
75 128
75 130
75 131
75 132
75 133
75 134
75 138
75 139
75 144
75 286
75 147
75 149
75 152
75 153
75 282
75 159
75 161
75 169
75 172
75 173
75 176
75 181
75 182
75 188
75 189
75 191
75 193
75 194
75 198
75 199
75 203
75 294
75 215
75 219
75 222
75 226
75 229
75 231
75 232
75 236
75 239
75 241
75 243
75 244
75 251
75 254
76 257
76 258
76 260
76 264
76 273
76 279
76 284
76 289
76 291
76 296
76 299
76 266
76 267
76 79
76 85
76 90
76 91
76 93
76 94
76 95
76 272
76 98
76 99
76 102
76 103
76 106
76 120
76 121
76 142
76 144
76 145
76 154
76 155
76 157
76 158
76 162
76 164
76 166
76 168
76 170
76 173
76 174
76 175
76 176
76 177
76 180
76 184
76 192
76 193
76 195
76 198
76 288
76 208
76 210
76 212
76 214
76 215
76 217
76 297
76 224
76 226
76 227
76 232
76 234
76 235
76 237
76 245
76 247
76 250
76 251
76 253
77 256
77 299
77 262
77 268
77 258
77 270
77 271
77 281
77 284
77 293
77 269
77 84
77 89
77 93
77 95
77 98
77 102
77 103
77 104
77 105
77 106
77 107
77 109
77 112
77 122
77 129
77 141
77 143
77 146
77 148
77 153
77 157
77 158
77 164
77 166
77 167
77 169
77 172
77 173
77 177
77 183
77 185
77 190
77 191
77 195
77 198
77 199
77 201
77 204
77 290
77 208
77 213
77 217
77 225
77 236
77 296
77 244
77 247
77 248
77 249
77 251
77 255
78 257
78 264
78 265
78 269
78 276
78 279
78 282
78 291
78 292
78 261
78 82
78 88
78 271
78 92
78 95
78 101
78 102
78 106
78 107
78 108
78 111
78 112
78 113
78 116
78 117
78 119
78 123
78 131
78 134
78 138
78 140
78 142
78 146
78 151
78 153
78 155
78 289
78 163
78 164
78 166
78 167
78 173
78 177
78 181
78 190
78 191
78 192
78 194
78 199
78 201
78 202
78 203
78 205
78 206
78 207
78 208
78 214
78 262
78 220
78 222
78 228
78 232
78 233
78 235
78 236
78 237
78 239
78 240
78 241
78 244
78 248
78 254
78 255
79 129
79 298
79 133
79 262
79 265
79 267
79 269
79 256
79 143
79 273
79 148
79 278
79 151
79 280
79 196
79 285
79 286
79 160
79 161
79 162
79 155
79 261
79 294
79 295
79 170
79 299
79 172
79 268
79 175
79 176
79 177
79 178
79 253
79 180
79 283
79 159
79 193
79 225
79 140
79 189
79 248
79 214
79 249
79 218
79 271
79 220
79 221
79 223
79 96
79 144
79 100
79 288
79 104
79 105
79 106
79 237
79 272
79 111
79 113
79 118
79 120
79 234
79 192
80 256
80 299
80 260
80 133
80 134
80 129
80 264
80 266
80 175
80 143
80 144
80 271
80 275
80 215
80 240
80 155
80 265
80 161
80 170
80 171
80 172
80 226
80 157
80 176
80 177
80 179
80 180
80 183
80 187
80 188
80 190
80 191
80 194
80 160
80 219
80 205
80 269
80 208
80 163
80 86
80 87
80 217
80 90
80 93
80 280
80 223
80 272
80 98
80 99
80 250
80 230
80 232
80 105
80 234
80 193
80 284
80 112
80 114
80 116
80 121
80 122
80 126
80 277
81 132
81 133
81 136
81 265
81 266
81 139
81 143
81 272
81 259
81 155
81 156
81 197
81 237
81 162
81 163
81 294
81 241
81 168
81 169
81 299
81 184
81 295
81 232
81 192
81 182
81 161
81 206
81 210
81 211
81 213
81 88
81 292
81 218
81 91
81 93
81 94
81 293
81 97
81 227
81 228
81 231
81 104
81 233
81 106
81 225
81 109
81 238
81 113
81 115
81 118
81 297
81 248
81 121
81 123
81 234
82 260
82 264
82 267
82 269
82 272
82 279
82 261
82 288
82 290
82 295
82 257
82 87
82 89
82 92
82 93
82 95
82 103
82 105
82 107
82 108
82 116
82 117
82 118
82 120
82 121
82 122
82 123
82 126
82 132
82 135
82 140
82 145
82 155
82 163
82 165
82 166
82 169
82 172
82 173
82 174
82 184
82 186
82 188
82 191
82 193
82 198
82 199
82 223
82 225
82 226
82 229
82 232
82 236
82 244
82 245
82 246
82 297
82 250
82 253
82 254
82 255
83 257
83 260
83 265
83 268
83 269
83 276
83 277
83 279
83 284
83 85
83 86
83 87
83 267
83 90
83 100
83 273
83 104
83 105
83 110
83 111
83 112
83 113
83 117
83 123
83 124
83 129
83 130
83 135
83 139
83 149
83 150
83 151
83 163
83 169
83 170
83 172
83 174
83 176
83 177
83 180
83 286
83 182
83 183
83 187
83 189
83 194
83 197
83 198
83 201
83 202
83 207
83 214
83 219
83 220
83 224
83 225
83 233
83 235
83 236
83 243
83 245
83 297
83 298
83 254
84 259
84 260
84 261
84 269
84 271
84 272
84 273
84 278
84 282
84 285
84 292
84 294
84 87
84 91
84 93
84 101
84 104
84 114
84 120
84 122
84 123
84 128
84 129
84 132
84 134
84 136
84 138
84 139
84 141
84 142
84 147
84 148
84 149
84 156
84 157
84 162
84 284
84 170
84 173
84 174
84 175
84 182
84 188
84 189
84 190
84 191
84 196
84 197
84 199
84 201
84 206
84 209
84 215
84 216
84 224
84 227
84 228
84 229
84 234
84 242
84 245
84 246
84 247
84 249
84 252
84 298
85 256
85 259
85 260
85 266
85 270
85 271
85 281
85 284
85 274
85 293
85 291
85 299
85 264
85 283
85 88
85 95
85 98
85 100
85 102
85 104
85 105
85 109
85 111
85 114
85 128
85 130
85 135
85 137
85 139
85 146
85 147
85 148
85 162
85 163
85 173
85 175
85 177
85 178
85 182
85 184
85 267
85 190
85 192
85 193
85 197
85 199
85 200
85 204
85 205
85 208
85 209
85 211
85 213
85 214
85 216
85 217
85 218
85 219
85 220
85 221
85 223
85 227
85 231
85 236
85 238
85 241
85 243
85 245
85 297
85 249
85 250
85 251
85 253
86 128
86 299
86 193
86 137
86 268
86 144
86 153
86 154
86 157
86 150
86 133
86 161
86 278
86 166
86 176
86 177
86 273
86 180
86 249
86 189
86 192
86 194
86 196
86 198
86 289
86 203
86 269
86 248
86 284
86 215
86 88
86 90
86 91
86 220
86 280
86 95
86 224
86 225
86 98
86 100
86 101
86 263
86 231
86 106
86 107
86 200
86 272
86 111
86 241
86 242
86 211
86 116
86 245
86 247
86 120
86 121
86 250
86 123
86 124
86 234
86 277
87 257
87 299
87 260
87 261
87 263
87 264
87 267
87 270
87 271
87 278
87 287
87 290
87 291
87 293
87 283
87 89
87 91
87 100
87 101
87 102
87 106
87 109
87 114
87 117
87 121
87 277
87 128
87 131
87 132
87 134
87 141
87 145
87 146
87 152
87 158
87 159
87 161
87 163
87 164
87 165
87 166
87 171
87 175
87 179
87 181
87 185
87 190
87 191
87 192
87 196
87 197
87 198
87 201
87 208
87 213
87 219
87 226
87 237
87 248
87 249
87 250
87 254
88 268
88 270
88 259
88 290
88 295
88 263
88 269
88 95
88 97
88 100
88 104
88 109
88 276
88 125
88 129
88 130
88 131
88 134
88 135
88 143
88 144
88 147
88 150
88 151
88 156
88 282
88 162
88 283
88 165
88 167
88 173
88 177
88 179
88 180
88 286
88 287
88 188
88 190
88 192
88 198
88 289
88 209
88 121
88 220
88 221
88 223
88 224
88 225
88 233
88 235
88 238
88 243
88 246
88 247
88 252
88 254
89 258
89 263
89 264
89 268
89 269
89 273
89 260
89 285
89 288
89 289
89 297
89 93
89 95
89 96
89 99
89 103
89 109
89 110
89 114
89 116
89 117
89 121
89 122
89 124
89 278
89 134
89 137
89 279
89 140
89 143
89 146
89 148
89 150
89 281
89 153
89 160
89 283
89 164
89 171
89 172
89 175
89 184
89 185
89 188
89 190
89 195
89 199
89 200
89 209
89 210
89 213
89 214
89 217
89 222
89 293
89 224
89 238
89 248
89 251
89 252
89 254
89 255
90 256
90 261
90 269
90 273
90 276
90 282
90 284
90 289
90 295
90 263
90 91
90 95
90 101
90 103
90 106
90 110
90 112
90 115
90 128
90 132
90 134
90 138
90 140
90 141
90 144
90 145
90 148
90 157
90 158
90 161
90 163
90 164
90 166
90 167
90 172
90 173
90 174
90 179
90 180
90 181
90 186
90 187
90 188
90 189
90 190
90 191
90 193
90 194
90 195
90 198
90 200
90 202
90 262
90 204
90 290
90 211
90 214
90 292
90 218
90 220
90 221
90 222
90 223
90 224
90 226
90 227
90 229
90 234
90 235
90 238
90 239
90 240
90 241
90 242
90 244
90 246
90 293
90 251
91 257
91 258
91 259
91 260
91 262
91 263
91 264
91 265
91 266
91 269
91 271
91 281
91 285
91 261
91 295
91 99
91 104
91 105
91 106
91 107
91 109
91 110
91 124
91 125
91 126
91 128
91 129
91 132
91 136
91 141
91 148
91 150
91 152
91 153
91 158
91 166
91 284
91 170
91 173
91 175
91 287
91 178
91 179
91 181
91 187
91 189
91 191
91 192
91 196
91 289
91 200
91 201
91 203
91 206
91 207
91 217
91 218
91 219
91 293
91 228
91 229
91 232
91 236
91 237
91 240
91 247
91 248
92 260
92 267
92 272
92 275
92 276
92 281
92 287
92 289
92 290
92 295
92 297
92 263
92 288
92 93
92 103
92 105
92 107
92 110
92 112
92 113
92 116
92 121
92 127
92 128
92 130
92 131
92 134
92 136
92 279
92 141
92 144
92 145
92 146
92 148
92 150
92 151
92 154
92 157
92 159
92 283
92 164
92 166
92 169
92 171
92 173
92 176
92 177
92 186
92 192
92 193
92 194
92 195
92 197
92 198
92 199
92 200
92 203
92 207
92 211
92 224
92 228
92 230
92 239
92 240
92 249
92 250
92 252
92 298
93 267
93 284
93 289
93 294
93 295
93 270
93 96
93 104
93 106
93 120
93 121
93 124
93 126
93 127
93 128
93 131
93 137
93 138
93 279
93 140
93 142
93 145
93 148
93 149
93 151
93 152
93 156
93 159
93 162
93 163
93 164
93 169
93 171
93 172
93 173
93 174
93 176
93 179
93 194
93 196
93 197
93 198
93 200
93 202
93 203
93 207
93 209
93 210
93 211
93 212
93 215
93 218
93 219
93 220
93 225
93 228
93 232
93 234
93 235
93 237
93 238
93 239
93 244
94 258
94 260
94 264
94 265
94 267
94 270
94 276
94 280
94 282
94 288
94 292
94 293
94 294
94 295
94 299
94 269
94 97
94 99
94 100
94 101
94 102
94 275
94 119
94 122
94 124
94 127
94 130
94 132
94 278
94 137
94 142
94 145
94 146
94 159
94 160
94 161
94 162
94 163
94 165
94 166
94 168
94 171
94 178
94 180
94 187
94 296
94 193
94 198
94 204
94 205
94 207
94 209
94 210
94 211
94 214
94 217
94 221
94 222
94 224
94 230
94 234
94 237
94 241
94 242
94 249
94 250
94 251
94 253
94 254
95 256
95 258
95 263
95 264
95 290
95 271
95 272
95 283
95 292
95 116
95 291
95 98
95 101
95 105
95 106
95 285
95 118
95 276
95 122
95 123
95 126
95 129
95 130
95 131
95 132
95 147
95 149
95 150
95 152
95 154
95 282
95 160
95 161
95 166
95 175
95 184
95 185
95 187
95 190
95 193
95 204
95 205
95 163
95 212
95 215
95 219
95 293
95 228
95 232
95 235
95 237
95 241
95 244
95 249
95 298
95 253
95 255
96 256
96 264
96 190
96 269
96 145
96 248
96 276
96 178
96 278
96 280
96 153
96 289
96 165
96 291
96 179
96 219
96 184
96 244
96 151
96 192
96 193
96 196
96 199
96 268
96 204
96 206
96 173
96 210
96 227
96 213
96 207
96 226
96 99
96 195
96 273
96 234
96 108
96 281
96 189
96 112
96 113
96 114
96 116
96 117
96 246
96 247
96 120
96 249
96 251
96 252
96 253
96 126
97 256
97 257
97 259
97 266
97 269
97 277
97 281
97 282
97 290
97 293
97 100
97 273
97 104
97 105
97 274
97 111
97 116
97 119
97 121
97 122
97 123
97 126
97 127
97 130
97 133
97 134
97 138
97 140
97 141
97 142
97 150
97 153
97 157
97 159
97 161
97 165
97 170
97 173
97 287
97 178
97 179
97 183
97 185
97 187
97 190
97 191
97 198
97 210
97 218
97 219
97 224
97 227
97 230
97 236
97 237
97 238
97 239
97 240
97 241
97 244
97 245
97 248
97 249
97 250
97 253
97 255
98 257
98 260
98 263
98 272
98 274
98 279
98 286
98 291
98 266
98 101
98 103
98 104
98 105
98 106
98 112
98 121
98 122
98 123
98 127
98 131
98 135
98 140
98 143
98 144
98 145
98 147
98 148
98 150
98 151
98 152
98 158
98 159
98 160
98 162
98 283
98 168
98 170
98 172
98 174
98 181
98 184
98 185
98 190
98 194
98 197
98 198
98 199
98 200
98 201
98 204
98 211
98 217
98 293
98 224
98 226
98 233
98 238
98 240
98 296
98 243
98 244
98 248
98 254
98 255
99 256
99 262
99 267
99 269
99 270
99 276
99 279
99 281
99 285
99 286
99 292
99 293
99 100
99 103
99 108
99 111
99 112
99 114
99 116
99 122
99 123
99 127
99 129
99 130
99 138
99 140
99 144
99 280
99 146
99 149
99 150
99 156
99 157
99 160
99 165
99 166
99 167
99 174
99 178
99 179
99 181
99 287
99 193
99 200
99 203
99 208
99 291
99 213
99 214
99 223
99 228
99 230
99 233
99 234
99 236
99 237
99 240
99 243
99 252
99 254
100 257
100 258
100 299
100 279
100 285
100 287
100 289
100 266
100 101
100 102
100 105
100 107
100 109
100 111
100 112
100 113
100 114
100 117
100 125
100 131
100 278
100 134
100 136
100 138
100 145
100 147
100 149
100 155
100 157
100 165
100 168
100 284
100 170
100 172
100 173
100 175
100 270
100 280
100 181
100 184
100 185
100 188
100 190
100 191
100 196
100 199
100 202
100 206
100 210
100 213
100 215
100 221
100 222
100 223
100 224
100 226
100 227
100 228
100 263
100 234
100 235
100 236
100 238
100 239
100 242
100 245
100 247
100 248
100 249
100 251
100 253
101 259
101 134
101 257
101 236
101 128
101 140
101 256
101 272
101 146
101 188
101 280
101 155
101 218
101 158
101 261
101 289
101 251
101 244
101 294
101 295
101 170
101 186
101 187
101 192
101 203
101 226
101 208
101 209
101 270
101 216
101 219
101 227
101 293
101 273
101 105
101 107
101 108
101 237
101 110
101 239
101 113
101 114
101 275
101 116
101 268
101 247
101 249
101 122
101 123
101 252
101 253
101 255
102 257
102 265
102 268
102 269
102 273
102 283
102 284
102 286
102 261
102 291
102 294
102 298
102 263
102 258
102 103
102 107
102 109
102 112
102 114
102 115
102 132
102 137
102 138
102 140
102 141
102 142
102 144
102 145
102 146
102 147
102 149
102 150
102 152
102 153
102 161
102 162
102 168
102 173
102 174
102 177
102 181
102 183
102 186
102 192
102 194
102 199
102 204
102 205
102 212
102 213
102 214
102 216
102 217
102 222
102 223
102 227
102 235
102 241
102 244
102 251
103 131
103 226
103 266
103 141
103 142
103 143
103 144
103 259
103 150
103 279
103 152
103 281
103 282
103 155
103 157
103 287
103 161
103 290
103 163
103 198
103 156
103 170
103 176
103 183
103 250
103 191
103 193
103 194
103 195
103 200
103 201
103 203
103 297
103 205
103 271
103 291
103 213
103 214
103 207
103 221
103 234
103 108
103 210
103 238
103 239
103 113
103 242
103 275
103 285
103 264
103 218
103 136
103 123
103 254
103 255
104 258
104 260
104 262
104 263
104 267
104 268
104 272
104 281
104 284
104 288
104 293
104 298
104 241
104 107
104 109
104 111
104 113
104 115
104 118
104 120
104 121
104 122
104 277
104 133
104 134
104 135
104 136
104 137
104 146
104 147
104 156
104 158
104 159
104 164
104 166
104 167
104 169
104 179
104 187
104 189
104 190
104 192
104 193
104 198
104 199
104 203
104 290
104 207
104 208
104 214
104 218
104 219
104 220
104 222
104 232
104 235
104 236
104 296
104 247
104 250
104 127
104 253
104 255
105 263
105 275
105 284
105 288
105 268
105 109
105 111
105 114
105 116
105 120
105 121
105 124
105 125
105 126
105 127
105 128
105 129
105 130
105 132
105 138
105 139
105 155
105 156
105 159
105 161
105 166
105 167
105 170
105 175
105 180
105 181
105 183
105 185
105 190
105 191
105 279
105 196
105 197
105 199
105 200
105 201
105 204
105 206
105 210
105 217
105 219
105 225
105 226
105 228
105 236
105 296
105 247
105 250
105 252
106 259
106 260
106 274
106 277
106 295
106 297
106 272
106 108
106 109
106 113
106 115
106 116
106 123
106 125
106 127
106 128
106 130
106 132
106 135
106 138
106 142
106 143
106 148
106 281
106 159
106 162
106 164
106 168
106 171
106 175
106 286
106 185
106 188
106 189
106 190
106 192
106 195
106 205
106 208
106 211
106 214
106 215
106 221
106 227
106 294
106 238
106 239
106 242
106 245
106 247
106 249
106 250
106 252
107 256
107 259
107 264
107 271
107 272
107 275
107 276
107 277
107 299
107 286
107 296
107 283
107 108
107 116
107 118
107 121
107 122
107 124
107 126
107 131
107 142
107 143
107 153
107 154
107 157
107 163
107 284
107 174
107 179
107 186
107 187
107 199
107 200
107 203
107 204
107 207
107 209
107 212
107 217
107 218
107 219
107 220
107 228
107 233
107 234
107 295
107 236
107 237
107 239
107 241
107 246
107 127
107 298
108 256
108 257
108 265
108 266
108 268
108 273
108 276
108 278
108 281
108 286
108 290
108 295
108 112
108 113
108 114
108 119
108 122
108 125
108 299
108 294
108 132
108 133
108 137
108 139
108 140
108 142
108 144
108 155
108 156
108 157
108 159
108 164
108 169
108 179
108 183
108 185
108 186
108 287
108 190
108 192
108 194
108 198
108 199
108 208
108 209
108 212
108 215
108 218
108 226
108 227
108 229
108 230
108 236
108 239
108 243
108 247
108 250
109 257
109 260
109 265
109 268
109 270
109 272
109 276
109 281
109 283
109 285
109 294
109 266
109 269
109 297
109 114
109 119
109 125
109 130
109 133
109 137
109 140
109 146
109 147
109 149
109 154
109 160
109 163
109 177
109 178
109 181
109 184
109 186
109 188
109 288
109 194
109 196
109 197
109 203
109 204
109 205
109 208
109 209
109 211
109 213
109 219
109 221
109 293
109 227
109 229
109 232
109 233
109 235
109 236
109 245
109 247
109 249
109 251
109 255
110 256
110 259
110 267
110 258
110 270
110 271
110 275
110 281
110 283
110 291
110 295
110 298
110 113
110 115
110 116
110 117
110 120
110 121
110 299
110 132
110 133
110 135
110 136
110 148
110 150
110 154
110 158
110 164
110 171
110 176
110 178
110 181
110 183
110 188
110 189
110 190
110 191
110 192
110 195
110 247
110 204
110 205
110 207
110 208
110 209
110 211
110 212
110 214
110 215
110 216
110 217
110 219
110 225
110 231
110 232
110 238
110 239
110 242
110 243
110 245
110 297
111 262
111 266
111 268
111 270
111 278
111 282
111 288
111 294
111 296
111 263
111 112
111 287
111 118
111 122
111 126
111 127
111 134
111 135
111 136
111 139
111 141
111 142
111 144
111 145
111 151
111 152
111 158
111 159
111 169
111 176
111 178
111 184
111 185
111 187
111 188
111 189
111 197
111 208
111 210
111 213
111 218
111 219
111 231
111 295
111 236
111 239
111 240
111 245
112 263
112 265
112 266
112 267
112 268
112 271
112 259
112 281
112 286
112 288
112 289
112 294
112 295
112 264
112 115
112 125
112 299
112 131
112 134
112 135
112 138
112 139
112 143
112 154
112 155
112 156
112 159
112 168
112 172
112 178
112 180
112 181
112 183
112 190
112 191
112 193
112 198
112 201
112 203
112 206
112 207
112 211
112 214
112 219
112 220
112 221
112 293
112 228
112 230
112 234
112 236
112 238
112 239
112 243
112 244
112 245
112 247
112 248
112 251
112 252
113 236
113 133
113 209
113 267
113 273
113 272
113 274
113 259
113 238
113 155
113 158
113 159
113 288
113 162
113 291
113 261
113 167
113 170
113 172
113 136
113 179
113 182
113 137
113 287
113 190
113 191
113 192
113 228
113 292
113 183
113 217
113 219
113 222
113 229
113 225
113 230
113 161
113 189
113 242
113 115
113 245
113 264
113 120
113 250
113 252
113 298
113 254
114 253
114 132
114 179
114 134
114 264
114 215
114 144
114 147
114 150
114 279
114 202
114 283
114 156
114 157
114 286
114 260
114 160
114 161
114 164
114 166
114 167
114 168
114 284
114 171
114 172
114 285
114 180
114 181
114 182
114 287
114 267
114 292
114 201
114 203
114 227
114 214
114 176
114 221
114 222
114 229
114 208
114 231
114 235
114 272
114 239
114 241
114 117
114 118
114 297
114 125
114 213
115 256
115 262
115 257
115 271
115 278
115 280
115 282
115 286
115 292
115 293
115 296
115 297
115 263
115 270
115 120
115 123
115 125
115 126
115 127
115 129
115 130
115 131
115 132
115 135
115 136
115 137
115 139
115 140
115 143
115 149
115 281
115 153
115 154
115 159
115 160
115 167
115 169
115 171
115 173
115 181
115 189
115 193
115 198
115 199
115 200
115 201
115 202
115 203
115 204
115 207
115 211
115 218
115 219
115 222
115 227
115 228
115 229
115 295
115 236
115 238
115 240
115 244
115 247
115 249
115 250
115 251
115 253
115 254
116 262
116 269
116 273
116 279
116 282
116 289
116 293
116 296
116 257
116 259
116 119
116 122
116 126
116 277
116 135
116 143
116 144
116 150
116 154
116 157
116 161
116 162
116 163
116 168
116 171
116 180
116 181
116 189
116 190
116 191
116 192
116 194
116 197
116 200
116 202
116 203
116 204
116 205
116 206
116 209
116 216
116 292
116 225
116 231
116 241
116 243
116 254
117 299
117 266
117 261
117 272
117 279
117 280
117 289
117 268
117 273
117 119
117 121
117 123
117 124
117 125
117 127
117 128
117 130
117 136
117 137
117 138
117 142
117 143
117 144
117 150
117 152
117 154
117 156
117 161
117 163
117 164
117 284
117 172
117 177
117 179
117 181
117 183
117 184
117 191
117 192
117 193
117 194
117 195
117 196
117 199
117 202
117 203
117 205
117 209
117 217
117 223
117 236
117 245
117 251
117 253
117 255
118 257
118 282
118 277
118 144
118 147
118 278
118 294
118 154
118 287
118 264
118 165
118 166
118 169
118 171
118 174
118 175
118 177
118 186
118 196
118 198
118 201
118 202
118 297
118 208
118 212
118 214
118 215
118 221
118 226
118 251
118 269
118 233
118 238
118 241
118 285
118 268
118 247
118 276
118 123
118 254
118 255
119 256
119 129
119 130
119 259
119 260
119 135
119 264
119 137
119 266
119 268
119 270
119 271
119 222
119 216
119 274
119 147
119 149
119 279
119 201
119 282
119 162
119 167
119 171
119 176
119 177
119 181
119 183
119 184
119 185
119 191
119 275
119 200
119 204
119 141
119 208
119 206
119 215
119 197
119 165
119 226
119 228
119 233
119 238
119 240
119 242
119 243
119 122
119 252
119 127
120 131
120 133
120 134
120 243
120 264
120 265
120 138
120 269
120 144
120 273
120 259
120 281
120 284
120 159
120 161
120 162
120 219
120 164
120 262
120 237
120 274
120 174
120 176
120 188
120 190
120 192
120 193
120 194
120 198
120 201
120 202
120 203
120 211
120 216
120 217
120 205
120 223
120 187
120 212
120 293
120 235
120 236
120 146
120 169
120 121
120 125
120 254
121 262
121 266
121 267
121 283
121 286
121 293
121 295
121 271
121 126
121 131
121 143
121 144
121 147
121 160
121 161
121 164
121 168
121 169
121 170
121 171
121 172
121 173
121 174
121 177
121 179
121 180
121 183
121 187
121 188
121 191
121 194
121 198
121 199
121 203
121 206
121 207
121 212
121 213
121 216
121 220
121 257
121 226
121 228
121 230
121 231
121 233
121 234
121 235
121 239
121 296
121 243
121 244
121 246
122 257
122 265
122 267
122 268
122 269
122 270
122 259
122 280
122 281
122 293
122 296
122 297
122 299
122 123
122 124
122 125
122 126
122 128
122 129
122 142
122 143
122 145
122 152
122 156
122 158
122 164
122 167
122 173
122 175
122 177
122 178
122 180
122 186
122 189
122 190
122 194
122 206
122 208
122 211
122 212
122 214
122 216
122 218
122 219
122 223
122 229
122 232
122 242
122 245
122 248
122 255
123 257
123 259
123 260
123 268
123 277
123 278
123 283
123 288
123 292
123 293
123 297
123 266
123 271
123 274
123 127
123 130
123 131
123 132
123 133
123 134
123 138
123 139
123 140
123 142
123 280
123 146
123 147
123 149
123 151
123 161
123 167
123 168
123 170
123 287
123 179
123 181
123 182
123 184
123 187
123 193
123 195
123 196
123 197
123 198
123 204
123 205
123 209
123 212
123 215
123 219
123 220
123 222
123 228
123 229
123 231
123 233
123 240
123 242
123 249
123 253
124 128
124 258
124 196
124 214
124 264
124 284
124 143
124 148
124 150
124 279
124 153
124 282
124 287
124 160
124 274
124 164
124 165
124 177
124 158
124 219
124 183
124 186
124 187
124 188
124 197
124 181
124 286
124 269
124 156
124 212
124 213
124 294
124 232
124 234
124 236
124 146
124 285
124 246
124 169
124 262
124 249
124 191
124 200
124 126
124 247
125 257
125 282
125 132
125 135
125 136
125 138
125 194
125 272
125 274
125 149
125 260
125 283
125 157
125 158
125 261
125 162
125 292
125 165
125 169
125 170
125 171
125 173
125 176
125 273
125 180
125 184
125 267
125 186
125 188
125 191
125 203
125 140
125 202
125 269
125 221
125 225
125 231
125 241
125 268
125 247
125 126
125 255
126 128
126 130
126 171
126 196
126 136
126 270
126 276
126 153
126 157
126 161
126 290
126 155
126 164
126 174
126 189
126 178
126 183
126 283
126 190
126 224
126 194
126 195
126 289
126 201
126 203
126 206
126 288
126 214
126 249
126 250
126 227
126 228
126 166
126 298
126 144
126 229
126 242
126 246
126 233
126 248
126 251
126 264
126 255
127 256
127 260
127 261
127 273
127 259
127 276
127 278
127 280
127 281
127 286
127 288
127 289
127 292
127 296
127 275
127 131
127 132
127 138
127 141
127 142
127 151
127 152
127 154
127 282
127 161
127 162
127 165
127 167
127 284
127 171
127 174
127 181
127 287
127 190
127 191
127 192
127 194
127 198
127 200
127 203
127 205
127 291
127 209
127 211
127 216
127 220
127 295
127 239
127 247
127 248
127 250
127 298
128 171
128 133
128 262
128 135
128 172
128 280
128 276
128 150
128 214
128 219
128 164
128 165
128 167
128 168
128 177
128 180
128 185
128 245
128 203
128 290
128 206
128 209
128 156
128 211
128 292
128 222
128 229
128 263
128 144
128 227
128 230
128 238
128 239
128 241
128 246
128 247
128 248
128 212
128 251
128 183
129 257
129 258
129 265
129 268
129 271
129 272
129 273
129 274
129 275
129 276
129 278
129 279
129 281
129 282
129 285
129 286
129 291
129 130
129 137
129 138
129 141
129 144
129 148
129 155
129 156
129 161
129 167
129 168
129 176
129 178
129 180
129 187
129 190
129 193
129 195
129 198
129 199
129 203
129 208
129 211
129 213
129 217
129 219
129 293
129 225
129 228
129 232
129 295
129 237
129 240
129 248
129 251
129 252
129 298
129 254
130 257
130 261
130 262
130 264
130 290
130 272
130 273
130 277
130 280
130 288
130 289
130 295
130 296
130 266
130 134
130 138
130 279
130 140
130 144
130 145
130 146
130 151
130 156
130 157
130 163
130 171
130 173
130 174
130 175
130 178
130 185
130 186
130 189
130 191
130 194
130 195
130 201
130 203
130 205
130 206
130 209
130 291
130 213
130 214
130 216
130 217
130 218
130 226
130 227
130 232
130 234
130 246
130 250
130 252
130 253
130 254
131 258
131 265
131 268
131 271
131 283
131 284
131 291
131 293
131 294
131 272
131 132
131 138
131 140
131 149
131 281
131 152
131 154
131 157
131 158
131 159
131 160
131 162
131 168
131 182
131 184
131 187
131 190
131 195
131 197
131 204
131 205
131 210
131 212
131 213
131 224
131 227
131 230
131 231
131 235
131 236
131 241
131 243
131 247
131 248
131 251
131 253
131 255
132 257
132 260
132 133
132 279
132 140
132 219
132 277
132 174
132 150
132 151
132 280
132 248
132 237
132 278
132 163
132 261
132 293
132 167
132 168
132 291
132 242
132 175
132 222
132 182
132 190
132 191
132 193
132 197
132 204
132 207
132 271
132 211
132 214
132 292
132 225
132 226
132 294
132 232
132 210
132 238
132 245
132 233
132 241
133 259
133 134
133 193
133 137
133 236
133 288
133 141
133 270
133 143
133 281
133 152
133 184
133 261
133 197
133 214
133 289
133 162
133 163
133 262
133 175
133 136
133 179
133 188
133 189
133 191
133 139
133 177
133 182
133 204
133 291
133 237
133 241
133 218
133 257
133 280
133 223
133 224
133 293
133 273
133 240
133 243
133 244
133 245
133 169
133 283
133 247
134 256
134 262
134 267
134 142
134 239
134 144
134 153
134 284
134 160
134 161
134 294
134 168
134 274
134 172
134 173
134 184
134 198
134 288
134 164
134 182
134 135
134 210
134 203
134 271
134 222
134 229
134 226
134 227
134 242
134 295
134 146
134 241
134 251
134 137
134 217
134 281
134 277
135 256
135 267
135 272
135 278
135 281
135 283
135 284
135 288
135 289
135 296
135 263
135 137
135 138
135 140
135 142
135 144
135 145
135 150
135 154
135 282
135 162
135 164
135 165
135 168
135 171
135 175
135 179
135 181
135 183
135 184
135 185
135 191
135 193
135 194
135 197
135 203
135 206
135 208
135 211
135 215
135 217
135 297
135 222
135 223
135 225
135 294
135 235
135 236
135 238
135 240
135 241
135 247
136 253
136 193
136 145
136 137
136 139
136 256
136 144
136 148
136 254
136 196
136 155
136 158
136 176
136 283
136 292
136 220
136 167
136 168
136 172
136 178
136 238
136 180
136 159
136 228
136 239
136 291
136 284
136 216
136 217
136 218
136 293
136 224
136 272
136 226
136 230
136 171
136 295
136 287
136 244
136 276
136 281
137 256
137 258
137 259
137 262
137 264
137 265
137 267
137 270
137 274
137 279
137 299
137 289
137 290
137 294
137 295
137 275
137 138
137 140
137 142
137 147
137 148
137 153
137 155
137 158
137 160
137 166
137 167
137 172
137 183
137 184
137 188
137 288
137 195
137 197
137 199
137 200
137 206
137 208
137 211
137 213
137 214
137 216
137 222
137 293
137 234
137 235
137 236
137 241
137 242
137 244
137 245
137 246
137 249
137 250
137 255
138 256
138 261
138 264
138 271
138 276
138 282
138 267
138 139
138 143
138 145
138 148
138 155
138 156
138 158
138 295
138 162
138 164
138 166
138 178
138 180
138 183
138 185
138 187
138 189
138 192
138 288
138 195
138 197
138 200
138 203
138 206
138 208
138 210
138 214
138 215
138 219
138 221
138 222
138 224
138 225
138 226
138 227
138 229
138 233
138 235
138 237
138 272
138 239
138 240
138 246
138 247
138 248
138 298
138 253
138 255
139 282
139 262
139 279
139 142
139 145
139 149
139 153
139 179
139 157
139 261
139 160
139 161
139 243
139 251
139 166
139 297
139 170
139 171
139 172
139 240
139 299
139 181
139 192
139 197
139 204
139 141
139 147
139 203
139 218
139 219
139 221
139 224
139 187
139 294
139 295
139 289
139 244
139 254
139 246
139 247
139 250
139 252
139 183
140 264
140 266
140 275
140 278
140 265
140 285
140 289
140 291
140 292
140 267
140 142
140 143
140 280
140 148
140 150
140 157
140 160
140 284
140 172
140 173
140 176
140 177
140 182
140 188
140 192
140 288
140 200
140 201
140 202
140 204
140 205
140 209
140 212
140 214
140 216
140 217
140 218
140 263
140 225
140 227
140 230
140 234
140 238
140 244
140 245
140 250
141 175
141 146
141 215
141 281
141 231
141 164
141 294
141 167
141 193
141 171
141 172
141 174
141 183
141 187
141 188
141 190
141 160
141 196
141 199
141 201
141 247
141 208
141 209
141 214
141 267
141 255
141 263
141 226
141 230
141 287
141 242
141 246
141 212
141 251
141 195
141 298
141 299
142 260
142 267
142 269
142 270
142 272
142 259
142 283
142 288
142 298
142 265
142 145
142 146
142 147
142 148
142 151
142 152
142 153
142 154
142 162
142 165
142 174
142 175
142 177
142 178
142 182
142 183
142 186
142 188
142 192
142 195
142 196
142 197
142 200
142 201
142 204
142 207
142 208
142 210
142 213
142 219
142 221
142 222
142 223
142 224
142 226
142 234
142 235
142 237
142 238
142 241
142 247
142 251
142 253
142 254
143 258
143 226
143 294
143 275
143 277
143 235
143 153
143 260
143 231
143 290
143 261
143 166
143 168
143 297
143 170
143 175
143 179
143 181
143 182
143 189
143 279
143 193
143 194
143 195
143 225
143 204
143 210
143 211
143 207
143 208
143 227
143 229
143 230
143 232
143 236
143 251
143 276
144 260
144 264
144 267
144 273
144 269
144 275
144 297
144 272
144 294
144 145
144 146
144 149
144 153
144 155
144 156
144 157
144 158
144 160
144 166
144 168
144 169
144 170
144 173
144 177
144 181
144 182
144 193
144 195
144 204
144 205
144 206
144 207
144 208
144 209
144 210
144 211
144 212
144 213
144 216
144 217
144 219
144 221
144 229
144 240
144 296
144 244
144 245
144 247
144 249
144 251
145 257
145 259
145 265
145 258
145 195
145 278
145 151
145 281
145 284
145 161
145 165
145 294
145 272
145 297
145 170
145 180
145 224
145 244
145 186
145 159
145 189
145 245
145 279
145 194
145 197
145 199
145 160
145 162
145 206
145 205
145 209
145 213
145 216
145 250
145 223
145 225
145 231
145 234
145 235
145 289
145 238
145 243
145 204
145 187
145 249
145 298
145 253
145 254
145 277
146 258
146 259
146 267
146 271
146 275
146 279
146 280
146 283
146 285
146 294
146 274
146 256
146 269
146 148
146 151
146 152
146 153
146 154
146 155
146 282
146 158
146 160
146 165
146 170
146 172
146 173
146 177
146 178
146 182
146 186
146 195
146 196
146 199
146 200
146 201
146 205
146 207
146 210
146 218
146 223
146 224
146 226
146 231
146 234
146 235
146 297
146 248
146 249
146 252
146 253
146 254
147 270
147 277
147 151
147 281
147 282
147 155
147 286
147 159
147 289
147 290
147 251
147 169
147 174
147 178
147 179
147 183
147 191
147 265
147 267
147 197
147 202
147 291
147 208
147 210
147 227
147 297
147 225
147 233
147 238
147 239
147 157
147 243
147 250
147 252
147 213
148 260
148 265
148 269
148 238
148 280
148 156
148 285
148 286
148 289
148 164
148 165
148 167
148 296
148 257
148 226
148 180
148 219
148 184
148 264
148 190
148 191
148 288
148 194
148 161
148 200
148 210
148 234
148 227
148 276
148 231
148 235
148 236
148 237
148 240
148 243
148 247
148 248
148 212
148 183
148 254
148 277
149 257
149 258
149 259
149 281
149 282
149 283
149 286
149 291
149 293
149 263
149 265
149 299
149 151
149 153
149 156
149 157
149 289
149 284
149 170
149 176
149 177
149 180
149 182
149 184
149 185
149 189
149 190
149 191
149 196
149 199
149 203
149 211
149 213
149 214
149 217
149 224
149 233
149 234
149 236
149 237
149 238
149 240
149 241
149 243
149 246
149 248
149 249
149 250
149 252
149 253
149 255
150 256
150 259
150 266
150 278
150 260
150 286
150 291
150 294
150 298
150 265
150 274
150 276
150 152
150 154
150 161
150 166
150 167
150 168
150 173
150 174
150 176
150 179
150 183
150 287
150 188
150 190
150 191
150 192
150 198
150 199
150 200
150 201
150 202
150 205
150 206
150 207
150 214
150 220
150 223
150 224
150 228
150 232
150 234
150 241
150 242
151 263
151 275
151 276
151 291
151 294
151 297
151 287
151 154
151 155
151 157
151 160
151 165
151 170
151 176
151 178
151 182
151 184
151 185
151 187
151 188
151 189
151 191
151 195
151 198
151 289
151 200
151 204
151 205
151 207
151 209
151 210
151 213
151 215
151 216
151 219
151 223
151 227
151 228
151 230
151 233
151 235
151 238
151 239
151 243
151 245
151 247
151 248
151 254
152 261
152 262
152 266
152 256
152 274
152 283
152 265
152 286
152 289
152 290
152 295
152 296
152 299
152 284
152 277
152 280
152 155
152 158
152 159
152 160
152 165
152 166
152 168
152 169
152 170
152 171
152 172
152 173
152 174
152 179
152 180
152 186
152 187
152 189
152 194
152 195
152 199
152 200
152 201
152 202
152 210
152 213
152 216
152 220
152 222
152 231
152 233
152 238
152 245
152 246
152 250
152 252
152 298
152 254
152 255
153 256
153 258
153 179
153 268
153 259
153 278
153 235
153 154
153 156
153 159
153 214
153 262
153 294
153 167
153 171
153 296
153 176
153 177
153 270
153 189
153 279
153 193
153 202
153 204
153 210
153 211
153 221
153 223
153 226
153 227
153 228
153 231
153 232
153 252
153 274
153 272
153 174
153 240
153 168
153 246
153 247
153 191
153 183
153 255
154 256
154 266
154 273
154 277
154 260
154 282
154 284
154 288
154 295
154 270
154 271
154 158
154 163
154 168
154 169
154 170
154 176
154 180
154 182
154 186
154 287
154 188
154 189
154 191
154 197
154 198
154 199
154 200
154 203
154 205
154 211
154 213
154 215
154 292
154 218
154 219
154 221
154 222
154 225
154 226
154 227
154 228
154 294
154 238
154 239
154 247
154 251
154 281
154 254
154 255
155 256
155 264
155 273
155 277
155 287
155 289
155 290
155 296
155 266
155 267
155 272
155 278
155 156
155 157
155 161
155 162
155 163
155 164
155 173
155 174
155 175
155 179
155 180
155 183
155 190
155 194
155 197
155 199
155 203
155 204
155 205
155 206
155 211
155 215
155 217
155 218
155 219
155 220
155 225
155 235
155 236
155 243
155 244
155 246
155 247
155 251
155 252
155 254
156 257
156 259
156 267
156 276
156 278
156 279
156 280
156 290
156 292
156 266
156 274
156 159
156 164
156 169
156 171
156 172
156 176
156 184
156 188
156 189
156 288
156 195
156 196
156 198
156 202
156 210
156 214
156 221
156 223
156 224
156 227
156 235
156 237
156 238
156 239
156 242
156 245
156 251
156 252
157 260
157 275
157 288
157 274
157 159
157 160
157 163
157 261
157 167
157 170
157 285
157 184
157 185
157 191
157 279
157 193
157 194
157 196
157 198
157 201
157 202
157 208
157 211
157 214
157 215
157 217
157 219
157 221
157 228
157 238
157 239
157 242
157 243
157 247
157 264
158 253
158 256
158 193
158 280
158 235
158 281
158 219
158 165
158 170
158 175
158 181
158 182
158 185
158 197
158 206
158 184
158 294
158 211
158 212
158 257
158 222
158 229
158 227
158 209
158 234
158 231
158 236
158 200
158 293
158 243
158 204
158 189
158 264
158 218
158 254
158 277
159 259
159 264
159 273
159 274
159 283
159 285
159 290
159 292
159 262
159 279
159 161
159 164
159 287
159 180
159 181
159 184
159 185
159 187
159 195
159 196
159 204
159 205
159 209
159 210
159 214
159 216
159 219
159 224
159 233
159 236
159 239
159 241
159 243
159 245
159 249
159 252
159 255
160 173
160 269
160 222
160 280
160 176
160 291
160 167
160 200
160 178
160 179
160 182
160 180
160 262
160 206
160 184
160 274
160 213
160 185
160 216
160 271
160 221
160 165
160 294
160 230
160 209
160 233
160 234
160 235
160 238
160 240
160 244
160 248
160 217
160 251
160 298
160 254
161 259
161 265
161 266
161 267
161 269
161 277
161 299
161 284
161 285
161 291
161 292
161 163
161 169
161 173
161 174
161 178
161 183
161 296
161 191
161 192
161 193
161 194
161 204
161 206
161 210
161 213
161 216
161 218
161 220
161 222
161 263
161 235
161 241
161 242
161 243
161 245
161 248
161 276
162 258
162 264
162 272
162 273
162 279
162 283
162 288
162 291
162 296
162 275
162 167
162 168
162 170
162 173
162 179
162 180
162 184
162 287
162 196
162 201
162 203
162 205
162 207
162 163
162 214
162 217
162 218
162 219
162 221
162 223
162 225
162 229
162 232
162 233
162 235
162 236
162 238
162 239
162 244
162 250
163 260
163 268
163 279
163 282
163 297
163 298
163 274
163 277
163 283
163 166
163 167
163 169
163 170
163 176
163 178
163 180
163 286
163 186
163 187
163 190
163 191
163 288
163 195
163 199
163 202
163 290
163 206
163 210
163 211
163 217
163 222
163 226
163 228
163 229
163 233
163 235
163 237
163 238
163 245
163 246
163 248
163 254
163 255
164 258
164 260
164 262
164 266
164 267
164 271
164 272
164 275
164 278
164 281
164 286
164 290
164 299
164 268
164 273
164 280
164 295
164 170
164 174
164 287
164 178
164 183
164 187
164 189
164 190
164 195
164 199
164 200
164 204
164 207
164 209
164 211
164 213
164 215
164 221
164 222
164 224
164 225
164 226
164 231
164 234
164 235
164 243
164 248
164 251
164 252
165 259
165 262
165 263
165 264
165 266
165 258
165 270
165 271
165 276
165 278
165 260
165 285
165 288
165 291
165 273
165 279
165 282
165 283
165 166
165 167
165 169
165 172
165 173
165 177
165 179
165 182
165 186
165 287
165 189
165 196
165 199
165 200
165 205
165 209
165 210
165 212
165 214
165 221
165 222
165 293
165 225
165 233
165 238
165 240
165 246
165 247
165 248
165 250
165 252
166 258
166 261
166 257
166 267
166 269
166 272
166 288
166 291
166 298
166 169
166 173
166 179
166 286
166 182
166 186
166 187
166 188
166 191
166 193
166 194
166 195
166 197
166 199
166 200
166 206
166 209
166 216
166 217
166 222
166 223
166 230
166 232
166 235
166 289
166 239
166 240
166 296
166 242
166 243
166 245
166 246
166 253
167 261
167 290
167 273
167 282
167 284
167 207
167 241
167 283
167 179
167 181
167 187
167 190
167 196
167 285
167 233
167 202
167 203
167 204
167 251
167 213
167 215
167 250
167 205
167 186
167 223
167 226
167 256
167 229
167 237
167 238
167 244
167 254
168 258
168 259
168 267
168 274
168 276
168 280
168 299
168 284
168 262
168 295
168 266
168 272
168 169
168 170
168 172
168 179
168 180
168 183
168 185
168 188
168 200
168 202
168 205
168 206
168 209
168 291
168 212
168 214
168 215
168 222
168 293
168 232
168 235
168 246
168 248
168 249
168 250
168 251
168 255
169 253
169 256
169 277
169 263
169 297
169 267
169 174
169 281
169 239
169 248
169 171
169 172
169 178
169 243
169 180
169 186
169 194
169 285
169 201
169 205
169 220
169 218
169 207
169 222
169 272
169 229
169 238
169 240
169 244
169 170
169 251
169 247
170 264
170 270
170 271
170 274
170 286
170 290
170 293
170 265
170 175
170 178
170 180
170 181
170 184
170 188
170 190
170 191
170 197
170 199
170 201
170 203
170 208
170 211
170 213
170 214
170 292
170 219
170 225
170 227
170 231
170 232
170 233
170 240
170 245
170 297
170 249
171 261
171 262
171 271
171 280
171 275
171 269
171 238
171 283
171 285
171 287
171 293
171 294
171 177
171 298
171 172
171 242
171 174
171 175
171 179
171 181
171 182
171 215
171 266
171 190
171 192
171 199
171 184
171 297
171 211
171 284
171 219
171 246
171 228
171 276
171 233
171 236
171 241
171 248
171 191
172 256
172 299
172 260
172 264
172 265
172 269
172 277
172 278
172 279
172 281
172 284
172 261
172 290
172 263
172 285
172 268
172 175
172 178
172 181
172 183
172 186
172 187
172 194
172 195
172 197
172 198
172 199
172 201
172 202
172 203
172 208
172 209
172 297
172 227
172 229
172 234
172 235
172 236
172 238
172 245
172 247
172 248
173 257
173 261
173 267
173 269
173 271
173 272
173 274
173 276
173 280
173 281
173 282
173 285
173 293
173 266
173 178
173 186
173 189
173 192
173 193
173 195
173 204
173 205
173 208
173 211
173 215
173 217
173 218
173 224
173 230
173 234
173 239
173 241
173 243
173 246
173 252
173 253
174 226
174 267
174 237
174 273
174 235
174 248
174 290
174 295
174 175
174 176
174 179
174 192
174 197
174 199
174 268
174 203
174 205
174 208
174 209
174 219
174 220
174 222
174 277
174 225
174 259
174 233
174 210
174 245
174 247
174 250
175 269
175 270
175 276
175 282
175 295
175 187
175 259
175 274
175 275
175 279
175 286
175 287
175 192
175 194
175 195
175 205
175 206
175 211
175 292
175 221
175 226
175 294
175 238
175 239
175 243
175 245
175 247
175 250
175 251
176 256
176 260
176 269
176 219
176 282
176 271
176 297
176 274
176 273
176 188
176 197
176 204
176 206
176 213
176 215
176 216
176 207
176 293
176 224
176 263
176 226
176 229
176 230
176 259
176 235
176 237
176 241
176 268
176 249
176 250
176 299
177 257
177 284
177 291
177 297
177 298
177 178
177 180
177 182
177 184
177 191
177 196
177 200
177 202
177 204
177 205
177 206
177 210
177 215
177 222
177 227
177 229
177 233
177 295
177 237
177 296
177 243
177 248
177 250
177 251
177 255
178 260
178 290
178 268
178 258
178 272
178 269
178 280
178 289
178 274
178 299
178 243
178 180
178 181
178 219
178 184
178 266
178 188
178 191
178 192
178 193
178 227
178 199
178 201
178 205
178 215
178 220
178 221
178 229
178 231
178 211
178 244
178 246
179 257
179 258
179 260
179 269
179 270
179 271
179 259
179 277
179 280
179 281
179 290
179 299
179 286
179 295
179 180
179 181
179 183
179 184
179 185
179 186
179 187
179 189
179 192
179 195
179 198
179 203
179 205
179 207
179 208
179 212
179 217
179 219
179 221
179 263
179 230
179 233
179 234
179 235
179 272
179 239
179 240
179 296
179 242
179 245
179 246
179 297
179 248
179 251
179 254
179 255
180 259
180 263
180 265
180 270
180 273
180 276
180 278
180 279
180 260
180 282
180 285
180 289
180 262
180 296
180 275
180 299
180 184
180 185
180 195
180 197
180 198
180 202
180 210
180 222
180 227
180 232
180 233
180 235
180 236
180 237
180 240
180 243
180 244
180 246
180 247
180 252
180 254
181 256
181 257
181 264
181 267
181 273
181 280
181 260
181 282
181 284
181 286
181 289
181 291
181 293
181 296
181 299
181 278
181 281
181 283
181 182
181 190
181 191
181 193
181 196
181 199
181 200
181 207
181 210
181 212
181 213
181 222
181 225
181 226
181 227
181 228
181 230
181 234
181 236
181 241
181 242
181 243
181 246
181 249
181 253
182 213
182 279
182 275
182 261
182 284
182 270
182 287
182 185
182 251
182 192
182 195
182 197
182 194
182 214
182 219
182 199
182 223
182 187
182 233
182 295
182 255
182 247
182 264
183 264
183 272
183 285
183 287
183 291
183 294
183 296
183 280
183 185
183 187
183 188
183 193
183 197
183 199
183 201
183 203
183 204
183 205
183 207
183 209
183 211
183 217
183 221
183 225
183 229
183 235
183 237
183 241
183 242
183 243
183 246
183 249
183 250
184 262
184 264
184 272
184 279
184 282
184 289
184 278
184 265
184 266
184 268
184 269
184 185
184 190
184 194
184 195
184 197
184 200
184 216
184 220
184 223
184 225
184 226
184 232
184 233
184 236
184 237
184 239
184 241
184 243
184 245
184 249
184 250
184 253
185 194
185 239
185 278
185 280
185 279
185 197
185 292
185 226
185 191
185 192
185 198
185 225
185 200
185 204
185 205
185 209
185 210
185 193
185 270
185 214
185 218
185 271
185 220
185 221
185 222
185 227
185 230
185 244
185 190
185 265
185 281
185 253
185 283
186 253
186 192
186 294
186 230
186 265
186 273
186 258
186 277
186 281
186 286
186 260
186 261
186 298
186 278
186 201
186 189
186 194
186 272
186 269
186 215
186 292
186 221
186 225
186 226
186 251
186 228
186 231
186 210
186 239
186 240
186 275
186 244
186 245
186 247
186 249
187 260
187 264
187 268
187 269
187 275
187 277
187 279
187 280
187 282
187 287
187 293
187 295
187 265
187 190
187 195
187 201
187 202
187 205
187 210
187 213
187 219
187 223
187 225
187 229
187 233
187 237
187 272
187 245
187 246
187 247
187 249
187 250
187 251
187 253
187 255
188 256
188 282
188 260
188 264
188 266
188 276
188 238
188 280
188 218
188 197
188 291
188 293
188 249
188 289
188 242
188 285
188 296
188 189
188 265
188 198
188 199
188 290
188 207
188 211
188 214
188 215
188 220
188 208
188 232
188 241
188 268
188 217
189 256
189 265
189 276
189 277
189 278
189 282
189 283
189 288
189 289
189 291
189 295
189 296
189 192
189 196
189 200
189 204
189 215
189 218
189 224
189 225
189 228
189 229
189 230
189 236
189 237
189 238
189 239
189 240
189 241
189 242
189 249
189 251
189 252
189 253
190 261
190 264
190 267
190 271
190 275
190 282
190 284
190 286
190 291
190 292
190 293
190 296
190 197
190 289
190 200
190 208
190 209
190 212
190 213
190 217
190 220
190 224
190 226
190 227
190 229
190 237
190 238
190 241
190 243
190 245
190 249
190 250
191 256
191 260
191 261
191 263
191 268
191 269
191 276
191 289
191 290
191 291
191 273
191 279
191 278
191 192
191 198
191 203
191 205
191 210
191 215
191 216
191 217
191 224
191 226
191 228
191 230
191 231
191 232
191 235
191 236
191 241
191 242
192 259
192 261
192 262
192 267
192 269
192 277
192 283
192 290
192 297
192 264
192 275
192 278
192 197
192 199
192 202
192 205
192 209
192 210
192 224
192 225
192 228
192 231
192 234
192 238
192 239
192 242
192 248
192 249
193 256
193 260
193 270
193 272
193 278
193 280
193 284
193 289
193 296
193 291
193 271
193 282
193 287
193 288
193 195
193 197
193 211
193 212
193 215
193 224
193 226
193 230
193 235
193 239
193 240
193 241
193 243
193 245
193 297
193 251
193 253
193 254
193 255
194 257
194 235
194 260
194 278
194 262
194 268
194 270
194 254
194 284
194 231
194 289
194 244
194 291
194 222
194 266
194 215
194 200
194 201
194 248
194 210
194 212
194 216
194 219
194 218
194 228
194 241
195 262
195 271
195 272
195 273
195 278
195 280
195 287
195 288
195 294
195 258
195 285
195 196
195 198
195 200
195 201
195 202
195 207
195 213
195 214
195 222
195 228
195 231
195 233
195 242
195 244
195 247
195 248
195 249
195 250
195 251
196 256
196 258
196 235
196 214
196 288
196 276
196 279
196 283
196 210
196 203
196 254
196 270
196 252
196 227
196 229
196 232
196 234
196 238
196 287
196 212
197 256
197 261
197 264
197 274
197 275
197 280
197 284
197 288
197 290
197 292
197 271
197 276
197 285
197 286
197 202
197 209
197 211
197 215
197 226
197 228
197 234
197 248
197 298
198 256
198 270
198 276
198 277
198 278
198 279
198 281
198 288
198 289
198 297
198 280
198 262
198 200
198 202
198 207
198 208
198 219
198 225
198 227
198 229
198 232
198 235
198 236
198 237
198 238
198 240
198 246
198 247
198 251
198 252
198 255
199 259
199 260
199 262
199 264
199 268
199 258
199 270
199 272
199 276
199 278
199 261
199 291
199 204
199 290
199 211
199 212
199 215
199 216
199 219
199 220
199 227
199 228
199 294
199 232
199 233
199 238
199 242
199 247
199 250
199 254
200 256
200 260
200 272
200 278
200 283
200 285
200 290
200 293
200 294
200 266
200 271
200 273
200 202
200 203
200 208
200 211
200 215
200 224
200 226
200 227
200 228
200 235
200 245
200 246
200 248
200 249
200 251
201 257
201 261
201 263
201 258
201 270
201 271
201 276
201 277
201 281
201 286
201 290
201 297
201 299
201 264
201 266
201 272
201 206
201 208
201 209
201 210
201 211
201 292
201 220
201 221
201 236
201 237
201 296
201 242
201 246
201 248
201 249
202 266
202 269
202 272
202 274
202 287
202 298
202 263
202 284
202 244
202 245
202 203
202 248
202 210
202 214
202 215
202 224
202 225
202 226
202 231
202 235
202 236
202 237
202 297
203 299
203 260
203 261
203 262
203 271
203 294
203 297
203 279
203 204
203 208
203 291
203 213
203 214
203 217
203 227
203 229
203 237
203 240
203 242
203 243
203 244
203 246
203 247
203 251
203 252
203 255
204 258
204 260
204 265
204 270
204 279
204 280
204 283
204 296
204 297
204 299
204 272
204 259
204 286
204 287
204 213
204 214
204 217
204 224
204 225
204 227
204 231
204 233
204 243
204 245
204 250
204 252
204 253
204 254
205 263
205 265
205 268
205 271
205 279
205 280
205 281
205 261
205 289
205 291
205 267
205 269
205 206
205 208
205 209
205 211
205 215
205 224
205 225
205 226
205 227
205 228
205 229
205 230
205 231
205 233
205 243
205 297
205 249
205 250
205 252
205 254
205 255
206 262
206 263
206 265
206 270
206 272
206 279
206 286
206 289
206 290
206 291
206 299
206 273
206 276
206 280
206 284
206 211
206 213
206 217
206 218
206 222
206 225
206 229
206 232
206 234
206 238
206 240
206 297
206 248
206 251
206 252
206 253
207 257
207 259
207 260
207 265
207 266
207 267
207 274
207 280
207 299
207 282
207 289
207 292
207 262
207 293
207 287
207 209
207 211
207 214
207 216
207 219
207 222
207 223
207 226
207 227
207 228
207 231
207 234
207 238
207 240
207 243
207 245
207 246
207 249
207 253
207 255
208 259
208 264
208 215
208 268
208 269
208 280
208 219
208 294
208 295
208 236
208 210
208 227
208 216
208 217
208 218
208 220
208 250
208 229
208 224
208 275
208 209
208 240
208 241
208 243
208 245
208 248
208 249
208 247
209 256
209 261
209 265
209 272
209 288
209 294
209 296
209 298
209 264
209 269
209 276
209 277
209 282
209 287
209 210
209 213
209 214
209 220
209 221
209 227
209 229
209 234
209 235
209 236
209 237
209 239
209 297
210 264
210 259
210 279
210 284
210 286
210 295
210 296
210 267
210 258
210 275
210 276
210 280
210 213
210 214
210 220
210 225
210 227
210 228
210 230
210 233
210 234
210 242
210 243
210 244
210 245
210 247
210 250
210 252
210 254
211 259
211 260
211 262
211 267
211 270
211 271
211 275
211 276
211 283
211 289
211 291
211 293
211 295
211 296
211 264
211 273
211 280
211 218
211 220
211 222
211 227
211 231
211 244
211 248
211 252
211 298
211 254
212 256
212 262
212 265
212 235
212 260
212 282
212 287
212 291
212 292
212 295
212 297
212 223
212 290
212 248
212 213
212 217
212 219
212 224
212 225
212 227
212 231
212 240
212 238
212 242
212 243
212 251
212 253
212 254
212 276
213 259
213 260
213 262
213 266
213 267
213 274
213 277
213 279
213 280
213 294
213 296
213 297
213 298
213 299
213 288
213 216
213 221
213 295
213 236
213 243
213 244
213 246
213 248
213 251
213 254
214 265
214 270
214 277
214 280
214 281
214 283
214 294
214 264
214 278
214 218
214 220
214 222
214 263
214 225
214 228
214 229
214 230
214 238
214 242
214 243
214 245
214 249
214 252
214 255
215 256
215 263
215 264
215 278
215 279
215 280
215 284
215 286
215 290
215 299
215 269
215 216
215 217
215 220
215 221
215 226
215 227
215 229
215 230
215 232
215 235
215 236
215 237
215 238
215 240
215 241
215 246
215 247
215 250
215 252
215 253
216 257
216 258
216 261
216 269
216 271
216 274
216 259
216 281
216 282
216 285
216 292
216 299
216 254
216 220
216 222
216 263
216 229
216 230
216 237
216 242
216 243
216 244
216 245
216 247
216 250
216 251
216 252
216 264
216 255
217 258
217 260
217 257
217 266
217 267
217 274
217 279
217 283
217 289
217 294
217 298
217 264
217 272
217 285
217 287
217 291
217 220
217 221
217 229
217 232
217 296
217 249
217 252
217 255
218 256
218 261
218 262
218 267
218 258
218 277
218 282
218 283
218 286
218 299
218 265
218 285
218 287
218 279
218 220
218 222
218 223
218 225
218 229
218 231
218 239
218 240
218 296
218 246
218 250
218 252
219 260
219 261
219 267
219 271
219 259
219 285
219 287
219 288
219 289
219 291
219 274
219 264
219 265
219 275
219 273
219 276
219 284
219 220
219 226
219 228
219 229
219 233
219 235
219 238
219 244
219 249
220 279
220 272
220 276
220 277
220 282
220 261
220 291
220 243
220 222
220 247
220 224
220 251
220 230
220 233
220 234
220 236
220 239
220 242
220 285
220 246
220 250
220 252
220 264
221 256
221 258
221 272
221 276
221 278
221 279
221 260
221 294
221 299
221 275
221 280
221 291
221 223
221 229
221 232
221 234
221 235
221 239
221 240
221 296
221 243
221 245
221 247
221 249
221 252
222 288
222 243
222 290
222 249
222 224
222 226
222 242
222 277
222 235
222 236
222 240
222 244
222 262
222 254
222 255
223 259
223 279
223 271
223 275
223 280
223 286
223 288
223 295
223 291
223 296
223 299
223 265
223 268
223 248
223 284
223 250
223 226
223 230
223 236
223 238
223 241
223 242
223 243
223 246
223 297
223 251
223 252
224 258
224 263
224 271
224 272
224 281
224 289
224 262
224 295
224 298
224 259
224 265
224 287
224 228
224 270
224 293
224 277
224 227
224 232
224 234
224 225
224 246
224 251
224 250
224 253
224 255
225 256
225 257
225 262
225 263
225 264
225 265
225 259
225 277
225 281
225 286
225 287
225 290
225 292
225 293
225 229
225 230
225 232
225 236
225 239
225 240
225 241
225 242
225 245
225 246
225 252
225 253
225 254
226 264
226 266
226 258
226 272
226 274
226 277
226 283
226 286
226 287
226 289
226 290
226 293
226 294
226 265
226 269
226 291
226 292
226 237
226 252
227 256
227 260
227 267
227 258
227 270
227 259
227 278
227 280
227 299
227 285
227 294
227 263
227 290
227 275
227 279
227 284
227 232
227 233
227 239
227 241
227 242
227 297
227 253
228 258
228 265
228 256
228 273
228 275
228 286
228 261
228 288
228 290
228 292
228 251
228 247
228 263
228 240
228 234
228 289
228 242
228 244
228 253
229 258
229 299
229 261
229 264
229 266
229 268
229 270
229 276
229 279
229 284
229 288
229 263
229 267
229 292
229 273
229 278
229 286
229 230
229 232
229 233
229 296
229 242
229 243
229 245
229 249
229 252
229 254
230 262
230 267
230 269
230 276
230 280
230 286
230 292
230 294
230 296
230 298
230 263
230 264
230 265
230 277
230 278
230 231
230 234
230 235
230 238
230 243
230 245
230 248
230 249
230 281
230 254
231 263
231 264
231 254
231 239
231 260
231 295
231 291
231 289
231 287
231 296
231 271
231 242
231 233
231 234
231 235
231 238
231 256
231 245
231 247
231 276
232 256
232 259
232 270
232 279
232 275
232 280
232 282
232 287
232 289
232 295
232 250
232 285
232 274
232 281
232 273
232 277
232 240
232 241
232 243
232 245
232 249
232 298
232 255
233 268
233 269
233 270
233 287
233 278
233 260
233 283
233 284
233 282
233 296
233 291
233 246
233 279
233 288
233 249
233 293
233 263
233 241
233 255
234 277
234 278
234 271
234 259
234 291
234 294
234 299
234 286
234 267
234 269
234 238
234 243
234 268
234 248
234 250
234 273
234 254
234 255
235 257
235 260
235 262
235 266
235 272
235 259
235 276
235 279
235 282
235 284
235 287
235 290
235 292
235 294
235 295
235 296
235 299
235 285
235 286
235 236
235 237
235 239
235 242
235 243
235 247
235 251
235 254
236 257
236 299
236 260
236 262
236 277
236 279
236 288
236 290
236 291
236 292
236 293
236 296
236 263
236 268
236 272
236 280
236 282
236 287
236 237
236 238
236 243
236 248
236 255
237 256
237 258
237 259
237 261
237 262
237 267
237 269
237 271
237 274
237 276
237 278
237 280
237 281
237 282
237 287
237 288
237 289
237 291
237 293
237 295
237 296
237 299
237 279
237 286
237 242
237 245
237 248
237 253
238 256
238 258
238 271
238 272
238 274
238 275
238 260
238 283
238 265
238 286
238 287
238 289
238 290
238 291
238 294
238 297
238 288
238 239
238 240
238 241
238 244
238 248
238 250
238 252
238 254
238 255
239 256
239 266
239 267
239 273
239 275
239 277
239 280
239 294
239 299
239 270
239 265
239 241
239 245
239 246
239 248
239 254
240 265
240 267
240 260
240 282
240 289
240 291
240 293
240 295
240 298
240 263
240 276
240 281
240 290
240 243
240 251
240 252
241 256
241 279
241 286
241 288
241 289
241 297
241 270
241 253
241 245
241 269
241 294
241 281
241 299
241 262
241 250
241 246
242 260
242 262
242 266
242 269
242 278
242 279
242 280
242 282
242 294
242 267
242 261
242 284
242 290
242 291
242 252
242 254
243 257
243 261
243 276
243 277
243 279
243 284
243 285
243 291
243 293
243 296
243 297
243 298
243 289
243 264
243 248
243 251
243 254
243 255
244 259
244 263
244 281
244 280
244 260
244 289
244 291
244 294
244 296
244 274
244 286
244 288
244 269
244 282
244 285
244 246
244 253
244 299
245 299
245 260
245 257
245 268
245 270
245 271
245 274
245 275
245 276
245 278
245 282
245 290
245 263
245 288
245 267
245 273
245 285
245 294
245 279
245 248
245 251
245 254
246 282
246 260
246 264
246 268
246 273
246 274
246 275
246 276
246 281
246 261
246 297
246 296
246 265
246 263
246 249
246 299
246 250
247 261
247 262
247 268
247 280
247 260
247 284
247 286
247 287
247 289
247 292
247 295
247 298
247 264
247 279
247 248
247 255
248 265
248 266
248 267
248 275
248 277
248 283
248 284
248 286
248 290
248 291
248 292
248 295
248 272
248 287
248 262
248 251
248 252
248 253
248 254
249 260
249 262
249 265
249 266
249 256
249 272
249 277
249 283
249 284
249 261
249 292
249 275
249 258
249 269
249 259
249 253
250 258
250 259
250 263
250 271
250 275
250 284
250 295
250 297
250 264
250 293
250 251
251 258
251 262
251 263
251 269
251 273
251 275
251 277
251 279
251 280
251 289
251 294
251 298
251 299
251 295
251 270
252 256
252 257
252 258
252 263
252 264
252 269
252 273
252 275
252 281
252 290
252 298
252 266
252 261
252 287
253 256
253 270
253 277
253 280
253 287
253 288
253 291
253 293
253 299
253 257
253 264
253 294
253 298
253 254
254 260
254 264
254 266
254 268
254 271
254 276
254 280
254 283
254 284
254 288
254 289
254 293
254 294
254 298
254 299
254 265
254 277
254 282
255 262
255 267
255 284
255 292
255 294
255 296
255 266
255 282
255 291
255 280
255 277
256 264
256 265
256 266
256 268
256 277
256 281
256 282
256 284
256 287
256 258
256 269
256 278
256 279
256 296
257 258
257 288
257 271
257 269
257 298
257 277
257 297
258 259
258 264
258 265
258 268
258 278
258 279
258 283
258 286
258 270
258 288
258 289
258 298
259 262
259 276
259 290
259 272
259 265
260 273
260 276
260 282
260 287
260 296
260 283
260 297
260 284
260 293
261 272
261 276
261 295
261 297
261 299
261 267
261 273
261 275
261 278
261 289
261 292
262 271
262 280
262 299
262 286
262 287
262 292
262 294
262 296
262 264
262 289
263 299
263 271
263 284
263 295
263 298
263 286
263 266
263 288
263 268
264 265
264 271
264 272
264 274
264 278
264 280
264 291
264 294
264 268
264 279
264 287
265 270
265 271
265 272
265 277
265 278
265 280
265 285
265 287
265 289
265 268
265 294
266 267
266 275
266 283
266 292
266 269
266 279
266 293
266 272
267 271
267 275
267 282
267 292
267 277
267 289
268 269
268 272
268 273
268 294
268 282
268 292
268 275
269 273
269 280
269 282
269 291
269 296
269 274
270 271
270 274
270 280
270 291
270 294
270 296
270 275
270 297
270 298
271 273
271 274
271 277
271 281
271 286
271 287
271 290
271 294
271 297
271 299
271 288
272 274
272 292
272 273
272 295
272 287
273 278
273 285
273 296
273 283
273 295
273 293
274 277
274 293
274 288
274 285
275 281
275 287
275 283
275 278
275 296
275 285
275 299
276 295
276 290
276 293
277 278
277 280
277 281
277 285
277 292
277 293
277 294
277 296
277 283
278 281
278 283
278 287
278 288
278 291
279 280
279 282
279 283
279 290
279 293
279 297
280 283
280 284
280 285
280 286
280 288
280 289
280 291
280 298
280 299
280 297
281 293
281 295
281 284
281 288
282 286
282 291
282 296
282 297
282 299
283 288
283 297
283 290
283 296
283 299
284 295
284 296
284 297
284 286
284 288
285 292
285 295
285 299
286 289
286 291
286 288
286 290
287 299
287 294
287 296
287 298
288 299
288 289
288 290
288 296
288 293
289 292
289 299
289 296
290 294
290 297
290 291
291 296
291 297
293 294
293 295
293 297
294 296
295 299
295 296
296 298
297 299
