300 13440
0 256
0 257
0 299
0 4
0 261
0 263
0 9
0 18
0 275
0 20
0 277
0 282
0 27
0 28
0 30
0 33
0 38
0 39
0 297
0 43
0 57
0 59
0 60
0 63
0 64
0 66
0 73
0 76
0 88
0 91
0 92
0 95
0 97
0 99
0 101
0 102
0 105
0 107
0 274
0 112
0 114
0 118
0 123
0 129
0 133
0 134
0 139
0 141
0 147
0 150
0 154
0 155
0 156
0 158
0 160
0 295
0 162
0 163
0 165
0 166
0 172
0 174
0 177
0 178
0 186
0 189
0 191
0 192
0 193
0 196
0 202
0 205
0 206
0 208
0 210
0 213
0 218
0 219
0 223
0 230
0 231
0 235
0 238
0 239
0 240
0 241
0 244
1 257
1 299
1 4
1 5
1 8
1 9
1 11
1 13
1 14
1 15
1 19
1 20
1 21
1 22
1 27
1 29
1 31
1 288
1 33
1 34
1 35
1 293
1 38
1 296
1 297
1 42
1 43
1 46
1 47
1 48
1 264
1 50
1 51
1 52
1 265
1 57
1 58
1 59
1 61
1 62
1 64
1 65
1 66
1 67
1 74
1 76
1 77
1 79
1 82
1 83
1 86
1 89
1 93
1 276
1 103
1 105
1 107
1 114
1 275
1 285
1 119
1 120
1 121
1 124
1 127
1 277
1 133
1 134
1 135
1 136
1 139
1 140
1 141
1 150
1 152
1 153
1 283
1 165
1 166
1 167
1 169
1 171
1 175
1 287
1 187
1 189
1 190
1 195
1 196
1 201
1 203
1 205
1 206
1 291
1 213
1 214
1 215
1 217
1 218
1 219
1 220
1 225
1 234
1 238
1 241
1 242
1 243
1 246
1 247
1 248
1 250
1 254
2 259
2 260
2 264
2 11
2 268
2 272
2 275
2 23
2 281
2 28
2 286
2 32
2 289
2 35
2 292
2 298
2 45
2 46
2 48
2 49
2 52
2 58
2 60
2 61
2 63
2 65
2 267
2 74
2 75
2 76
2 77
2 87
2 91
2 100
2 104
2 105
2 109
2 117
2 119
2 121
2 124
2 126
2 129
2 131
2 132
2 133
2 279
2 144
2 145
2 153
2 154
2 157
2 158
2 160
2 162
2 163
2 166
2 167
2 170
2 171
2 172
2 174
2 175
2 176
2 177
2 178
2 180
2 182
2 184
2 186
2 187
2 192
2 288
2 194
2 195
2 198
2 199
2 205
2 291
2 212
2 214
2 216
2 218
2 219
2 222
2 223
2 226
2 227
2 229
2 230
2 235
2 237
2 242
2 245
2 249
2 251
2 255
3 258
3 260
3 6
3 263
3 264
3 265
3 266
3 12
3 269
3 270
3 15
3 276
3 21
3 278
3 279
3 284
3 289
3 35
3 36
3 262
3 294
3 39
3 40
3 42
3 43
3 47
3 52
3 55
3 57
3 61
3 63
3 64
3 66
3 73
3 74
3 81
3 82
3 87
3 88
3 100
3 104
3 105
3 107
3 110
3 113
3 114
3 115
3 116
3 117
3 121
3 122
3 123
3 124
3 129
3 137
3 140
3 141
3 143
3 148
3 150
3 153
3 154
3 155
3 160
3 167
3 170
3 171
3 174
3 175
3 178
3 181
3 189
3 193
3 195
3 198
3 206
3 208
3 210
3 291
3 215
3 216
3 292
3 222
3 226
3 231
3 234
3 236
3 237
3 240
3 296
3 247
3 250
3 298
4 258
4 261
4 7
4 267
4 256
4 16
4 17
4 275
4 22
4 279
4 280
4 27
4 28
4 285
4 30
4 287
4 32
4 290
4 36
4 37
4 295
4 40
4 42
4 263
4 46
4 52
4 57
4 58
4 60
4 64
4 70
4 74
4 79
4 87
4 89
4 91
4 94
4 272
4 101
4 104
4 106
4 107
4 109
4 112
4 116
4 121
4 122
4 125
4 132
4 136
4 139
4 140
4 145
4 147
4 148
4 152
4 156
4 162
4 164
4 172
4 178
4 179
4 286
4 186
4 188
4 192
4 193
4 195
4 199
4 202
4 204
4 205
4 288
4 208
4 210
4 211
4 218
4 224
4 225
4 228
4 229
4 234
4 237
4 239
4 296
4 242
4 250
4 298
4 253
5 258
5 131
5 223
5 6
5 129
5 265
5 266
5 11
5 12
5 13
5 142
5 280
5 275
5 149
5 23
5 218
5 29
5 289
5 159
5 161
5 34
5 163
5 36
5 262
5 166
5 168
5 41
5 193
5 43
5 174
5 157
5 176
5 180
5 244
5 59
5 188
5 192
5 190
5 245
5 64
5 65
5 66
5 285
5 197
5 70
5 71
5 194
5 73
5 204
5 77
5 78
5 82
5 83
5 212
5 216
5 89
5 90
5 91
5 93
5 95
5 96
5 97
5 98
5 294
5 103
5 232
5 105
5 234
5 210
5 239
5 243
5 116
5 117
5 118
5 233
5 251
5 254
5 255
6 7
6 9
6 10
6 268
6 13
6 270
6 272
6 17
6 18
6 21
6 278
6 282
6 28
6 286
6 31
6 289
6 291
6 40
6 297
6 298
6 43
6 45
6 48
6 53
6 56
6 57
6 58
6 266
6 67
6 73
6 82
6 86
6 89
6 92
6 95
6 100
6 102
6 106
6 108
6 110
6 115
6 120
6 122
6 123
6 124
6 125
6 277
6 131
6 132
6 133
6 134
6 140
6 142
6 155
6 161
6 162
6 164
6 165
6 174
6 175
6 178
6 186
6 187
6 188
6 189
6 192
6 196
6 198
6 201
6 204
6 207
6 212
6 213
6 215
6 220
6 263
6 230
6 231
6 127
6 236
6 238
6 242
6 245
6 248
6 249
6 250
6 251
6 255
7 129
7 171
7 132
7 257
7 136
7 138
7 139
7 12
7 14
7 15
7 17
7 146
7 275
7 148
7 22
7 23
7 24
7 282
7 155
7 28
7 284
7 30
7 287
7 32
7 165
7 39
7 156
7 43
7 47
7 48
7 243
7 53
7 54
7 55
7 185
7 58
7 187
7 189
7 64
7 65
7 203
7 68
7 197
7 199
7 183
7 76
7 77
7 207
7 208
7 209
7 211
7 220
7 142
7 86
7 249
7 89
7 152
7 219
7 92
7 280
7 223
7 96
7 228
7 273
7 104
7 106
7 108
7 112
7 113
7 115
7 120
7 121
7 251
7 252
7 126
8 258
8 260
8 261
8 262
8 265
8 12
8 14
8 19
8 23
8 24
8 281
8 26
8 28
8 285
8 31
8 288
8 35
8 38
8 296
8 41
8 299
8 44
8 45
8 46
8 47
8 49
8 51
8 54
8 57
8 59
8 65
8 66
8 268
8 77
8 79
8 84
8 86
8 93
8 96
8 100
8 102
8 107
8 111
8 287
8 121
8 125
8 126
8 136
8 137
8 139
8 140
8 141
8 142
8 143
8 148
8 153
8 157
8 161
8 166
8 168
8 174
8 176
8 181
8 183
8 187
8 193
8 194
8 195
8 196
8 199
8 200
8 204
8 205
8 207
8 213
8 216
8 217
8 222
8 227
8 230
8 231
8 232
8 236
8 244
8 251
9 260
9 261
9 269
9 270
9 271
9 272
9 18
9 275
9 21
9 278
9 281
9 26
9 28
9 30
9 31
9 33
9 37
9 39
9 297
9 44
9 46
9 47
9 50
9 51
9 53
9 54
9 56
9 60
9 75
9 87
9 93
9 97
9 99
9 293
9 103
9 105
9 274
9 111
9 120
9 125
9 126
9 128
9 138
9 143
9 145
9 154
9 159
9 160
9 164
9 167
9 169
9 171
9 172
9 173
9 175
9 181
9 186
9 287
9 193
9 195
9 196
9 199
9 203
9 210
9 211
9 213
9 214
9 215
9 216
9 218
9 219
9 223
9 225
9 233
9 235
9 240
9 187
9 248
9 249
9 250
9 251
9 253
9 254
10 128
10 257
10 260
10 135
10 264
10 265
10 139
10 142
10 15
10 272
10 216
10 274
10 275
10 23
10 27
10 157
10 31
10 32
10 33
10 35
10 292
10 167
10 221
10 297
10 173
10 47
10 176
10 178
10 53
10 287
10 183
10 202
10 59
10 60
10 61
10 190
10 192
10 65
10 267
10 227
10 198
10 200
10 73
10 187
10 76
10 77
10 79
10 80
10 210
10 211
10 270
10 249
10 88
10 89
10 218
10 91
10 92
10 93
10 94
10 95
10 96
10 99
10 228
10 229
10 231
10 108
10 109
10 238
10 241
10 114
10 204
10 117
10 118
10 121
10 124
10 125
10 254
11 256
11 262
11 263
11 264
11 258
11 14
11 16
11 18
11 22
11 282
11 27
11 28
11 30
11 288
11 289
11 291
11 292
11 294
11 295
11 40
11 41
11 298
11 299
11 46
11 47
11 53
11 56
11 57
11 59
11 67
11 77
11 78
11 79
11 81
11 83
11 85
11 88
11 91
11 92
11 98
11 104
11 106
11 107
11 112
11 113
11 118
11 125
11 128
11 129
11 131
11 135
11 139
11 141
11 143
11 147
11 158
11 160
11 161
11 168
11 284
11 171
11 174
11 175
11 176
11 178
11 186
11 188
11 191
11 192
11 193
11 197
11 198
11 199
11 200
11 201
11 207
11 209
11 216
11 219
11 221
11 223
11 227
11 229
11 240
11 248
11 251
11 252
11 254
12 258
12 265
12 267
12 13
12 270
12 272
12 274
12 259
12 20
12 277
12 278
12 279
12 26
12 28
12 30
12 33
12 35
12 42
12 263
12 47
12 264
12 50
12 53
12 57
12 59
12 61
12 62
12 66
12 69
12 70
12 72
12 75
12 77
12 78
12 82
12 84
12 86
12 87
12 91
12 92
12 93
12 99
12 100
12 102
12 103
12 110
12 111
12 113
12 19
12 118
12 119
12 124
12 126
12 127
12 129
12 132
12 133
12 141
12 142
12 154
12 159
12 161
12 165
12 170
12 171
12 175
12 177
12 181
12 200
12 206
12 209
12 211
12 212
12 219
12 220
12 222
12 224
12 230
12 232
12 238
12 243
12 244
12 247
12 250
12 298
12 253
12 255
13 256
13 263
13 265
13 266
13 269
13 15
13 16
13 273
13 276
13 23
13 280
13 25
13 282
13 27
13 285
13 290
13 35
13 36
13 37
13 38
13 39
13 296
13 41
13 42
13 43
13 54
13 59
13 62
13 65
13 71
13 86
13 88
13 89
13 90
13 95
13 97
13 98
13 101
13 108
13 109
13 111
13 112
13 114
13 123
13 124
13 126
13 128
13 130
13 132
13 133
13 136
13 138
13 139
13 146
13 147
13 148
13 150
13 154
13 158
13 161
13 162
13 164
13 172
13 175
13 181
13 182
13 183
13 191
13 192
13 279
13 200
13 201
13 205
13 207
13 208
13 209
13 218
13 219
13 220
13 225
13 226
13 228
13 229
13 232
13 234
13 235
13 249
13 250
13 251
13 253
13 255
14 258
14 299
14 265
14 270
14 271
14 16
14 17
14 19
14 21
14 22
14 23
14 26
14 27
14 287
14 288
14 33
14 292
14 39
14 296
14 42
14 263
14 44
14 48
14 49
14 50
14 51
14 53
14 54
14 56
14 58
14 62
14 63
14 65
14 68
14 69
14 70
14 71
14 72
14 73
14 79
14 83
14 87
14 91
14 94
14 95
14 272
14 98
14 103
14 104
14 112
14 113
14 117
14 121
14 123
14 125
14 126
14 129
14 131
14 133
14 134
14 143
14 147
14 149
14 150
14 152
14 155
14 282
14 158
14 289
14 170
14 173
14 178
14 179
14 186
14 193
14 195
14 199
14 200
14 205
14 210
14 217
14 218
14 226
14 229
14 234
14 237
14 244
15 128
15 130
15 133
15 136
15 279
15 140
15 271
15 272
15 43
15 274
15 131
15 269
15 171
15 278
15 23
15 152
15 281
15 282
15 27
15 284
15 159
15 160
15 197
15 163
15 36
15 37
15 167
15 129
15 42
15 135
15 257
15 46
15 50
15 179
15 54
15 183
15 57
15 59
15 273
15 191
15 66
15 67
15 182
15 71
15 200
15 168
15 241
15 76
15 78
15 207
15 245
15 81
15 83
15 88
15 164
15 216
15 199
15 223
15 224
15 225
15 98
15 99
15 100
15 293
15 230
15 231
15 104
15 105
15 237
15 110
15 113
15 242
15 117
15 118
15 247
15 248
15 121
15 250
15 252
16 230
16 299
16 132
16 133
16 262
16 135
16 264
16 137
16 261
16 143
16 272
16 18
16 19
16 269
16 174
16 278
16 279
16 152
16 26
16 155
16 286
16 159
16 35
16 164
16 167
16 40
16 291
16 171
16 45
16 46
16 48
16 178
16 179
16 53
16 219
16 241
16 283
16 59
16 266
16 62
16 245
16 65
16 67
16 197
16 70
16 233
16 72
16 73
16 202
16 75
16 76
16 206
16 79
16 208
16 248
16 82
16 163
16 139
16 89
16 218
16 91
16 92
16 297
16 95
16 97
16 226
16 187
16 229
16 102
16 231
16 105
16 295
16 239
16 240
16 168
16 244
16 117
16 119
16 120
16 125
16 255
17 264
17 273
17 274
17 276
17 23
17 282
17 284
17 29
17 32
17 33
17 38
17 295
17 298
17 263
17 46
17 48
17 49
17 50
17 53
17 56
17 63
17 68
17 69
17 70
17 71
17 75
17 76
17 77
17 79
17 81
17 93
17 94
17 95
17 99
17 103
17 105
17 106
17 109
17 116
17 118
17 119
17 123
17 125
17 126
17 132
17 135
17 144
17 146
17 147
17 149
17 26
17 158
17 289
17 165
17 169
17 177
17 179
17 183
17 188
17 189
17 196
17 199
17 203
17 205
17 206
17 207
17 210
17 211
17 214
17 216
17 217
17 218
17 219
17 220
17 228
17 229
17 233
17 235
17 237
17 240
17 244
17 247
17 249
17 254
17 255
18 259
18 261
18 266
18 268
18 19
18 280
18 290
18 27
18 28
18 30
18 31
18 34
18 35
18 37
18 40
18 50
18 51
18 52
18 265
18 56
18 58
18 61
18 62
18 63
18 64
18 66
18 70
18 71
18 73
18 76
18 80
18 82
18 84
18 86
18 88
18 89
18 92
18 272
18 103
18 105
18 109
18 110
18 113
18 115
18 116
18 117
18 121
18 126
18 134
18 135
18 136
18 139
18 149
18 151
18 155
18 157
18 158
18 161
18 162
18 164
18 166
18 167
18 172
18 174
18 177
18 182
18 183
18 287
18 188
18 194
18 195
18 196
18 197
18 205
18 206
18 210
18 291
18 215
18 222
18 225
18 227
18 229
18 230
18 231
18 236
18 237
18 240
18 248
18 249
19 265
19 271
19 275
19 277
19 278
19 279
19 25
19 27
19 285
19 286
19 32
19 33
19 35
19 36
19 37
19 38
19 39
19 40
19 42
19 44
19 45
19 48
19 49
19 57
19 58
19 62
19 63
19 65
19 66
19 73
19 74
19 86
19 87
19 91
19 95
19 99
19 103
19 109
19 113
19 114
19 115
19 117
19 120
19 123
19 125
19 126
19 128
19 130
19 132
19 133
19 136
19 138
19 139
19 140
19 141
19 147
19 148
19 149
19 150
19 151
19 153
19 156
19 295
19 283
19 165
19 168
19 174
19 177
19 188
19 189
19 191
19 288
19 194
19 196
19 197
19 199
19 203
19 207
19 210
19 211
19 213
19 294
19 235
19 241
19 242
19 243
19 249
19 252
19 264
20 299
20 260
20 261
20 262
20 257
20 264
20 265
20 267
20 269
20 274
20 23
20 281
20 282
20 29
20 32
20 33
20 34
20 35
20 37
20 38
20 295
20 40
20 41
20 43
20 44
20 57
20 60
20 62
20 65
20 66
20 70
20 72
20 80
20 85
20 89
20 90
20 96
20 97
20 98
20 99
20 100
20 101
20 105
20 106
20 113
20 115
20 116
20 120
20 130
20 131
20 133
20 138
20 279
20 141
20 142
20 146
20 151
20 152
20 153
20 155
20 156
20 158
20 160
20 161
20 163
20 165
20 169
20 170
20 178
20 184
20 186
20 193
20 194
20 198
20 203
20 206
20 288
20 209
20 214
20 217
20 220
20 263
20 227
20 294
20 230
20 231
20 233
20 234
20 237
20 238
20 239
20 240
20 242
20 245
20 246
20 247
20 252
20 254
21 256
21 213
21 133
21 263
21 184
21 138
21 139
21 271
21 144
21 274
21 147
21 148
21 149
21 151
21 154
21 175
21 291
21 26
21 30
21 159
21 160
21 161
21 34
21 163
21 36
21 37
21 177
21 40
21 41
21 44
21 173
21 174
21 47
21 49
21 270
21 172
21 52
21 261
21 56
21 185
21 186
21 287
21 60
21 192
21 279
21 267
21 197
21 71
21 202
21 205
21 78
21 80
21 81
21 82
21 211
21 142
21 214
21 216
21 90
21 286
21 250
21 222
21 272
21 100
21 101
21 234
21 295
21 289
21 239
21 112
21 241
21 275
21 246
21 119
21 120
21 249
21 122
21 85
22 259
22 264
22 266
22 268
22 273
22 275
22 277
22 23
22 24
22 281
22 27
22 29
22 288
22 290
22 291
22 37
22 40
22 263
22 46
22 50
22 51
22 52
22 53
22 55
22 58
22 61
22 62
22 65
22 67
22 72
22 73
22 79
22 81
22 270
22 87
22 89
22 91
22 96
22 98
22 100
22 104
22 105
22 107
22 110
22 112
22 115
22 116
22 119
22 120
22 122
22 124
22 125
22 127
22 133
22 136
22 138
22 146
22 148
22 150
22 159
22 162
22 164
22 165
22 166
22 169
22 173
22 285
22 176
22 179
22 180
22 185
22 191
22 196
22 197
22 202
22 204
22 207
22 208
22 212
22 217
22 220
22 222
22 223
22 225
22 229
22 230
22 233
22 235
22 237
22 238
22 240
22 242
22 245
22 247
22 250
22 254
23 256
23 257
23 265
23 267
23 272
23 277
23 25
23 284
23 30
23 287
23 291
23 36
23 293
23 296
23 297
23 42
23 299
23 44
23 45
23 264
23 51
23 53
23 58
23 59
23 70
23 72
23 78
23 79
23 84
23 87
23 88
23 89
23 90
23 100
23 104
23 106
23 110
23 111
23 113
23 115
23 117
23 128
23 138
23 139
23 144
23 149
23 150
23 154
23 164
23 166
23 172
23 174
23 175
23 179
23 286
23 182
23 188
23 193
23 195
23 198
23 200
23 202
23 204
23 207
23 210
23 211
23 213
23 214
23 215
23 217
23 220
23 221
23 222
23 223
23 229
23 232
23 233
23 234
23 238
23 244
23 246
23 247
23 249
24 129
24 130
24 43
24 132
24 150
24 266
24 290
24 142
24 272
24 273
24 146
24 148
24 153
24 25
24 26
24 27
24 156
24 154
24 286
24 31
24 32
24 133
24 162
24 163
24 261
24 166
24 39
24 296
24 284
24 42
24 135
24 45
24 223
24 221
24 49
24 50
24 179
24 183
24 58
24 187
24 61
24 62
24 63
24 160
24 70
24 161
24 72
24 201
24 202
24 75
24 204
24 77
24 291
24 208
24 294
24 83
24 86
24 215
24 278
24 89
24 91
24 220
24 93
24 222
24 95
24 229
24 100
24 101
24 104
24 233
24 295
24 236
24 191
24 238
24 189
24 242
24 245
24 297
24 249
24 123
24 200
24 264
25 128
25 256
25 131
25 262
25 137
25 267
25 140
25 142
25 282
25 145
25 286
25 276
25 149
25 281
25 26
25 155
25 28
25 154
25 158
25 31
25 288
25 33
25 162
25 163
25 165
25 166
25 39
25 296
25 41
25 299
25 44
25 45
25 174
25 47
25 49
25 50
25 280
25 53
25 265
25 56
25 57
25 186
25 61
25 181
25 175
25 67
25 161
25 194
25 177
25 275
25 75
25 290
25 206
25 79
25 83
25 185
25 88
25 217
25 220
25 94
25 293
25 97
25 251
25 100
25 230
25 195
25 178
25 273
25 233
25 108
25 111
25 112
25 115
25 116
25 117
25 157
25 249
25 191
25 277
26 128
26 129
26 130
26 131
26 133
26 134
26 236
26 213
26 143
26 146
26 151
26 239
26 158
26 261
26 288
26 161
26 290
26 35
26 292
26 293
26 166
26 39
26 40
26 291
26 299
26 45
26 142
26 287
26 177
26 50
26 51
26 181
26 54
26 137
26 185
26 223
26 60
26 62
26 63
26 279
26 68
26 198
26 200
26 201
26 74
26 205
26 207
26 208
26 81
26 82
26 237
26 85
26 249
26 88
26 90
26 95
26 96
26 98
26 99
26 102
26 104
26 108
26 210
26 174
26 296
26 115
26 190
26 268
26 251
26 153
26 121
26 250
26 191
26 281
26 125
26 127
27 259
27 261
27 268
27 277
27 279
27 29
27 32
27 34
27 291
27 36
27 293
27 294
27 40
27 298
27 299
27 45
27 50
27 51
27 55
27 56
27 57
27 266
27 65
27 66
27 267
27 71
27 72
27 73
27 76
27 79
27 83
27 89
27 90
27 271
27 98
27 106
27 107
27 274
27 61
27 113
27 116
27 118
27 120
27 125
27 126
27 129
27 131
27 278
27 134
27 137
27 280
27 150
27 152
27 162
27 167
27 168
27 171
27 172
27 174
27 285
27 180
27 183
27 185
27 189
27 190
27 288
27 195
27 197
27 198
27 202
27 207
27 209
27 210
27 215
27 218
27 224
27 227
27 231
27 233
27 237
27 239
27 243
27 244
27 245
27 253
28 266
28 258
28 270
28 271
28 272
28 275
28 277
28 280
28 29
28 286
28 33
28 290
28 291
28 36
28 293
28 39
28 40
28 41
28 44
28 49
28 53
28 54
28 55
28 59
28 60
28 267
28 285
28 71
28 73
28 77
28 80
28 91
28 93
28 103
28 104
28 105
28 111
28 116
28 117
28 268
28 121
28 122
28 124
28 127
28 128
28 129
28 134
28 138
28 139
28 144
28 146
28 147
28 148
28 155
28 160
28 163
28 165
28 166
28 168
28 170
28 172
28 173
28 175
28 176
28 178
28 183
28 187
28 189
28 199
28 201
28 207
28 210
28 217
28 218
28 219
28 221
28 227
28 229
28 234
28 295
28 237
28 240
28 242
28 244
28 245
28 247
28 264
29 256
29 258
29 263
29 271
29 274
29 281
29 287
29 288
29 290
29 37
29 297
29 42
29 46
29 51
29 54
29 57
29 63
29 64
29 66
29 67
29 72
29 74
29 75
29 77
29 81
29 88
29 91
29 94
29 95
29 101
29 102
29 105
29 106
29 108
29 109
29 112
29 118
29 119
29 125
29 126
29 133
29 134
29 141
29 145
29 149
29 151
29 152
29 155
29 158
29 159
29 278
29 165
29 170
29 171
29 178
29 181
29 183
29 184
29 187
29 191
29 192
29 193
29 194
29 195
29 196
29 202
29 204
29 206
29 207
29 210
29 214
29 216
29 217
29 219
29 293
29 233
29 235
29 237
29 240
29 241
29 242
29 247
29 298
29 254
30 261
30 262
30 264
30 271
30 278
30 280
30 281
30 287
30 32
30 290
30 291
30 292
30 294
30 298
30 299
30 47
30 49
30 51
30 52
30 53
30 55
30 58
30 62
30 64
30 65
30 66
30 267
30 68
30 70
30 74
30 75
30 76
30 80
30 87
30 88
30 93
30 94
30 96
30 99
30 101
30 106
30 115
30 117
30 120
30 122
30 123
30 124
30 126
30 277
30 129
30 131
30 133
30 137
30 279
30 143
30 145
30 147
30 154
30 155
30 157
30 161
30 162
30 166
30 169
30 170
30 174
30 183
30 185
30 190
30 191
30 197
30 203
30 210
30 212
30 215
30 220
30 67
30 229
30 232
30 236
30 237
30 241
30 244
30 246
30 250
30 253
31 259
31 268
31 269
31 270
31 272
31 273
31 276
31 286
31 32
31 33
31 292
31 294
31 295
31 42
31 299
31 44
31 46
31 49
31 54
31 58
31 59
31 266
31 64
31 71
31 72
31 73
31 79
31 81
31 84
31 92
31 93
31 97
31 103
31 111
31 119
31 121
31 124
31 130
31 138
31 139
31 140
31 141
31 144
31 145
31 148
31 151
31 155
31 158
31 160
31 163
31 165
31 171
31 172
31 177
31 181
31 182
31 183
31 185
31 187
31 192
31 193
31 194
31 200
31 203
31 210
31 212
31 214
31 218
31 226
31 227
31 232
31 233
31 239
31 240
31 243
31 245
31 251
31 252
31 298
32 133
32 145
32 140
32 141
32 142
32 237
32 146
32 178
32 277
32 153
32 282
32 157
32 274
32 162
32 37
32 295
32 168
32 41
32 170
32 263
32 173
32 49
32 50
32 53
32 57
32 189
32 181
32 275
32 288
32 67
32 70
32 158
32 72
32 201
32 258
32 76
32 78
32 269
32 208
32 81
32 82
32 211
32 84
32 214
32 88
32 152
32 91
32 220
32 93
32 95
32 224
32 97
32 148
32 212
32 229
32 102
32 103
32 233
32 106
32 236
32 200
32 113
32 114
32 115
32 116
32 245
32 246
32 297
32 121
32 250
32 124
32 165
33 259
33 260
33 263
33 272
33 274
33 285
33 37
33 40
33 298
33 299
33 44
33 54
33 265
33 57
33 62
33 63
33 65
33 70
33 256
33 73
33 74
33 77
33 80
33 81
33 84
33 86
33 87
33 91
33 95
33 96
33 97
33 98
33 102
33 103
33 105
33 106
33 108
33 111
33 113
33 115
33 117
33 268
33 120
33 122
33 125
33 128
33 138
33 139
33 140
33 141
33 143
33 147
33 148
33 157
33 159
33 160
33 162
33 163
33 164
33 171
33 176
33 180
33 191
33 193
33 194
33 195
33 197
33 201
33 204
33 211
33 212
33 215
33 222
33 240
33 245
33 250
34 171
34 262
34 135
34 136
34 265
34 266
34 139
34 140
34 141
34 142
34 143
34 272
34 147
34 281
34 153
34 179
34 287
34 160
34 295
34 35
34 292
34 37
34 39
34 298
34 43
34 45
34 174
34 175
34 176
34 178
34 51
34 52
34 53
34 56
34 186
34 65
34 194
34 70
34 72
34 73
34 202
34 203
34 206
34 207
34 271
34 209
34 210
34 83
34 85
34 214
34 87
34 228
34 218
34 219
34 222
34 165
34 263
34 99
34 100
34 293
34 102
34 103
34 104
34 231
34 108
34 243
34 244
34 117
34 118
34 248
34 276
34 122
34 251
34 125
34 126
35 263
35 271
35 273
35 277
35 290
35 36
35 37
35 298
35 55
35 59
35 71
35 74
35 78
35 79
35 81
35 85
35 88
35 98
35 99
35 292
35 102
35 113
35 275
35 118
35 122
35 124
35 125
35 131
35 136
35 137
35 141
35 142
35 143
35 282
35 147
35 269
35 149
35 155
35 157
35 158
35 159
35 160
35 161
35 162
35 163
35 164
35 166
35 168
35 177
35 183
35 184
35 187
35 189
35 190
35 191
35 200
35 201
35 205
35 208
35 209
35 217
35 218
35 219
35 220
35 221
35 222
35 225
35 227
35 229
35 231
35 233
35 237
35 252
35 254
36 263
36 266
36 268
36 273
36 274
36 280
36 260
36 282
36 286
36 261
36 37
36 38
36 40
36 297
36 298
36 44
36 49
36 53
36 283
36 57
36 61
36 63
36 67
36 69
36 275
36 77
36 78
36 86
36 87
36 89
36 271
36 92
36 94
36 98
36 99
36 101
36 102
36 259
36 105
36 106
36 115
36 117
36 119
36 122
36 127
36 133
36 134
36 137
36 139
36 143
36 149
36 150
36 152
36 153
36 157
36 158
36 159
36 163
36 284
36 174
36 175
36 176
36 177
36 91
36 179
36 184
36 188
36 190
36 192
36 195
36 196
36 197
36 198
36 203
36 205
36 216
36 219
36 223
36 224
36 231
36 236
36 248
36 293
36 255
37 259
37 261
37 264
37 266
37 290
37 275
37 280
37 260
37 293
37 40
37 42
37 299
37 45
37 46
37 48
37 53
37 65
37 66
37 77
37 79
37 84
37 87
37 90
37 91
37 94
37 102
37 104
37 106
37 107
37 109
37 110
37 285
37 119
37 120
37 276
37 123
37 126
37 127
37 128
37 129
37 115
37 277
37 138
37 141
37 145
37 146
37 152
37 157
37 158
37 159
37 162
37 165
37 167
37 172
37 175
37 177
37 179
37 188
37 197
37 198
37 205
37 211
37 215
37 292
37 218
37 219
37 221
37 224
37 228
37 230
37 233
37 235
37 243
37 247
37 248
37 252
37 254
38 258
38 259
38 132
38 179
38 134
38 128
38 268
38 256
38 222
38 149
38 279
38 152
38 153
38 260
38 157
38 159
38 161
38 162
38 262
38 39
38 168
38 169
38 170
38 171
38 47
38 270
38 51
38 181
38 183
38 57
38 186
38 287
38 202
38 62
38 296
38 192
38 261
38 246
38 211
38 289
38 200
38 201
38 74
38 241
38 78
38 269
38 83
38 212
38 85
38 88
38 292
38 216
38 94
38 95
38 228
38 101
38 102
38 103
38 104
38 106
38 235
38 281
38 112
38 232
38 147
38 244
38 118
38 119
38 248
38 148
38 250
38 123
38 276
38 253
38 213
39 256
39 260
39 266
39 267
39 268
39 272
39 274
39 276
39 279
39 287
39 289
39 291
39 299
39 45
39 48
39 49
39 51
39 56
39 59
39 60
39 62
39 66
39 70
39 73
39 80
39 86
39 89
39 92
39 93
39 95
39 100
39 101
39 102
39 105
39 108
39 109
39 111
39 275
39 120
39 122
39 123
39 125
39 127
39 129
39 132
39 133
39 137
39 138
39 141
39 143
39 147
39 151
39 155
39 158
39 160
39 163
39 166
39 169
39 176
39 177
39 180
39 186
39 194
39 207
39 208
39 209
39 211
39 213
39 215
39 216
39 223
39 224
39 225
39 229
39 237
39 240
39 244
39 246
39 247
39 248
39 252
39 254
40 256
40 261
40 263
40 264
40 268
40 285
40 291
40 41
40 298
40 45
40 48
40 50
40 59
40 60
40 61
40 65
40 70
40 74
40 75
40 78
40 79
40 80
40 85
40 90
40 92
40 93
40 98
40 100
40 101
40 102
40 103
40 259
40 106
40 107
40 111
40 112
40 115
40 116
40 117
40 118
40 120
40 122
40 126
40 127
40 129
40 131
40 141
40 145
40 148
40 154
40 155
40 159
40 161
40 164
40 169
40 183
40 185
40 186
40 188
40 189
40 191
40 192
40 262
40 195
40 198
40 200
40 207
40 209
40 210
40 212
40 220
40 221
40 224
40 227
40 228
40 239
40 248
40 251
40 254
41 258
41 259
41 260
41 262
41 266
41 268
41 283
41 261
41 291
41 292
41 293
41 298
41 45
41 48
41 50
41 57
41 59
41 63
41 64
41 65
41 67
41 70
41 71
41 72
41 73
41 78
41 79
41 80
41 82
41 83
41 84
41 88
41 93
41 95
41 96
41 102
41 104
41 105
41 106
41 107
41 109
41 110
41 111
41 113
41 116
41 123
41 277
41 128
41 131
41 138
41 145
41 147
41 269
41 153
41 154
41 156
41 160
41 165
41 168
41 170
41 175
41 177
41 179
41 183
41 186
41 189
41 192
41 194
41 196
41 205
41 208
41 212
41 221
41 226
41 228
41 231
41 234
41 237
41 238
41 242
41 249
41 250
41 251
41 253
41 255
42 243
42 130
42 214
42 134
42 193
42 138
42 139
42 144
42 273
42 146
42 150
42 153
42 155
42 230
42 163
42 164
42 168
42 169
42 298
42 257
42 151
42 47
42 244
42 49
42 50
42 179
42 53
42 54
42 184
42 185
42 58
42 60
42 189
42 190
42 63
42 181
42 194
42 67
42 147
42 69
42 70
42 275
42 73
42 258
42 261
42 226
42 206
42 142
42 86
42 89
42 285
42 92
42 95
42 97
42 98
42 99
42 101
42 102
42 178
42 234
42 235
42 109
42 272
42 115
42 116
42 254
42 119
42 249
42 255
42 213
42 195
43 258
43 267
43 268
43 270
43 274
43 259
43 278
43 279
43 283
43 284
43 286
43 291
43 292
43 298
43 299
43 44
43 46
43 48
43 51
43 52
43 54
43 55
43 57
43 59
43 65
43 79
43 82
43 83
43 84
43 97
43 98
43 275
43 116
43 118
43 276
43 122
43 125
43 127
43 131
43 132
43 135
43 136
43 138
43 139
43 140
43 144
43 145
43 146
43 269
43 149
43 152
43 161
43 162
43 165
43 168
43 171
43 173
43 175
43 179
43 181
43 183
43 185
43 186
43 187
43 189
43 191
43 192
43 193
43 203
43 290
43 208
43 215
43 216
43 217
43 218
43 220
43 257
43 223
43 224
43 225
43 236
43 239
43 241
43 242
43 243
43 249
44 261
44 263
44 268
44 274
44 285
44 293
44 296
44 48
44 49
44 50
44 53
44 265
44 59
44 62
44 65
44 68
44 71
44 72
44 55
44 77
44 79
44 82
44 284
44 87
44 91
44 95
44 96
44 103
44 106
44 111
44 117
44 124
44 277
44 135
44 137
44 138
44 152
44 154
44 155
44 160
44 163
44 166
44 169
44 170
44 172
44 175
44 179
44 180
44 188
44 191
44 194
44 195
44 196
44 197
44 199
44 202
44 203
44 75
44 215
44 220
44 223
44 226
44 229
44 230
44 127
44 210
44 238
44 239
44 240
44 245
44 249
44 251
44 252
44 253
45 260
45 133
45 263
45 137
45 138
45 279
45 141
45 270
45 148
45 277
45 152
45 265
45 157
45 286
45 176
45 155
45 164
45 298
45 171
45 174
45 47
45 48
45 177
45 219
45 183
45 58
45 59
45 188
45 61
45 262
45 65
45 66
45 195
45 68
45 197
45 71
45 200
45 201
45 175
45 248
45 210
45 291
45 215
45 89
45 218
45 91
45 220
45 223
45 272
45 226
45 292
45 273
45 104
45 106
45 110
45 111
45 112
45 113
45 242
45 118
45 120
45 122
45 123
45 234
46 258
46 277
46 279
46 280
46 260
46 284
46 288
46 292
46 297
46 49
46 50
46 52
46 53
46 54
46 265
46 56
46 58
46 60
46 267
46 68
46 70
46 74
46 75
46 76
46 77
46 78
46 79
46 83
46 84
46 86
46 93
46 96
46 101
46 102
46 273
46 108
46 109
46 114
46 116
46 128
46 129
46 132
46 133
46 135
46 136
46 139
46 148
46 151
46 154
46 159
46 160
46 278
46 163
46 170
46 172
46 176
46 178
46 183
46 186
46 287
46 193
46 194
46 196
46 199
46 214
46 217
46 218
46 222
46 293
46 269
46 230
46 232
46 252
46 241
46 245
46 247
46 281
47 128
47 196
47 133
47 260
47 142
47 173
47 294
47 274
47 298
47 150
47 153
47 152
47 154
47 282
47 261
47 295
47 290
47 291
47 164
47 165
47 49
47 169
47 135
47 174
47 221
47 48
47 136
47 180
47 158
47 54
47 265
47 58
47 287
47 190
47 181
47 65
47 194
47 195
47 68
47 197
47 198
47 71
47 72
47 73
47 202
47 76
47 205
47 214
47 87
47 271
47 186
47 199
47 223
47 96
47 227
47 256
47 293
47 103
47 232
47 105
47 277
47 107
47 238
47 244
47 286
47 297
47 251
47 200
47 125
47 299
47 255
48 259
48 260
48 261
48 266
48 274
48 278
48 286
48 288
48 294
48 298
48 49
48 50
48 53
48 60
48 66
48 67
48 71
48 75
48 80
48 82
48 83
48 93
48 272
48 98
48 103
48 109
48 113
48 114
48 127
48 128
48 131
48 132
48 135
48 141
48 147
48 148
48 152
48 153
48 157
48 161
48 163
48 164
48 167
48 178
48 182
48 183
48 185
48 296
48 191
48 193
48 197
48 199
48 200
48 204
48 205
48 212
48 214
48 224
48 232
48 233
48 234
48 237
48 239
48 241
48 242
48 245
48 246
48 297
48 250
48 251
48 255
49 256
49 257
49 260
49 269
49 272
49 274
49 278
49 283
49 285
49 289
49 297
49 299
49 264
49 50
49 60
49 62
49 66
49 70
49 77
49 84
49 87
49 91
49 92
49 93
49 97
49 99
49 106
49 109
49 115
49 116
49 117
49 127
49 131
49 134
49 136
49 143
49 145
49 152
49 153
49 158
49 161
49 167
49 170
49 171
49 175
49 178
49 179
49 182
49 188
49 192
49 288
49 194
49 196
49 198
49 199
49 207
49 208
49 212
49 214
49 221
49 223
49 224
49 233
49 234
49 236
49 238
49 239
49 247
49 251
49 252
49 298
49 254
50 259
50 257
50 266
50 294
50 52
50 56
50 57
50 59
50 61
50 63
50 66
50 68
50 69
50 70
50 71
50 268
50 75
50 76
50 77
50 92
50 98
50 100
50 103
50 105
50 106
50 107
50 108
50 109
50 115
50 117
50 120
50 122
50 123
50 124
50 128
50 129
50 130
50 282
50 132
50 135
50 136
50 139
50 142
50 144
50 151
50 153
50 156
50 157
50 158
50 164
50 167
50 168
50 169
50 171
50 172
50 173
50 174
50 176
50 178
50 183
50 190
50 288
50 194
50 200
50 204
50 207
50 211
50 218
50 223
50 224
50 225
50 230
50 234
50 235
50 237
50 239
50 242
50 245
50 247
50 298
50 252
50 253
51 130
51 299
51 196
51 133
51 262
51 151
51 288
51 258
51 143
51 272
51 280
51 238
51 137
51 153
51 265
51 214
51 264
51 296
51 173
51 136
51 179
51 158
51 54
51 55
51 244
51 189
51 63
51 64
51 193
51 68
51 70
51 201
51 183
51 77
51 79
51 80
51 81
51 82
51 83
51 251
51 86
51 87
51 218
51 91
51 221
51 279
51 224
51 208
51 226
51 227
51 228
51 229
51 103
51 232
51 236
51 237
51 110
51 112
51 150
51 246
51 247
51 120
51 121
51 123
51 124
51 125
51 126
51 127
52 256
52 263
52 267
52 272
52 259
52 276
52 284
52 287
52 288
52 293
52 294
52 295
52 298
52 58
52 61
52 62
52 64
52 66
52 68
52 73
52 74
52 75
52 76
52 82
52 84
52 85
52 90
52 93
52 94
52 100
52 102
52 103
52 106
52 274
52 111
52 115
52 118
52 121
52 277
52 130
52 132
52 133
52 135
52 137
52 138
52 140
52 153
52 154
52 164
52 169
52 171
52 174
52 175
52 176
52 179
52 180
52 184
52 190
52 198
52 200
52 201
52 202
52 203
52 204
52 214
52 215
52 217
52 225
52 230
52 231
52 236
52 237
52 242
52 244
52 248
52 249
52 127
52 252
52 254
53 256
53 257
53 259
53 260
53 264
53 271
53 276
53 282
53 291
53 263
53 55
53 288
53 63
53 267
53 69
53 70
53 72
53 88
53 90
53 93
53 94
53 95
53 272
53 99
53 102
53 103
53 109
53 110
53 112
53 113
53 114
53 120
53 121
53 122
53 123
53 125
53 299
53 130
53 135
53 138
53 279
53 265
53 143
53 148
53 153
53 154
53 157
53 159
53 163
53 284
53 170
53 175
53 286
53 184
53 187
53 188
53 190
53 193
53 195
53 197
53 202
53 205
53 206
53 207
53 213
53 216
53 292
53 225
53 226
53 229
53 231
53 233
53 240
53 241
53 245
53 246
53 247
53 250
54 259
54 260
54 262
54 268
54 276
54 280
54 291
54 295
54 297
54 265
54 57
54 59
54 67
54 68
54 73
54 76
54 269
54 82
54 84
54 270
54 88
54 90
54 91
54 93
54 98
54 99
54 100
54 104
54 105
54 111
54 118
54 127
54 136
54 138
54 139
54 144
54 148
54 150
54 151
54 153
54 155
54 158
54 164
54 166
54 167
54 170
54 175
54 176
54 179
54 180
54 184
54 185
54 186
54 287
54 189
54 194
54 195
54 197
54 201
54 203
54 206
54 209
54 211
54 213
54 215
54 216
54 219
54 221
54 222
54 225
54 229
54 230
54 232
54 233
54 247
54 298
54 253
54 254
55 264
55 266
55 267
55 269
55 270
55 274
55 275
55 277
55 279
55 281
55 287
55 66
55 67
55 69
55 71
55 72
55 76
55 78
55 80
55 82
55 83
55 91
55 93
55 94
55 98
55 101
55 104
55 108
55 110
55 112
55 114
55 117
55 123
55 127
55 128
55 129
55 132
55 139
55 141
55 142
55 149
55 151
55 154
55 156
55 160
55 283
55 167
55 170
55 171
55 172
55 173
55 175
55 176
55 179
55 180
55 286
55 184
55 185
55 187
55 191
55 194
55 196
55 201
55 205
55 213
55 220
55 225
55 226
55 228
55 229
55 230
55 238
55 251
55 252
55 255
56 258
56 259
56 261
56 268
56 272
56 280
56 282
56 289
56 291
56 294
56 297
56 60
56 61
56 63
56 65
56 76
56 77
56 85
56 86
56 87
56 88
56 89
56 93
56 96
56 97
56 102
56 104
56 107
56 108
56 112
56 113
56 115
56 120
56 122
56 123
56 125
56 277
56 131
56 134
56 135
56 137
56 138
56 141
56 146
56 149
56 281
56 154
56 157
56 160
56 161
56 162
56 165
56 167
56 170
56 172
56 173
56 175
56 177
56 179
56 185
56 186
56 190
56 195
56 198
56 200
56 201
56 205
56 207
56 208
56 210
56 215
56 217
56 221
56 228
56 230
56 233
56 237
56 242
56 243
56 246
56 247
57 214
57 270
57 269
57 256
57 294
57 146
57 149
57 150
57 152
57 260
57 159
57 163
57 167
57 296
57 170
57 298
57 175
57 264
57 179
57 201
57 187
57 190
57 66
57 67
57 68
57 197
57 198
57 161
57 73
57 202
57 75
57 206
57 208
57 81
57 82
57 291
57 213
57 203
57 215
57 88
57 143
57 92
57 93
57 234
57 95
57 99
57 101
57 231
57 259
57 196
57 289
57 240
57 221
57 116
57 245
57 248
57 121
57 251
57 124
57 125
57 254
58 214
58 136
58 137
58 267
58 140
58 141
58 269
58 277
58 260
58 282
58 155
58 156
58 157
58 160
58 197
58 163
58 292
58 293
58 167
58 129
58 172
58 287
58 243
58 286
58 187
58 60
58 189
58 193
58 67
58 69
58 198
58 199
58 201
58 202
58 75
58 205
58 79
58 208
58 81
58 83
58 85
58 86
58 88
58 90
58 92
58 96
58 226
58 209
58 232
58 105
58 234
58 107
58 203
58 146
58 168
58 147
58 117
58 246
58 119
58 248
58 250
58 170
58 126
59 299
59 257
59 265
59 280
59 281
59 282
59 288
59 294
59 261
59 266
59 63
59 64
59 66
59 70
59 73
59 80
59 81
59 82
59 85
59 89
59 90
59 92
59 95
59 99
59 111
59 112
59 113
59 115
59 125
59 128
59 131
59 133
59 134
59 142
59 146
59 147
59 148
59 149
59 161
59 164
59 168
59 173
59 176
59 183
59 186
59 187
59 193
59 200
59 202
59 206
59 208
59 211
59 214
59 217
59 219
59 263
59 228
59 231
59 233
59 235
59 236
59 237
59 248
59 251
59 252
59 253
59 254
59 255
60 264
60 260
60 283
60 287
60 291
60 265
60 266
60 62
60 66
60 73
60 85
60 86
60 89
60 93
60 94
60 95
60 98
60 99
60 103
60 105
60 106
60 107
60 112
60 113
60 115
60 116
60 117
60 122
60 127
60 128
60 138
60 142
60 143
60 144
60 146
60 153
60 154
60 157
60 160
60 163
60 166
60 168
60 169
60 177
60 179
60 184
60 186
60 190
60 191
60 193
60 194
60 197
60 198
60 202
60 208
60 209
60 210
60 212
60 214
60 215
60 218
60 221
60 222
60 224
60 226
60 232
60 235
60 236
60 242
60 247
60 248
60 250
60 298
60 253
60 254
60 255
61 256
61 265
61 269
61 276
61 277
61 288
61 289
61 294
61 298
61 65
61 66
61 68
61 70
61 268
61 77
61 80
61 82
61 84
61 85
61 94
61 96
61 101
61 104
61 106
61 108
61 274
61 111
61 113
61 115
61 116
61 117
61 120
61 127
61 130
61 136
61 140
61 141
61 143
61 144
61 146
61 148
61 149
61 151
61 155
61 158
61 159
61 160
61 283
61 165
61 172
61 174
61 182
61 183
61 185
61 186
61 193
61 196
61 199
61 205
61 207
61 210
61 212
61 213
61 218
61 219
61 227
61 232
61 234
61 237
61 247
61 249
61 255
62 260
62 266
62 271
62 277
62 284
62 291
62 296
62 299
62 72
62 78
62 83
62 84
62 270
62 86
62 88
62 98
62 105
62 106
62 108
62 274
62 115
62 117
62 119
62 276
62 122
62 123
62 126
62 127
62 129
62 131
62 139
62 140
62 141
62 144
62 286
62 149
62 151
62 153
62 159
62 160
62 173
62 178
62 180
62 181
62 182
62 184
62 186
62 190
62 191
62 192
62 194
62 195
62 201
62 204
62 205
62 206
62 207
62 208
62 211
62 213
62 217
62 219
62 226
62 239
62 245
62 247
62 248
62 252
62 253
63 261
63 266
63 267
63 269
63 278
63 284
63 288
63 291
63 293
63 294
63 67
63 292
63 72
63 76
63 83
63 84
63 270
63 88
63 89
63 93
63 106
63 274
63 110
63 112
63 275
63 116
63 119
63 120
63 121
63 122
63 125
63 136
63 137
63 143
63 144
63 148
63 150
63 152
63 153
63 154
63 155
63 157
63 158
63 159
63 162
63 163
63 167
63 168
63 172
63 174
63 178
63 115
63 183
63 189
63 193
63 197
63 289
63 213
63 214
63 216
63 217
63 218
63 219
63 224
63 227
63 230
63 232
63 238
63 240
63 243
63 297
63 248
63 254
63 255
64 262
64 264
64 265
64 270
64 259
64 276
64 277
64 279
64 288
64 293
64 298
64 71
64 75
64 79
64 80
64 81
64 82
64 84
64 88
64 90
64 93
64 95
64 97
64 99
64 100
64 102
64 105
64 106
64 108
64 109
64 110
64 275
64 285
64 119
64 121
64 123
64 124
64 125
64 126
64 129
64 115
64 132
64 138
64 141
64 146
64 148
64 149
64 150
64 153
64 156
64 159
64 160
64 161
64 167
64 175
64 287
64 179
64 286
64 182
64 184
64 187
64 188
64 189
64 191
64 192
64 194
64 195
64 197
64 199
64 200
64 207
64 211
64 218
64 220
64 229
64 230
64 238
64 245
64 247
64 255
65 256
65 299
65 267
65 274
65 283
65 282
65 285
65 288
65 292
65 294
65 71
65 286
65 73
65 74
65 269
65 81
65 84
65 85
65 86
65 89
65 94
65 95
65 101
65 103
65 107
65 108
65 110
65 111
65 121
65 122
65 270
65 125
65 132
65 134
65 135
65 138
65 139
65 144
65 145
65 146
65 149
65 150
65 152
65 153
65 156
65 158
65 159
65 160
65 161
65 163
65 168
65 170
65 171
65 172
65 175
65 176
65 178
65 179
65 181
65 182
65 184
65 186
65 190
65 192
65 195
65 201
65 204
65 209
65 211
65 214
65 216
65 219
65 221
65 222
65 224
65 227
65 232
65 233
65 238
65 244
66 257
66 267
66 263
66 68
66 69
66 71
66 72
66 74
66 78
66 84
66 92
66 93
66 95
66 96
66 98
66 100
66 103
66 108
66 110
66 115
66 116
66 119
66 276
66 122
66 123
66 125
66 130
66 132
66 133
66 134
66 139
66 141
66 144
66 145
66 146
66 147
66 148
66 153
66 154
66 155
66 156
66 160
66 162
66 283
66 166
66 169
66 171
66 172
66 173
66 179
66 180
66 286
66 183
66 185
66 186
66 191
66 194
66 195
66 201
66 206
66 215
66 221
66 222
66 293
66 228
66 233
66 234
66 295
66 237
66 239
66 240
66 244
66 245
66 249
66 252
66 255
67 260
67 263
67 268
67 273
67 284
67 289
67 293
67 294
67 295
67 292
67 79
67 81
67 85
67 91
67 95
67 97
67 100
67 107
67 108
67 109
67 114
67 115
67 116
67 118
67 120
67 121
67 123
67 126
67 129
67 131
67 133
67 135
67 138
67 140
67 141
67 143
67 145
67 146
67 147
67 281
67 159
67 160
67 278
67 164
67 167
67 169
67 171
67 174
67 175
67 178
67 180
67 182
67 183
67 184
67 190
67 196
67 199
67 201
67 202
67 205
67 207
67 210
67 211
67 212
67 216
67 217
67 223
67 229
67 232
67 239
67 243
67 245
67 248
67 251
68 256
68 131
68 260
68 261
68 254
68 265
68 267
68 173
68 294
68 274
68 150
68 151
68 225
68 153
68 155
68 218
68 159
68 288
68 289
68 162
68 163
68 165
68 166
68 295
68 297
68 298
68 171
68 181
68 192
68 196
68 197
68 71
68 72
68 201
68 202
68 76
68 205
68 206
68 207
68 81
68 210
68 84
68 185
68 90
68 286
68 220
68 221
68 94
68 97
68 226
68 100
68 101
68 103
68 107
68 236
68 109
68 111
68 112
68 116
68 117
68 118
68 119
68 120
68 121
68 252
68 126
69 259
69 263
69 266
69 272
69 275
69 276
69 280
69 281
69 285
69 286
69 287
69 290
69 293
69 299
69 70
69 74
69 75
69 78
69 79
69 80
69 84
69 270
69 86
69 89
69 91
69 96
69 100
69 101
69 103
69 108
69 110
69 116
69 123
69 126
69 132
69 134
69 136
69 137
69 142
69 143
69 146
69 147
69 150
69 154
69 158
69 164
69 165
69 169
69 170
69 175
69 177
69 179
69 180
69 183
69 187
69 188
69 190
69 197
69 198
69 199
69 203
69 206
69 212
69 220
69 221
69 223
69 224
69 225
69 229
69 231
69 232
69 237
69 243
69 245
69 248
69 249
69 251
69 254
70 257
70 266
70 278
70 283
70 287
70 291
70 293
70 73
70 74
70 77
70 79
70 80
70 88
70 90
70 94
70 98
70 101
70 102
70 105
70 106
70 114
70 116
70 118
70 120
70 122
70 125
70 128
70 129
70 137
70 138
70 142
70 145
70 146
70 147
70 148
70 151
70 155
70 156
70 157
70 158
70 161
70 162
70 163
70 169
70 172
70 173
70 183
70 184
70 188
70 189
70 210
70 212
70 216
70 217
70 220
70 280
70 223
70 224
70 233
70 295
70 237
70 296
70 242
70 243
70 250
70 253
70 255
71 256
71 201
71 132
71 262
71 135
71 297
71 236
71 279
71 269
71 150
71 151
71 280
71 153
71 154
71 286
71 176
71 162
71 163
71 227
71 193
71 222
71 182
71 283
71 189
71 190
71 246
71 73
71 74
71 75
71 77
71 207
71 208
71 81
71 156
71 83
71 290
71 215
71 265
71 271
71 254
71 94
71 165
71 225
71 99
71 100
71 102
71 209
71 105
71 107
71 108
71 210
71 111
71 116
71 245
71 118
71 247
71 231
71 249
71 123
71 124
71 183
71 126
71 149
72 256
72 262
72 265
72 273
72 275
72 282
72 286
72 292
72 296
72 298
72 74
72 77
72 82
72 83
72 85
72 94
72 96
72 98
72 100
72 101
72 102
72 103
72 105
72 118
72 120
72 123
72 125
72 126
72 127
72 132
72 135
72 136
72 140
72 141
72 144
72 145
72 149
72 150
72 151
72 155
72 158
72 162
72 169
72 172
72 174
72 180
72 181
72 287
72 195
72 197
72 199
72 202
72 207
72 212
72 214
72 215
72 220
72 221
72 280
72 227
72 230
72 232
72 237
72 238
72 239
72 243
72 247
72 248
72 250
73 257
73 265
73 267
73 277
73 279
73 281
73 282
73 285
73 292
73 293
73 266
73 79
73 81
73 86
73 87
73 88
73 90
73 95
73 256
73 101
73 102
73 103
73 106
73 274
73 116
73 117
73 125
73 126
73 128
73 129
73 132
73 278
73 135
73 144
73 152
73 156
73 162
73 283
73 170
73 172
73 179
73 182
73 185
73 187
73 188
73 189
73 190
73 194
73 196
73 200
73 201
73 207
73 208
73 211
73 212
73 215
73 218
73 222
73 223
73 226
73 229
73 231
73 233
73 236
73 237
73 241
73 297
73 253
73 254
73 255
74 261
74 262
74 265
74 266
74 271
74 277
74 260
74 284
74 290
74 292
74 295
74 77
74 79
74 84
74 88
74 91
74 95
74 97
74 101
74 102
74 106
74 108
74 112
74 116
74 118
74 123
74 124
74 127
74 130
74 132
74 135
74 139
74 141
74 142
74 143
74 144
74 147
74 148
74 149
74 153
74 154
74 156
74 157
74 158
74 160
74 171
74 174
74 285
74 286
74 185
74 191
74 193
74 194
74 196
74 197
74 198
74 206
74 208
74 211
74 213
74 215
74 217
74 225
74 230
74 231
74 236
74 247
74 250
74 252
74 253
74 255
75 256
75 259
75 262
75 269
75 270
75 275
75 278
75 279
75 283
75 284
75 287
75 290
75 291
75 265
75 268
75 77
75 78
75 79
75 82
75 85
75 87
75 88
75 92
75 93
75 96
75 272
75 100
75 273
75 108
75 111
75 112
75 113
75 116
75 121
75 123
75 126
75 129
75 130
75 131
75 133
75 134
75 136
75 137
75 141
75 144
75 280
75 147
75 152
75 154
75 158
75 169
75 172
75 173
75 176
75 179
75 286
75 185
75 193
75 194
75 195
75 198
75 199
75 201
75 207
75 209
75 210
75 211
75 213
75 218
75 221
75 226
75 229
75 235
75 238
75 241
75 247
75 250
75 254
76 261
76 264
76 267
76 256
76 275
76 280
76 285
76 289
76 291
76 293
76 294
76 295
76 299
76 77
76 79
76 82
76 83
76 84
76 270
76 89
76 271
76 95
76 96
76 98
76 101
76 104
76 108
76 111
76 118
76 119
76 120
76 123
76 124
76 125
76 127
76 130
76 131
76 135
76 136
76 137
76 138
76 141
76 143
76 145
76 146
76 148
76 149
76 151
76 152
76 155
76 165
76 169
76 171
76 172
76 177
76 189
76 190
76 195
76 197
76 200
76 201
76 204
76 205
76 210
76 213
76 216
76 218
76 226
76 235
76 236
76 239
76 248
76 251
76 85
77 265
77 276
77 281
77 282
77 287
77 290
77 291
77 296
77 78
77 79
77 81
77 82
77 88
77 90
77 92
77 94
77 95
77 100
77 102
77 103
77 104
77 106
77 109
77 111
77 119
77 122
77 123
77 127
77 129
77 130
77 132
77 133
77 134
77 137
77 138
77 139
77 147
77 148
77 150
77 257
77 161
77 162
77 164
77 169
77 170
77 273
77 177
77 179
77 186
77 187
77 189
77 193
77 194
77 200
77 201
77 203
77 204
77 210
77 215
77 292
77 218
77 220
77 221
77 223
77 224
77 225
77 228
77 232
77 233
77 236
77 246
77 251
78 128
78 256
78 258
78 299
78 132
78 262
78 243
78 266
78 269
78 142
78 144
78 147
78 278
78 152
78 154
78 155
78 133
78 220
78 298
78 263
78 172
78 173
78 177
78 179
78 192
78 139
78 199
78 275
78 140
78 239
78 268
78 83
78 212
78 86
78 215
78 88
78 89
78 228
78 92
78 297
78 222
78 95
78 226
78 227
78 100
78 103
78 233
78 234
78 235
78 110
78 174
78 240
78 238
78 242
78 211
78 117
78 118
78 119
78 120
78 124
78 125
78 254
79 256
79 258
79 263
79 271
79 276
79 282
79 284
79 289
79 294
79 266
79 81
79 84
79 85
79 86
79 87
79 90
79 91
79 92
79 93
79 94
79 95
79 103
79 106
79 109
79 118
79 119
79 120
79 130
79 132
79 260
79 135
79 142
79 157
79 158
79 159
79 160
79 165
79 166
79 169
79 171
79 179
79 181
79 183
79 184
79 185
79 187
79 189
79 190
79 193
79 196
79 199
79 202
79 209
79 214
79 215
79 216
79 220
79 293
79 228
79 230
79 233
79 237
79 238
79 239
79 296
79 297
79 249
79 254
80 128
80 192
80 258
80 259
80 132
80 179
80 230
80 135
80 136
80 139
80 142
80 239
80 150
80 151
80 280
80 154
80 155
80 157
80 159
80 197
80 283
80 261
80 295
80 257
80 189
80 178
80 182
80 244
80 138
80 289
80 202
80 203
80 204
80 205
80 291
80 208
80 82
80 211
80 87
80 88
80 218
80 222
80 99
80 100
80 101
80 102
80 231
80 106
80 167
80 108
80 112
80 241
80 242
80 115
80 116
80 117
80 148
80 251
80 124
80 234
80 276
81 256
81 277
81 261
81 134
81 193
81 138
81 141
81 144
81 205
81 275
81 218
81 283
81 156
81 290
81 164
81 168
81 170
81 176
81 178
81 188
81 190
81 198
81 233
81 206
81 271
81 210
81 291
81 267
81 90
81 91
81 220
81 221
81 95
81 251
81 145
81 161
81 234
81 236
81 238
81 111
81 244
81 245
81 246
81 119
81 248
81 123
81 124
81 254
81 127
82 128
82 130
82 264
82 265
82 139
82 141
82 143
82 131
82 276
82 150
82 151
82 280
82 175
82 284
82 154
82 286
82 133
82 176
82 162
82 164
82 157
82 177
82 178
82 261
82 186
82 160
82 196
82 279
82 201
82 288
82 248
82 282
82 83
82 84
82 86
82 185
82 217
82 271
82 221
82 94
82 95
82 96
82 97
82 227
82 231
82 105
82 171
82 272
82 239
82 240
82 275
82 116
82 247
82 120
82 212
82 200
82 254
82 277
83 259
83 257
83 264
83 268
83 273
83 277
83 278
83 279
83 295
83 84
83 270
83 86
83 88
83 89
83 92
83 96
83 98
83 100
83 104
83 105
83 107
83 108
83 117
83 122
83 125
83 129
83 130
83 132
83 133
83 136
83 137
83 138
83 139
83 146
83 149
83 151
83 158
83 159
83 162
83 166
83 167
83 168
83 170
83 176
83 180
83 182
83 183
83 185
83 191
83 193
83 196
83 198
83 199
83 201
83 212
83 220
83 227
83 228
83 232
83 233
83 236
83 281
83 239
83 242
83 243
83 246
83 249
83 252
83 254
83 255
84 259
84 260
84 261
84 263
84 266
84 272
84 285
84 286
84 291
84 95
84 98
84 99
84 101
84 102
84 107
84 108
84 274
84 110
84 115
84 117
84 124
84 125
84 128
84 129
84 134
84 139
84 143
84 147
84 160
84 161
84 164
84 165
84 169
84 181
84 182
84 287
84 288
84 197
84 198
84 202
84 207
84 211
84 212
84 216
84 217
84 222
84 223
84 225
84 228
84 229
84 233
84 234
84 237
84 240
84 242
84 244
84 245
84 247
84 251
84 252
84 264
85 130
85 294
85 262
85 135
85 264
85 268
85 269
85 270
85 145
85 147
85 154
85 279
85 284
85 157
85 286
85 288
85 161
85 165
85 295
85 220
85 193
85 171
85 255
85 223
85 176
85 200
85 180
85 289
85 198
85 199
85 206
85 209
85 210
85 211
85 139
85 87
85 88
85 218
85 91
85 216
85 221
85 95
85 226
85 99
85 228
85 293
85 230
85 104
85 235
85 237
85 110
85 111
85 241
85 114
85 275
85 116
85 118
85 120
85 251
85 124
85 149
86 260
86 261
86 265
86 270
86 271
86 272
86 276
86 284
86 286
86 288
86 291
86 296
86 297
86 263
86 264
86 269
86 87
86 88
86 95
86 98
86 102
86 109
86 110
86 111
86 115
86 117
86 118
86 119
86 120
86 121
86 122
86 124
86 126
86 129
86 130
86 131
86 135
86 136
86 138
86 147
86 150
86 155
86 157
86 159
86 173
86 175
86 186
86 187
86 188
86 190
86 197
86 198
86 199
86 201
86 205
86 209
86 292
86 295
86 241
86 242
86 244
86 246
86 248
86 298
86 253
87 257
87 261
87 262
87 258
87 271
87 272
87 274
87 283
87 285
87 291
87 295
87 265
87 88
87 91
87 92
87 93
87 94
87 96
87 100
87 104
87 106
87 275
87 117
87 118
87 122
87 124
87 126
87 132
87 133
87 279
87 141
87 146
87 269
87 149
87 151
87 155
87 156
87 157
87 158
87 160
87 166
87 167
87 168
87 176
87 177
87 180
87 286
87 187
87 189
87 193
87 196
87 198
87 289
87 202
87 209
87 210
87 212
87 216
87 292
87 218
87 219
87 220
87 221
87 222
87 225
87 227
87 228
87 235
87 241
87 244
87 245
87 246
87 248
87 250
88 257
88 261
88 259
88 276
88 280
88 284
88 298
88 266
88 267
88 89
88 90
88 91
88 95
88 100
88 101
88 105
88 114
88 115
88 120
88 122
88 128
88 129
88 131
88 132
88 133
88 137
88 145
88 151
88 154
88 156
88 157
88 161
88 162
88 168
88 169
88 173
88 177
88 191
88 196
88 197
88 200
88 202
88 204
88 208
88 211
88 212
88 217
88 220
88 221
88 229
88 232
88 235
88 236
88 238
88 246
88 248
88 255
89 130
89 137
89 151
89 143
89 145
89 275
89 149
89 153
89 284
89 248
89 286
89 260
89 161
89 278
89 165
89 169
89 171
89 257
89 285
89 281
89 189
89 196
89 198
89 201
89 241
89 208
89 184
89 206
89 214
89 280
89 164
89 152
89 216
89 222
89 223
89 144
89 99
89 229
89 231
89 232
89 188
89 252
89 108
89 274
89 110
89 253
89 113
89 115
89 118
89 233
89 120
89 121
89 124
89 125
89 127
90 257
90 259
90 260
90 268
90 272
90 273
90 279
90 287
90 289
90 292
90 295
90 299
90 91
90 93
90 96
90 104
90 106
90 107
90 110
90 111
90 114
90 115
90 117
90 120
90 125
90 129
90 132
90 134
90 142
90 143
90 145
90 148
90 149
90 150
90 151
90 154
90 159
90 165
90 166
90 168
90 173
90 175
90 181
90 182
90 189
90 191
90 192
90 198
90 201
90 202
90 203
90 204
90 206
90 209
90 210
90 211
90 213
90 214
90 216
90 219
90 225
90 233
90 234
90 235
90 236
90 296
90 243
90 252
90 253
91 257
91 262
91 264
91 269
91 271
91 274
91 279
91 260
91 298
91 299
91 266
91 92
91 97
91 103
91 104
91 109
91 115
91 116
91 117
91 123
91 131
91 132
91 134
91 139
91 143
91 146
91 281
91 155
91 158
91 159
91 160
91 162
91 164
91 169
91 173
91 174
91 177
91 179
91 183
91 185
91 190
91 191
91 194
91 195
91 196
91 197
91 200
91 202
91 203
91 206
91 210
91 211
91 213
91 214
91 218
91 219
91 221
91 225
91 227
91 230
91 237
91 238
91 239
91 245
91 246
91 253
91 254
92 261
92 265
92 269
92 275
92 276
92 277
92 278
92 279
92 294
92 297
92 266
92 267
92 95
92 96
92 102
92 103
92 109
92 112
92 116
92 120
92 124
92 126
92 128
92 132
92 136
92 138
92 139
92 140
92 143
92 149
92 153
92 154
92 156
92 157
92 295
92 164
92 165
92 166
92 167
92 168
92 169
92 171
92 178
92 181
92 183
92 187
92 189
92 193
92 206
92 209
92 214
92 216
92 292
92 219
92 231
92 232
92 235
92 236
92 238
92 239
92 244
92 247
92 251
92 298
92 254
92 255
93 259
93 262
93 257
93 269
93 270
93 271
93 274
93 275
93 279
93 299
93 285
93 263
93 266
93 284
93 98
93 107
93 111
93 118
93 125
93 130
93 132
93 133
93 135
93 138
93 143
93 145
93 150
93 151
93 157
93 158
93 160
93 165
93 166
93 167
93 168
93 169
93 171
93 179
93 182
93 187
93 199
93 201
93 204
93 254
93 223
93 224
93 225
93 236
93 238
93 239
93 296
93 242
93 243
93 245
93 246
93 297
93 249
93 264
93 255
94 129
94 224
94 235
94 262
94 193
94 145
94 265
94 268
94 258
94 146
94 275
94 276
94 277
94 150
94 239
94 156
94 161
94 289
94 163
94 295
94 168
94 291
94 170
94 171
94 172
94 157
94 176
94 178
94 297
94 244
94 181
94 197
94 202
94 183
94 204
94 206
94 211
94 142
94 205
94 221
94 229
94 96
94 97
94 99
94 100
94 101
94 103
94 232
94 105
94 225
94 274
94 238
94 111
94 241
94 116
94 245
94 118
94 119
94 249
94 273
94 298
95 257
95 259
95 264
95 279
95 283
95 286
95 293
95 299
95 273
95 104
95 110
95 111
95 113
95 114
95 117
95 119
95 120
95 121
95 122
95 128
95 133
95 141
95 144
95 269
95 151
95 152
95 155
95 282
95 158
95 159
95 295
95 162
95 171
95 174
95 180
95 183
95 193
95 197
95 198
95 200
95 205
95 207
95 210
95 215
95 217
95 218
95 221
95 222
95 225
95 226
95 227
95 228
95 230
95 233
95 234
95 235
95 236
95 239
95 244
95 297
95 250
95 298
95 253
96 256
96 260
96 262
96 265
96 267
96 270
96 273
96 274
96 275
96 280
96 261
96 291
96 296
96 298
96 101
96 105
96 108
96 110
96 113
96 115
96 117
96 121
96 122
96 134
96 139
96 144
96 150
96 152
96 154
96 155
96 156
96 157
96 159
96 162
96 164
96 170
96 175
96 177
96 180
96 181
96 185
96 187
96 189
96 199
96 200
96 208
96 210
96 211
96 212
96 214
96 215
96 224
96 226
96 227
96 228
96 250
96 251
96 252
96 254
97 256
97 130
97 259
97 260
97 134
97 136
97 261
97 140
97 142
97 146
97 150
97 279
97 280
97 283
97 157
97 161
97 162
97 163
97 164
97 167
97 296
97 297
97 175
97 288
97 180
97 222
97 266
97 187
97 189
97 191
97 193
97 201
97 205
97 141
97 224
97 98
97 269
97 228
97 101
97 102
97 103
97 105
97 234
97 295
97 210
97 240
97 241
97 258
97 117
97 268
97 119
97 250
97 298
97 170
97 202
98 256
98 258
98 262
98 266
98 293
98 295
98 297
98 99
98 103
98 104
98 106
98 109
98 112
98 114
98 124
98 125
98 126
98 128
98 131
98 139
98 140
98 141
98 142
98 144
98 145
98 150
98 154
98 157
98 161
98 283
98 164
98 165
98 166
98 170
98 174
98 177
98 179
98 186
98 190
98 191
98 192
98 194
98 196
98 199
98 202
98 209
98 291
98 212
98 213
98 219
98 222
98 224
98 225
98 230
98 236
98 239
98 241
98 242
98 244
98 246
98 249
98 252
98 298
98 254
99 256
99 282
99 260
99 133
99 134
99 257
99 139
99 158
99 146
99 150
99 217
99 152
99 157
99 161
99 262
99 177
99 296
99 299
99 285
99 176
99 178
99 179
99 265
99 189
99 194
99 195
99 292
99 241
99 162
99 209
99 214
99 249
99 216
99 143
99 221
99 187
99 212
99 230
99 104
99 106
99 237
99 110
99 111
99 113
99 114
99 245
99 118
99 248
99 148
99 232
99 252
99 170
99 126
99 127
100 256
100 257
100 260
100 261
100 265
100 272
100 273
100 275
100 283
100 284
100 285
100 286
100 289
100 292
100 293
100 102
100 108
100 109
100 117
100 118
100 119
100 123
100 125
100 126
100 127
100 131
100 132
100 133
100 134
100 143
100 144
100 145
100 148
100 149
100 150
100 154
100 278
100 171
100 176
100 179
100 183
100 185
100 186
100 187
100 189
100 191
100 192
100 193
100 290
100 207
100 208
100 213
100 217
100 221
100 222
100 223
100 226
100 237
100 296
100 242
100 246
100 248
100 252
100 253
101 258
101 260
101 135
101 140
101 144
101 152
101 275
101 150
101 196
101 287
101 161
101 290
101 198
101 220
101 171
101 255
101 175
101 176
101 177
101 180
101 158
101 182
101 181
101 194
101 195
101 199
101 224
101 269
101 248
101 210
101 217
101 216
101 223
101 227
101 230
101 231
101 104
101 233
101 277
101 236
101 109
101 111
101 112
101 232
101 268
101 120
101 122
101 127
101 200
101 170
101 126
101 149
102 259
102 261
102 290
102 270
102 273
102 274
102 275
102 279
102 268
102 103
102 106
102 107
102 108
102 109
102 113
102 116
102 118
102 122
102 123
102 124
102 126
102 127
102 130
102 132
102 133
102 137
102 139
102 142
102 147
102 150
102 155
102 156
102 282
102 161
102 163
102 166
102 167
102 173
102 177
102 178
102 180
102 191
102 288
102 289
102 201
102 204
102 205
102 211
102 212
102 216
102 218
102 221
102 222
102 223
102 225
102 231
102 234
102 237
102 240
102 241
102 245
102 247
102 248
102 249
102 250
102 251
102 252
102 255
103 256
103 272
103 286
103 295
103 297
103 274
103 265
103 275
103 273
103 105
103 109
103 110
103 113
103 115
103 117
103 128
103 133
103 135
103 139
103 140
103 142
103 143
103 145
103 146
103 149
103 153
103 163
103 261
103 171
103 175
103 181
103 184
103 185
103 187
103 189
103 192
103 195
103 196
103 199
103 202
103 204
103 206
103 213
103 214
103 216
103 217
103 218
103 222
103 223
103 225
103 228
103 230
103 289
103 241
103 246
103 248
103 249
103 298
104 261
104 266
104 274
104 275
104 288
104 271
104 106
104 108
104 111
104 112
104 114
104 116
104 122
104 123
104 128
104 129
104 130
104 131
104 132
104 133
104 138
104 279
104 141
104 142
104 143
104 282
104 148
104 152
104 153
104 155
104 157
104 158
104 159
104 278
104 163
104 167
104 168
104 170
104 171
104 172
104 175
104 179
104 180
104 185
104 187
104 192
104 202
104 291
104 213
104 217
104 224
104 227
104 230
104 231
104 237
104 241
104 247
104 250
104 254
105 260
105 264
105 266
105 273
105 281
105 282
105 283
105 286
105 291
105 293
105 294
105 299
105 272
105 108
105 274
105 110
105 112
105 122
105 128
105 278
105 134
105 135
105 138
105 140
105 141
105 142
105 109
105 145
105 147
105 155
105 156
105 162
105 164
105 166
105 167
105 174
105 179
105 181
105 186
105 187
105 191
105 194
105 206
105 207
105 214
105 216
105 218
105 219
105 230
105 231
105 232
105 236
105 238
105 242
105 244
105 297
105 252
105 255
106 258
106 259
106 261
106 268
106 269
106 270
106 271
106 275
106 277
106 282
106 284
106 287
106 291
106 299
106 293
106 112
106 123
106 124
106 129
106 132
106 135
106 279
106 142
106 144
106 152
106 153
106 154
106 155
106 158
106 283
106 164
106 166
106 167
106 168
106 171
106 172
106 173
106 175
106 177
106 180
106 191
106 192
106 288
106 262
106 195
106 196
106 197
106 198
106 199
106 200
106 201
106 203
106 204
106 205
106 206
106 209
106 214
106 221
106 222
106 223
106 226
106 228
106 231
106 237
106 296
106 249
106 250
106 254
106 255
107 133
107 193
107 268
107 141
107 142
107 271
107 273
107 274
107 259
107 148
107 149
107 196
107 218
107 160
107 155
107 292
107 139
107 294
107 257
107 176
107 136
107 243
107 181
107 223
107 188
107 189
107 191
107 192
107 194
107 205
107 207
107 209
107 270
107 214
107 267
107 217
107 220
107 226
107 251
107 228
107 269
107 231
107 235
107 236
107 109
107 242
107 115
107 285
107 119
107 122
107 123
107 126
107 277
108 256
108 258
108 264
108 268
108 270
108 272
108 273
108 276
108 288
108 262
108 297
108 298
108 112
108 116
108 119
108 121
108 125
108 127
108 137
108 139
108 142
108 143
108 149
108 153
108 154
108 157
108 160
108 165
108 167
108 168
108 173
108 174
108 175
108 177
108 178
108 181
108 183
108 184
108 186
108 189
108 193
108 207
108 211
108 213
108 221
108 222
108 223
108 224
108 225
108 229
108 232
108 233
108 234
108 239
108 244
108 251
108 255
109 259
109 262
109 263
109 268
109 282
109 284
109 290
109 299
109 266
109 274
109 111
109 113
109 114
109 275
109 119
109 120
109 125
109 126
109 127
109 129
109 136
109 139
109 144
109 145
109 149
109 155
109 168
109 175
109 179
109 180
109 182
109 185
109 187
109 191
109 192
109 195
109 199
109 204
109 206
109 207
109 211
109 218
109 221
109 226
109 227
109 228
109 230
109 232
109 234
109 295
109 236
109 242
109 244
109 249
109 250
109 252
110 128
110 129
110 260
110 257
110 137
110 266
110 139
110 141
110 256
110 273
110 259
110 155
110 284
110 157
110 159
110 295
110 162
110 164
110 294
110 167
110 274
110 197
110 184
110 267
110 287
110 134
110 195
110 181
110 225
110 201
110 203
110 204
110 269
110 216
110 219
110 220
110 165
110 228
110 293
110 234
110 231
110 236
110 237
110 239
110 241
110 242
110 116
110 254
110 118
110 119
110 262
110 122
110 191
110 126
110 213
111 261
111 262
111 267
111 270
111 271
111 276
111 280
111 285
111 291
111 299
111 117
111 118
111 120
111 127
111 130
111 133
111 136
111 138
111 279
111 141
111 144
111 145
111 159
111 161
111 162
111 163
111 165
111 166
111 168
111 169
111 170
111 180
111 181
111 184
111 185
111 190
111 192
111 195
111 196
111 198
111 201
111 206
111 207
111 210
111 212
111 215
111 216
111 217
111 219
111 220
111 222
111 223
111 229
111 230
111 231
111 295
111 236
111 240
111 244
111 245
111 246
111 247
111 250
112 131
112 261
112 262
112 268
112 271
112 144
112 274
112 147
112 276
112 151
112 284
112 288
112 290
112 163
112 292
112 167
112 169
112 299
112 172
112 177
112 178
112 202
112 139
112 198
112 200
112 201
112 226
112 269
112 212
112 213
112 217
112 218
112 188
112 208
112 227
112 228
112 195
112 295
112 232
112 115
112 116
112 117
112 153
112 250
112 270
112 277
112 183
112 254
112 255
113 136
113 138
113 140
113 141
113 144
113 149
113 150
113 281
113 157
113 287
113 294
113 170
113 263
113 255
113 177
113 178
113 209
113 155
113 183
113 266
113 181
113 192
113 279
113 139
113 198
113 199
113 275
113 205
113 269
113 271
113 173
113 291
113 212
113 213
113 215
113 218
113 143
113 228
113 298
113 233
113 239
113 115
113 116
113 245
113 247
113 120
113 249
113 123
113 195
113 125
113 264
113 127
114 132
114 133
114 129
114 264
114 265
114 267
114 268
114 270
114 143
114 144
114 216
114 276
114 277
114 278
114 151
114 152
114 282
114 155
114 156
114 285
114 161
114 283
114 164
114 167
114 296
114 291
114 171
114 172
114 288
114 181
114 187
114 138
114 193
114 196
114 197
114 202
114 204
114 269
114 210
114 237
114 215
114 230
114 295
114 275
114 244
114 117
114 248
114 249
114 252
114 126
114 127
115 266
115 271
115 283
115 294
115 299
115 121
115 126
115 282
115 144
115 145
115 147
115 148
115 149
115 150
115 151
115 153
115 154
115 155
115 156
115 157
115 164
115 165
115 167
115 171
115 286
115 188
115 195
115 196
115 207
115 211
115 213
115 216
115 217
115 225
115 230
115 231
115 232
115 233
115 237
115 238
115 241
115 244
115 246
115 251
115 253
115 255
116 256
116 269
116 271
116 259
116 277
116 282
116 290
116 293
116 273
116 299
116 276
116 124
116 126
116 127
116 130
116 134
116 135
116 139
116 141
116 146
116 148
116 152
116 154
116 162
116 168
116 172
116 173
116 177
116 178
116 179
116 187
116 189
116 194
116 199
116 200
116 203
116 204
116 215
116 216
116 220
116 221
116 224
116 226
116 228
116 229
116 231
116 233
116 237
116 239
116 240
116 242
116 243
116 253
116 255
117 256
117 257
117 262
117 263
117 258
117 276
117 277
117 278
117 280
117 295
117 297
117 269
117 275
117 130
117 132
117 134
117 136
117 137
117 142
117 157
117 159
117 162
117 164
117 166
117 175
117 176
117 178
117 182
117 187
117 189
117 190
117 191
117 193
117 196
117 200
117 201
117 203
117 290
117 208
117 209
117 210
117 211
117 218
117 219
117 220
117 221
117 230
117 237
117 238
117 239
117 243
117 244
117 247
117 252
117 254
118 258
118 264
118 277
118 278
118 279
118 281
118 282
118 286
118 292
118 295
118 297
118 298
118 123
118 124
118 125
118 126
118 134
118 135
118 139
118 140
118 141
118 142
118 143
118 145
118 147
118 149
118 151
118 152
118 153
118 155
118 157
118 158
118 162
118 163
118 165
118 166
118 169
118 171
118 172
118 173
118 179
118 180
118 181
118 182
118 185
118 187
118 189
118 190
118 191
118 194
118 195
118 201
118 290
118 211
118 215
118 216
118 221
118 222
118 227
118 229
118 231
118 239
118 243
118 247
118 254
118 255
119 261
119 262
119 263
119 264
119 258
119 274
119 275
119 282
119 283
119 297
119 278
119 268
119 272
119 120
119 121
119 124
119 130
119 133
119 136
119 139
119 140
119 142
119 143
119 145
119 147
119 151
119 152
119 153
119 155
119 156
119 158
119 162
119 168
119 170
119 174
119 178
119 180
119 184
119 185
119 287
119 190
119 191
119 195
119 196
119 199
119 208
119 209
119 215
119 219
119 293
119 224
119 231
119 240
119 241
119 242
119 245
119 249
119 250
119 251
120 258
120 299
120 261
120 266
120 268
120 270
120 274
120 279
120 282
120 288
120 278
120 265
120 122
120 123
120 125
120 126
120 277
120 129
120 130
120 131
120 132
120 133
120 135
120 142
120 143
120 147
120 153
120 161
120 162
120 170
120 183
120 186
120 190
120 296
120 194
120 196
120 198
120 203
120 209
120 210
120 212
120 213
120 220
120 222
120 223
120 224
120 225
120 228
120 229
120 231
120 237
120 240
120 241
120 244
120 247
120 262
120 250
120 251
120 253
120 255
121 236
121 133
121 137
121 267
121 192
121 130
121 144
121 147
121 149
121 279
121 158
121 161
121 266
121 261
121 293
121 167
121 168
121 284
121 170
121 171
121 175
121 176
121 186
121 188
121 138
121 198
121 292
121 275
121 205
121 291
121 193
121 185
121 218
121 271
121 222
121 263
121 227
121 230
121 195
121 232
121 252
121 234
121 239
121 296
121 246
121 249
121 251
121 247
121 127
122 256
122 261
122 264
122 266
122 290
122 268
122 271
122 272
122 273
122 259
122 281
122 288
122 262
122 297
122 275
122 125
122 126
122 127
122 131
122 132
122 278
122 135
122 136
122 139
122 141
122 142
122 152
122 157
122 158
122 163
122 166
122 171
122 172
122 175
122 180
122 181
122 182
122 184
122 185
122 188
122 192
122 203
122 204
122 205
122 207
122 210
122 291
122 214
122 221
122 223
122 227
122 228
122 295
122 236
122 238
122 240
122 242
122 245
122 248
122 249
122 252
123 261
123 263
123 271
123 274
123 276
123 278
123 281
123 282
123 284
123 287
123 292
123 296
123 270
123 127
123 130
123 131
123 134
123 140
123 141
123 142
123 143
123 144
123 145
123 149
123 151
123 152
123 154
123 156
123 158
123 164
123 169
123 171
123 178
123 179
123 183
123 185
123 187
123 193
123 196
123 197
123 199
123 200
123 202
123 206
123 220
123 222
123 293
123 229
123 231
123 233
123 235
123 236
123 237
123 241
123 244
123 251
123 253
123 254
124 261
124 265
124 273
124 276
124 279
124 280
124 285
124 289
124 262
124 294
124 278
124 133
124 138
124 139
124 142
124 143
124 145
124 146
124 149
124 156
124 162
124 163
124 169
124 173
124 176
124 179
124 182
124 185
124 287
124 190
124 192
124 195
124 199
124 200
124 201
124 203
124 207
124 208
124 210
124 211
124 215
124 216
124 220
124 232
124 234
124 235
124 237
124 239
124 244
124 251
125 256
125 257
125 258
125 277
125 290
125 262
125 296
125 298
125 264
125 265
125 266
125 267
125 273
125 128
125 132
125 135
125 142
125 147
125 151
125 156
125 282
125 160
125 161
125 162
125 283
125 165
125 173
125 177
125 179
125 183
125 191
125 195
125 196
125 289
125 202
125 203
125 205
125 210
125 291
125 218
125 229
125 230
125 231
125 236
125 237
125 238
125 239
125 240
125 243
125 254
126 256
126 262
126 276
126 278
126 279
126 287
126 288
126 127
126 128
126 138
126 139
126 140
126 143
126 144
126 145
126 146
126 148
126 151
126 152
126 156
126 158
126 161
126 283
126 167
126 178
126 181
126 185
126 193
126 195
126 198
126 207
126 212
126 215
126 216
126 218
126 221
126 293
126 224
126 232
126 235
126 236
126 237
126 240
126 245
126 246
126 251
126 253
127 258
127 259
127 261
127 266
127 282
127 283
127 286
127 287
127 288
127 294
127 297
127 298
127 129
127 131
127 278
127 134
127 137
127 138
127 142
127 153
127 156
127 164
127 167
127 168
127 169
127 170
127 157
127 182
127 183
127 189
127 191
127 192
127 262
127 196
127 200
127 208
127 209
127 212
127 215
127 219
127 225
127 226
127 296
127 243
127 248
127 250
127 251
127 254
128 257
128 258
128 260
128 261
128 262
128 272
128 274
128 278
128 285
128 288
128 290
128 267
128 293
128 275
128 129
128 131
128 134
128 135
128 137
128 139
128 142
128 148
128 151
128 152
128 154
128 157
128 159
128 161
128 162
128 163
128 165
128 284
128 172
128 175
128 176
128 180
128 181
128 182
128 185
128 207
128 213
128 216
128 219
128 223
128 224
128 225
128 226
128 294
128 230
128 232
128 233
128 235
128 281
128 239
128 241
128 242
128 246
128 247
128 252
128 254
129 260
129 274
129 279
129 285
129 291
129 298
129 299
129 271
129 268
129 132
129 133
129 135
129 139
129 141
129 146
129 152
129 154
129 160
129 162
129 164
129 165
129 167
129 168
129 170
129 183
129 185
129 188
129 191
129 192
129 198
129 199
129 205
129 207
129 209
129 210
129 212
129 214
129 225
129 295
129 236
129 239
129 242
129 249
129 250
129 252
129 254
129 255
130 256
130 260
130 261
130 263
130 264
130 266
130 267
130 274
130 277
130 278
130 284
130 285
130 288
130 289
130 290
130 292
130 295
130 287
130 269
130 132
130 133
130 135
130 138
130 139
130 143
130 145
130 148
130 149
130 152
130 155
130 156
130 163
130 164
130 176
130 177
130 180
130 181
130 184
130 185
130 187
130 188
130 190
130 195
130 198
130 200
130 201
130 203
130 205
130 206
130 208
130 211
130 212
130 215
130 216
130 217
130 219
130 220
130 280
130 226
130 228
130 229
130 232
130 233
130 237
130 238
130 244
130 246
130 248
130 251
130 253
131 256
131 257
131 259
131 263
131 265
131 258
131 272
131 280
131 284
131 261
131 288
131 289
131 290
131 262
131 295
131 270
131 276
131 132
131 134
131 139
131 142
131 147
131 148
131 282
131 171
131 174
131 178
131 184
131 187
131 189
131 192
131 197
131 199
131 205
131 207
131 208
131 209
131 212
131 216
131 217
131 219
131 222
131 293
131 233
131 235
131 239
131 241
131 242
131 253
131 254
131 255
132 256
132 274
132 277
132 278
132 260
132 287
132 289
132 262
132 275
132 133
132 134
132 137
132 280
132 146
132 148
132 281
132 154
132 155
132 156
132 159
132 295
132 164
132 166
132 169
132 170
132 177
132 179
132 182
132 183
132 184
132 186
132 188
132 190
132 194
132 195
132 198
132 203
132 209
132 214
132 215
132 219
132 222
132 293
132 226
132 227
132 269
132 230
132 232
132 233
132 235
132 238
132 244
132 252
133 260
133 265
133 266
133 284
133 287
133 294
133 297
133 268
133 269
133 285
133 282
133 134
133 136
133 141
133 145
133 147
133 149
133 157
133 158
133 159
133 160
133 161
133 162
133 167
133 170
133 174
133 175
133 177
133 179
133 181
133 188
133 295
133 192
133 194
133 197
133 203
133 206
133 209
133 210
133 211
133 214
133 217
133 219
133 220
133 221
133 280
133 224
133 225
133 232
133 234
133 235
133 239
133 242
133 243
133 246
133 253
134 257
134 265
134 266
134 267
134 276
134 279
134 290
134 296
134 256
134 137
134 141
134 145
134 155
134 156
134 157
134 162
134 165
134 166
134 167
134 171
134 174
134 175
134 176
134 182
134 185
134 186
134 188
134 191
134 194
134 199
134 200
134 201
134 202
134 207
134 211
134 212
134 213
134 214
134 217
134 218
134 221
134 222
134 223
134 224
134 229
134 232
134 234
134 235
134 238
134 239
134 243
134 292
134 246
134 248
134 249
134 250
134 254
135 256
135 261
135 270
135 276
135 277
135 279
135 284
135 292
135 297
135 274
135 136
135 139
135 144
135 147
135 149
135 151
135 152
135 155
135 157
135 159
135 165
135 172
135 173
135 174
135 175
135 180
135 181
135 183
135 184
135 190
135 191
135 193
135 194
135 196
135 203
135 204
135 217
135 219
135 225
135 232
135 235
135 236
135 238
135 241
135 245
135 248
135 250
135 254
136 258
136 265
136 138
136 139
136 268
136 142
136 272
136 276
136 279
136 179
136 156
136 282
136 292
136 163
136 166
136 295
136 168
136 169
136 178
136 176
136 180
136 185
136 267
136 202
136 162
136 264
136 217
136 218
136 205
136 297
136 222
136 182
136 293
136 230
136 234
136 146
136 238
136 242
136 211
136 246
136 200
136 254
137 256
137 257
137 266
137 140
137 141
137 142
137 143
137 277
137 217
137 152
137 157
137 158
137 159
137 163
137 166
137 291
137 298
137 174
137 175
137 283
137 177
137 183
137 180
137 287
137 190
137 198
137 193
137 164
137 199
137 206
137 207
137 173
137 212
137 218
137 271
137 220
137 221
137 226
137 292
137 294
137 167
137 242
137 243
137 244
137 247
137 255
137 264
138 256
138 279
138 271
138 274
138 152
138 281
138 297
138 285
138 193
138 221
138 176
138 178
138 183
138 159
138 196
138 233
138 202
138 205
138 210
138 212
138 207
138 188
138 225
138 187
138 229
138 230
138 147
138 245
138 246
138 169
138 250
138 251
138 287
139 261
139 268
139 271
139 280
139 282
139 285
139 288
139 266
139 269
139 284
139 146
139 155
139 156
139 159
139 160
139 169
139 170
139 173
139 182
139 189
139 194
139 196
139 197
139 200
139 204
139 205
139 206
139 207
139 209
139 210
139 292
139 220
139 221
139 223
139 228
139 242
139 244
139 249
139 251
139 252
139 253
140 268
140 141
140 273
140 149
140 279
140 280
140 154
140 297
140 260
140 157
140 286
140 162
140 163
140 292
140 166
140 295
140 168
140 220
140 170
140 172
140 174
140 179
140 182
140 194
140 197
140 198
140 202
140 203
140 208
140 210
140 299
140 206
140 284
140 217
140 218
140 221
140 227
140 246
140 259
140 238
140 243
140 245
140 247
141 260
141 261
141 259
141 270
141 272
141 273
141 279
141 281
141 265
141 292
141 294
141 145
141 148
141 158
141 159
141 162
141 163
141 164
141 165
141 167
141 284
141 171
141 173
141 174
141 178
141 179
141 184
141 186
141 191
141 192
141 194
141 198
141 205
141 206
141 210
141 224
141 227
141 228
141 230
141 231
141 234
141 235
141 238
141 241
141 247
141 250
141 255
142 257
142 260
142 265
142 267
142 273
142 274
142 278
142 279
142 261
142 266
142 143
142 147
142 281
142 153
142 157
142 164
142 165
142 166
142 170
142 171
142 172
142 173
142 175
142 287
142 187
142 190
142 193
142 194
142 205
142 211
142 212
142 215
142 218
142 223
142 234
142 238
142 239
142 241
142 244
142 250
143 269
143 278
143 284
143 288
143 296
143 298
143 290
143 149
143 151
143 156
143 282
143 158
143 159
143 163
143 164
143 166
143 175
143 180
143 184
143 187
143 193
143 195
143 199
143 205
143 206
143 209
143 210
143 211
143 216
143 292
143 220
143 228
143 230
143 232
143 234
143 235
143 236
143 238
143 241
143 245
143 250
143 251
143 253
144 277
144 262
144 151
144 275
144 150
144 152
144 154
144 239
144 283
144 166
144 296
144 156
144 173
144 174
144 287
144 177
144 201
144 202
144 223
144 192
144 197
144 204
144 224
144 297
144 206
144 216
144 221
144 222
144 225
144 227
144 231
144 232
144 252
144 236
144 251
144 250
144 200
144 213
145 256
145 257
145 299
145 268
145 269
145 270
145 271
145 274
145 276
145 277
145 279
145 280
145 282
145 289
145 286
145 258
145 146
145 149
145 158
145 160
145 162
145 170
145 174
145 285
145 178
145 180
145 181
145 184
145 185
145 287
145 195
145 196
145 198
145 199
145 202
145 203
145 206
145 213
145 216
145 217
145 219
145 221
145 223
145 224
145 231
145 235
145 239
145 240
145 242
145 244
145 245
145 250
145 253
146 256
146 257
146 260
146 261
146 262
146 264
146 266
146 271
146 259
146 299
146 286
146 290
146 291
146 296
146 297
146 263
146 147
146 149
146 151
146 154
146 158
146 163
146 167
146 174
146 177
146 179
146 181
146 182
146 183
146 185
146 187
146 188
146 190
146 191
146 195
146 196
146 202
146 204
146 214
146 220
146 224
146 227
146 229
146 231
146 234
146 235
146 236
146 237
146 239
146 244
146 246
146 247
146 252
146 253
147 257
147 271
147 150
147 239
147 261
147 291
147 170
147 168
147 299
147 172
147 179
147 286
147 189
147 196
147 161
147 209
147 210
147 227
147 233
147 224
147 277
147 226
147 187
147 166
147 259
147 234
147 237
147 238
147 174
147 255
147 252
147 195
148 257
148 261
148 267
148 268
148 272
148 280
148 281
148 282
148 283
148 291
148 297
148 269
148 149
148 150
148 154
148 159
148 160
148 163
148 168
148 169
148 170
148 171
148 172
148 175
148 176
148 178
148 180
148 183
148 184
148 186
148 288
148 289
148 201
148 208
148 210
148 217
148 221
148 223
148 227
148 228
148 233
148 235
148 237
148 240
148 247
148 248
148 250
148 254
149 260
149 261
149 265
149 266
149 267
149 268
149 269
149 278
149 286
149 288
149 289
149 290
149 274
149 277
149 151
149 153
149 154
149 155
149 161
149 162
149 169
149 180
149 181
149 184
149 185
149 186
149 193
149 196
149 203
149 206
149 209
149 281
149 217
149 218
149 220
149 221
149 224
149 226
149 230
149 237
149 243
149 244
149 292
149 252
149 298
149 255
150 179
150 243
150 152
150 153
150 282
150 157
150 158
150 261
150 161
150 290
150 163
150 165
150 295
150 167
150 296
150 177
150 183
150 187
150 188
150 201
150 202
150 204
150 206
150 205
150 291
150 212
150 215
150 216
150 228
150 229
150 231
150 235
150 210
150 238
150 240
150 245
150 248
150 249
150 293
150 251
150 253
151 259
151 261
151 262
151 265
151 269
151 271
151 277
151 278
151 279
151 288
151 290
151 291
151 293
151 276
151 157
151 163
151 166
151 174
151 177
151 183
151 192
151 193
151 194
151 197
151 200
151 201
151 202
151 204
151 205
151 206
151 208
151 221
151 222
151 224
151 226
151 228
151 230
151 231
151 232
151 234
151 295
151 241
151 242
151 250
151 252
151 254
152 256
152 259
152 278
152 280
152 260
152 284
152 295
152 296
152 297
152 299
152 156
152 159
152 161
152 168
152 169
152 172
152 173
152 174
152 285
152 177
152 178
152 181
152 183
152 193
152 196
152 198
152 205
152 215
152 221
152 222
152 229
152 230
152 236
152 237
152 242
152 243
152 244
152 245
152 246
152 247
152 249
152 250
153 256
153 267
153 268
153 271
153 272
153 279
153 284
153 293
153 295
153 259
153 155
153 156
153 159
153 164
153 165
153 171
153 175
153 178
153 189
153 191
153 192
153 288
153 195
153 197
153 199
153 201
153 202
153 204
153 290
153 207
153 209
153 218
153 222
153 225
153 227
153 228
153 229
153 230
153 233
153 236
153 238
153 240
153 241
153 244
153 253
154 256
154 257
154 264
154 270
154 271
154 289
154 291
154 258
154 269
154 157
154 160
154 161
154 167
154 176
154 178
154 184
154 186
154 188
154 189
154 195
154 201
154 204
154 205
154 208
154 209
154 223
154 225
154 226
154 228
154 229
154 239
154 240
154 241
154 242
154 245
154 246
154 247
154 252
154 255
155 258
155 259
155 282
155 275
155 272
155 284
155 161
155 162
155 163
155 166
155 169
155 173
155 175
155 178
155 188
155 189
155 190
155 191
155 194
155 196
155 202
155 207
155 274
155 212
155 214
155 215
155 217
155 219
155 220
155 227
155 228
155 229
155 235
155 237
155 240
155 243
155 244
155 246
155 249
155 298
155 253
155 254
155 255
156 258
156 262
156 269
156 270
156 271
156 273
156 283
156 285
156 286
156 288
156 290
156 291
156 293
156 298
156 275
156 158
156 162
156 169
156 170
156 175
156 179
156 180
156 182
156 185
156 186
156 191
156 192
156 193
156 197
156 198
156 202
156 205
156 208
156 209
156 210
156 217
156 218
156 220
156 227
156 233
156 235
156 245
156 247
156 249
156 250
156 251
156 254
156 255
157 256
157 262
157 263
157 272
157 273
157 296
157 298
157 159
157 160
157 161
157 162
157 164
157 168
157 170
157 176
157 177
157 181
157 182
157 186
157 187
157 190
157 195
157 198
157 200
157 201
157 203
157 206
157 216
157 217
157 218
157 223
157 225
157 229
157 230
157 233
157 234
157 243
157 250
157 251
157 281
157 253
158 261
158 262
158 263
158 264
158 268
158 271
158 278
158 286
158 289
158 291
158 299
158 274
158 282
158 159
158 161
158 167
158 171
158 285
158 179
158 181
158 183
158 184
158 188
158 189
158 190
158 192
158 194
158 198
158 200
158 203
158 206
158 207
158 210
158 211
158 221
158 223
158 225
158 226
158 230
158 232
158 233
158 235
158 236
158 238
158 239
158 244
158 251
158 252
159 267
159 270
159 273
159 279
159 282
159 287
159 298
159 265
159 268
159 277
159 160
159 165
159 168
159 169
159 172
159 173
159 174
159 176
159 181
159 183
159 184
159 186
159 190
159 191
159 194
159 199
159 202
159 204
159 205
159 208
159 209
159 211
159 212
159 217
159 219
159 293
159 224
159 225
159 227
159 294
159 231
159 232
159 233
159 234
159 236
159 289
159 240
159 296
159 242
159 244
159 246
160 263
160 266
160 269
160 270
160 259
160 282
160 286
160 298
160 258
160 295
160 166
160 168
160 171
160 172
160 174
160 287
160 178
160 179
160 181
160 183
160 185
160 186
160 187
160 191
160 194
160 196
160 198
160 201
160 204
160 291
160 207
160 211
160 218
160 222
160 225
160 228
160 235
160 236
160 239
160 240
160 244
160 246
160 297
160 248
160 252
161 256
161 259
161 260
161 263
161 266
161 278
161 283
161 290
161 262
161 298
161 299
161 277
161 162
161 164
161 166
161 168
161 170
161 174
161 177
161 182
161 189
161 194
161 197
161 199
161 203
161 204
161 207
161 208
161 209
161 210
161 219
161 228
161 230
161 232
161 233
161 243
161 244
161 250
161 251
161 264
162 257
162 265
162 268
162 270
162 273
162 292
162 269
162 283
162 281
162 163
162 164
162 167
162 169
162 175
162 178
162 179
162 180
162 188
162 189
162 192
162 262
162 195
162 202
162 215
162 218
162 221
162 223
162 231
162 234
162 235
162 238
162 245
162 249
162 254
162 255
163 264
163 267
163 258
163 273
163 278
163 285
163 288
163 296
163 297
163 299
163 271
163 280
163 165
163 170
163 171
163 172
163 177
163 178
163 180
163 287
163 189
163 193
163 195
163 198
163 205
163 208
163 213
163 214
163 215
163 221
163 224
163 228
163 229
163 230
163 235
163 236
163 237
163 238
163 242
163 246
163 247
163 249
163 255
164 259
164 264
164 267
164 273
164 276
164 277
164 280
164 287
164 288
164 292
164 295
164 297
164 269
164 278
164 165
164 169
164 170
164 175
164 176
164 177
164 178
164 179
164 185
164 186
164 188
164 190
164 192
164 193
164 289
164 205
164 206
164 207
164 214
164 222
164 224
164 225
164 235
164 236
164 240
164 241
164 248
164 254
165 258
165 299
165 274
165 277
165 282
165 296
165 257
165 268
165 273
165 285
165 276
165 166
165 169
165 171
165 173
165 175
165 287
165 178
165 182
165 187
165 189
165 190
165 191
165 195
165 200
165 290
165 212
165 224
165 225
165 230
165 231
165 237
165 241
165 242
165 243
165 245
165 247
165 252
165 255
166 235
166 276
166 196
166 282
166 287
166 290
166 296
166 299
166 174
166 175
166 172
166 286
166 265
166 184
166 186
166 187
166 245
166 193
166 182
166 203
166 208
166 209
166 212
166 217
166 225
166 228
166 232
166 167
166 237
166 272
166 242
166 285
166 233
166 281
166 234
166 254
166 246
167 260
167 215
167 275
167 276
167 287
167 237
167 272
167 169
167 170
167 263
167 175
167 286
167 266
167 262
167 211
167 199
167 202
167 206
167 269
167 210
167 216
167 222
167 293
167 226
167 228
167 229
167 231
167 253
167 244
167 245
167 248
167 298
167 183
168 258
168 260
168 193
168 236
168 278
168 261
168 295
168 178
168 174
168 182
168 283
168 244
168 215
168 192
168 194
168 195
168 275
168 204
168 207
168 210
168 169
168 271
168 272
168 237
168 228
168 229
168 276
168 298
168 233
168 242
168 250
168 255
168 234
168 264
169 263
169 266
169 267
169 269
169 271
169 272
169 274
169 288
169 299
169 265
169 276
169 295
169 174
169 176
169 177
169 180
169 181
169 182
169 184
169 190
169 191
169 195
169 196
169 198
169 202
169 203
169 207
169 209
169 210
169 215
169 216
169 217
169 222
169 224
169 231
169 232
169 234
169 235
169 236
169 249
169 251
169 252
169 253
169 254
170 257
170 264
170 266
170 267
170 273
170 277
170 287
170 289
170 292
170 299
170 276
170 177
170 180
170 181
170 185
170 189
170 191
170 192
170 197
170 200
170 203
170 204
170 208
170 209
170 215
170 216
170 217
170 221
170 224
170 294
170 231
170 232
170 233
170 235
170 236
170 237
170 240
170 241
170 242
170 246
170 297
170 249
170 253
170 254
171 261
171 262
171 266
171 277
171 278
171 279
171 281
171 286
171 297
171 298
171 271
171 272
171 285
171 299
171 172
171 175
171 178
171 182
171 185
171 188
171 194
171 196
171 199
171 200
171 204
171 290
171 206
171 208
171 210
171 212
171 213
171 215
171 218
171 221
171 263
171 230
171 236
171 237
171 238
171 239
171 242
171 244
171 248
171 251
171 254
171 255
172 256
172 270
172 272
172 275
172 260
172 286
172 291
172 258
172 274
172 281
172 182
172 183
172 184
172 185
172 186
172 187
172 190
172 194
172 197
172 198
172 204
172 208
172 209
172 210
172 215
172 219
172 224
172 226
172 228
172 229
172 233
172 238
172 243
172 246
172 247
172 248
172 249
172 251
172 254
173 259
173 179
173 288
173 274
173 281
173 203
173 267
173 214
173 266
173 241
173 249
173 178
173 174
173 176
173 177
173 286
173 244
173 186
173 189
173 192
173 198
173 195
173 285
173 289
173 194
173 204
173 269
173 215
173 221
173 222
173 272
173 227
173 252
173 240
173 265
173 250
173 299
174 256
174 268
174 269
174 276
174 280
174 285
174 288
174 294
174 295
174 298
174 264
174 290
174 259
174 275
174 176
174 178
174 184
174 185
174 186
174 188
174 192
174 194
174 195
174 196
174 197
174 200
174 201
174 205
174 208
174 210
174 215
174 216
174 228
174 231
174 234
174 235
174 236
174 241
174 243
174 244
174 250
175 256
175 261
175 266
175 271
175 273
175 274
175 259
175 285
175 286
175 289
175 294
175 298
175 268
175 265
175 284
175 178
175 180
175 185
175 186
175 188
175 198
175 199
175 205
175 206
175 207
175 209
175 213
175 214
175 215
175 217
175 224
175 225
175 227
175 230
175 235
175 237
175 243
175 244
175 246
175 251
175 254
176 235
176 260
176 268
176 274
176 275
176 217
176 281
176 283
176 185
176 291
176 295
176 197
176 243
176 180
176 266
176 258
176 194
176 267
176 182
176 198
176 200
176 202
176 290
176 206
176 269
176 218
176 297
176 226
176 276
176 178
176 233
176 236
176 240
176 242
176 211
176 247
176 251
176 299
177 256
177 263
177 265
177 266
177 267
177 258
177 271
177 272
177 284
177 288
177 290
177 275
177 277
177 178
177 180
177 181
177 182
177 287
177 190
177 192
177 196
177 199
177 200
177 203
177 205
177 207
177 208
177 215
177 218
177 219
177 221
177 222
177 223
177 224
177 225
177 226
177 234
177 295
177 244
177 246
177 249
177 252
177 253
177 254
178 257
178 261
178 268
178 279
178 283
178 286
178 289
178 262
178 294
178 296
178 299
178 266
178 267
178 260
178 281
178 179
178 187
178 288
178 204
178 205
178 206
178 211
178 212
178 214
178 216
178 217
178 221
178 223
178 225
178 228
178 235
178 298
179 257
179 299
179 262
179 263
179 264
179 266
179 267
179 268
179 277
179 286
179 289
179 291
179 280
179 180
179 181
179 186
179 190
179 191
179 192
179 195
179 197
179 199
179 200
179 210
179 214
179 215
179 292
179 219
179 224
179 226
179 294
179 230
179 235
179 239
179 242
179 249
179 252
179 255
180 256
180 259
180 262
180 267
180 268
180 258
180 274
180 277
180 279
180 282
180 284
180 286
180 261
180 291
180 292
180 293
180 297
180 278
180 295
180 287
180 188
180 191
180 193
180 194
180 197
180 289
180 200
180 202
180 206
180 208
180 217
180 222
180 223
180 224
180 225
180 229
180 231
180 235
180 236
180 237
180 238
180 241
180 242
180 251
181 262
181 266
181 273
181 276
181 278
181 283
181 289
181 219
181 265
181 269
181 281
181 182
181 183
181 185
181 186
181 191
181 192
181 193
181 195
181 202
181 204
181 212
181 213
181 216
181 222
181 229
181 234
181 235
181 236
181 240
181 243
181 246
181 247
181 248
181 254
182 257
182 294
182 280
182 195
182 218
182 260
182 286
182 190
182 184
182 187
182 188
182 200
182 203
182 204
182 206
182 284
182 219
182 222
182 223
182 225
182 230
182 268
182 252
182 240
182 255
183 257
183 259
183 262
183 267
183 276
183 281
183 291
183 293
183 280
183 284
183 287
183 187
183 188
183 191
183 194
183 199
183 202
183 203
183 206
183 208
183 209
183 211
183 214
183 217
183 221
183 224
183 225
183 226
183 232
183 234
183 235
183 296
183 243
183 245
183 246
183 297
183 249
183 253
184 257
184 261
184 236
184 266
184 273
184 259
184 279
184 260
184 265
184 263
184 187
184 194
184 196
184 292
184 200
184 202
184 247
184 205
184 291
184 208
184 209
184 193
184 212
184 213
184 284
184 216
184 220
184 250
184 228
184 294
184 232
184 233
184 277
184 237
184 243
184 246
184 248
185 265
185 267
185 271
185 273
185 279
185 284
185 289
185 290
185 292
185 293
185 294
185 297
185 281
185 283
185 287
185 193
185 194
185 195
185 197
185 200
185 208
185 214
185 286
185 226
185 228
185 229
185 230
185 236
185 237
185 238
185 240
185 296
185 242
185 243
185 246
185 250
185 251
185 252
185 255
186 257
186 299
186 272
186 248
186 286
186 295
186 291
186 287
186 267
186 199
186 201
186 258
186 262
186 292
186 221
186 229
186 230
186 209
186 231
186 241
186 285
186 245
186 250
186 276
186 253
186 254
187 258
187 288
187 289
187 290
187 262
187 295
187 296
187 297
187 257
187 264
187 266
187 269
187 189
187 192
187 194
187 195
187 197
187 199
187 204
187 205
187 209
187 291
187 214
187 215
187 218
187 263
187 229
187 230
187 233
187 237
187 240
187 241
187 242
187 246
187 250
187 252
188 256
188 201
188 257
188 264
188 192
188 275
188 271
188 276
188 284
188 285
188 214
188 295
188 274
188 287
188 266
188 279
188 194
188 200
188 202
188 203
188 290
188 207
188 227
188 213
188 218
188 250
188 223
188 263
188 217
188 229
188 230
188 233
188 234
188 238
188 244
188 246
188 281
188 253
189 258
189 264
189 236
189 269
189 276
189 277
189 287
189 294
189 286
189 190
189 193
189 262
189 197
189 200
189 213
189 214
189 216
189 221
189 263
189 275
189 234
189 241
189 242
189 297
189 249
189 191
189 254
190 243
190 269
190 273
190 276
190 277
190 260
190 193
190 197
190 294
190 296
190 192
190 196
190 198
190 200
190 245
190 212
190 270
190 218
190 225
190 286
190 237
190 238
190 241
190 242
190 211
190 251
190 283
190 255
191 257
191 299
191 260
191 256
191 274
191 287
191 288
191 290
191 295
191 269
191 285
191 193
191 194
191 198
191 199
191 206
191 209
191 213
191 214
191 216
191 222
191 225
191 227
191 233
191 240
191 242
191 248
191 252
191 253
192 257
192 259
192 264
192 274
192 217
192 280
192 260
192 283
192 288
192 291
192 292
192 258
192 261
192 285
192 194
192 196
192 197
192 205
192 206
192 207
192 209
192 210
192 211
192 219
192 229
192 233
192 234
192 238
192 296
192 244
192 245
192 281
192 253
192 254
192 255
193 256
193 273
193 275
193 277
193 281
193 283
193 264
193 267
193 276
193 194
193 196
193 200
193 204
193 206
193 207
193 208
193 212
193 218
193 219
193 224
193 227
193 232
193 234
193 235
193 237
193 238
193 243
193 250
193 251
193 252
193 253
193 254
193 255
194 256
194 257
194 265
194 268
194 258
194 277
194 288
194 291
194 292
194 294
194 287
194 285
194 197
194 199
194 201
194 203
194 206
194 212
194 214
194 218
194 224
194 227
194 229
194 230
194 235
194 238
194 245
194 297
194 250
194 254
195 261
195 262
195 257
195 267
195 268
195 269
195 277
195 297
195 263
195 270
195 260
195 197
195 289
195 206
195 209
195 211
195 212
195 215
195 220
195 224
195 226
195 228
195 230
195 231
195 237
195 240
195 244
195 247
195 298
195 254
196 276
196 286
196 291
196 294
196 298
196 273
196 285
196 197
196 202
196 209
196 215
196 292
196 220
196 224
196 227
196 233
196 236
196 240
196 245
196 297
196 250
196 254
197 262
197 287
197 296
197 297
197 267
197 274
197 275
197 277
197 283
197 198
197 200
197 202
197 206
197 212
197 292
197 223
197 225
197 233
197 247
197 248
197 251
197 255
198 265
198 269
198 270
198 271
198 274
198 259
198 283
198 294
198 295
198 297
198 298
198 266
198 267
198 276
198 279
198 202
198 203
198 205
198 207
198 217
198 220
198 222
198 228
198 239
198 296
198 242
198 244
198 251
198 253
199 262
199 268
199 272
199 276
199 281
199 288
199 289
199 295
199 297
199 271
199 273
199 284
199 201
199 207
199 254
199 210
199 220
199 222
199 224
199 237
199 239
199 243
199 245
199 248
199 252
199 253
199 264
199 255
200 257
200 259
200 262
200 263
200 273
200 277
200 283
200 286
200 289
200 292
200 297
200 298
200 264
200 269
200 270
200 201
200 205
200 207
200 211
200 218
200 219
200 220
200 222
200 223
200 224
200 225
200 226
200 228
200 231
200 232
200 235
200 236
200 238
200 245
200 248
200 249
200 255
201 256
201 282
201 265
201 266
201 270
201 280
201 275
201 277
201 292
201 272
201 296
201 284
201 244
201 245
201 246
201 205
201 285
201 240
201 229
201 203
201 241
201 204
201 262
201 255
202 258
202 263
202 271
202 275
202 280
202 260
202 289
202 291
202 297
202 283
202 210
202 213
202 218
202 224
202 231
202 234
202 236
202 281
202 272
202 241
202 242
202 243
202 245
202 247
202 252
202 253
203 256
203 266
203 267
203 248
203 280
203 260
203 282
203 283
203 219
203 296
203 285
203 206
203 268
203 209
203 210
203 215
203 217
203 222
203 263
203 208
203 226
203 229
203 298
203 231
203 236
203 243
203 246
203 299
203 251
203 254
204 257
204 259
204 265
204 269
204 270
204 271
204 273
204 275
204 291
204 292
204 262
204 274
204 272
204 266
204 279
204 288
204 210
204 214
204 215
204 219
204 263
204 208
204 227
204 228
204 225
204 239
204 243
204 245
204 252
204 253
205 259
205 276
205 278
205 279
205 280
205 283
205 288
205 295
205 298
205 274
205 277
205 282
205 207
205 208
205 211
205 212
205 219
205 222
205 232
205 234
205 237
205 240
205 246
205 247
205 249
206 257
206 256
206 271
206 273
206 277
206 278
206 283
206 284
206 288
206 292
206 272
206 285
206 276
206 210
206 216
206 217
206 222
206 226
206 228
206 231
206 232
206 234
206 241
206 246
207 258
207 275
207 282
207 287
207 288
207 292
207 262
207 263
207 285
207 220
207 221
207 225
207 227
207 231
207 232
207 234
207 295
207 239
207 240
207 296
207 243
208 261
208 266
208 271
208 280
208 274
208 290
208 296
208 240
208 285
208 291
208 268
208 213
208 269
208 231
208 233
208 234
208 242
208 244
208 246
208 248
208 249
208 298
209 256
209 272
209 273
209 296
209 282
209 288
209 292
209 220
209 299
209 295
209 215
209 212
209 216
209 241
209 222
209 223
209 269
209 231
209 237
209 239
209 221
209 285
209 250
209 255
209 254
210 256
210 264
210 268
210 289
210 293
210 297
210 259
210 283
210 285
210 211
210 214
210 217
210 220
210 224
210 227
210 230
210 232
210 296
210 244
210 247
210 254
210 255
211 258
211 261
211 262
211 270
211 271
211 274
211 280
211 281
211 286
211 263
211 265
211 288
211 214
211 215
211 216
211 219
211 293
211 224
211 228
211 232
211 233
211 295
211 239
211 240
211 243
211 249
211 254
212 256
212 274
212 281
212 241
212 240
212 223
212 265
212 266
212 296
212 289
212 288
212 286
212 222
212 225
212 234
212 295
212 238
212 242
212 243
212 244
212 247
212 250
212 251
212 253
213 282
213 267
213 269
213 270
213 238
213 278
213 283
213 265
213 218
213 284
213 232
213 279
213 248
213 291
213 215
213 216
213 241
213 221
213 223
213 227
213 251
213 249
213 252
213 253
213 277
214 266
214 268
214 286
214 289
214 262
214 294
214 296
214 297
214 261
214 250
214 290
214 216
214 221
214 229
214 232
214 238
214 239
214 240
214 287
214 242
214 275
214 244
214 251
214 248
214 252
214 255
215 256
215 258
215 271
215 275
215 278
215 290
215 265
215 219
215 221
215 293
215 224
215 228
215 241
215 243
215 245
215 247
215 249
215 252
215 253
215 254
215 255
216 272
216 259
216 280
216 261
216 289
216 291
216 293
216 265
216 271
216 275
216 277
216 287
216 217
216 219
216 220
216 223
216 225
216 227
216 228
216 231
216 232
216 295
216 236
216 244
216 245
216 246
216 247
217 256
217 260
217 257
217 268
217 271
217 280
217 282
217 288
217 290
217 292
217 293
217 295
217 296
217 264
217 285
217 276
217 284
217 219
217 223
217 230
217 233
217 237
217 238
217 239
217 242
217 243
217 252
217 247
218 259
218 262
218 264
218 267
218 273
218 271
218 277
218 278
218 299
218 289
218 256
218 258
218 290
218 219
218 221
218 225
218 233
218 235
218 236
218 237
218 239
218 241
218 242
218 251
218 252
218 253
218 255
219 261
219 233
219 269
219 281
219 286
219 294
219 272
219 273
219 283
219 267
219 289
219 280
219 223
219 225
219 227
219 293
219 236
219 240
219 241
219 248
219 276
219 251
220 235
220 270
220 275
220 282
220 248
220 231
220 278
220 294
220 285
220 286
220 267
220 245
220 260
220 221
220 222
220 224
220 274
220 242
220 268
220 290
220 253
220 254
221 257
221 259
221 261
221 268
221 269
221 272
221 278
221 281
221 285
221 286
221 287
221 290
221 299
221 267
221 291
221 297
221 280
221 293
221 227
221 233
221 236
221 239
221 245
221 247
221 250
221 255
222 256
222 267
222 270
222 271
222 273
222 259
222 278
222 286
222 296
222 268
222 279
222 280
222 289
222 291
222 223
222 224
222 230
222 237
222 238
222 239
222 243
222 248
222 255
223 235
223 258
223 248
223 259
223 239
223 288
223 283
223 294
223 236
223 267
223 262
223 292
223 269
223 228
223 225
223 226
223 232
223 242
223 278
223 245
223 246
223 251
224 261
224 264
224 270
224 278
224 260
224 282
224 287
224 290
224 297
224 268
224 271
224 288
224 292
224 232
224 234
224 295
224 240
224 243
224 244
224 251
224 252
224 254
225 259
225 273
225 277
225 281
225 283
225 285
225 288
225 289
225 290
225 292
225 298
225 269
225 271
225 229
225 230
225 241
225 250
225 251
225 252
226 262
226 279
226 273
226 265
226 294
226 299
226 259
226 270
226 272
226 227
226 232
226 233
226 275
226 245
226 246
226 241
226 234
226 254
227 259
227 262
227 270
227 237
227 296
227 282
227 293
227 294
227 249
227 263
227 287
227 283
227 271
227 284
227 250
227 251
227 276
227 231
227 235
227 236
227 238
227 241
227 275
227 297
227 299
227 255
228 294
228 262
228 268
228 282
228 267
228 231
228 299
228 285
228 286
228 287
228 273
228 295
228 272
228 232
228 245
228 281
228 234
229 257
229 265
229 268
229 269
229 275
229 260
229 283
229 289
229 290
229 297
229 266
229 267
229 274
229 288
229 230
229 231
229 232
229 237
229 238
229 240
229 242
229 248
229 250
229 252
229 253
229 255
230 265
230 266
230 267
230 270
230 280
230 284
230 287
230 291
230 292
230 294
230 295
230 296
230 276
230 234
230 238
230 239
230 240
230 243
230 252
231 256
231 267
231 273
231 275
231 279
231 286
231 288
231 262
231 266
231 271
231 290
231 237
231 241
231 243
231 250
231 251
231 255
232 270
232 271
232 280
232 281
232 289
232 290
232 291
232 292
232 293
232 264
232 269
232 294
232 279
232 286
232 287
232 233
232 234
232 236
232 238
232 239
232 240
232 245
232 249
232 250
232 252
232 253
233 264
233 271
233 275
233 277
233 284
233 292
233 294
233 295
233 291
233 273
233 278
233 281
233 261
233 235
233 241
233 242
233 247
233 251
234 263
234 265
234 272
234 271
234 280
234 281
234 293
234 285
234 287
234 290
234 267
234 237
234 297
234 273
234 248
234 251
234 254
235 266
235 270
235 272
235 282
235 287
235 295
235 299
235 257
235 258
235 290
235 286
235 242
235 275
235 244
235 245
235 297
235 276
236 256
236 260
236 261
236 266
236 276
236 281
236 285
236 289
236 290
236 296
236 288
236 242
236 246
236 264
237 268
237 259
237 279
237 280
237 281
237 287
237 293
237 294
237 296
237 274
237 278
237 271
237 238
237 243
237 244
237 247
237 249
237 254
238 267
238 269
238 275
238 280
238 285
238 288
238 290
238 291
238 292
238 262
238 299
238 279
238 239
238 240
238 242
238 245
238 297
238 249
238 255
239 257
239 266
239 279
239 293
239 294
239 241
239 297
239 298
239 270
239 263
239 273
239 251
239 264
240 258
240 260
240 257
240 264
240 266
240 273
240 270
240 271
240 283
240 291
240 298
240 297
240 248
240 272
240 292
240 282
240 295
240 241
241 299
241 263
241 277
241 281
241 284
241 288
241 290
241 295
241 298
241 271
241 272
241 275
241 247
241 249
241 250
241 251
241 252
241 253
242 257
242 264
242 267
242 274
242 281
242 292
242 262
242 295
242 298
242 276
242 278
242 284
242 246
243 256
243 260
243 266
243 270
243 272
243 273
243 276
243 294
243 296
243 288
243 268
243 290
243 285
243 278
243 263
244 259
244 265
244 266
244 269
244 271
244 275
244 280
244 282
244 285
244 261
244 289
244 291
244 296
244 297
244 299
244 270
244 284
244 248
244 250
244 252
244 253
245 259
245 263
245 265
245 266
245 273
245 279
245 290
245 292
245 296
245 297
245 278
245 283
245 261
245 284
245 287
245 280
245 289
245 249
245 251
246 259
246 279
246 258
246 256
246 272
246 284
246 261
246 270
246 280
246 276
246 254
246 268
246 252
246 298
246 255
247 263
247 264
247 267
247 270
247 272
247 283
247 286
247 294
247 284
247 271
247 280
247 293
247 273
247 251
247 253
247 276
248 257
248 264
248 273
248 279
248 281
248 283
248 286
248 287
248 288
248 298
248 267
248 271
248 262
248 249
248 293
248 251
248 252
248 253
249 259
249 268
249 270
249 269
249 261
249 296
249 266
249 287
249 262
249 279
249 258
249 291
249 271
249 276
250 263
250 264
250 270
250 276
250 278
250 280
250 281
250 285
250 291
250 293
250 295
250 296
250 257
250 271
250 297
250 252
250 255
251 257
251 274
251 276
251 280
251 283
251 284
251 295
251 263
251 281
251 296
251 297
251 252
251 254
251 255
252 256
252 259
252 265
252 272
252 299
252 284
252 290
252 292
252 294
252 297
252 263
252 287
253 264
253 272
253 282
253 299
253 285
253 267
253 269
253 271
253 268
254 259
254 263
254 269
254 271
254 275
254 277
254 280
254 282
254 287
254 288
254 267
254 295
254 298
255 256
255 275
255 279
255 282
255 284
255 286
255 261
255 288
255 289
255 290
255 291
255 262
255 294
255 268
255 297
256 264
256 271
256 272
256 273
256 275
256 276
256 282
256 284
256 287
256 291
256 299
256 285
256 277
256 289
256 295
256 296
257 264
257 278
257 281
257 284
257 289
257 296
257 297
257 269
257 273
257 259
257 299
258 262
258 265
258 274
258 281
258 286
258 292
258 270
258 259
258 298
258 264
259 263
259 270
259 271
259 279
259 290
259 298
259 283
259 287
260 279
260 273
260 292
260 272
260 274
260 297
260 276
260 293
261 266
261 271
261 273
261 278
261 285
261 287
261 288
261 291
261 299
261 280
261 282
261 286
261 297
261 276
262 263
262 268
262 270
262 275
262 279
262 280
262 284
262 285
262 288
262 293
262 298
262 299
262 290
262 286
262 281
263 265
263 266
263 271
263 272
263 278
263 281
263 291
263 294
263 295
263 273
263 296
263 289
263 290
264 274
264 281
264 282
264 288
264 291
264 292
264 297
264 267
264 269
264 275
265 277
265 278
265 280
265 286
265 299
265 275
265 268
266 267
266 268
266 270
266 271
266 273
266 275
266 282
266 286
266 291
266 298
266 280
266 283
266 297
267 275
267 278
267 285
267 288
267 289
267 290
267 291
267 294
267 298
267 268
268 269
268 274
268 289
268 282
268 283
268 287
268 278
269 273
269 279
269 289
269 293
269 287
269 297
270 278
270 279
270 271
270 274
270 282
270 283
270 295
270 298
270 284
270 287
271 274
271 288
271 289
271 293
271 295
271 291
271 298
271 277
272 280
272 286
272 295
272 294
272 298
273 284
273 285
273 287
273 288
273 293
273 294
273 297
273 278
273 280
274 299
274 279
274 282
274 293
274 291
274 285
274 289
274 297
275 299
275 288
275 282
275 289
275 297
275 278
275 291
275 298
276 294
276 291
276 293
276 292
276 298
277 282
277 285
277 289
277 292
277 296
277 279
277 293
278 286
278 284
278 290
278 279
278 297
279 289
279 292
279 298
279 282
279 283
280 295
280 296
280 298
280 287
280 292
280 286
281 282
281 286
281 283
281 288
281 289
281 293
281 291
281 285
281 299
282 283
282 285
282 293
282 299
283 285
283 286
283 287
283 288
283 297
284 286
284 298
285 286
285 290
285 292
285 294
285 293
285 296
285 298
286 289
286 296
287 288
287 289
287 291
287 293
287 296
287 297
287 294
288 289
288 292
288 297
288 298
289 295
289 290
289 291
289 299
290 292
290 298
290 299
291 293
291 294
291 299
292 293
293 299
293 297
294 296
294 299
295 298
