300 13482
0 257
0 2
0 260
0 5
0 262
0 265
0 10
0 12
0 258
0 15
0 273
0 18
0 275
0 21
0 279
0 281
0 282
0 29
0 30
0 287
0 34
0 35
0 38
0 40
0 42
0 43
0 45
0 46
0 47
0 48
0 56
0 58
0 59
0 61
0 62
0 66
0 67
0 68
0 69
0 72
0 79
0 86
0 88
0 89
0 271
0 92
0 93
0 96
0 97
0 100
0 109
0 113
0 114
0 121
0 124
0 130
0 134
0 136
0 137
0 142
0 146
0 149
0 150
0 153
0 154
0 160
0 165
0 166
0 168
0 170
0 173
0 174
0 180
0 182
0 184
0 185
0 186
0 191
0 193
0 196
0 197
0 199
0 200
0 203
0 208
0 210
0 211
0 213
0 224
0 225
0 228
0 233
0 244
0 245
0 247
0 252
0 298
0 254
0 255
1 257
1 2
1 259
1 260
1 5
1 263
1 9
1 12
1 13
1 14
1 272
1 275
1 20
1 281
1 27
1 28
1 29
1 261
1 32
1 33
1 290
1 35
1 37
1 39
1 41
1 42
1 46
1 49
1 71
1 72
1 268
1 258
1 75
1 81
1 85
1 92
1 94
1 100
1 105
1 107
1 112
1 116
1 117
1 122
1 123
1 125
1 128
1 132
1 135
1 139
1 143
1 144
1 145
1 147
1 152
1 154
1 159
1 161
1 166
1 168
1 169
1 170
1 172
1 174
1 179
1 180
1 181
1 182
1 183
1 184
1 186
1 190
1 195
1 196
1 201
1 211
1 212
1 213
1 217
1 218
1 293
1 226
1 228
1 230
1 231
1 232
1 234
1 237
1 241
1 245
1 297
1 298
1 253
2 4
2 5
2 7
2 9
2 266
2 290
2 13
2 256
2 273
2 18
2 276
2 277
2 22
2 279
2 280
2 25
2 26
2 30
2 34
2 36
2 37
2 43
2 47
2 49
2 50
2 53
2 59
2 66
2 67
2 71
2 74
2 75
2 81
2 82
2 85
2 87
2 88
2 92
2 96
2 263
2 100
2 102
2 105
2 110
2 113
2 115
2 116
2 117
2 118
2 120
2 270
2 124
2 127
2 130
2 131
2 278
2 135
2 138
2 139
2 140
2 142
2 143
2 282
2 145
2 146
2 148
2 157
2 164
2 165
2 166
2 172
2 178
2 181
2 184
2 191
2 194
2 198
2 199
2 201
2 205
2 206
2 208
2 292
2 218
2 286
2 220
2 224
2 228
2 229
2 231
2 238
2 239
2 241
2 245
2 246
2 251
3 256
3 258
3 264
3 12
3 13
3 14
3 17
3 275
3 277
3 278
3 279
3 24
3 281
3 27
3 28
3 30
3 31
3 32
3 289
3 38
3 295
3 40
3 43
3 44
3 46
3 49
3 51
3 52
3 55
3 56
3 57
3 62
3 64
3 65
3 66
3 68
3 72
3 74
3 79
3 82
3 83
3 270
3 88
3 89
3 91
3 92
3 97
3 98
3 99
3 100
3 103
3 109
3 116
3 118
3 119
3 122
3 21
3 129
3 133
3 140
3 148
3 151
3 154
3 283
3 165
3 173
3 175
3 181
3 183
3 184
3 188
3 189
3 296
3 288
3 195
3 200
3 206
3 220
3 222
3 223
3 231
3 232
3 236
3 240
3 241
3 242
3 247
3 254
3 255
4 128
4 259
4 262
4 8
4 138
4 23
4 13
4 270
4 15
4 18
4 148
4 278
4 151
4 154
4 156
4 157
4 288
4 289
4 162
4 163
4 292
4 165
4 39
4 299
4 44
4 223
4 175
4 48
4 136
4 181
4 56
4 186
4 59
4 188
4 61
4 63
4 64
4 65
4 66
4 67
4 225
4 194
4 201
4 202
4 203
4 76
4 207
4 141
4 210
4 211
4 86
4 91
4 220
4 250
4 37
4 97
4 226
4 251
4 102
4 231
4 104
4 235
4 236
4 109
4 111
4 113
4 258
4 245
4 247
4 120
4 122
4 191
4 264
5 171
5 260
5 134
5 263
5 265
5 10
5 11
5 12
5 13
5 14
5 143
5 272
5 17
5 18
5 275
5 20
5 278
5 24
5 26
5 29
5 32
5 161
5 35
5 292
5 198
5 166
5 167
5 296
5 41
5 43
5 173
5 174
5 157
5 48
5 50
5 179
5 180
5 53
5 182
5 184
5 192
5 62
5 63
5 64
5 65
5 66
5 152
5 196
5 197
5 70
5 199
5 194
5 258
5 76
5 269
5 248
5 249
5 217
5 90
5 93
5 222
5 95
5 228
5 102
5 237
5 110
5 239
5 112
5 113
5 116
5 190
5 119
5 120
5 148
5 124
5 126
5 276
6 256
6 257
6 264
6 265
6 266
6 17
6 18
6 22
6 279
6 280
6 25
6 282
6 283
6 28
6 29
6 287
6 288
6 289
6 290
6 291
6 37
6 38
6 41
6 42
6 44
6 45
6 47
6 49
6 51
6 52
6 57
6 58
6 61
6 64
6 70
6 74
6 75
6 83
6 84
6 91
6 94
6 102
6 108
6 110
6 113
6 118
6 125
6 126
6 127
6 128
6 129
6 131
6 136
6 137
6 138
6 141
6 143
6 146
6 281
6 152
6 153
6 154
6 155
6 157
6 159
6 164
6 167
6 284
6 171
6 285
6 178
6 190
6 191
6 195
6 196
6 198
6 199
6 204
6 208
6 217
6 227
6 233
6 236
6 238
6 241
6 243
6 245
6 249
6 250
6 252
6 253
7 129
7 299
7 262
7 264
7 172
7 10
7 213
7 268
7 14
7 15
7 16
7 145
7 19
7 148
7 149
7 150
7 27
7 29
7 159
7 160
7 289
7 162
7 163
7 166
7 167
7 40
7 43
7 44
7 45
7 285
7 176
7 177
7 179
7 52
7 54
7 56
7 57
7 187
7 273
7 63
7 192
7 224
7 195
7 69
7 74
7 241
7 206
7 290
7 78
7 207
7 80
7 81
7 210
7 237
7 142
7 245
7 215
7 267
7 217
7 91
7 220
7 222
7 223
7 96
7 208
7 98
7 227
7 294
7 17
7 235
7 109
7 238
7 111
7 113
7 275
7 117
7 119
7 276
7 250
7 191
7 219
7 126
7 127
8 256
8 258
8 261
8 262
8 263
8 264
8 265
8 266
8 270
8 273
8 18
8 275
8 20
8 21
8 279
8 281
8 282
8 283
8 284
8 30
8 287
8 34
8 37
8 39
8 46
8 47
8 48
8 51
8 52
8 55
8 57
8 58
8 59
8 68
8 69
8 74
8 76
8 77
8 79
8 80
8 94
8 97
8 99
8 110
8 111
8 114
8 119
8 121
8 122
8 123
8 124
8 125
8 134
8 137
8 143
8 148
8 149
8 154
8 157
8 158
8 160
8 166
8 169
8 171
8 173
8 174
8 176
8 178
8 179
8 286
8 185
8 186
8 187
8 189
8 191
8 197
8 198
8 201
8 203
8 207
8 208
8 213
8 214
8 215
8 218
8 223
8 224
8 230
8 231
8 232
8 233
8 234
8 238
8 242
8 248
8 252
9 259
9 260
9 265
9 266
9 258
9 270
9 17
9 18
9 275
9 276
9 21
9 279
9 281
9 26
9 284
9 285
9 31
9 33
9 292
9 293
9 295
9 40
9 46
9 49
9 62
9 66
9 69
9 73
9 79
9 80
9 82
9 95
9 99
9 100
9 103
9 104
9 111
9 113
9 117
9 120
9 124
9 131
9 138
9 143
9 146
9 148
9 150
9 155
9 156
9 282
9 162
9 163
9 165
9 167
9 168
9 170
9 171
9 172
9 175
9 177
9 182
9 183
9 184
9 187
9 189
9 193
9 194
9 195
9 197
9 198
9 200
9 201
9 204
9 205
9 207
9 216
9 219
9 224
9 227
9 229
9 232
9 236
9 238
9 244
9 249
9 250
9 255
10 262
10 267
10 13
10 270
10 15
10 16
10 274
10 276
10 279
10 281
10 28
10 289
10 35
10 292
10 39
10 49
10 50
10 51
10 53
10 54
10 58
10 59
10 65
10 70
10 71
10 73
10 74
10 78
10 79
10 82
10 85
10 86
10 87
10 271
10 272
10 99
10 100
10 103
10 105
10 107
10 108
10 111
10 113
10 115
10 121
10 122
10 126
10 127
10 128
10 131
10 132
10 134
10 137
10 138
10 140
10 141
10 143
10 146
10 147
10 269
10 153
10 163
10 167
10 169
10 171
10 176
10 180
10 184
10 188
10 192
10 194
10 197
10 199
10 200
10 203
10 206
10 207
10 209
10 291
10 216
10 218
10 219
10 222
10 225
10 232
10 234
10 235
10 236
10 239
10 243
10 246
10 248
10 252
10 255
11 128
11 129
11 259
11 260
11 135
11 264
11 137
11 138
11 290
11 268
11 141
11 271
11 222
11 146
11 19
11 148
11 21
11 23
11 24
11 299
11 26
11 27
11 285
11 30
11 31
11 32
11 295
11 197
11 283
11 166
11 241
11 40
11 169
11 171
11 173
11 48
11 177
11 179
11 52
11 53
11 54
11 57
11 159
11 296
11 61
11 190
11 63
11 196
11 182
11 70
11 72
11 168
11 226
11 78
11 79
11 82
11 206
11 88
11 92
11 93
11 94
11 95
11 98
11 99
11 101
11 103
11 104
11 105
11 235
11 274
11 238
11 111
11 240
11 113
11 242
11 147
11 116
11 246
11 251
11 200
11 253
11 126
11 277
12 258
12 257
12 264
12 266
12 14
12 271
12 274
12 259
12 20
12 21
12 22
12 280
12 287
12 34
12 291
12 37
12 294
12 39
12 296
12 297
12 42
12 43
12 53
12 55
12 56
12 60
12 72
12 76
12 89
12 90
12 92
12 100
12 101
12 102
12 104
12 118
12 125
12 277
12 130
12 132
12 278
12 137
12 138
12 139
12 140
12 141
12 142
12 143
12 144
12 149
12 150
12 152
12 154
12 156
12 158
12 161
12 163
12 164
12 166
12 167
12 168
12 173
12 176
12 177
12 178
12 179
12 183
12 184
12 187
12 190
12 192
12 194
12 199
12 200
12 202
12 205
12 210
12 214
12 216
12 219
12 263
12 228
12 230
12 231
12 232
12 233
12 235
12 239
12 240
12 243
12 244
12 250
12 253
13 257
13 272
13 21
13 278
13 23
13 24
13 25
13 26
13 284
13 29
13 286
13 288
13 291
13 36
13 39
13 41
13 42
13 44
13 45
13 52
13 57
13 58
13 69
13 71
13 72
13 73
13 80
13 82
13 83
13 84
13 86
13 88
13 89
13 90
13 91
13 104
13 105
13 108
13 110
13 111
13 112
13 119
13 123
13 126
13 277
13 128
13 132
13 133
13 136
13 140
13 142
13 143
13 144
13 150
13 152
13 153
13 282
13 162
13 163
13 172
13 177
13 178
13 180
13 183
13 189
13 190
13 191
13 192
13 195
13 198
13 200
13 202
13 216
13 218
13 219
13 220
13 230
13 232
13 237
13 238
13 240
13 241
13 297
13 248
13 249
13 251
13 252
13 255
14 130
14 136
14 138
14 216
14 141
14 142
14 16
14 145
14 148
14 150
14 289
14 24
14 281
14 179
14 283
14 28
14 267
14 31
14 133
14 33
14 162
14 35
14 297
14 165
14 167
14 296
14 169
14 199
14 172
14 178
14 46
14 49
14 50
14 51
14 182
14 55
14 57
14 58
14 159
14 192
14 62
14 63
14 64
14 288
14 67
14 196
14 69
14 198
14 71
14 200
14 177
14 204
14 77
14 78
14 79
14 257
14 163
14 212
14 88
14 152
14 91
14 92
14 221
14 95
14 263
14 99
14 228
14 269
14 233
14 107
14 109
14 111
14 114
14 115
14 116
14 190
14 247
14 123
15 129
15 131
15 133
15 134
15 136
15 268
15 272
15 145
15 195
15 150
15 151
15 152
15 25
15 282
15 28
15 261
15 161
15 162
15 35
15 164
15 37
15 38
15 167
15 168
15 297
15 42
15 299
15 45
15 46
15 175
15 266
15 49
15 180
15 182
15 186
15 189
15 190
15 63
15 192
15 67
15 68
15 197
15 75
15 204
15 205
15 206
15 248
15 210
15 163
15 85
15 203
15 216
15 292
15 221
15 222
15 225
15 98
15 99
15 230
15 104
15 107
15 111
15 40
15 114
15 275
15 246
15 120
15 121
15 123
15 170
15 254
16 257
16 258
16 259
16 260
16 264
16 265
16 267
16 276
16 299
16 29
16 30
16 287
16 288
16 33
16 291
16 38
16 296
16 42
16 263
16 49
16 50
16 51
16 52
16 59
16 64
16 67
16 72
16 73
16 77
16 78
16 80
16 82
16 83
16 85
16 87
16 89
16 92
16 105
16 108
16 117
16 120
16 128
16 139
16 140
16 141
16 143
16 144
16 286
16 149
16 150
16 154
16 155
16 160
16 167
16 169
16 172
16 173
16 285
16 177
16 179
16 181
16 186
16 187
16 192
16 194
16 199
16 200
16 206
16 208
16 209
16 210
16 216
16 224
16 226
16 233
16 235
16 236
16 237
16 239
16 240
16 246
16 247
16 248
16 249
17 258
17 264
17 266
17 270
17 18
17 19
17 20
17 21
17 24
17 281
17 27
17 29
17 31
17 291
17 293
17 294
17 298
17 43
17 44
17 46
17 54
17 56
17 57
17 58
17 60
17 64
17 65
17 70
17 71
17 74
17 75
17 82
17 83
17 86
17 88
17 92
17 99
17 100
17 103
17 105
17 115
17 116
17 119
17 120
17 276
17 123
17 124
17 130
17 132
17 134
17 135
17 137
17 138
17 140
17 141
17 146
17 147
17 156
17 157
17 160
17 261
17 166
17 168
17 170
17 173
17 285
17 179
17 181
17 182
17 191
17 197
17 204
17 205
17 211
17 214
17 216
17 217
17 218
17 220
17 223
17 224
17 226
17 227
17 231
17 233
17 245
17 246
17 254
18 271
18 275
18 277
18 22
18 279
18 280
18 281
18 26
18 28
18 29
18 30
18 31
18 32
18 34
18 291
18 36
18 293
18 41
18 299
18 44
18 46
18 47
18 58
18 62
18 65
18 66
18 69
18 70
18 71
18 72
18 74
18 75
18 85
18 88
18 90
18 94
18 96
18 97
18 105
18 106
18 107
18 112
18 117
18 120
18 124
18 130
18 134
18 135
18 137
18 139
18 145
18 146
18 164
18 165
18 166
18 284
18 170
18 171
18 174
18 181
18 184
18 185
18 287
18 194
18 196
18 202
18 208
18 212
18 213
18 214
18 215
18 286
18 220
18 224
18 225
18 230
18 231
18 237
18 246
18 250
18 253
19 269
19 272
19 275
19 276
19 21
19 278
19 279
19 25
19 283
19 284
19 285
19 31
19 32
19 290
19 293
19 38
19 39
19 43
19 44
19 45
19 49
19 50
19 54
19 58
19 63
19 65
19 67
19 68
19 80
19 83
19 86
19 87
19 267
19 92
19 94
19 96
19 97
19 99
19 100
19 104
19 107
19 113
19 114
19 115
19 116
19 117
19 118
19 120
19 123
19 126
19 128
19 135
19 137
19 138
19 139
19 142
19 143
19 144
19 151
19 152
19 169
19 170
19 171
19 172
19 175
19 176
19 179
19 180
19 184
19 287
19 191
19 193
19 196
19 197
19 201
19 207
19 213
19 218
19 223
19 225
19 228
19 234
19 235
19 238
19 240
19 241
19 244
19 245
19 246
19 247
19 250
19 251
19 252
19 254
20 256
20 134
20 226
20 236
20 274
20 238
20 278
20 152
20 153
20 26
20 28
20 285
20 30
20 288
20 35
20 37
20 38
20 297
20 42
20 171
20 173
20 223
20 175
20 266
20 49
20 179
20 53
20 185
20 58
20 221
20 188
20 189
20 190
20 181
20 194
20 195
20 69
20 268
20 75
20 77
20 206
20 205
20 208
20 210
20 227
20 84
20 245
20 87
20 216
20 90
20 207
20 186
20 280
20 95
20 98
20 99
20 101
20 102
20 104
20 235
20 108
20 109
20 110
20 255
20 114
20 243
20 117
20 251
20 120
20 250
20 123
20 170
20 127
21 256
21 261
21 262
21 263
21 266
21 272
21 277
21 22
21 24
21 26
21 28
21 32
21 33
21 290
21 291
21 292
21 296
21 42
21 43
21 45
21 46
21 47
21 48
21 53
21 54
21 265
21 59
21 66
21 67
21 268
21 75
21 269
21 80
21 83
21 84
21 86
21 87
21 94
21 98
21 99
21 100
21 273
21 107
21 110
21 117
21 119
21 120
21 124
21 128
21 129
21 135
21 136
21 137
21 140
21 146
21 147
21 150
21 151
21 157
21 164
21 176
21 177
21 180
21 181
21 185
21 187
21 188
21 193
21 194
21 196
21 199
21 206
21 211
21 212
21 216
21 221
21 222
21 224
21 226
21 227
21 230
21 233
21 234
21 239
21 251
21 253
22 129
22 131
22 277
22 133
22 257
22 141
22 142
22 271
22 144
22 273
22 147
22 23
22 152
22 153
22 26
22 155
22 28
22 157
22 31
22 161
22 162
22 36
22 198
22 146
22 167
22 40
22 156
22 43
22 45
22 47
22 176
22 50
22 51
22 55
22 185
22 183
22 192
22 63
22 64
22 224
22 66
22 67
22 130
22 210
22 75
22 77
22 78
22 79
22 294
22 82
22 211
22 212
22 206
22 214
22 216
22 90
22 207
22 221
22 280
22 96
22 97
22 227
22 229
22 102
22 178
22 242
22 171
22 108
22 109
22 272
22 168
22 114
22 275
22 268
22 122
22 123
22 252
22 125
22 126
22 263
23 259
23 261
23 263
23 267
23 271
23 273
23 274
23 280
23 260
23 26
23 27
23 285
23 32
23 33
23 291
23 295
23 44
23 45
23 46
23 49
23 52
23 55
23 56
23 57
23 59
23 61
23 66
23 68
23 71
23 74
23 76
23 269
23 87
23 89
23 94
23 95
23 96
23 97
23 99
23 116
23 117
23 118
23 119
23 121
23 125
23 128
23 133
23 134
23 137
23 138
23 139
23 141
23 142
23 144
23 281
23 153
23 159
23 161
23 278
23 164
23 165
23 166
23 167
23 173
23 175
23 176
23 178
23 179
23 182
23 186
23 194
23 289
23 201
23 203
23 206
23 207
23 216
23 222
23 227
23 229
23 243
23 244
23 245
23 249
23 250
23 255
24 265
24 266
24 271
24 272
24 259
24 279
24 286
24 289
24 34
24 295
24 40
24 44
24 56
24 57
24 58
24 60
24 61
24 62
24 63
24 64
24 68
24 69
24 70
24 74
24 75
24 77
24 80
24 82
24 83
24 84
24 95
24 99
24 102
24 103
24 104
24 105
24 107
24 108
24 114
24 117
24 119
24 121
24 122
24 123
24 125
24 127
24 131
24 132
24 135
24 136
24 138
24 140
24 141
24 143
24 144
24 149
24 150
24 153
24 157
24 158
24 161
24 175
24 177
24 178
24 186
24 199
24 205
24 207
24 210
24 213
24 217
24 221
24 225
24 226
24 229
24 230
24 231
24 238
24 240
24 247
24 250
24 252
24 253
24 254
25 257
25 261
25 268
25 272
25 26
25 28
25 285
25 30
25 31
25 33
25 291
25 36
25 262
25 38
25 295
25 297
25 44
25 49
25 51
25 56
25 57
25 58
25 61
25 70
25 73
25 258
25 76
25 77
25 79
25 80
25 83
25 84
25 85
25 86
25 98
25 113
25 114
25 117
25 119
25 126
25 132
25 133
25 137
25 143
25 144
25 146
25 147
25 148
25 282
25 162
25 164
25 168
25 170
25 175
25 176
25 180
25 182
25 185
25 287
25 188
25 191
25 193
25 194
25 196
25 197
25 199
25 208
25 211
25 212
25 213
25 218
25 219
25 220
25 221
25 222
25 224
25 225
25 228
25 269
25 230
25 232
25 239
25 242
25 245
25 246
25 247
26 257
26 260
26 262
26 280
26 29
26 286
26 261
26 39
26 40
26 44
26 45
26 46
26 47
26 50
26 51
26 53
26 265
26 56
26 59
26 63
26 66
26 67
26 68
26 70
26 72
26 76
26 77
26 78
26 82
26 83
26 84
26 89
26 91
26 92
26 93
26 94
26 95
26 99
26 102
26 111
26 114
26 115
26 285
26 117
26 121
26 123
26 125
26 130
26 132
26 136
26 139
26 140
26 142
26 144
26 149
26 281
26 152
26 155
26 158
26 159
26 163
26 164
26 165
26 167
26 168
26 171
26 172
26 173
26 175
26 287
26 177
26 178
26 181
26 185
26 187
26 190
26 192
26 279
26 195
26 202
26 206
26 213
26 216
26 219
26 223
26 224
26 226
26 227
26 232
26 233
26 295
26 238
26 240
26 243
26 246
26 247
26 255
27 256
27 265
27 274
27 276
27 277
27 278
27 299
27 284
27 285
27 31
27 32
27 34
27 292
27 37
27 38
27 41
27 43
27 49
27 290
27 60
27 61
27 267
27 72
27 76
27 78
27 80
27 81
27 85
27 86
27 87
27 90
27 91
27 92
27 93
27 94
27 95
27 96
27 98
27 102
27 273
27 104
27 106
27 109
27 110
27 115
27 116
27 119
27 120
27 122
27 129
27 138
27 139
27 142
27 143
27 148
27 156
27 159
27 162
27 163
27 167
27 173
27 175
27 180
27 181
27 190
27 193
27 195
27 196
27 204
27 205
27 206
27 208
27 210
27 216
27 218
27 219
27 223
27 294
27 230
27 233
27 234
27 238
27 241
27 248
27 254
28 260
28 261
28 279
28 284
28 29
28 30
28 287
28 288
28 33
28 34
28 292
28 38
28 295
28 296
28 41
28 42
28 47
28 52
28 53
28 54
28 55
28 59
28 60
28 266
28 65
28 70
28 286
28 73
28 82
28 85
28 90
28 91
28 92
28 93
28 94
28 95
28 96
28 100
28 104
28 106
28 108
28 110
28 111
28 117
28 118
28 270
28 124
28 277
28 129
28 278
28 138
28 140
28 141
28 144
28 146
28 150
28 281
28 153
28 157
28 158
28 159
28 163
28 168
28 169
28 172
28 174
28 285
28 178
28 181
28 183
28 185
28 189
28 196
28 200
28 202
28 290
28 271
28 209
28 215
28 219
28 225
28 294
28 235
28 236
28 238
28 240
28 242
28 243
28 244
28 297
28 248
28 249
28 251
28 253
29 275
29 279
29 281
29 283
29 286
29 32
29 35
29 262
29 39
29 41
29 43
29 45
29 59
29 66
29 71
29 73
29 76
29 77
29 78
29 87
29 88
29 93
29 95
29 97
29 99
29 273
29 106
29 274
29 113
29 114
29 117
29 119
29 120
29 123
29 124
29 129
29 133
29 137
29 138
29 141
29 142
29 144
29 146
29 147
29 157
29 158
29 162
29 163
29 165
29 166
29 167
29 168
29 284
29 172
29 175
29 180
29 182
29 186
29 189
29 194
29 196
29 198
29 207
29 215
29 218
29 219
29 220
29 221
29 222
29 263
29 226
29 229
29 230
29 233
29 234
29 235
29 238
29 240
29 241
29 242
29 244
29 247
29 248
29 249
29 252
30 261
30 263
30 268
30 258
30 270
30 278
30 279
30 285
30 34
30 35
30 293
30 40
30 299
30 45
30 49
30 51
30 52
30 54
30 56
30 60
30 62
30 63
30 64
30 66
30 69
30 70
30 77
30 78
30 269
30 80
30 86
30 272
30 98
30 100
30 103
30 111
30 112
30 113
30 119
30 121
30 136
30 141
30 143
30 144
30 147
30 148
30 149
30 151
30 153
30 159
30 161
30 168
30 171
30 173
30 176
30 183
30 184
30 186
30 188
30 197
30 198
30 201
30 204
30 206
30 210
30 212
30 213
30 221
30 225
30 227
30 231
30 233
30 236
30 238
30 242
30 249
30 250
30 251
31 258
31 260
31 261
31 266
31 272
31 284
31 285
31 33
31 290
31 38
31 39
31 42
31 299
31 45
31 49
31 53
31 54
31 57
31 61
31 64
31 67
31 70
31 71
31 73
31 75
31 76
31 77
31 78
31 82
31 86
31 88
31 91
31 97
31 99
31 100
31 101
31 273
31 104
31 107
31 274
31 115
31 116
31 121
31 123
31 128
31 133
31 134
31 135
31 137
31 138
31 139
31 140
31 144
31 145
31 148
31 149
31 152
31 153
31 155
31 156
31 283
31 164
31 166
31 181
31 182
31 184
31 193
31 196
31 198
31 199
31 202
31 203
31 206
31 207
31 210
31 212
31 213
31 215
31 217
31 219
31 220
31 222
31 226
31 229
31 232
31 236
31 251
31 252
32 258
32 260
32 262
32 268
32 276
32 278
32 280
32 281
32 286
32 287
32 288
32 33
32 34
32 293
32 39
32 40
32 42
32 43
32 46
32 51
32 53
32 56
32 63
32 64
32 65
32 66
32 69
32 70
32 77
32 84
32 88
32 89
32 91
32 92
32 94
32 99
32 101
32 104
32 110
32 275
32 119
32 127
32 131
32 137
32 139
32 144
32 145
32 150
32 154
32 159
32 160
32 164
32 165
32 168
32 176
32 177
32 179
32 180
32 181
32 184
32 187
32 190
32 191
32 195
32 197
32 199
32 200
32 201
32 202
32 208
32 210
32 211
32 215
32 216
32 217
32 223
32 228
32 231
32 295
32 252
32 254
33 256
33 262
33 276
33 283
33 286
33 289
33 34
33 292
33 293
33 38
33 296
33 41
33 43
33 44
33 45
33 47
33 54
33 62
33 63
33 66
33 67
33 71
33 75
33 76
33 77
33 80
33 270
33 87
33 88
33 96
33 97
33 99
33 103
33 104
33 106
33 108
33 110
33 113
33 115
33 116
33 118
33 120
33 122
33 125
33 128
33 130
33 131
33 132
33 138
33 142
33 294
33 154
33 156
33 162
33 164
33 166
33 167
33 169
33 176
33 178
33 186
33 287
33 190
33 191
33 192
33 196
33 200
33 203
33 204
33 290
33 209
33 214
33 215
33 216
33 218
33 220
33 221
33 228
33 229
33 235
33 237
33 240
33 242
33 247
33 248
33 251
33 252
34 257
34 262
34 258
34 270
34 271
34 275
34 277
34 294
34 43
34 44
34 45
34 46
34 48
34 52
34 55
34 57
34 59
34 60
34 65
34 68
34 70
34 256
34 74
34 75
34 80
34 81
34 88
34 89
34 91
34 97
34 106
34 107
34 114
34 115
34 116
34 118
34 119
34 120
34 121
34 126
34 129
34 130
34 131
34 137
34 142
34 144
34 149
34 152
34 153
34 154
34 156
34 162
34 164
34 165
34 168
34 284
34 173
34 177
34 183
34 184
34 186
34 187
34 188
34 189
34 192
34 288
34 195
34 211
34 213
34 214
34 218
34 221
34 225
34 227
34 236
34 239
34 241
34 245
34 246
34 247
35 258
35 264
35 269
35 274
35 279
35 280
35 281
35 283
35 284
35 261
35 288
35 266
35 294
35 295
35 297
35 43
35 44
35 45
35 46
35 47
35 49
35 51
35 53
35 57
35 58
35 60
35 61
35 63
35 65
35 66
35 69
35 70
35 71
35 72
35 74
35 79
35 82
35 83
35 84
35 270
35 87
35 90
35 91
35 92
35 94
35 98
35 99
35 256
35 104
35 106
35 115
35 117
35 118
35 130
35 133
35 135
35 136
35 143
35 153
35 154
35 158
35 159
35 161
35 162
35 175
35 176
35 185
35 191
35 192
35 197
35 198
35 209
35 211
35 212
35 213
35 222
35 223
35 224
35 227
35 228
35 229
35 230
35 231
35 234
35 235
35 236
35 240
35 241
35 243
35 247
35 249
35 251
35 252
36 257
36 260
36 262
36 263
36 265
36 271
36 279
36 280
36 283
36 284
36 287
36 288
36 289
36 290
36 291
36 39
36 41
36 299
36 44
36 50
36 52
36 58
36 59
36 61
36 63
36 66
36 72
36 73
36 74
36 76
36 79
36 86
36 87
36 90
36 91
36 93
36 96
36 98
36 99
36 100
36 101
36 102
36 107
36 258
36 116
36 117
36 118
36 119
36 121
36 125
36 129
36 115
36 278
36 136
36 137
36 141
36 148
36 151
36 156
36 161
36 162
36 163
36 165
36 168
36 169
36 171
36 175
36 176
36 179
36 181
36 186
36 190
36 192
36 196
36 198
36 205
36 207
36 213
36 216
36 217
36 220
36 224
36 226
36 230
36 231
36 232
36 295
36 248
36 249
36 251
36 253
36 254
37 133
37 172
37 130
37 274
37 149
37 150
37 153
37 201
37 157
37 159
37 162
37 283
37 164
37 38
37 167
37 170
37 278
37 44
37 178
37 46
37 47
37 287
37 50
37 52
37 53
37 182
37 55
37 59
37 61
37 62
37 63
37 65
37 175
37 203
37 181
37 200
37 140
37 202
37 183
37 79
37 208
37 81
37 82
37 211
37 85
37 215
37 216
37 89
37 92
37 93
37 95
37 226
37 228
37 101
37 209
37 277
37 295
37 108
37 110
37 240
37 113
37 115
37 285
37 241
37 121
37 269
37 255
37 125
37 213
38 257
38 273
38 277
38 278
38 279
38 292
38 294
38 295
38 41
38 42
38 43
38 44
38 49
38 54
38 55
38 62
38 66
38 67
38 70
38 71
38 72
38 73
38 77
38 80
38 82
38 85
38 86
38 87
38 95
38 97
38 102
38 103
38 107
38 109
38 115
38 117
38 119
38 121
38 124
38 126
38 127
38 132
38 133
38 136
38 139
38 149
38 281
38 152
38 155
38 161
38 162
38 283
38 164
38 165
38 168
38 173
38 178
38 180
38 185
38 187
38 192
38 194
38 199
38 204
38 205
38 206
38 209
38 211
38 215
38 218
38 221
38 293
38 227
38 229
38 232
38 236
38 289
38 239
38 242
38 243
38 246
38 248
38 251
38 252
39 256
39 257
39 267
39 272
39 273
39 274
39 277
39 280
39 283
39 289
39 293
39 296
39 43
39 45
39 47
39 264
39 50
39 53
39 54
39 266
39 67
39 70
39 75
39 76
39 83
39 89
39 92
39 96
39 263
39 98
39 100
39 101
39 102
39 103
39 106
39 115
39 125
39 128
39 131
39 133
39 136
39 140
39 142
39 149
39 153
39 157
39 160
39 166
39 170
39 174
39 175
39 176
39 178
39 180
39 183
39 184
39 187
39 190
39 194
39 196
39 197
39 198
39 201
39 207
39 212
39 214
39 215
39 216
39 222
39 223
39 224
39 238
39 246
39 247
39 248
39 251
40 128
40 258
40 253
40 269
40 144
40 286
40 259
40 148
40 277
40 151
40 239
40 265
40 292
40 166
40 295
40 168
40 284
40 42
40 174
40 176
40 49
40 178
40 51
40 53
40 54
40 183
40 59
40 190
40 181
40 192
40 288
40 267
40 68
40 182
40 198
40 202
40 247
40 226
40 79
40 208
40 82
40 211
40 87
40 88
40 217
40 218
40 271
40 220
40 94
40 229
40 224
40 97
40 98
40 187
40 100
40 215
40 231
40 252
40 236
40 109
40 111
40 243
40 116
40 245
40 119
40 276
40 124
40 170
40 126
41 259
41 263
41 265
41 266
41 270
41 271
41 275
41 276
41 299
41 282
41 293
41 296
41 42
41 43
41 47
41 50
41 63
41 69
41 72
41 74
41 75
41 269
41 81
41 83
41 85
41 86
41 96
41 97
41 98
41 100
41 107
41 108
41 109
41 111
41 113
41 285
41 118
41 120
41 124
41 128
41 129
41 130
41 131
41 132
41 133
41 136
41 148
41 152
41 160
41 161
41 164
41 166
41 171
41 175
41 178
41 179
41 180
41 183
41 185
41 186
41 187
41 188
41 190
41 191
41 193
41 201
41 202
41 274
41 213
41 292
41 219
41 220
41 223
41 225
41 230
41 231
41 233
41 236
41 238
41 243
41 244
41 249
41 251
42 130
42 171
42 277
42 261
42 263
42 236
42 266
42 139
42 256
42 271
42 146
42 235
42 283
42 285
42 161
42 163
42 165
42 274
42 43
42 45
42 47
42 176
42 179
42 185
42 188
42 190
42 65
42 69
42 198
42 71
42 210
42 258
42 143
42 77
42 207
42 79
42 80
42 173
42 82
42 237
42 216
42 217
42 90
42 91
42 94
42 223
42 97
42 226
42 227
42 100
42 102
42 103
42 105
42 231
42 108
42 109
42 240
42 168
42 114
42 244
42 117
42 118
42 247
42 249
42 252
42 149
43 257
43 260
43 265
43 270
43 274
43 279
43 280
43 283
43 282
43 284
43 286
43 261
43 292
43 293
43 296
43 44
43 47
43 51
43 53
43 55
43 56
43 61
43 63
43 67
43 68
43 71
43 72
43 73
43 76
43 77
43 84
43 85
43 86
43 88
43 92
43 93
43 98
43 99
43 101
43 105
43 106
43 116
43 119
43 122
43 123
43 124
43 127
43 129
43 131
43 134
43 136
43 137
43 138
43 140
43 143
43 159
43 160
43 163
43 164
43 168
43 170
43 172
43 178
43 181
43 287
43 194
43 198
43 289
43 207
43 208
43 209
43 213
43 214
43 217
43 221
43 225
43 294
43 233
43 236
43 244
43 245
43 251
43 253
44 129
44 258
44 133
44 136
44 266
44 151
44 143
44 150
44 155
44 154
44 260
44 177
44 170
44 257
44 173
44 47
44 48
44 49
44 51
44 54
44 262
44 184
44 287
44 60
44 61
44 62
44 191
44 64
44 198
44 175
44 267
44 69
44 70
44 292
44 73
44 75
44 279
44 78
44 211
44 206
44 87
44 164
44 91
44 92
44 222
44 223
44 226
44 101
44 145
44 188
44 106
44 236
44 110
44 112
44 113
44 243
44 245
44 120
44 217
44 124
44 298
44 126
44 213
45 257
45 259
45 260
45 261
45 265
45 280
45 281
45 284
45 288
45 292
45 262
45 263
45 47
45 51
45 287
45 57
45 58
45 69
45 72
45 82
45 83
45 88
45 92
45 95
45 97
45 293
45 104
45 275
45 107
45 108
45 110
45 113
45 115
45 285
45 119
45 120
45 124
45 127
45 129
45 130
45 133
45 136
45 141
45 146
45 152
45 153
45 154
45 282
45 158
45 159
45 161
45 278
45 166
45 168
45 171
45 172
45 175
45 176
45 182
45 184
45 187
45 190
45 195
45 197
45 199
45 202
45 208
45 209
45 215
45 218
45 219
45 220
45 222
45 223
45 227
45 228
45 234
45 295
45 236
45 289
45 240
45 241
45 245
45 247
45 250
46 129
46 138
46 140
46 144
46 275
46 152
46 281
46 284
46 154
46 240
46 49
46 168
46 175
46 48
46 136
46 50
46 51
46 180
46 219
46 183
46 184
46 61
46 62
46 66
46 272
46 70
46 199
46 177
46 202
46 203
46 76
46 290
46 268
46 271
46 209
46 291
46 212
46 88
46 250
46 90
46 91
46 221
46 222
46 97
46 226
46 227
46 228
46 229
46 273
46 105
46 110
46 112
46 114
46 244
46 118
46 248
46 122
46 123
46 124
46 253
46 264
46 127
47 261
47 265
47 266
47 267
47 258
47 270
47 276
47 283
47 286
47 288
47 294
47 51
47 52
47 54
47 63
47 65
47 70
47 71
47 79
47 85
47 91
47 95
47 101
47 102
47 103
47 104
47 105
47 107
47 110
47 113
47 114
47 116
47 120
47 123
47 125
47 126
47 136
47 137
47 140
47 143
47 146
47 148
47 152
47 153
47 154
47 155
47 282
47 160
47 163
47 165
47 166
47 167
47 284
47 170
47 182
47 183
47 187
47 192
47 195
47 206
47 208
47 210
47 215
47 216
47 217
47 219
47 221
47 293
47 231
47 232
47 233
47 295
47 236
47 245
47 246
47 297
48 259
48 263
48 270
48 275
48 276
48 285
48 286
48 261
48 292
48 51
48 53
48 54
48 57
48 58
48 63
48 64
48 67
48 68
48 69
48 71
48 75
48 76
48 77
48 79
48 80
48 82
48 85
48 91
48 92
48 93
48 94
48 97
48 99
48 101
48 103
48 107
48 108
48 109
48 116
48 118
48 124
48 277
48 129
48 131
48 133
48 135
48 139
48 142
48 154
48 171
48 172
48 174
48 177
48 180
48 181
48 184
48 186
48 287
48 189
48 190
48 193
48 194
48 197
48 198
48 199
48 200
48 207
48 208
48 215
48 217
48 218
48 219
48 220
48 221
48 226
48 228
48 242
48 243
48 248
48 251
49 261
49 264
49 267
49 258
49 277
49 278
49 292
49 262
49 297
49 298
49 53
49 56
49 57
49 266
49 61
49 65
49 66
49 67
49 71
49 74
49 77
49 78
49 85
49 87
49 90
49 94
49 95
49 97
49 276
49 259
49 108
49 110
49 115
49 117
49 120
49 121
49 124
49 125
49 132
49 136
49 137
49 141
49 142
49 143
49 146
49 149
49 150
49 151
49 152
49 160
49 283
49 272
49 171
49 172
49 174
49 175
49 183
49 190
49 191
49 193
49 194
49 197
49 201
49 202
49 209
49 211
49 213
49 218
49 222
49 294
49 231
49 233
49 234
49 235
49 238
49 244
49 253
49 254
49 255
50 256
50 265
50 268
50 273
50 276
50 277
50 283
50 285
50 287
50 288
50 289
50 294
50 298
50 55
50 60
50 266
50 62
50 64
50 65
50 68
50 72
50 75
50 78
50 270
50 87
50 88
50 89
50 97
50 98
50 99
50 293
50 104
50 109
50 61
50 115
50 120
50 123
50 126
50 128
50 135
50 139
50 140
50 141
50 144
50 145
50 150
50 111
50 156
50 157
50 160
50 162
50 165
50 170
50 173
50 179
50 181
50 182
50 187
50 192
50 198
50 202
50 206
50 207
50 209
50 216
50 292
50 221
50 223
50 225
50 226
50 227
50 233
50 234
50 235
50 237
50 242
50 244
50 297
50 250
50 255
50 252
50 254
50 85
51 257
51 258
51 268
51 274
51 259
51 279
51 280
51 283
51 284
51 285
51 293
51 294
51 297
51 52
51 53
51 58
51 61
51 65
51 70
51 71
51 72
51 74
51 88
51 93
51 98
51 101
51 102
51 103
51 105
51 112
51 275
51 121
51 135
51 136
51 146
51 149
51 151
51 153
51 154
51 155
51 157
51 159
51 162
51 163
51 169
51 170
51 115
51 180
51 181
51 186
51 187
51 189
51 288
51 210
51 286
51 220
51 221
51 225
51 228
51 229
51 231
51 232
51 235
51 238
51 240
51 296
51 242
51 246
51 248
51 250
51 252
51 254
52 128
52 129
52 278
52 266
52 270
52 148
52 149
52 150
52 280
52 153
52 154
52 157
52 287
52 163
52 166
52 167
52 296
52 156
52 263
52 172
52 174
52 176
52 136
52 54
52 57
52 189
52 215
52 63
52 267
52 68
52 199
52 177
52 202
52 203
52 204
52 77
52 78
52 79
52 208
52 282
52 82
52 83
52 212
52 206
52 86
52 185
52 91
52 220
52 293
52 96
52 144
52 98
52 100
52 232
52 233
52 108
52 238
52 112
52 243
52 116
52 169
52 121
52 122
52 281
52 253
52 126
53 260
53 264
53 258
53 279
53 286
53 290
53 294
53 298
53 54
53 56
53 57
53 66
53 67
53 75
53 78
53 83
53 88
53 89
53 91
53 94
53 95
53 96
53 99
53 100
53 101
53 106
53 108
53 115
53 117
53 121
53 123
53 129
53 130
53 131
53 133
53 140
53 142
53 145
53 146
53 147
53 152
53 154
53 282
53 160
53 162
53 164
53 165
53 168
53 169
53 170
53 172
53 179
53 182
53 267
53 186
53 189
53 193
53 196
53 202
53 208
53 209
53 212
53 213
53 216
53 218
53 223
53 295
53 237
53 239
53 296
53 244
53 247
53 251
53 252
53 254
54 257
54 259
54 262
54 264
54 265
54 270
54 272
54 292
54 297
54 299
54 266
54 62
54 65
54 66
54 67
54 71
54 73
54 74
54 78
54 79
54 95
54 100
54 102
54 273
54 107
54 109
54 111
54 117
54 120
54 125
54 128
54 130
54 132
54 137
54 143
54 286
54 150
54 157
54 159
54 163
54 167
54 168
54 284
54 170
54 177
54 181
54 182
54 183
54 184
54 188
54 190
54 192
54 193
54 195
54 199
54 200
54 201
54 209
54 214
54 221
54 222
54 223
54 232
54 234
54 295
54 236
54 238
54 246
54 249
55 256
55 266
55 267
55 259
55 282
55 285
55 292
55 296
55 264
55 56
55 57
55 62
55 67
55 71
55 74
55 75
55 79
55 80
55 83
55 87
55 88
55 93
55 95
55 97
55 101
55 102
55 109
55 114
55 117
55 120
55 122
55 125
55 126
55 128
55 129
55 131
55 135
55 137
55 140
55 141
55 147
55 152
55 153
55 159
55 161
55 163
55 166
55 169
55 175
55 177
55 179
55 180
55 182
55 183
55 185
55 187
55 189
55 190
55 192
55 200
55 201
55 203
55 205
55 210
55 213
55 214
55 221
55 222
55 227
55 228
55 235
55 236
55 237
55 241
55 249
55 255
56 256
56 262
56 264
56 265
56 270
56 259
56 276
56 284
56 287
56 289
56 296
56 59
56 60
56 62
56 65
56 66
56 67
56 68
56 69
56 76
56 79
56 80
56 81
56 84
56 91
56 105
56 110
56 114
56 275
56 116
56 118
56 299
56 120
56 125
56 126
56 135
56 137
56 139
56 140
56 280
56 147
56 154
56 156
56 161
56 164
56 167
56 169
56 171
56 172
56 177
56 178
56 180
56 193
56 194
56 201
56 204
56 288
56 208
56 209
56 210
56 214
56 215
56 219
56 223
56 227
56 233
56 234
56 235
56 236
56 238
56 253
57 260
57 261
57 265
57 271
57 274
57 259
57 285
57 292
57 263
57 59
57 61
57 68
57 70
57 71
57 72
57 73
57 74
57 75
57 76
57 82
57 85
57 86
57 90
57 94
57 95
57 97
57 98
57 100
57 104
57 106
57 116
57 118
57 121
57 122
57 125
57 126
57 128
57 130
57 131
57 136
57 141
57 142
57 280
57 150
57 151
57 154
57 161
57 162
57 163
57 167
57 174
57 175
57 182
57 183
57 184
57 188
57 189
57 190
57 191
57 199
57 291
57 218
57 219
57 221
57 224
57 225
57 236
57 241
57 281
58 129
58 261
58 267
58 192
58 143
58 144
58 149
58 150
58 153
58 239
58 284
58 158
58 162
58 198
58 168
58 169
58 170
58 174
58 201
58 185
58 187
58 60
58 138
58 62
58 63
58 64
58 224
58 66
58 164
58 68
58 70
58 292
58 194
58 73
58 262
58 173
58 210
58 211
58 142
58 88
58 89
58 90
58 223
58 96
58 225
58 61
58 195
58 209
58 104
58 111
58 112
58 113
58 114
58 244
58 247
58 121
58 123
58 252
58 126
58 255
59 258
59 270
59 273
59 275
59 276
59 278
59 260
59 283
59 289
59 291
59 295
59 299
59 264
59 61
59 63
59 65
59 69
59 73
59 76
59 79
59 81
59 92
59 99
59 293
59 102
59 104
59 107
59 111
59 113
59 114
59 121
59 124
59 126
59 277
59 128
59 132
59 136
59 279
59 140
59 146
59 150
59 152
59 156
59 158
59 160
59 161
59 166
59 167
59 171
59 173
59 174
59 176
59 177
59 180
59 190
59 198
59 199
59 200
59 201
59 202
59 206
59 292
59 220
59 223
59 227
59 231
59 233
59 236
59 242
59 243
59 244
59 245
59 250
59 251
59 252
59 253
60 256
60 259
60 262
60 271
60 272
60 274
60 282
60 287
60 288
60 289
60 61
60 63
60 65
60 68
60 69
60 70
60 73
60 79
60 82
60 93
60 97
60 100
60 101
60 102
60 112
60 113
60 117
60 268
60 119
60 122
60 124
60 125
60 127
60 130
60 131
60 133
60 135
60 136
60 144
60 147
60 148
60 153
60 159
60 161
60 171
60 172
60 177
60 178
60 179
60 185
60 186
60 191
60 193
60 194
60 200
60 205
60 207
60 208
60 209
60 212
60 217
60 221
60 224
60 225
60 226
60 230
60 232
60 238
60 239
60 241
60 242
60 246
60 247
60 251
60 252
61 265
61 271
61 274
61 276
61 284
61 286
61 288
61 295
61 296
61 297
61 62
61 67
61 68
61 70
61 71
61 73
61 74
61 75
61 76
61 77
61 80
61 85
61 90
61 103
61 104
61 107
61 109
61 118
61 119
61 123
61 126
61 129
61 131
61 260
61 279
61 140
61 145
61 146
61 148
61 156
61 160
61 164
61 165
61 170
61 172
61 178
61 181
61 182
61 183
61 186
61 287
61 188
61 191
61 194
61 195
61 197
61 199
61 200
61 202
61 207
61 208
61 209
61 210
61 213
61 220
61 222
61 223
61 224
61 226
61 229
61 233
61 236
61 237
61 238
61 239
61 240
61 245
61 247
62 258
62 262
62 267
62 278
62 279
62 280
62 285
62 261
62 291
62 299
62 265
62 69
62 71
62 77
62 81
62 83
62 86
62 88
62 89
62 92
62 97
62 293
62 102
62 104
62 107
62 111
62 114
62 122
62 124
62 126
62 127
62 131
62 132
62 135
62 136
62 138
62 142
62 146
62 148
62 151
62 168
62 171
62 173
62 174
62 175
62 176
62 177
62 178
62 182
62 183
62 184
62 187
62 194
62 198
62 289
62 203
62 208
62 213
62 221
62 222
62 223
62 237
62 238
62 240
62 242
62 243
62 248
62 251
63 259
63 268
63 269
63 273
63 260
63 283
63 64
63 69
63 70
63 87
63 271
63 94
63 97
63 102
63 104
63 105
63 110
63 111
63 112
63 113
63 116
63 117
63 119
63 122
63 124
63 125
63 126
63 128
63 129
63 130
63 140
63 144
63 145
63 146
63 148
63 152
63 153
63 159
63 163
63 167
63 170
63 171
63 173
63 175
63 177
63 181
63 184
63 190
63 191
63 288
63 197
63 198
63 289
63 202
63 207
63 211
63 212
63 216
63 218
63 221
63 222
63 224
63 227
63 236
63 237
63 248
63 253
63 255
64 264
64 266
64 268
64 259
64 282
64 283
64 284
64 285
64 290
64 262
64 65
64 67
64 74
64 82
64 83
64 84
64 90
64 91
64 92
64 96
64 99
64 102
64 104
64 105
64 111
64 113
64 116
64 121
64 122
64 127
64 128
64 131
64 132
64 135
64 139
64 141
64 142
64 143
64 149
64 151
64 154
64 156
64 158
64 160
64 261
64 171
64 177
64 180
64 183
64 185
64 188
64 191
64 288
64 196
64 200
64 204
64 205
64 206
64 211
64 213
64 217
64 218
64 219
64 228
64 231
64 233
64 237
64 239
64 240
64 241
64 244
64 246
64 254
65 265
65 267
65 270
65 271
65 276
65 281
65 261
65 289
65 294
65 295
65 297
65 299
65 68
65 74
65 83
65 84
65 88
65 95
65 98
65 99
65 100
65 101
65 102
65 103
65 104
65 274
65 275
65 121
65 125
65 134
65 137
65 142
65 109
65 152
65 154
65 155
65 159
65 160
65 161
65 162
65 166
65 174
65 176
65 177
65 178
65 180
65 182
65 186
65 189
65 190
65 192
65 200
65 202
65 203
65 206
65 207
65 208
65 209
65 214
65 215
65 216
65 224
65 226
65 227
65 229
65 230
65 236
65 237
65 244
65 247
66 260
66 138
66 130
66 158
66 143
66 144
66 131
66 132
66 155
66 287
66 278
66 299
66 173
66 157
66 243
66 137
66 190
66 181
66 258
66 288
66 68
66 198
66 289
66 202
66 75
66 269
66 81
66 163
66 85
66 164
66 90
66 271
66 221
66 96
66 226
66 99
66 231
66 233
66 107
66 238
66 241
66 147
66 244
66 118
66 120
66 121
66 251
66 281
66 149
67 259
67 262
67 263
67 265
67 266
67 286
67 288
67 291
67 296
67 297
67 69
67 72
67 73
67 74
67 79
67 82
67 84
67 88
67 89
67 96
67 104
67 105
67 110
67 111
67 275
67 131
67 134
67 137
67 138
67 139
67 142
67 146
67 150
67 151
67 153
67 157
67 159
67 160
67 163
67 166
67 168
67 170
67 171
67 172
67 175
67 177
67 115
67 183
67 184
67 185
67 194
67 198
67 203
67 205
67 212
67 216
67 221
67 294
67 232
67 236
67 237
67 243
67 246
67 252
67 254
67 255
68 256
68 260
68 262
68 257
68 265
68 270
68 272
68 274
68 277
68 299
68 286
68 69
68 73
68 78
68 81
68 86
68 89
68 91
68 92
68 95
68 99
68 100
68 103
68 105
68 112
68 113
68 115
68 117
68 120
68 121
68 127
68 128
68 129
68 131
68 132
68 134
68 138
68 139
68 142
68 143
68 146
68 148
68 150
68 155
68 282
68 158
68 160
68 163
68 172
68 173
68 175
68 176
68 178
68 181
68 184
68 189
68 195
68 198
68 201
68 202
68 290
68 271
68 213
68 216
68 222
68 225
68 226
68 230
68 232
68 233
68 235
68 237
68 296
68 242
68 244
68 247
68 250
68 251
68 254
68 255
69 261
69 262
69 267
69 268
69 278
69 281
69 292
69 295
69 79
69 83
69 84
69 85
69 86
69 87
69 88
69 94
69 96
69 100
69 101
69 103
69 107
69 108
69 109
69 110
69 111
69 112
69 113
69 121
69 126
69 128
69 133
69 134
69 136
69 141
69 280
69 147
69 150
69 154
69 155
69 157
69 159
69 161
69 162
69 171
69 174
69 175
69 176
69 286
69 182
69 184
69 185
69 192
69 197
69 200
69 205
69 206
69 210
69 291
69 214
69 217
69 218
69 219
69 228
69 230
69 232
69 234
69 242
69 244
69 246
69 247
69 248
69 249
69 298
69 253
70 258
70 263
70 264
70 273
70 271
70 276
70 278
70 285
70 293
70 297
70 290
70 73
70 76
70 78
70 80
70 81
70 82
70 83
70 92
70 93
70 96
70 98
70 101
70 103
70 105
70 106
70 274
70 115
70 116
70 119
70 127
70 128
70 129
70 130
70 131
70 280
70 147
70 148
70 150
70 281
70 152
70 156
70 157
70 163
70 164
70 171
70 174
70 180
70 185
70 188
70 196
70 197
70 200
70 201
70 203
70 204
70 205
70 206
70 207
70 212
70 218
70 223
70 224
70 232
70 233
70 295
70 237
70 239
70 240
70 248
70 250
70 254
71 299
71 257
71 264
71 268
71 271
71 278
71 290
71 292
71 295
71 296
71 297
71 72
71 74
71 77
71 82
71 85
71 87
71 90
71 97
71 100
71 101
71 110
71 113
71 114
71 115
71 117
71 121
71 270
71 131
71 136
71 143
71 148
71 151
71 153
71 154
71 155
71 158
71 159
71 161
71 167
71 168
71 285
71 178
71 184
71 185
71 187
71 188
71 189
71 191
71 193
71 202
71 203
71 206
71 209
71 291
71 212
71 214
71 217
71 219
71 225
71 227
71 294
71 236
71 243
71 244
71 245
71 246
71 250
71 251
71 254
71 255
72 130
72 261
72 236
72 142
72 143
72 276
72 150
72 280
72 281
72 282
72 286
72 159
72 288
72 162
72 164
72 163
72 174
72 285
72 176
72 177
72 182
72 188
72 192
72 196
72 198
72 73
72 74
72 203
72 208
72 209
72 210
72 83
72 139
72 85
72 185
72 278
72 90
72 211
72 224
72 144
72 99
72 256
72 101
72 252
72 108
72 294
72 112
72 115
72 117
72 118
72 169
72 248
72 249
72 247
72 253
72 299
72 213
73 261
73 262
73 263
73 267
73 273
73 278
73 280
73 291
73 293
73 75
73 77
73 85
73 86
73 93
73 94
73 97
73 101
73 103
73 105
73 107
73 109
73 114
73 285
73 121
73 124
73 127
73 133
73 136
73 138
73 141
73 149
73 151
73 152
73 156
73 157
73 164
73 169
73 171
73 173
73 175
73 180
73 182
73 184
73 287
73 195
73 198
73 212
73 213
73 214
73 216
73 218
73 220
73 224
73 226
73 231
73 235
73 237
73 239
73 240
73 245
73 246
73 281
73 254
73 255
74 258
74 272
74 278
74 283
74 286
74 298
74 266
74 76
74 78
74 81
74 82
74 84
74 85
74 87
74 92
74 93
74 96
74 99
74 101
74 107
74 108
74 274
74 110
74 111
74 114
74 115
74 117
74 118
74 119
74 120
74 126
74 129
74 131
74 132
74 133
74 136
74 137
74 139
74 140
74 144
74 146
74 154
74 156
74 159
74 160
74 164
74 167
74 169
74 170
74 173
74 176
74 178
74 181
74 182
74 183
74 184
74 185
74 190
74 200
74 290
74 209
74 212
74 214
74 218
74 227
74 229
74 231
74 240
74 245
74 297
74 250
74 251
75 259
75 260
75 261
75 263
75 265
75 266
75 267
75 258
75 288
75 291
75 262
75 299
75 80
75 83
75 86
75 92
75 96
75 98
75 101
75 102
75 104
75 274
75 110
75 111
75 112
75 113
75 117
75 119
75 121
75 127
75 131
75 132
75 133
75 134
75 138
75 140
75 146
75 147
75 277
75 151
75 153
75 158
75 159
75 164
75 169
75 170
75 175
75 182
75 185
75 186
75 189
75 192
75 196
75 200
75 204
75 209
75 211
75 212
75 213
75 216
75 219
75 223
75 226
75 227
75 234
75 240
75 241
75 244
75 246
75 247
75 248
75 249
75 250
75 253
75 254
76 262
76 267
76 271
76 272
76 278
76 286
76 261
76 290
76 291
76 293
76 296
76 292
76 81
76 82
76 83
76 85
76 89
76 91
76 96
76 98
76 108
76 110
76 111
76 112
76 113
76 115
76 116
76 119
76 123
76 125
76 126
76 127
76 128
76 129
76 130
76 134
76 135
76 140
76 141
76 143
76 145
76 146
76 152
76 153
76 154
76 156
76 162
76 165
76 168
76 169
76 175
76 176
76 179
76 180
76 182
76 186
76 192
76 196
76 197
76 200
76 202
76 209
76 217
76 220
76 222
76 225
76 226
76 233
76 238
76 241
76 243
76 246
76 253
76 254
77 230
77 131
77 214
77 134
77 257
77 265
77 139
77 141
77 216
77 274
77 259
77 174
77 290
77 291
77 164
77 262
77 295
77 142
77 201
77 184
77 180
77 223
77 188
77 196
77 275
77 206
77 207
77 208
77 209
77 83
77 85
77 86
77 176
77 228
77 219
77 93
77 95
77 97
77 99
77 100
77 101
77 102
77 232
77 161
77 252
77 107
77 269
77 211
77 116
77 190
77 246
77 248
77 249
77 122
77 255
77 166
77 125
77 254
77 127
78 128
78 257
78 131
78 132
78 134
78 268
78 141
78 143
78 280
78 196
78 149
78 218
78 153
78 289
78 162
78 283
78 292
78 165
78 295
78 296
78 220
78 175
78 179
78 184
78 186
78 159
78 189
78 192
78 193
78 262
78 195
78 199
78 275
78 238
78 206
78 207
78 222
78 82
78 291
78 142
78 215
78 88
78 90
78 271
78 92
78 94
78 95
78 272
78 101
78 103
78 104
78 233
78 106
78 235
78 110
78 282
78 113
78 114
78 115
78 116
78 118
78 297
78 120
78 122
78 270
79 258
79 261
79 263
79 272
79 274
79 277
79 280
79 282
79 283
79 288
79 295
79 297
79 299
79 264
79 265
79 266
79 82
79 270
79 87
79 90
79 97
79 103
79 105
79 107
79 108
79 118
79 121
79 123
79 126
79 129
79 130
79 131
79 134
79 137
79 138
79 140
79 147
79 155
79 157
79 158
79 160
79 168
79 173
79 298
79 176
79 177
79 180
79 182
79 187
79 188
79 194
79 195
79 197
79 198
79 204
79 207
79 208
79 216
79 220
79 293
79 224
79 226
79 230
79 232
79 236
79 244
79 245
79 246
79 251
79 252
79 253
80 258
80 266
80 274
80 276
80 284
80 287
80 292
80 82
80 85
80 97
80 101
80 103
80 104
80 107
80 111
80 275
80 117
80 118
80 120
80 121
80 123
80 124
80 126
80 127
80 129
80 132
80 135
80 138
80 142
80 144
80 147
80 151
80 160
80 161
80 162
80 163
80 165
80 167
80 171
80 173
80 174
80 176
80 177
80 178
80 179
80 180
80 181
80 182
80 184
80 190
80 192
80 196
80 199
80 202
80 209
80 211
80 212
80 213
80 215
80 219
80 220
80 224
80 231
80 234
80 235
80 241
80 243
80 249
81 128
81 131
81 223
81 214
81 136
81 137
81 236
81 267
81 258
81 142
81 144
81 273
81 274
81 269
81 226
81 151
81 152
81 290
81 282
81 284
81 157
81 286
81 288
81 283
81 165
81 168
81 298
81 171
81 172
81 173
81 174
81 175
81 177
81 222
81 182
81 183
81 266
81 296
81 256
81 203
81 162
81 206
81 205
81 84
81 86
81 87
81 90
81 220
81 94
81 225
81 98
81 227
81 228
81 230
81 103
81 104
81 105
81 108
81 272
81 111
81 241
81 116
81 246
81 247
81 120
81 122
81 124
81 253
81 264
81 255
82 257
82 261
82 268
82 274
82 276
82 279
82 290
82 299
82 84
82 85
82 92
82 95
82 101
82 103
82 104
82 110
82 111
82 258
82 117
82 118
82 121
82 122
82 123
82 125
82 127
82 129
82 278
82 138
82 142
82 144
82 146
82 148
82 155
82 160
82 162
82 164
82 169
82 176
82 183
82 185
82 187
82 189
82 296
82 195
82 199
82 202
82 204
82 208
82 291
82 222
82 293
82 224
82 269
82 236
82 240
82 241
82 248
83 260
83 261
83 267
83 268
83 271
83 283
83 284
83 288
83 290
83 292
83 294
83 298
83 269
83 85
83 87
83 89
83 90
83 91
83 92
83 94
83 97
83 105
83 108
83 109
83 114
83 115
83 119
83 127
83 128
83 131
83 135
83 140
83 141
83 142
83 147
83 151
83 159
83 169
83 172
83 173
83 179
83 182
83 183
83 187
83 188
83 190
83 198
83 200
83 207
83 208
83 217
83 222
83 223
83 225
83 228
83 234
83 236
83 238
83 241
83 244
83 246
83 297
83 250
83 281
83 253
83 255
84 230
84 213
84 259
84 132
84 263
84 136
84 265
84 266
84 267
84 146
84 147
84 149
84 184
84 231
84 157
84 159
84 164
84 165
84 166
84 167
84 296
84 284
84 298
84 174
84 175
84 176
84 264
84 182
84 185
84 186
84 187
84 194
84 227
84 199
84 260
84 207
84 211
84 85
84 214
84 87
84 89
84 219
84 92
84 221
84 95
84 97
84 99
84 100
84 229
84 102
84 209
84 225
84 274
84 110
84 240
84 115
84 116
84 299
84 120
84 255
84 125
84 254
85 261
85 265
85 267
85 268
85 270
85 276
85 282
85 285
85 287
85 266
85 88
85 99
85 100
85 104
85 105
85 274
85 115
85 118
85 122
85 124
85 127
85 129
85 132
85 135
85 137
85 140
85 109
85 144
85 145
85 152
85 153
85 158
85 164
85 165
85 284
85 175
85 177
85 180
85 185
85 187
85 189
85 190
85 199
85 201
85 205
85 206
85 207
85 209
85 211
85 213
85 214
85 293
85 225
85 227
85 229
85 236
85 241
85 246
86 262
86 268
86 270
86 271
86 279
86 285
86 291
86 88
86 93
86 106
86 115
86 119
86 125
86 128
86 129
86 130
86 139
86 140
86 144
86 145
86 146
86 149
86 158
86 159
86 160
86 161
86 167
86 168
86 172
86 174
86 176
86 177
86 179
86 183
86 186
86 192
86 194
86 196
86 199
86 201
86 202
86 204
86 207
86 208
86 210
86 211
86 212
86 213
86 214
86 215
86 217
86 222
86 224
86 228
86 294
86 233
86 244
86 246
86 248
86 250
86 254
86 255
87 257
87 268
87 269
87 278
87 286
87 287
87 290
87 293
87 295
87 291
87 88
87 285
87 91
87 92
87 93
87 96
87 272
87 99
87 292
87 102
87 105
87 113
87 114
87 116
87 117
87 120
87 121
87 123
87 126
87 127
87 129
87 132
87 133
87 139
87 277
87 149
87 152
87 154
87 158
87 159
87 165
87 168
87 171
87 172
87 173
87 175
87 184
87 185
87 186
87 187
87 190
87 194
87 199
87 201
87 204
87 210
87 211
87 212
87 213
87 215
87 217
87 220
87 221
87 225
87 226
87 227
87 294
87 231
87 233
87 234
87 237
87 238
87 243
87 244
87 297
87 250
87 251
87 252
88 279
88 282
88 283
88 297
88 298
88 269
88 93
88 95
88 100
88 104
88 274
88 111
88 121
88 122
88 125
88 127
88 130
88 133
88 136
88 138
88 141
88 142
88 144
88 145
88 148
88 152
88 153
88 159
88 167
88 169
88 173
88 174
88 285
88 183
88 186
88 187
88 296
88 189
88 190
88 191
88 196
88 211
88 213
88 216
88 220
88 222
88 224
88 225
88 226
88 227
88 231
88 232
88 233
88 234
88 235
88 241
88 242
88 246
88 247
88 248
89 129
89 258
89 260
89 261
89 134
89 264
89 137
89 138
89 256
89 143
89 145
89 147
89 276
89 151
89 280
89 154
89 231
89 286
89 159
89 167
89 171
89 173
89 174
89 177
89 180
89 265
89 184
89 187
89 273
89 181
89 192
89 224
89 197
89 225
89 201
89 290
89 288
89 208
89 245
89 204
89 271
89 92
89 93
89 222
89 96
89 97
89 98
89 99
89 101
89 178
89 106
89 238
89 111
89 241
89 275
89 116
89 190
89 118
89 247
89 121
89 234
89 255
90 258
90 263
90 264
90 275
90 277
90 285
90 287
90 293
90 268
90 98
90 102
90 103
90 105
90 107
90 110
90 111
90 113
90 114
90 118
90 125
90 127
90 130
90 134
90 135
90 141
90 142
90 143
90 146
90 148
90 158
90 159
90 164
90 166
90 167
90 168
90 170
90 171
90 173
90 176
90 177
90 181
90 182
90 183
90 185
90 188
90 195
90 197
90 200
90 201
90 210
90 291
90 212
90 215
90 219
90 222
90 223
90 224
90 226
90 228
90 232
90 233
90 237
90 238
90 239
90 241
90 243
90 249
90 250
90 251
90 255
91 256
91 192
91 130
91 133
91 172
91 215
91 155
91 145
91 147
91 148
91 151
91 132
91 282
91 227
91 165
91 166
91 167
91 169
91 135
91 242
91 179
91 287
91 265
91 180
91 186
91 187
91 188
91 160
91 198
91 200
91 202
91 206
91 288
91 222
91 142
91 214
91 292
91 218
91 220
91 94
91 224
91 225
91 99
91 229
91 102
91 106
91 235
91 240
91 244
91 114
91 275
91 116
91 117
91 297
91 123
91 124
91 298
91 299
92 258
92 274
92 276
92 279
92 285
92 290
92 294
92 275
92 269
92 98
92 100
92 293
92 103
92 259
92 105
92 107
92 108
92 109
92 110
92 111
92 115
92 116
92 118
92 119
92 121
92 124
92 126
92 130
92 131
92 135
92 136
92 137
92 141
92 142
92 143
92 145
92 146
92 147
92 155
92 161
92 163
92 164
92 165
92 166
92 167
92 180
92 184
92 186
92 191
92 196
92 205
92 209
92 211
92 213
92 214
92 218
92 221
92 223
92 224
92 227
92 231
92 241
92 250
92 251
92 252
92 253
92 255
93 257
93 131
93 260
93 262
93 135
93 138
93 140
93 141
93 270
93 237
93 179
93 274
93 188
93 277
93 152
93 286
93 133
93 288
93 272
93 298
93 175
93 177
93 178
93 185
93 202
93 191
93 267
93 197
93 275
93 200
93 203
93 205
93 271
93 210
93 213
93 219
93 222
93 223
93 96
93 225
93 98
93 99
93 292
93 231
93 105
93 106
93 235
93 109
93 238
93 157
93 241
93 242
93 243
93 116
93 245
93 119
93 248
93 121
93 250
93 255
93 125
93 247
94 259
94 263
94 265
94 267
94 268
94 273
94 281
94 282
94 289
94 293
94 97
94 98
94 100
94 102
94 104
94 274
94 110
94 111
94 275
94 119
94 120
94 122
94 129
94 130
94 132
94 138
94 139
94 175
94 151
94 155
94 163
94 165
94 172
94 157
94 177
94 178
94 183
94 188
94 190
94 193
94 196
94 198
94 199
94 203
94 288
94 291
94 213
94 216
94 217
94 223
94 226
94 237
94 239
94 254
94 246
94 248
94 250
94 251
94 253
94 264
94 255
95 257
95 258
95 266
95 271
95 273
95 261
95 291
95 295
95 296
95 104
95 105
95 106
95 107
95 108
95 109
95 115
95 116
95 120
95 121
95 124
95 126
95 127
95 131
95 132
95 134
95 136
95 279
95 140
95 141
95 143
95 145
95 146
95 150
95 153
95 155
95 166
95 172
95 175
95 176
95 183
95 190
95 191
95 193
95 194
95 196
95 265
95 204
95 211
95 219
95 221
95 222
95 225
95 226
95 229
95 230
95 232
95 233
95 234
95 238
95 240
95 242
95 243
95 250
95 253
95 254
95 255
96 259
96 260
96 266
96 267
96 258
96 272
96 276
96 282
96 286
96 290
96 293
96 294
96 299
96 103
96 107
96 108
96 110
96 111
96 112
96 115
96 116
96 117
96 118
96 119
96 120
96 123
96 124
96 130
96 137
96 139
96 144
96 145
96 147
96 148
96 160
96 283
96 164
96 165
96 166
96 168
96 173
96 176
96 178
96 183
96 186
96 189
96 190
96 193
96 196
96 197
96 198
96 289
96 205
96 206
96 207
96 211
96 213
96 215
96 216
96 219
96 221
96 230
96 295
96 237
96 239
96 240
96 244
96 247
96 251
97 259
97 272
97 273
97 282
97 284
97 286
97 291
97 295
97 99
97 101
97 104
97 107
97 110
97 112
97 119
97 125
97 126
97 129
97 137
97 138
97 141
97 142
97 149
97 151
97 153
97 162
97 163
97 168
97 172
97 174
97 179
97 180
97 181
97 183
97 184
97 187
97 189
97 191
97 192
97 193
97 196
97 197
97 200
97 202
97 203
97 204
97 212
97 213
97 215
97 216
97 218
97 219
97 221
97 233
97 235
97 240
97 241
97 243
97 247
97 249
97 252
97 253
98 256
98 257
98 260
98 262
98 264
98 265
98 268
98 270
98 280
98 282
98 284
98 287
98 288
98 290
98 293
98 267
98 99
98 276
98 103
98 104
98 106
98 107
98 110
98 113
98 114
98 299
98 121
98 123
98 126
98 129
98 141
98 144
98 147
98 281
98 153
98 159
98 160
98 162
98 167
98 168
98 170
98 172
98 175
98 177
98 180
98 181
98 182
98 183
98 186
98 189
98 296
98 192
98 195
98 201
98 202
98 203
98 207
98 208
98 209
98 291
98 213
98 214
98 219
98 228
98 229
98 238
98 239
98 241
98 297
98 248
98 251
98 252
98 255
99 257
99 272
99 274
99 278
99 299
99 290
99 293
99 294
99 265
99 271
99 105
99 106
99 112
99 113
99 114
99 117
99 118
99 119
99 123
99 124
99 127
99 131
99 136
99 137
99 138
99 280
99 148
99 152
99 163
99 168
99 172
99 179
99 181
99 183
99 287
99 193
99 199
99 202
99 208
99 209
99 291
99 221
99 224
99 228
99 229
99 230
99 231
99 232
99 236
99 241
99 242
99 244
99 248
99 255
100 262
100 267
100 269
100 276
100 278
100 279
100 280
100 288
100 293
100 294
100 299
100 273
100 101
100 103
100 104
100 105
100 108
100 109
100 110
100 113
100 115
100 124
100 125
100 130
100 132
100 137
100 139
100 141
100 146
100 148
100 149
100 150
100 162
100 174
100 178
100 182
100 183
100 184
100 187
100 188
100 189
100 190
100 194
100 195
100 197
100 198
100 205
100 207
100 208
100 210
100 213
100 292
100 219
100 221
100 222
100 233
100 237
100 240
100 296
100 252
100 298
101 258
101 299
101 262
101 265
101 266
101 284
101 104
101 105
101 108
101 109
101 112
101 113
101 114
101 268
101 120
101 122
101 123
101 125
101 126
101 130
101 131
101 132
101 134
101 140
101 144
101 146
101 152
101 155
101 156
101 158
101 160
101 161
101 164
101 165
101 172
101 175
101 178
101 179
101 181
101 188
101 189
101 192
101 195
101 196
101 199
101 200
101 201
101 206
101 207
101 208
101 219
101 222
101 229
101 238
101 239
101 242
101 244
101 246
101 247
101 249
101 250
102 256
102 263
102 267
102 270
102 272
102 275
102 277
102 260
102 284
102 286
102 291
102 104
102 105
102 106
102 107
102 108
102 109
102 117
102 276
102 123
102 128
102 130
102 132
102 278
102 134
102 135
102 139
102 142
102 147
102 150
102 151
102 165
102 167
102 169
102 175
102 178
102 181
102 186
102 187
102 196
102 198
102 201
102 203
102 205
102 206
102 208
102 210
102 212
102 225
102 226
102 229
102 233
102 234
102 295
102 238
102 240
102 242
102 244
102 246
102 298
103 133
103 134
103 193
103 136
103 143
103 282
103 146
103 276
103 201
103 155
103 284
103 157
103 159
103 283
103 207
103 165
103 296
103 176
103 180
103 182
103 137
103 187
103 138
103 190
103 245
103 192
103 161
103 200
103 183
103 287
103 224
103 214
103 215
103 216
103 228
103 167
103 280
103 233
103 107
103 238
103 113
103 243
103 117
103 120
103 218
103 251
103 253
103 254
104 257
104 261
104 266
104 278
104 279
104 286
104 290
104 293
104 283
104 268
104 271
104 106
104 110
104 118
104 119
104 276
104 124
104 126
104 127
104 128
104 130
104 136
104 145
104 148
104 154
104 155
104 156
104 157
104 161
104 163
104 166
104 168
104 170
104 174
104 177
104 178
104 179
104 182
104 183
104 187
104 192
104 193
104 196
104 200
104 288
104 213
104 219
104 280
104 226
104 228
104 232
104 236
104 242
104 245
104 247
104 251
104 252
105 260
105 133
105 263
105 192
105 143
105 147
105 148
105 141
105 284
105 285
105 150
105 159
105 288
105 278
105 163
105 165
105 167
105 249
105 173
105 176
105 177
105 269
105 180
105 183
105 244
105 187
105 266
105 198
105 194
105 208
105 245
105 228
105 224
105 144
105 145
105 239
105 112
105 114
105 275
105 116
105 117
105 118
105 121
105 122
105 293
105 126
105 127
106 131
106 260
106 262
106 135
106 136
106 137
106 238
106 279
106 282
106 158
106 159
106 160
106 162
106 164
106 165
106 166
106 296
106 156
106 298
106 175
106 264
106 178
106 179
106 180
106 244
106 223
106 190
106 191
106 192
106 288
106 195
106 196
106 197
106 292
106 201
106 241
106 204
106 205
106 210
106 163
106 212
106 222
106 228
106 293
106 107
106 237
106 110
106 239
106 232
106 221
106 211
106 116
106 126
106 255
107 259
107 257
107 264
107 265
107 272
107 273
107 278
107 282
107 286
107 293
107 299
107 266
107 108
107 110
107 112
107 117
107 124
107 130
107 131
107 137
107 139
107 141
107 280
107 151
107 153
107 111
107 158
107 164
107 168
107 174
107 180
107 181
107 182
107 287
107 188
107 192
107 196
107 197
107 199
107 290
107 208
107 210
107 212
107 213
107 292
107 220
107 297
107 224
107 230
107 233
107 235
107 247
107 248
107 250
107 253
108 257
108 263
108 279
108 291
108 299
108 272
108 114
108 276
108 123
108 124
108 129
108 131
108 132
108 136
108 138
108 142
108 145
108 147
108 269
108 150
108 152
108 153
108 157
108 160
108 161
108 163
108 165
108 168
108 169
108 172
108 173
108 181
108 183
108 184
108 189
108 192
108 195
108 204
108 205
108 206
108 207
108 208
108 213
108 215
108 220
108 280
108 226
108 230
108 233
108 236
108 237
108 240
108 244
108 245
108 246
108 297
108 248
108 251
108 252
109 257
109 262
109 264
109 271
109 273
109 274
109 260
109 282
109 285
109 287
109 289
109 278
109 111
109 112
109 115
109 121
109 125
109 299
109 128
109 131
109 133
109 134
109 140
109 141
109 142
109 144
109 157
109 158
109 162
109 164
109 165
109 167
109 168
109 172
109 296
109 177
109 179
109 183
109 188
109 191
109 192
109 198
109 200
109 201
109 202
109 203
109 204
109 209
109 212
109 219
109 221
109 226
109 227
109 235
109 239
109 240
109 241
109 244
109 297
109 251
109 276
110 257
110 263
110 265
110 267
110 271
110 274
110 275
110 279
110 281
110 282
110 290
110 296
110 269
110 276
110 118
110 119
110 120
110 121
110 128
110 129
110 134
110 135
110 139
110 141
110 145
110 146
110 149
110 154
110 155
110 158
110 160
110 164
110 168
110 173
110 175
110 181
110 182
110 184
110 186
110 187
110 189
110 193
110 201
110 208
110 212
110 217
110 221
110 222
110 223
110 225
110 227
110 229
110 232
110 236
110 244
110 246
110 264
111 257
111 259
111 272
111 277
111 278
111 280
111 260
111 287
111 292
111 293
111 295
111 266
111 112
111 113
111 114
111 116
111 117
111 120
111 129
111 131
111 133
111 135
111 137
111 138
111 142
111 143
111 151
111 153
111 154
111 282
111 160
111 162
111 167
111 176
111 180
111 196
111 198
111 203
111 205
111 206
111 210
111 212
111 215
111 218
111 219
111 221
111 222
111 223
111 233
111 237
111 239
111 246
111 297
111 249
112 256
112 257
112 265
112 270
112 273
112 275
112 279
112 280
112 282
112 295
112 296
112 269
112 116
112 119
112 123
112 127
112 129
112 130
112 133
112 134
112 135
112 136
112 140
112 142
112 143
112 144
112 145
112 146
112 151
112 155
112 156
112 159
112 160
112 166
112 168
112 169
112 170
112 173
112 178
112 180
112 183
112 189
112 191
112 196
112 197
112 200
112 201
112 204
112 217
112 221
112 224
112 226
112 230
112 232
112 234
112 237
112 240
112 242
112 246
112 251
112 253
113 299
113 264
113 271
113 272
113 276
113 277
113 278
113 283
113 261
113 290
113 291
113 292
113 294
113 295
113 298
113 263
113 118
113 120
113 127
113 130
113 132
113 134
113 135
113 138
113 139
113 143
113 145
113 149
113 153
113 154
113 155
113 165
113 170
113 172
113 173
113 174
113 179
113 182
113 183
113 184
113 185
113 187
113 191
113 262
113 195
113 197
113 199
113 206
113 217
113 293
113 226
113 228
113 232
113 233
113 236
113 240
113 241
113 242
113 244
113 245
113 248
113 250
113 253
113 254
114 257
114 261
114 279
114 286
114 287
114 291
114 292
114 293
114 297
114 276
114 128
114 131
114 278
114 138
114 140
114 148
114 153
114 154
114 155
114 161
114 163
114 164
114 165
114 166
114 168
114 169
114 170
114 172
114 177
114 184
114 187
114 195
114 197
114 199
114 200
114 202
114 207
114 208
114 121
114 217
114 218
114 226
114 229
114 231
114 233
114 236
114 240
114 245
114 246
114 248
114 249
114 251
114 254
114 255
115 256
115 257
115 261
115 265
115 258
115 274
115 276
115 279
115 280
115 284
115 296
115 298
115 273
115 116
115 121
115 123
115 126
115 129
115 136
115 140
115 149
115 152
115 157
115 161
115 162
115 283
115 164
115 166
115 170
115 172
115 176
115 181
115 185
115 287
115 196
115 200
115 205
115 207
115 212
115 215
115 217
115 218
115 224
115 226
115 233
115 234
115 237
115 238
115 239
115 248
115 250
115 252
115 253
115 255
116 256
116 262
116 263
116 258
116 271
116 272
116 298
116 267
116 270
116 273
116 259
116 118
116 120
116 122
116 126
116 127
116 131
116 136
116 137
116 140
116 142
116 145
116 152
116 154
116 156
116 162
116 163
116 164
116 165
116 166
116 169
116 171
116 177
116 180
116 181
116 188
116 189
116 191
116 192
116 195
116 198
116 201
116 202
116 204
116 205
116 208
116 218
116 225
116 229
116 241
116 247
116 249
116 253
116 255
117 261
117 264
117 273
117 286
117 288
117 290
117 296
117 263
117 257
117 272
117 120
117 122
117 125
117 127
117 130
117 132
117 134
117 135
117 279
117 140
117 143
117 144
117 280
117 150
117 153
117 155
117 156
117 160
117 161
117 163
117 164
117 167
117 168
117 170
117 174
117 175
117 177
117 184
117 188
117 189
117 193
117 196
117 198
117 202
117 203
117 208
117 210
117 291
117 215
117 216
117 217
117 219
117 220
117 224
117 226
117 294
117 237
117 238
117 243
117 248
117 251
117 254
117 255
118 269
118 271
118 272
118 274
118 278
118 281
118 282
118 283
118 293
118 296
118 299
118 120
118 124
118 126
118 130
118 134
118 136
118 139
118 140
118 148
118 149
118 150
118 153
118 154
118 155
118 156
118 160
118 162
118 163
118 164
118 166
118 167
118 168
118 169
118 177
118 181
118 182
118 183
118 184
118 187
118 192
118 279
118 197
118 199
118 200
118 212
118 213
118 219
118 220
118 221
118 223
118 231
118 289
118 240
118 241
118 297
119 128
119 129
119 258
119 260
119 139
119 256
119 271
119 282
119 274
119 277
119 278
119 154
119 133
119 193
119 293
119 295
119 170
119 172
119 136
119 162
119 182
119 244
119 187
119 279
119 160
119 194
119 196
119 199
119 135
119 206
119 141
119 210
119 286
119 151
119 263
119 234
119 225
119 237
119 239
119 296
119 242
119 235
119 120
119 250
119 126
119 255
120 256
120 257
120 263
120 264
120 278
120 260
120 284
120 287
120 288
120 291
120 292
120 293
120 295
120 121
120 123
120 126
120 132
120 134
120 142
120 148
120 153
120 154
120 158
120 161
120 162
120 164
120 165
120 167
120 169
120 170
120 172
120 174
120 177
120 180
120 181
120 185
120 194
120 196
120 197
120 198
120 203
120 290
120 210
120 211
120 214
120 218
120 220
120 223
120 227
120 229
120 231
120 232
120 233
120 235
120 237
120 241
120 248
120 250
120 254
121 261
121 262
121 267
121 270
121 274
121 276
121 277
121 289
121 271
121 292
121 287
121 125
121 127
121 132
121 138
121 145
121 148
121 150
121 152
121 171
121 175
121 176
121 187
121 189
121 190
121 193
121 194
121 195
121 198
121 200
121 211
121 214
121 215
121 217
121 280
121 223
121 225
121 226
121 227
121 228
121 231
121 233
121 235
121 239
121 240
121 245
121 246
121 249
121 250
121 252
122 261
122 257
122 267
122 269
122 274
122 276
122 281
122 282
122 285
122 288
122 292
122 297
122 264
122 266
122 123
122 129
122 131
122 278
122 135
122 137
122 138
122 139
122 140
122 143
122 146
122 149
122 150
122 155
122 159
122 162
122 163
122 164
122 165
122 166
122 172
122 178
122 179
122 180
122 183
122 184
122 186
122 189
122 191
122 194
122 202
122 210
122 214
122 215
122 221
122 222
122 223
122 224
122 225
122 232
122 237
122 239
122 241
122 243
122 247
122 248
122 254
123 258
123 299
123 261
123 277
123 279
123 281
123 283
123 288
123 289
123 290
123 292
123 294
123 295
123 297
123 271
123 125
123 127
123 128
123 129
123 130
123 131
123 135
123 141
123 144
123 280
123 149
123 150
123 155
123 282
123 158
123 159
123 160
123 161
123 165
123 166
123 170
123 172
123 173
123 285
123 178
123 179
123 184
123 189
123 192
123 194
123 201
123 203
123 204
123 205
123 210
123 215
123 216
123 232
123 233
123 240
123 244
123 253
123 255
124 257
124 263
124 266
124 258
124 271
124 272
124 276
124 279
124 280
124 283
124 286
124 261
124 290
124 291
124 295
124 298
124 269
124 284
124 273
124 274
124 285
124 125
124 126
124 135
124 138
124 141
124 145
124 146
124 151
124 152
124 153
124 156
124 157
124 160
124 164
124 165
124 166
124 169
124 174
124 175
124 176
124 179
124 182
124 185
124 189
124 296
124 193
124 197
124 199
124 200
124 205
124 206
124 207
124 211
124 212
124 214
124 215
124 217
124 222
124 224
124 226
124 227
124 232
124 234
124 239
124 241
124 243
124 245
124 246
124 264
124 250
124 251
124 253
124 254
125 266
125 270
125 275
125 277
125 280
125 281
125 283
125 285
125 287
125 288
125 294
125 298
125 299
125 128
125 129
125 132
125 135
125 138
125 146
125 147
125 153
125 154
125 155
125 158
125 295
125 162
125 168
125 170
125 172
125 174
125 178
125 182
125 184
125 192
125 196
125 198
125 199
125 204
125 206
125 210
125 211
125 212
125 214
125 224
125 226
125 227
125 228
125 229
125 232
125 235
125 289
125 240
125 252
125 264
126 256
126 257
126 264
126 282
126 284
126 286
126 292
126 295
126 297
126 267
126 278
126 135
126 136
126 141
126 142
126 144
126 145
126 155
126 159
126 165
126 169
126 171
126 176
126 177
126 179
126 180
126 182
126 183
126 189
126 192
126 194
126 197
126 199
126 204
126 212
126 214
126 221
126 223
126 225
126 226
126 294
126 230
126 239
126 246
126 247
126 252
127 257
127 259
127 260
127 264
127 268
127 273
127 282
127 283
127 285
127 287
127 289
127 262
127 296
127 298
127 263
127 276
127 130
127 132
127 133
127 136
127 137
127 140
127 141
127 142
127 144
127 280
127 146
127 147
127 151
127 156
127 157
127 161
127 165
127 168
127 169
127 171
127 172
127 174
127 175
127 176
127 183
127 184
127 185
127 186
127 190
127 191
127 192
127 195
127 196
127 200
127 203
127 204
127 210
127 215
127 224
127 226
127 233
127 235
127 237
127 238
127 239
127 241
127 251
127 252
127 255
128 257
128 268
128 273
128 276
128 260
128 282
128 284
128 290
128 291
128 272
128 277
128 138
128 141
128 147
128 150
128 151
128 156
128 164
128 165
128 168
128 170
128 173
128 174
128 177
128 178
128 183
128 186
128 287
128 189
128 191
128 193
128 194
128 200
128 204
128 208
128 209
128 226
128 228
128 230
128 235
128 237
128 239
128 296
128 246
128 248
128 249
128 251
128 252
129 257
129 260
129 261
129 264
129 268
129 272
129 280
129 292
129 271
129 278
129 134
129 137
129 138
129 146
129 147
129 150
129 154
129 156
129 163
129 165
129 169
129 170
129 171
129 172
129 175
129 179
129 181
129 182
129 186
129 187
129 190
129 191
129 192
129 194
129 197
129 203
129 204
129 210
129 215
129 216
129 217
129 218
129 223
129 224
129 225
129 226
129 263
129 231
129 232
129 235
129 236
129 238
129 241
129 242
129 245
129 252
130 260
130 262
130 276
130 277
130 284
130 285
130 296
130 299
130 274
130 132
130 137
130 142
130 145
130 146
130 151
130 282
130 159
130 163
130 167
130 169
130 173
130 174
130 175
130 178
130 179
130 184
130 187
130 192
130 195
130 199
130 206
130 210
130 213
130 223
130 225
130 229
130 231
130 232
130 235
130 237
130 241
130 249
130 252
131 299
131 260
131 258
131 270
131 277
131 282
131 287
131 296
131 132
131 133
131 138
131 140
131 142
131 144
131 145
131 148
131 150
131 153
131 157
131 158
131 159
131 163
131 168
131 172
131 177
131 183
131 185
131 186
131 187
131 188
131 191
131 288
131 198
131 201
131 204
131 290
131 209
131 213
131 219
131 222
131 224
131 226
131 228
131 233
131 295
131 236
131 243
131 244
131 247
131 248
131 250
131 255
132 258
132 259
132 260
132 262
132 257
132 267
132 281
132 283
132 288
132 290
132 295
132 298
132 133
132 143
132 282
132 146
132 147
132 150
132 156
132 157
132 167
132 170
132 172
132 174
132 178
132 179
132 182
132 183
132 188
132 189
132 191
132 193
132 197
132 200
132 202
132 204
132 294
132 212
132 219
132 220
132 224
132 225
132 227
132 229
132 234
132 239
132 240
132 242
132 244
132 249
132 250
132 254
133 278
133 263
133 265
133 151
133 282
133 269
133 277
133 154
133 286
133 240
133 164
133 178
133 180
133 219
133 201
133 267
133 187
133 202
133 190
133 192
133 194
133 195
133 211
133 199
133 291
133 141
133 271
133 248
133 210
133 163
133 270
133 217
133 218
133 222
133 224
133 259
133 231
133 241
133 147
133 244
133 246
133 153
134 258
134 299
134 257
134 139
134 273
134 141
134 270
134 275
134 149
134 150
134 218
134 281
134 156
134 157
134 161
134 197
134 165
134 241
134 296
134 274
134 177
134 181
134 182
134 184
134 185
134 223
134 245
134 289
134 201
134 237
134 206
134 249
134 267
134 221
134 228
134 233
134 295
134 204
134 290
134 148
134 264
134 255
135 259
135 260
135 261
135 258
135 270
135 272
135 273
135 276
135 283
135 286
135 288
135 289
135 299
135 269
135 138
135 145
135 149
135 156
135 157
135 158
135 160
135 163
135 164
135 169
135 171
135 174
135 178
135 181
135 182
135 183
135 185
135 186
135 188
135 193
135 200
135 201
135 203
135 206
135 208
135 291
135 217
135 228
135 236
135 237
135 238
135 243
135 244
135 249
135 252
135 255
136 256
136 261
136 266
136 267
136 272
136 274
136 279
136 284
136 262
136 298
136 292
136 277
136 138
136 139
136 141
136 142
136 145
136 146
136 149
136 156
136 282
136 160
136 163
136 165
136 167
136 168
136 169
136 171
136 174
136 286
136 185
136 187
136 188
136 192
136 194
136 198
136 208
136 210
136 217
136 218
136 220
136 221
136 280
136 227
136 230
136 231
136 234
136 295
136 239
136 242
136 243
136 244
136 297
136 250
136 251
136 252
137 256
137 260
137 261
137 263
137 271
137 272
137 280
137 289
137 297
137 292
137 268
137 290
137 138
137 139
137 144
137 148
137 281
137 152
137 153
137 154
137 156
137 160
137 165
137 167
137 172
137 173
137 176
137 179
137 180
137 188
137 190
137 198
137 200
137 202
137 205
137 206
137 217
137 218
137 220
137 222
137 230
137 234
137 235
137 240
137 241
137 249
137 251
137 252
137 253
137 255
138 299
138 261
138 271
138 276
138 260
138 295
138 298
138 275
138 144
138 145
138 146
138 153
138 154
138 157
138 158
138 289
138 165
138 167
138 284
138 177
138 178
138 182
138 183
138 186
138 190
138 191
138 192
138 198
138 199
138 201
138 205
138 211
138 214
138 215
138 216
138 217
138 218
138 219
138 220
138 237
138 240
138 241
138 244
138 245
138 249
139 235
139 214
139 258
139 270
139 143
139 145
139 148
139 282
139 152
139 281
139 154
139 286
139 176
139 163
139 164
139 167
139 172
139 178
139 174
139 157
139 264
139 179
139 280
139 186
139 268
139 288
139 194
139 198
139 292
139 201
139 207
139 209
139 211
139 212
139 213
139 217
139 271
139 250
139 223
139 225
139 226
139 227
139 229
139 259
139 232
139 269
139 253
139 255
140 256
140 260
140 261
140 271
140 285
140 286
140 296
140 272
140 277
140 144
140 145
140 146
140 147
140 149
140 150
140 156
140 282
140 162
140 163
140 166
140 167
140 169
140 170
140 173
140 284
140 188
140 189
140 193
140 197
140 199
140 200
140 207
140 210
140 211
140 213
140 216
140 218
140 223
140 224
140 228
140 232
140 233
140 236
140 240
140 242
140 251
141 256
141 258
141 275
141 276
141 283
141 287
141 288
141 290
141 262
141 294
141 296
141 278
141 267
141 268
141 183
141 273
141 280
141 149
141 152
141 154
141 156
141 162
141 168
141 169
141 171
141 172
141 179
141 180
141 188
141 196
141 197
141 207
141 212
141 217
141 218
141 221
141 225
141 232
141 233
141 236
141 237
141 240
141 246
141 249
141 251
141 253
142 261
142 264
142 265
142 266
142 267
142 274
142 281
142 284
142 286
142 291
142 294
142 298
142 263
142 143
142 145
142 146
142 152
142 154
142 155
142 156
142 160
142 295
142 162
142 163
142 164
142 167
142 168
142 169
142 170
142 285
142 177
142 180
142 188
142 190
142 195
142 289
142 203
142 204
142 205
142 206
142 212
142 214
142 215
142 216
142 217
142 218
142 220
142 228
142 231
142 232
142 235
142 237
142 242
142 243
142 248
142 252
143 259
143 257
143 270
143 274
143 288
143 289
143 265
143 266
143 268
143 258
143 269
143 272
143 144
143 146
143 147
143 161
143 283
143 169
143 173
143 174
143 178
143 286
143 184
143 187
143 189
143 193
143 195
143 197
143 203
143 204
143 205
143 206
143 208
143 211
143 215
143 216
143 218
143 219
143 220
143 223
143 224
143 226
143 234
143 235
143 240
143 243
143 247
143 248
143 250
143 298
143 252
143 253
143 254
144 256
144 213
144 214
144 262
144 279
144 273
144 146
144 238
144 155
144 161
144 266
144 165
144 169
144 298
144 191
144 201
144 284
144 287
144 200
144 158
144 183
144 202
144 289
144 159
144 189
144 285
144 199
144 204
144 219
144 282
144 187
144 230
144 210
144 154
144 296
144 275
144 244
144 250
145 172
145 147
145 149
145 151
145 154
145 286
145 219
145 164
145 244
145 294
145 168
145 176
145 180
145 185
145 186
145 188
145 190
145 224
145 267
145 199
145 204
145 203
145 206
145 209
145 222
145 263
145 292
145 230
145 231
145 234
145 239
145 243
145 254
145 268
145 233
145 217
146 257
146 263
146 270
146 275
146 286
146 292
146 299
146 265
146 285
146 147
146 148
146 154
146 158
146 167
146 169
146 170
146 172
146 284
146 176
146 183
146 185
146 187
146 193
146 196
146 198
146 200
146 202
146 203
146 208
146 219
146 220
146 222
146 228
146 229
146 234
146 238
146 240
146 243
146 245
146 246
146 298
146 254
147 235
147 236
147 226
147 269
147 270
147 259
147 149
147 150
147 155
147 158
147 159
147 289
147 162
147 219
147 165
147 168
147 169
147 298
147 171
147 273
147 179
147 182
147 185
147 220
147 287
147 189
147 279
147 201
147 202
147 205
147 213
147 215
147 221
147 227
147 231
147 253
147 240
147 296
147 211
147 246
147 299
147 217
147 281
147 254
148 291
148 175
148 239
148 273
148 260
148 285
148 155
148 165
148 294
148 274
148 263
148 259
148 181
148 184
148 267
148 192
148 262
148 197
148 286
148 201
148 265
148 204
148 206
148 207
148 208
148 227
148 212
148 270
148 164
148 220
148 293
148 246
148 195
148 236
148 210
148 238
148 189
148 275
148 292
148 169
148 191
149 192
149 259
149 260
149 265
149 290
149 274
149 277
149 278
149 151
149 153
149 283
149 154
149 296
149 169
149 242
149 221
149 158
149 180
149 181
149 193
149 194
149 241
149 162
149 269
149 208
149 209
149 206
149 197
149 186
149 223
149 224
149 251
149 293
149 231
149 232
149 191
149 282
149 240
149 185
149 247
149 249
149 252
149 213
150 267
150 273
150 278
150 196
150 283
150 159
150 197
150 180
150 166
150 169
150 170
150 263
150 173
150 223
150 176
150 181
150 183
150 188
150 190
150 198
150 288
150 265
150 202
150 203
150 205
150 211
150 213
150 224
150 225
150 226
150 230
150 178
150 252
150 231
150 239
150 240
150 243
150 244
150 247
150 200
151 192
151 291
151 263
151 172
151 266
151 267
151 256
151 294
151 286
151 278
151 152
151 260
151 154
151 239
151 284
151 271
151 261
151 162
151 163
151 166
151 167
151 169
151 299
151 174
151 175
151 222
151 201
151 184
151 186
151 245
151 193
151 194
151 196
151 202
151 206
151 207
151 297
151 270
151 203
151 185
151 221
151 229
151 236
151 177
151 275
151 285
151 190
151 253
152 258
152 259
152 267
152 272
152 277
152 280
152 284
152 286
152 288
152 292
152 262
152 297
152 250
152 275
152 276
152 154
152 169
152 170
152 174
152 180
152 186
152 287
152 188
152 192
152 194
152 196
152 198
152 290
152 213
152 215
152 218
152 221
152 223
152 224
152 229
152 230
152 234
152 238
152 239
152 240
152 247
152 249
152 254
153 261
153 265
153 267
153 268
153 277
153 281
153 292
153 294
153 296
153 298
153 278
153 266
153 276
153 279
153 154
153 156
153 157
153 162
153 172
153 175
153 178
153 179
153 181
153 183
153 184
153 185
153 188
153 189
153 192
153 193
153 194
153 197
153 198
153 201
153 204
153 207
153 212
153 219
153 220
153 221
153 225
153 230
153 232
153 239
153 240
153 241
153 244
153 245
153 247
153 251
153 253
154 257
154 266
154 269
154 270
154 275
154 276
154 278
154 279
154 284
154 286
154 292
154 295
154 299
154 158
154 159
154 160
154 161
154 165
154 174
154 175
154 177
154 180
154 184
154 190
154 195
154 198
154 203
154 290
154 208
154 210
154 211
154 213
154 214
154 223
154 224
154 230
154 238
154 247
154 251
154 253
155 258
155 278
155 207
155 273
155 175
155 157
155 295
155 290
155 283
155 165
155 241
155 168
155 169
155 265
155 184
155 185
155 188
155 190
155 245
155 201
155 206
155 254
155 270
155 215
155 227
155 230
155 225
155 236
155 237
155 275
155 244
155 297
155 249
155 166
156 259
156 239
156 281
156 260
156 158
156 283
156 164
156 293
156 295
156 291
156 263
156 172
156 173
156 175
156 189
156 253
156 181
156 244
156 188
156 194
156 195
156 289
156 265
156 162
156 205
156 208
156 211
156 299
156 218
156 297
156 222
156 223
156 229
156 292
156 233
156 241
156 264
156 192
156 234
156 202
157 265
157 268
157 269
157 237
157 195
157 279
157 160
157 161
157 281
157 266
157 164
157 294
157 284
157 298
157 171
157 173
157 174
157 221
157 177
157 243
157 180
157 187
157 189
157 192
157 198
157 262
157 206
157 280
157 285
157 207
157 220
157 165
157 273
157 226
157 228
157 178
157 235
157 238
157 240
157 244
157 247
157 249
157 255
158 256
158 192
158 258
158 261
158 262
158 267
158 194
158 237
158 286
158 287
158 160
158 278
158 296
158 298
158 263
158 172
158 266
158 180
158 181
158 187
158 189
158 190
158 191
158 197
158 201
158 248
158 216
158 217
158 271
158 225
158 226
158 232
158 236
158 282
158 245
158 268
158 297
158 234
158 255
159 258
159 265
159 268
159 272
159 280
159 286
159 297
159 257
159 181
159 270
159 160
159 162
159 166
159 176
159 177
159 182
159 184
159 185
159 191
159 196
159 197
159 199
159 201
159 204
159 207
159 291
159 221
159 222
159 225
159 229
159 231
159 232
159 235
159 239
159 241
159 211
159 254
160 260
160 214
160 266
160 293
160 286
160 259
160 277
160 283
160 284
160 289
160 290
160 261
160 264
160 168
160 172
160 174
160 176
160 182
160 183
160 194
160 200
160 203
160 204
160 205
160 212
160 213
160 221
160 229
160 227
160 228
160 226
160 252
160 237
160 287
160 242
160 244
160 249
160 254
160 255
161 256
161 294
161 263
161 236
161 279
161 273
161 286
161 290
161 283
161 284
161 162
161 165
161 199
161 174
161 243
161 181
161 219
161 189
161 195
161 196
161 203
161 207
161 291
161 220
161 185
161 216
161 292
161 218
161 222
161 293
161 226
161 251
161 237
161 239
161 278
161 247
161 166
162 256
162 257
162 258
162 264
162 266
162 273
162 280
162 282
162 288
162 298
162 265
162 283
162 168
162 173
162 175
162 178
162 186
162 191
162 192
162 193
162 198
162 199
162 204
162 205
162 209
162 291
162 213
162 215
162 217
162 225
162 229
162 234
162 236
162 239
162 240
162 244
162 247
162 248
162 249
162 250
162 281
163 261
163 264
163 274
163 277
163 278
163 260
163 287
163 291
163 293
163 294
163 295
163 292
163 269
163 271
163 164
163 166
163 167
163 168
163 170
163 174
163 182
163 185
163 188
163 191
163 195
163 207
163 209
163 216
163 217
163 219
163 220
163 221
163 225
163 228
163 232
163 236
163 239
163 241
164 256
164 257
164 299
164 260
164 263
164 264
164 269
164 272
164 280
164 283
164 286
164 295
164 298
164 170
164 171
164 174
164 175
164 178
164 180
164 182
164 185
164 186
164 187
164 188
164 279
164 194
164 195
164 196
164 200
164 203
164 211
164 214
164 220
164 224
164 226
164 228
164 231
164 241
164 244
164 245
164 248
164 249
164 250
165 258
165 272
165 259
165 277
165 260
165 286
165 291
165 295
165 299
165 279
165 166
165 169
165 181
165 182
165 184
165 185
165 188
165 274
165 195
165 200
165 204
165 211
165 212
165 215
165 292
165 218
165 219
165 223
165 230
165 231
165 233
165 235
165 240
165 245
165 249
165 251
165 255
166 299
166 260
166 262
166 265
166 258
166 256
166 275
166 277
166 283
166 290
166 291
166 294
166 263
166 274
166 279
166 171
166 174
166 177
166 296
166 190
166 295
166 193
166 195
166 198
166 199
166 201
166 205
166 207
166 208
166 210
166 211
166 220
166 223
166 224
166 227
166 229
166 234
166 235
166 237
166 239
166 241
166 243
166 248
166 249
166 250
167 259
167 271
167 277
167 284
167 291
167 294
167 295
167 266
167 270
167 168
167 169
167 172
167 173
167 285
167 179
167 180
167 182
167 183
167 188
167 189
167 192
167 193
167 199
167 200
167 201
167 202
167 206
167 207
167 208
167 209
167 210
167 213
167 222
167 224
167 226
167 233
167 237
167 238
167 241
167 243
167 244
167 245
167 248
167 250
168 257
168 269
168 256
168 274
168 275
168 276
168 287
168 289
168 291
168 293
168 265
168 290
168 267
168 284
168 170
168 172
168 173
168 177
168 180
168 183
168 186
168 189
168 192
168 193
168 194
168 196
168 200
168 202
168 203
168 205
168 206
168 208
168 209
168 215
168 216
168 217
168 225
168 228
168 234
168 238
168 239
168 296
168 243
168 245
168 246
168 247
168 298
168 254
169 258
169 261
169 257
169 271
169 277
169 278
169 286
169 288
169 294
169 299
169 267
169 292
169 272
169 172
169 178
169 182
169 183
169 185
169 200
169 205
169 209
169 211
169 212
169 213
169 214
169 216
169 217
169 220
169 222
169 223
169 234
169 237
169 238
169 242
169 243
169 246
169 248
169 251
170 260
170 269
170 282
170 286
170 287
170 298
170 293
170 171
170 172
170 175
170 181
170 183
170 188
170 190
170 191
170 195
170 199
170 202
170 203
170 206
170 207
170 208
170 213
170 217
170 221
170 223
170 226
170 227
170 230
170 232
170 235
170 236
170 237
170 238
170 239
170 243
170 245
170 247
170 253
170 254
171 256
171 259
171 263
171 272
171 279
171 281
171 284
171 261
171 288
171 289
171 295
171 266
171 173
171 174
171 176
171 177
171 179
171 182
171 183
171 186
171 287
171 188
171 191
171 192
171 196
171 198
171 201
171 203
171 204
171 210
171 211
171 216
171 223
171 228
171 229
171 236
171 237
171 238
171 242
171 244
171 247
171 249
171 254
172 256
172 259
172 264
172 267
172 277
172 281
172 287
172 290
172 292
172 298
172 265
172 270
172 285
172 282
172 173
172 174
172 284
172 177
172 191
172 192
172 199
172 203
172 205
172 211
172 212
172 213
172 226
172 227
172 229
172 232
172 235
172 239
172 244
172 249
172 251
172 252
173 257
173 260
173 263
173 266
173 256
173 274
173 277
173 284
173 289
173 295
173 296
173 264
173 267
173 273
173 276
173 177
173 178
173 183
173 184
173 194
173 198
173 199
173 200
173 209
173 212
173 213
173 216
173 217
173 218
173 220
173 221
173 224
173 225
173 226
173 228
173 229
173 231
173 234
173 239
173 242
173 244
173 246
173 252
173 298
173 255
174 258
174 257
174 265
174 268
174 278
174 283
174 287
174 289
174 295
174 274
174 284
174 181
174 183
174 186
174 189
174 193
174 199
174 201
174 202
174 211
174 214
174 216
174 223
174 224
174 227
174 229
174 230
174 231
174 235
174 237
174 239
174 242
174 244
174 247
174 250
174 254
174 255
175 256
175 258
175 272
175 278
175 286
175 287
175 299
175 271
175 259
175 275
175 282
175 176
175 180
175 181
175 183
175 186
175 190
175 191
175 192
175 193
175 194
175 196
175 201
175 291
175 208
175 211
175 212
175 216
175 219
175 230
175 231
175 234
175 237
175 251
175 281
176 258
176 259
176 260
176 275
176 271
176 272
176 274
176 283
176 290
176 294
176 263
176 278
176 281
176 180
176 183
176 184
176 185
176 190
176 193
176 194
176 196
176 201
176 208
176 210
176 211
176 212
176 215
176 219
176 223
176 227
176 230
176 231
176 235
176 238
176 240
176 242
176 243
176 244
176 249
176 252
176 298
177 259
177 273
177 276
177 278
177 281
177 283
177 285
177 286
177 289
177 294
177 267
177 282
177 280
177 180
177 181
177 183
177 185
177 187
177 188
177 189
177 193
177 194
177 195
177 196
177 197
177 199
177 200
177 201
177 203
177 204
177 205
177 206
177 207
177 210
177 211
177 213
177 221
177 225
177 229
177 230
177 232
177 234
177 236
177 237
177 238
177 239
177 241
177 244
177 246
177 248
177 252
177 253
178 266
178 267
178 269
178 272
178 274
178 277
178 292
178 282
178 180
178 181
178 190
178 191
178 279
178 194
178 201
178 203
178 207
178 212
178 213
178 215
178 278
178 217
178 219
178 222
178 293
178 224
178 225
178 227
178 294
178 233
178 235
178 236
178 246
178 262
178 249
178 252
178 253
179 262
179 266
179 237
179 274
179 277
179 278
179 280
179 284
179 261
179 290
179 219
179 294
179 257
179 264
179 185
179 287
179 190
179 193
179 194
179 198
179 268
179 258
179 205
179 210
179 212
179 270
179 216
179 217
179 222
179 211
179 195
179 231
179 244
179 245
179 249
180 262
180 265
180 272
180 282
180 290
180 292
180 285
180 294
180 281
180 192
180 193
180 195
180 198
180 211
180 213
180 214
180 215
180 217
180 218
180 219
180 228
180 229
180 230
180 232
180 234
180 239
180 242
180 243
180 244
180 246
180 248
180 250
180 251
180 253
181 261
181 257
181 265
181 267
181 269
181 260
181 285
181 286
181 294
181 295
181 185
181 189
181 192
181 194
181 195
181 199
181 207
181 211
181 214
181 216
181 221
181 222
181 223
181 224
181 229
181 230
181 232
181 234
181 235
181 236
181 272
181 240
181 296
181 242
181 243
181 245
181 249
181 251
181 254
181 255
182 260
182 262
182 263
182 264
182 272
182 283
182 265
182 299
182 267
182 270
182 271
182 293
182 186
182 187
182 190
182 195
182 202
182 203
182 204
182 207
182 209
182 210
182 216
182 219
182 221
182 223
182 225
182 230
182 234
182 239
182 251
183 257
183 266
183 271
183 274
183 259
183 280
183 285
183 289
183 263
183 278
183 187
183 191
183 194
183 196
183 198
183 201
183 290
183 206
183 208
183 209
183 212
183 215
183 216
183 219
183 223
183 229
183 231
183 232
183 233
183 236
183 238
183 241
183 242
183 243
183 244
183 245
183 247
183 251
184 262
184 263
184 256
184 271
184 259
184 278
184 282
184 289
184 291
184 265
184 295
184 286
184 188
184 195
184 198
184 199
184 200
184 202
184 205
184 213
184 219
184 220
184 225
184 227
184 231
184 232
184 233
184 234
184 235
184 236
184 245
184 248
184 249
184 250
185 213
185 186
185 265
185 267
185 269
185 256
185 294
185 280
185 286
185 288
185 263
185 283
185 287
185 262
185 297
185 209
185 214
185 216
185 222
185 223
185 229
185 275
185 236
185 238
185 245
185 254
186 262
186 278
186 260
186 283
186 287
186 219
186 220
186 294
186 215
186 190
186 279
186 267
186 197
186 198
186 289
186 209
186 211
186 213
186 222
186 230
186 237
186 246
186 249
186 252
186 299
187 257
187 299
187 270
187 280
187 283
187 286
187 263
187 264
187 268
187 272
187 234
187 282
187 188
187 189
187 191
187 288
187 195
187 200
187 210
187 211
187 212
187 216
187 218
187 227
187 230
187 231
187 237
187 296
187 243
187 249
187 253
188 256
188 261
188 264
188 272
188 259
188 281
188 288
188 290
188 293
188 295
188 296
188 266
188 189
188 190
188 194
188 196
188 197
188 200
188 201
188 203
188 205
188 207
188 213
188 218
188 297
188 222
188 229
188 234
188 244
188 246
188 247
188 248
188 252
189 257
189 268
189 272
189 273
189 274
189 277
189 283
189 293
189 298
189 269
189 276
189 265
189 285
189 192
189 199
189 203
189 205
189 208
189 209
189 211
189 215
189 217
189 218
189 226
189 230
189 231
189 237
189 241
189 248
189 252
189 253
190 256
190 257
190 274
190 281
190 261
190 262
190 294
190 267
190 270
190 283
190 195
190 199
190 202
190 213
190 214
190 216
190 219
190 222
190 224
190 233
190 235
190 239
190 245
190 248
190 298
191 256
191 266
191 267
191 268
191 272
191 274
191 276
191 278
191 279
191 280
191 284
191 287
191 262
191 299
191 258
191 275
191 192
191 193
191 195
191 196
191 198
191 199
191 201
191 203
191 288
191 210
191 215
191 297
191 293
191 229
191 234
191 235
191 236
191 237
191 240
191 241
191 246
191 247
191 253
191 254
192 257
192 299
192 260
192 262
192 274
192 291
192 263
192 272
192 194
192 201
192 204
192 205
192 208
192 210
192 211
192 215
192 216
192 217
192 218
192 227
192 229
192 230
192 232
192 236
192 238
192 239
192 296
192 243
192 247
192 248
192 249
192 252
192 254
193 258
193 260
193 256
193 272
193 273
193 278
193 285
193 257
193 270
193 224
193 227
193 197
193 204
193 271
193 248
193 211
193 206
193 214
193 218
193 219
193 228
193 294
193 233
193 281
193 238
193 242
193 255
193 254
194 256
194 262
194 258
194 271
194 273
194 278
194 260
194 282
194 286
194 287
194 292
194 296
194 265
194 268
194 272
194 276
194 295
194 195
194 198
194 199
194 201
194 204
194 208
194 219
194 222
194 223
194 227
194 230
194 231
194 232
194 233
194 235
194 238
194 239
194 241
194 242
194 244
194 246
195 268
195 274
195 275
195 277
195 280
195 291
195 293
195 294
195 296
195 257
195 276
195 269
195 288
195 196
195 202
195 204
195 205
195 210
195 214
195 215
195 217
195 221
195 223
195 224
195 226
195 233
195 240
195 242
195 244
195 248
195 250
195 252
195 255
196 263
196 276
196 278
196 286
196 261
196 288
196 293
196 294
196 267
196 256
196 270
196 275
196 274
196 285
196 283
196 284
196 201
196 202
196 204
196 208
196 209
196 210
196 218
196 219
196 224
196 235
196 238
196 240
196 242
196 251
196 252
196 253
196 255
197 257
197 263
197 269
197 278
197 279
197 282
197 284
197 285
197 292
197 293
197 294
197 298
197 299
197 271
197 243
197 203
197 207
197 208
197 291
197 213
197 214
197 215
197 219
197 221
197 222
197 223
197 225
197 295
197 240
197 211
197 245
197 248
197 252
197 255
198 259
198 266
198 271
198 276
198 280
198 282
198 283
198 288
198 290
198 294
198 265
198 258
198 278
198 269
198 199
198 205
198 208
198 212
198 213
198 214
198 219
198 222
198 224
198 225
198 227
198 228
198 232
198 233
198 234
198 236
199 263
199 267
199 258
199 275
199 283
199 290
199 292
199 293
199 294
199 297
199 299
199 261
199 288
199 201
199 202
199 209
199 212
199 216
199 219
199 220
199 232
199 236
199 242
199 245
200 263
200 259
200 276
200 279
200 280
200 281
200 286
200 291
200 294
200 297
200 269
200 270
200 284
200 265
200 289
200 204
200 205
200 209
200 213
200 221
200 226
200 229
200 230
200 231
200 232
200 235
200 242
200 247
200 255
201 263
201 266
201 258
201 274
201 277
201 278
201 285
201 287
201 289
201 296
201 298
201 288
201 204
201 207
201 211
201 217
201 219
201 228
201 230
201 233
201 236
201 238
201 239
201 240
201 244
201 245
201 250
201 252
202 235
202 267
202 270
202 286
202 287
202 244
202 203
202 209
202 211
202 227
202 250
202 231
202 259
202 242
202 225
202 238
202 240
202 275
202 246
202 247
202 241
202 251
202 281
202 298
203 273
203 275
203 280
203 283
203 282
203 290
203 291
203 296
203 221
203 266
203 205
203 206
203 245
203 237
203 212
203 270
203 216
203 292
203 218
203 228
203 230
203 231
203 236
203 238
203 241
203 242
203 256
203 247
203 298
204 257
204 258
204 260
204 261
204 266
204 274
204 280
204 284
204 287
204 288
204 291
204 292
204 270
204 283
204 289
204 205
204 207
204 210
204 212
204 217
204 220
204 221
204 222
204 224
204 232
204 235
204 236
204 239
204 244
204 249
204 255
205 294
205 261
205 262
205 267
205 258
205 286
205 278
205 244
205 266
205 268
205 269
205 210
205 215
205 280
205 229
205 226
205 227
205 209
205 235
205 293
205 246
205 247
205 248
205 250
205 239
205 254
206 256
206 268
206 274
206 280
206 299
206 288
206 293
206 298
206 219
206 224
206 273
206 207
206 208
206 271
206 221
206 223
206 225
206 209
206 232
206 234
206 295
206 237
206 242
206 211
206 245
206 270
207 257
207 261
207 267
207 269
207 271
207 283
207 286
207 290
207 291
207 278
207 285
207 292
207 219
207 221
207 223
207 224
207 226
207 231
207 298
207 233
207 237
207 239
207 241
207 242
207 243
207 244
207 248
207 251
207 252
207 253
208 256
208 259
208 268
208 275
208 277
208 278
208 279
208 289
208 292
208 294
208 295
208 298
208 263
208 283
208 210
208 213
208 216
208 219
208 224
208 226
208 227
208 229
208 231
208 234
208 240
208 296
208 242
208 245
208 247
208 253
208 255
209 257
209 258
209 259
209 262
209 264
209 268
209 279
209 281
209 283
209 290
209 292
209 295
209 296
209 297
209 298
209 272
209 266
209 212
209 214
209 215
209 218
209 220
209 221
209 222
209 293
209 227
209 235
209 238
209 240
209 241
209 242
209 246
209 247
209 248
209 249
210 215
210 258
210 245
210 274
210 277
210 281
210 214
210 249
210 257
210 280
210 250
210 248
210 216
210 228
210 222
210 231
210 233
210 236
210 272
210 296
210 244
210 299
211 259
211 256
211 272
211 276
211 280
211 260
211 284
211 298
211 299
211 277
211 213
211 214
211 217
211 219
211 293
211 225
211 226
211 294
211 244
211 247
211 248
212 260
212 263
212 266
212 268
212 271
212 273
212 276
212 277
212 279
212 289
212 294
212 296
212 299
212 274
212 287
212 278
212 286
212 214
212 224
212 226
212 228
212 233
212 234
212 236
212 240
212 242
212 243
212 246
212 247
212 250
212 251
213 259
213 266
213 270
213 279
213 288
213 298
213 275
213 299
213 287
213 290
213 214
213 219
213 223
213 229
213 231
213 232
213 233
213 238
213 239
213 246
213 247
213 248
213 249
213 254
214 258
214 262
214 265
214 269
214 271
214 275
214 277
214 279
214 280
214 220
214 294
214 288
214 215
214 217
214 222
214 223
214 263
214 233
214 289
214 292
214 246
214 297
214 251
215 224
215 294
215 265
215 285
215 276
215 277
215 279
215 299
215 266
215 284
215 223
215 217
215 220
215 222
215 228
215 293
215 230
215 235
215 238
215 242
215 244
216 256
216 263
216 267
216 274
216 278
216 281
216 299
216 283
216 266
216 276
216 292
216 218
216 220
216 223
216 225
216 228
216 232
216 289
216 272
216 239
216 241
216 242
216 243
216 244
216 248
216 251
217 271
217 277
217 278
217 280
217 284
217 282
217 286
217 244
217 249
217 241
217 269
217 218
217 220
217 240
217 228
217 232
217 233
217 246
217 248
218 260
218 267
218 281
218 261
218 284
218 263
218 257
218 285
218 266
218 275
218 290
218 222
218 223
218 226
218 242
218 231
218 238
218 240
218 241
218 245
218 297
218 249
218 252
219 261
219 262
219 271
219 275
219 277
219 286
219 290
219 293
219 294
219 266
219 283
219 287
219 225
219 229
219 231
219 232
219 236
219 237
219 241
219 242
219 253
220 257
220 273
220 272
220 282
220 284
220 286
220 288
220 295
220 264
220 296
220 235
220 222
220 223
220 224
220 225
220 227
220 230
220 232
220 234
220 266
220 249
220 251
221 256
221 299
221 263
221 265
221 274
221 277
221 292
221 293
221 225
221 226
221 228
221 229
221 233
221 235
221 240
221 242
221 243
221 248
221 281
221 254
222 257
222 260
222 269
222 270
222 280
222 282
222 293
222 298
222 285
222 226
222 228
222 232
222 235
222 237
222 239
222 241
222 242
222 245
222 252
223 256
223 270
223 278
223 279
223 289
223 292
223 299
223 275
223 283
223 297
223 230
223 235
223 238
223 241
223 242
223 243
223 245
223 247
223 298
223 253
224 256
224 262
224 266
224 258
224 279
224 280
224 285
224 286
224 288
224 294
224 297
224 272
224 231
224 232
224 235
224 241
224 243
224 244
224 247
224 249
224 252
224 254
225 258
225 261
225 268
225 272
225 276
225 279
225 282
225 285
225 288
225 293
225 271
225 284
225 286
225 290
225 227
225 233
225 235
225 237
225 240
225 242
225 244
225 255
226 264
226 270
226 274
226 275
226 260
226 283
226 289
226 290
226 292
226 231
226 233
226 234
226 236
226 238
226 239
226 241
226 248
226 250
226 251
226 298
226 276
227 256
227 294
227 278
227 269
227 283
227 265
227 248
227 287
227 295
227 299
227 285
227 264
227 253
227 288
227 293
227 252
227 233
227 234
227 235
227 242
227 275
228 259
228 258
228 282
228 273
228 281
228 280
228 283
228 265
228 286
228 257
228 262
228 292
228 288
228 271
228 263
228 235
228 240
228 242
228 275
228 233
228 248
228 250
228 251
228 254
229 256
229 259
229 260
229 261
229 262
229 264
229 266
229 269
229 271
229 272
229 281
229 282
229 284
229 288
229 292
229 293
229 299
229 291
229 233
229 235
229 236
229 237
229 240
229 296
229 242
229 245
229 247
229 253
229 255
230 258
230 261
230 236
230 279
230 295
230 290
230 265
230 271
230 272
230 293
230 241
230 243
230 244
230 246
230 249
230 252
230 277
231 269
231 279
231 282
231 268
231 250
231 288
231 248
231 276
231 242
231 234
231 238
231 240
231 247
231 298
231 264
231 277
232 261
232 263
232 275
232 278
232 283
232 284
232 286
232 290
232 291
232 281
232 287
232 294
232 235
232 237
232 242
232 247
232 250
232 251
232 254
232 255
233 257
233 299
233 260
233 266
233 275
233 280
233 281
233 292
233 295
233 270
233 277
233 236
233 239
233 240
233 242
233 245
233 246
233 250
233 253
234 261
234 257
234 269
234 270
234 272
234 276
234 279
234 281
234 240
234 298
234 275
234 250
234 252
234 238
234 241
234 245
234 251
234 253
234 247
235 267
235 273
235 277
235 282
235 287
235 292
235 294
235 263
235 241
235 242
235 243
235 250
235 251
235 298
235 255
236 256
236 261
236 269
236 270
236 274
236 277
236 299
236 282
236 283
236 285
236 288
236 292
236 293
236 295
236 276
236 294
236 287
236 265
236 239
236 240
236 248
236 249
236 250
236 252
236 298
236 255
237 259
237 262
237 264
237 265
237 276
237 281
237 282
237 284
237 285
237 287
237 288
237 290
237 291
237 294
237 297
237 272
237 241
237 249
237 252
237 253
237 254
238 289
238 290
238 262
238 295
238 272
238 240
238 287
238 265
238 298
238 252
238 254
239 259
239 257
239 265
239 252
239 282
239 261
239 247
239 294
239 277
239 276
239 273
239 245
239 298
239 253
240 256
240 257
240 258
240 262
240 264
240 270
240 281
240 283
240 287
240 292
240 295
240 268
240 275
240 280
240 272
240 242
240 244
240 246
240 247
240 298
241 264
241 268
241 270
241 273
241 278
241 281
241 287
241 288
241 295
241 296
241 298
241 267
241 258
241 259
241 285
241 242
241 243
241 244
241 247
241 262
242 258
242 261
242 266
242 279
242 283
242 290
242 296
242 297
242 267
242 294
242 281
242 285
242 244
242 246
242 249
243 260
243 279
243 269
243 272
243 277
243 280
243 281
243 292
243 273
243 266
243 296
243 268
243 294
243 291
243 252
243 289
243 285
243 248
243 276
243 254
243 255
244 257
244 258
244 267
244 277
244 280
244 286
244 288
244 292
244 265
244 275
244 246
244 249
244 250
244 255
245 259
245 255
245 269
245 256
245 252
245 280
245 285
245 289
245 290
245 248
245 277
245 275
245 293
245 251
245 253
245 247
246 261
246 262
246 265
246 258
246 279
246 280
246 284
246 293
246 296
246 297
246 298
246 272
246 275
246 281
246 247
246 251
246 252
246 253
247 256
247 264
247 268
247 276
247 278
247 260
247 283
247 284
247 286
247 287
247 288
247 291
247 275
247 282
247 289
247 295
247 272
247 297
247 250
247 251
247 254
248 257
248 267
248 268
248 274
248 275
248 278
248 279
248 282
248 291
248 293
248 296
248 299
248 272
248 283
248 285
248 294
248 252
248 254
248 255
249 258
249 267
249 271
249 274
249 280
249 282
249 261
249 288
249 292
249 262
249 279
249 286
249 285
249 293
249 297
249 252
249 253
249 255
250 296
250 298
250 263
250 264
250 281
250 277
250 274
250 251
251 257
251 259
251 261
251 263
251 265
251 271
251 281
251 293
251 296
251 258
251 299
251 295
251 289
251 294
252 256
252 263
252 265
252 267
252 271
252 272
252 273
252 279
252 283
252 286
252 297
252 266
252 275
252 287
252 291
252 296
253 263
253 280
253 287
253 274
253 294
253 296
253 289
253 291
253 267
253 254
254 265
254 268
254 281
254 290
254 293
254 294
254 273
255 282
255 274
255 278
255 287
255 292
255 285
255 276
256 261
256 267
256 270
256 274
256 278
256 262
256 286
256 258
256 264
256 272
257 261
257 264
257 265
257 266
257 271
257 276
257 285
257 288
257 289
257 293
257 296
257 269
257 295
258 262
258 263
258 266
258 269
258 276
258 284
258 299
258 268
258 281
258 286
258 296
258 291
259 270
259 274
259 261
259 290
259 295
259 298
259 267
259 296
259 277
260 270
260 273
260 281
260 283
260 295
260 268
260 271
260 294
260 297
261 269
261 280
261 285
261 288
261 294
261 271
261 273
261 286
261 282
261 263
261 264
262 269
262 272
262 274
262 276
262 282
262 284
262 293
262 298
262 263
262 266
262 285
262 288
262 289
262 292
262 264
263 267
263 273
263 280
263 282
263 283
263 294
263 299
263 298
263 285
263 269
264 265
264 266
264 269
264 275
264 278
264 295
264 288
264 268
264 270
264 267
264 271
265 266
265 267
265 273
265 276
265 286
265 289
265 295
265 298
265 272
265 282
265 292
266 272
266 274
266 275
266 278
266 281
266 285
266 292
266 268
266 273
266 276
266 269
266 295
267 273
267 278
267 299
267 282
267 285
267 288
267 289
267 294
267 297
267 279
267 295
268 278
268 274
268 283
268 291
268 292
268 294
268 287
268 275
268 269
268 286
268 277
268 281
269 277
269 272
269 273
269 284
269 290
269 294
269 295
269 292
269 281
269 297
270 272
270 280
270 282
270 293
270 289
270 299
271 273
271 274
271 294
271 290
271 280
271 292
272 279
272 285
272 288
272 289
272 290
272 298
272 299
272 275
272 277
272 280
273 274
273 299
273 282
273 298
273 279
273 291
273 278
273 276
274 281
274 282
274 288
274 292
274 276
274 291
274 298
275 276
275 283
275 286
275 291
275 292
275 293
275 296
275 278
275 290
276 278
276 280
276 281
276 284
276 286
276 283
277 295
277 292
277 299
277 283
277 287
277 294
278 280
278 289
278 290
278 295
278 296
278 286
279 281
279 289
279 297
279 280
279 285
279 286
279 291
279 292
280 299
280 281
280 287
280 289
280 293
280 288
281 289
281 288
281 291
282 284
282 288
282 290
282 295
282 297
283 286
283 290
283 291
283 298
284 287
284 289
284 292
284 285
285 291
285 296
285 287
286 291
286 293
286 295
286 298
286 288
286 289
286 296
287 294
287 297
288 295
289 290
289 298
289 297
289 295
289 299
290 295
291 296
291 293
292 295
292 294
292 297
293 298
293 295
294 295
294 298
295 297
296 299
