1
0 4
0 134
1 37
1 228
2 151
2 268
3 253
3 257
4 204
5 113
5 154
6 172
6 254
7 80
7 238
8 28
8 159
9 135
9 246
10 168
10 274
11 231
11 232
12 103
12 133
13 154
13 225
14 147
14 298
15 206
15 252
16 106
16 166
17 114
17 208
18 152
18 178
19 107
19 235
20 94
20 97
21 115
21 284
22 148
22 226
23 64
23 257
24 133
24 298
25 177
25 286
26 185
26 234
27 104
27 155
28 60
29 121
29 243
30 239
30 289
31 89
31 197
32 45
32 94
33 44
33 178
34 113
34 245
35 130
35 132
36 81
36 142
37 288
38 78
38 266
39 139
39 222
40 63
40 280
41 235
41 297
42 170
42 196
43 50
43 255
44 213
45 227
46 221
47 79
47 146
48 56
48 296
49 96
49 256
50 161
51 171
51 276
52 82
52 180
53 186
53 248
54 131
54 140
55 187
55 276
56 286
57 165
57 220
58 67
58 91
59 97
59 277
60 237
61 69
61 206
62 191
62 214
63 78
64 273
65 73
65 181
66 216
66 296
67 128
68 180
68 236
69 243
70 85
70 232
71 108
71 258
72 75
72 86
73 251
74 87
74 267
75 176
76 164
76 260
77 82
77 254
79 117
80 222
81 158
83 186
83 270
84 182
84 277
85 291
86 242
87 185
88 262
88 288
89 173
90 269
90 271
91 121
92 229
92 281
93 171
93 202
95 212
95 275
96 251
98 188
98 290
99 104
99 247
100 150
100 155
101 163
101 209
102 140
102 266
103 282
105 110
105 285
106 194
107 203
108 247
109 145
109 290
110 174
111 270
111 293
112 144
112 157
114 207
115 220
116 179
116 189
117 250
118 192
118 241
119 172
119 200
120 123
120 134
122 207
122 239
123 217
124 179
124 205
125 136
125 278
126 157
126 272
127 258
127 263
128 228
129 150
129 293
130 197
131 205
132 160
135 252
136 138
137 184
137 227
138 237
139 166
141 169
141 211
142 219
143 167
143 219
144 299
145 233
146 240
147 249
148 263
149 153
149 156
151 242
152 201
153 289
156 182
158 190
159 255
160 279
161 279
162 163
162 211
164 175
165 256
167 204
169 271
170 200
173 216
174 248
175 274
176 253
177 195
181 189
183 230
183 238
184 201
187 262
188 250
190 261
191 261
192 213
193 275
193 283
194 287
195 295
196 269
198 218
198 292
199 209
199 218
202 295
203 221
208 212
210 264
210 268
214 241
215 224
215 272
217 225
223 234
223 249
224 231
226 294
229 259
230 299
233 291
236 280
240 244
244 297
245 294
246 259
260 292
264 284
265 273
265 285
267 278
281 287
282 283
300 168
301 46
-1 -1
1.8724
