1
0 47
0 92
1 200
1 255
2 26
2 53
3 29
3 170
4 165
4 193
5 56
5 152
6 22
6 179
7 66
7 247
8 40
8 184
9 175
9 290
10 207
10 231
11 225
11 232
12 125
12 134
13 43
13 167
14 207
14 285
15 17
15 20
16 108
16 160
17 67
18 73
18 218
19 134
19 253
20 118
21 116
21 293
22 166
23 64
23 181
24 150
24 281
25 142
25 266
26 153
27 103
27 164
28 190
28 279
29 106
30 62
30 139
31 115
31 274
32 102
32 235
33 113
33 200
34 199
34 282
35 139
35 251
36 49
37 208
37 255
38 278
38 293
39 195
39 202
40 130
41 111
41 210
42 104
42 268
43 113
44 99
44 114
45 267
45 291
46 68
46 172
47 237
48 145
48 289
49 216
50 61
50 107
51 73
51 238
52 115
52 127
53 192
54 76
54 265
55 128
55 234
56 259
57 143
57 194
58 240
58 283
59 132
59 269
60 277
60 298
61 157
62 173
63 75
63 152
64 212
65 183
65 286
66 226
67 197
68 85
69 121
69 182
70 102
70 125
71 170
71 201
72 96
72 222
74 109
74 156
75 88
76 245
77 136
77 173
78 148
78 284
79 213
79 225
80 140
80 211
81 123
81 253
82 100
82 256
83 230
83 248
84 86
84 217
85 270
86 224
87 196
87 273
88 256
89 100
89 204
90 107
90 118
91 154
91 226
92 268
93 176
93 260
94 122
94 194
95 236
95 273
96 161
97 218
97 292
98 289
98 294
99 254
101 119
101 252
103 237
104 262
105 141
105 282
106 236
108 285
109 188
110 163
110 185
111 150
112 177
112 198
114 248
116 199
117 151
117 244
119 174
120 224
120 243
121 163
122 164
123 242
124 221
124 266
126 195
126 283
127 168
128 151
129 135
129 257
130 205
131 171
131 263
132 147
133 202
133 205
135 276
136 209
137 182
137 262
138 223
138 298
140 159
141 193
142 186
143 286
144 229
144 239
145 214
146 160
146 214
147 177
148 235
149 161
149 219
153 299
154 295
155 215
155 234
156 231
157 261
158 178
158 209
159 186
162 212
162 263
165 264
166 287
167 241
168 280
169 190
169 204
171 240
172 191
174 250
175 180
176 258
178 271
179 181
180 297
183 189
184 201
185 258
187 228
187 277
188 203
189 297
191 271
192 250
196 288
197 215
198 246
203 264
206 219
206 243
210 296
211 229
213 299
216 284
217 265
220 259
220 261
221 249
222 272
223 252
227 239
227 254
228 249
230 291
232 270
233 272
233 292
238 278
241 296
242 260
244 275
245 295
246 257
247 269
251 279
267 288
274 287
275 281
276 290
280 294
300 208
301 36
-1 -1
9.55323
