400 798
0 162
0 178
0 342
1 160
1 211
1 295
2 57
2 66
2 80
2 83
2 166
2 299
2 352
2 379
2 387
3 155
3 321
4 30
4 109
4 250
4 253
4 312
4 386
5 64
5 118
5 133
5 217
5 231
5 239
6 33
6 38
6 77
6 105
6 139
6 293
6 357
7 156
7 199
7 243
7 327
8 85
8 98
9 80
9 123
9 137
9 157
10 48
10 84
10 87
10 148
10 172
10 268
10 353
11 45
11 77
11 78
11 391
11 399
12 46
12 63
12 68
13 48
13 246
13 392
14 395
15 90
15 264
15 311
15 328
15 393
16 31
16 99
16 120
16 275
16 397
17 30
17 49
17 262
18 91
18 115
18 194
18 320
18 324
19 178
19 260
19 306
19 395
20 23
20 198
20 362
21 145
21 271
21 278
21 343
22 143
22 180
22 381
23 125
23 227
23 392
24 44
24 113
24 258
24 359
24 384
25 53
25 201
26 47
26 157
26 184
26 272
27 41
27 140
27 159
27 327
27 334
27 346
28 37
28 62
29 58
29 114
29 191
29 194
29 319
30 34
30 65
30 247
30 264
30 301
30 309
30 310
30 380
31 152
31 331
32 56
32 140
33 182
33 201
33 253
34 159
34 271
34 298
35 186
35 260
35 384
36 93
36 232
36 330
36 388
37 147
37 199
37 219
37 340
37 375
38 72
38 145
39 83
39 191
40 150
40 187
40 218
41 129
42 206
42 315
42 373
43 287
44 48
44 145
44 219
44 265
44 380
45 225
45 238
45 285
46 52
46 68
46 150
46 309
47 152
47 203
48 118
48 381
49 191
50 236
50 390
51 96
51 345
52 145
53 122
53 139
53 158
53 215
54 110
54 152
54 328
55 72
55 90
55 112
55 256
55 258
56 248
56 273
56 278
56 281
56 294
56 347
57 77
57 191
57 272
57 383
58 129
58 155
58 182
59 150
60 149
60 168
60 198
61 143
61 225
61 385
62 262
62 282
62 285
62 376
63 125
63 263
64 243
64 267
64 328
64 361
65 84
65 179
65 266
66 135
66 164
66 282
67 202
67 226
67 288
67 367
68 220
69 133
69 140
69 234
69 261
69 284
70 93
70 148
70 177
71 230
72 240
72 302
72 374
73 143
73 293
74 80
74 97
74 103
74 136
74 204
74 207
75 293
75 344
75 355
75 365
76 123
76 135
76 251
76 312
76 346
77 93
77 170
77 319
77 358
78 135
78 222
78 348
79 196
79 231
79 233
79 389
80 308
80 313
80 354
81 165
81 241
82 138
82 146
82 187
82 208
82 335
82 379
83 133
83 262
83 289
83 311
83 348
84 212
84 260
84 392
85 237
85 335
85 347
85 399
86 130
86 397
87 127
87 150
87 259
87 283
87 340
87 390
88 152
88 289
88 342
88 395
89 201
89 262
89 265
89 338
89 356
90 167
90 254
90 346
90 383
91 271
91 279
91 312
91 387
92 171
92 181
92 234
92 357
93 144
93 356
93 395
94 128
94 149
94 169
94 227
95 227
95 302
95 309
95 318
96 315
97 130
97 254
97 291
98 127
98 154
98 279
98 356
98 389
99 146
99 170
99 273
99 307
99 346
100 132
100 212
100 221
100 223
101 353
101 356
102 373
103 155
103 188
103 312
103 392
104 325
105 164
105 199
105 204
105 351
105 396
106 232
106 256
107 350
107 359
107 371
108 149
109 114
109 137
109 190
110 264
110 322
111 121
111 133
111 239
111 358
112 220
112 352
112 369
112 392
113 236
113 242
113 397
114 122
114 136
114 233
114 364
115 186
115 275
115 323
115 326
116 189
116 193
116 334
116 399
117 200
117 255
117 259
117 306
117 379
118 317
119 125
119 197
119 202
119 360
120 327
120 367
120 378
121 161
121 191
121 238
121 285
121 394
122 153
122 184
122 209
122 229
124 129
124 224
124 278
124 298
126 357
127 186
127 203
127 224
127 369
128 251
128 279
128 365
129 186
129 306
129 389
130 329
131 188
131 243
131 335
132 169
132 192
132 317
132 343
133 237
133 256
133 337
134 170
134 353
136 171
136 195
136 284
136 297
136 322
138 220
139 373
139 377
140 237
141 163
141 296
141 341
141 362
141 369
141 394
142 279
142 353
142 398
143 160
143 247
143 376
144 264
145 178
145 255
145 284
145 306
145 328
146 147
146 338
147 170
147 274
147 315
147 365
148 359
149 164
149 171
149 183
149 195
149 218
149 350
151 200
151 348
151 372
152 268
152 284
152 383
153 164
153 242
153 377
154 162
155 160
155 184
156 346
157 167
157 226
158 277
159 300
160 233
160 264
160 318
161 273
161 288
161 297
161 389
162 169
162 270
163 255
163 326
164 343
164 381
165 285
165 302
165 333
165 343
166 263
166 307
167 177
167 373
167 394
168 228
168 321
169 346
170 240
170 258
170 322
170 390
170 398
171 349
172 233
172 392
173 232
173 283
174 216
174 319
174 336
174 339
175 343
175 377
176 190
177 322
178 244
178 267
178 350
179 237
179 342
179 382
180 204
180 230
181 198
181 199
181 202
181 323
182 220
182 324
182 326
182 394
183 225
184 278
184 289
185 208
185 281
185 284
185 291
186 287
187 291
187 331
187 332
187 360
188 251
188 283
189 193
189 261
189 286
190 191
190 240
191 208
191 297
191 363
191 377
192 391
193 279
193 283
193 303
194 250
194 274
194 325
194 328
194 331
196 351
197 209
197 241
197 366
198 245
198 378
199 294
199 347
200 240
200 364
201 260
201 373
201 379
202 385
203 319
204 357
205 243
205 310
206 235
206 335
207 261
208 252
208 325
208 385
209 211
209 240
209 277
210 225
210 299
210 340
211 214
211 294
212 217
213 245
213 305
214 271
214 332
214 334
214 396
215 397
217 391
218 378
219 276
220 284
221 245
221 263
222 338
223 268
223 348
224 248
228 288
229 236
230 235
230 242
230 257
230 314
230 379
231 239
231 385
232 297
232 313
232 316
232 323
234 312
235 326
236 253
238 260
238 271
239 360
240 377
242 334
242 362
243 275
243 287
244 279
244 339
246 258
246 293
247 280
247 312
247 376
248 260
248 302
248 316
248 369
249 376
249 391
249 398
251 345
252 388
253 268
253 278
253 342
254 271
254 299
256 352
257 329
257 354
258 269
258 317
259 318
259 369
262 348
263 341
264 375
266 345
266 356
267 269
267 292
269 292
269 296
270 281
270 339
270 364
271 329
272 359
275 379
275 389
276 390
277 361
277 396
278 292
278 300
279 369
280 281
280 360
282 339
284 315
285 368
286 334
287 355
287 399
288 302
288 307
288 315
288 322
288 327
289 315
290 295
290 354
291 384
292 309
294 298
294 392
297 350
299 374
300 341
303 330
303 375
304 382
305 314
306 319
308 353
309 378
310 390
312 386
313 316
314 327
314 349
314 358
317 332
317 371
317 397
321 397
323 354
323 368
324 331
324 339
324 377
325 345
326 386
327 395
331 389
335 381
336 356
336 376
336 394
337 387
339 372
342 347
350 394
351 366
352 383
358 368
367 385
370 379
375 382
375 395
376 381
378 383
393 395
