1
0 262
0 177
1 278
1 599
2 117
2 597
3 484
3 38
4 51
4 290
5 99
5 496
6 495
6 157
7 211
7 615
8 101
8 19
9 397
9 664
10 44
10 81
11 284
11 469
12 142
12 440
13 304
13 407
14 321
14 586
15 172
15 692
16 632
16 189
17 196
17 485
18 203
18 190
19 32
20 227
20 136
21 362
21 376
22 338
22 475
23 476
23 478
24 65
24 589
25 523
25 653
26 656
26 76
27 461
27 676
28 230
28 306
29 141
29 34
30 64
30 471
31 213
31 191
32 303
33 328
33 633
34 417
35 198
35 278
36 496
36 127
37 627
37 295
38 420
39 553
39 55
40 156
40 220
41 250
41 575
42 480
42 413
43 453
43 573
44 675
45 348
45 606
46 165
46 647
47 67
47 677
48 275
48 463
49 693
49 509
50 696
50 155
51 180
52 489
52 687
53 210
53 643
54 95
55 236
56 109
56 571
57 593
57 519
58 621
58 567
59 600
59 84
60 412
60 654
61 302
61 562
62 335
62 431
63 152
63 282
64 595
65 657
66 604
66 228
67 484
68 526
68 248
69 614
69 365
70 199
70 497
71 678
71 506
72 82
72 565
73 673
73 394
74 251
74 93
75 333
75 629
76 487
77 555
77 254
78 553
78 597
79 358
79 494
80 374
80 87
81 285
82 580
83 613
83 532
84 617
85 162
85 334
86 225
86 426
87 546
88 168
88 123
89 121
89 286
90 550
90 184
91 165
91 495
92 139
92 595
93 567
94 357
94 181
95 329
96 543
96 319
97 474
97 545
98 463
98 594
99 682
100 643
100 331
101 297
102 323
102 516
103 329
103 428
104 536
104 490
105 325
105 552
106 448
106 279
107 587
107 174
108 291
108 459
109 186
110 548
110 127
111 274
111 317
112 212
112 341
113 260
113 226
114 144
114 336
115 584
115 566
116 257
116 575
117 360
118 226
118 277
119 599
119 368
120 531
120 467
121 579
122 541
122 148
123 619
124 309
124 406
125 305
125 637
126 530
126 578
128 433
128 648
129 260
129 396
130 141
130 434
131 601
131 467
132 366
132 689
133 205
133 154
134 457
134 215
135 424
135 694
136 252
137 524
138 203
138 634
139 255
140 697
140 314
142 503
143 694
143 187
144 653
145 411
145 620
146 195
146 636
147 530
147 674
148 420
149 340
149 184
150 273
150 274
151 372
151 473
152 576
153 588
153 239
154 204
155 616
156 673
157 247
158 303
158 382
159 457
159 422
160 161
160 426
161 430
162 645
163 419
163 216
164 194
164 598
166 167
166 584
167 610
168 606
169 640
169 625
170 439
170 581
171 690
171 509
172 410
173 664
173 414
174 244
175 269
175 468
176 514
176 547
177 300
178 548
178 605
179 273
179 295
180 645
181 451
182 310
182 373
183 423
183 510
185 238
185 696
186 454
187 286
188 481
188 687
189 234
190 592
191 540
192 523
192 605
193 450
193 601
194 302
195 304
196 317
197 446
197 639
198 629
199 412
200 486
200 242
201 667
201 389
202 340
202 292
204 699
205 562
206 583
206 271
207 354
207 492
208 453
208 621
209 320
209 447
210 337
211 402
212 476
213 644
214 263
214 369
215 504
216 602
217 514
217 387
218 684
218 399
219 592
219 598
220 510
221 267
221 378
222 435
222 311
223 325
223 253
224 681
224 632
225 396
227 449
228 577
229 651
229 232
230 638
231 608
231 424
232 549
233 281
233 444
234 631
235 395
235 339
236 270
237 668
237 640
238 618
239 458
240 352
240 277
241 554
241 618
242 448
243 675
243 475
244 293
245 393
245 610
246 428
246 349
247 492
248 491
249 279
249 312
250 404
251 612
252 401
253 641
254 636
255 356
256 418
256 624
257 386
258 307
258 421
259 516
259 564
261 416
261 628
262 611
263 527
264 505
264 674
265 365
265 377
266 668
266 669
267 615
268 386
268 326
269 491
270 401
271 678
272 355
272 698
275 474
276 346
276 296
280 630
280 625
281 451
282 616
283 469
283 535
284 493
285 385
287 320
287 294
288 686
288 404
289 512
289 570
290 427
291 532
292 479
293 406
294 383
296 443
297 656
298 596
298 307
299 646
299 508
300 465
301 513
301 692
305 437
306 667
308 525
308 622
309 456
310 470
311 635
312 374
313 455
313 417
314 662
315 611
315 375
316 587
316 441
318 563
318 408
319 390
321 460
322 576
322 680
323 331
324 472
324 425
326 557
327 543
327 445
328 414
330 533
330 351
332 539
332 638
333 680
334 381
335 591
336 344
337 505
338 590
339 462
341 547
342 544
342 529
343 549
343 511
344 440
345 585
345 659
346 366
347 657
347 564
348 490
349 699
350 470
350 534
351 373
352 468
353 517
353 651
354 512
355 569
356 465
357 503
358 559
359 534
359 471
360 568
361 391
361 538
362 506
363 561
363 498
364 683
364 402
367 418
367 658
368 607
369 436
370 655
370 551
371 398
371 444
372 394
375 572
376 603
377 578
378 670
379 421
379 485
380 488
380 693
381 477
382 524
383 413
384 631
384 501
385 608
387 389
388 521
388 682
390 572
391 499
392 644
392 697
393 515
395 443
397 637
398 507
399 658
400 579
400 577
403 518
403 671
405 650
405 408
407 538
409 450
409 613
410 594
411 626
415 520
415 542
416 602
419 612
422 533
423 581
425 617
427 429
429 614
430 464
431 520
432 649
432 511
433 552
434 461
435 641
436 529
437 537
438 540
438 686
439 654
441 493
442 568
442 666
445 500
446 515
447 472
449 561
452 458
452 558
454 635
455 642
456 620
459 566
460 626
462 582
464 661
466 580
466 688
473 623
477 665
478 583
479 482
480 544
481 498
482 679
483 539
483 519
486 659
487 560
488 683
489 649
494 586
497 522
499 685
500 655
501 698
502 660
502 569
504 555
507 528
508 526
513 691
517 573
518 623
521 600
522 624
525 558
527 574
528 563
531 550
535 628
536 593
537 663
541 556
542 557
545 560
546 679
551 684
554 559
556 650
565 660
570 648
571 619
574 695
582 661
585 671
588 676
589 596
590 627
591 609
603 652
604 666
607 670
609 691
622 646
630 681
633 642
634 688
639 672
647 685
652 663
662 695
665 672
669 690
677 689
700 137
701 54
-1 -1
4.22647
