700 7340
0 13
0 34
0 51
0 87
0 131
0 166
0 215
0 231
0 234
0 251
0 280
0 298
0 395
0 408
0 463
0 483
0 535
0 697
1 21
1 36
1 40
1 41
1 81
1 88
1 110
1 190
1 303
1 459
1 493
1 523
1 524
1 534
1 565
1 656
2 12
2 61
2 75
2 110
2 124
2 135
2 240
2 269
2 276
2 335
2 359
2 409
2 415
2 436
2 449
2 527
2 592
2 611
2 674
2 676
3 18
3 113
3 126
3 188
3 193
3 203
3 210
3 236
3 265
3 289
3 339
3 390
3 403
3 422
3 440
3 461
3 493
3 499
3 524
3 536
3 548
3 569
3 579
3 634
3 647
3 658
4 64
4 223
4 251
4 289
4 304
4 307
4 342
4 367
4 413
4 415
4 424
4 425
4 437
4 440
4 455
4 466
4 508
4 547
4 605
4 626
4 628
4 639
4 641
4 660
4 661
5 36
5 62
5 74
5 98
5 203
5 295
5 363
5 395
5 425
5 429
5 529
5 540
5 542
5 568
5 633
5 676
5 686
6 18
6 47
6 53
6 61
6 66
6 206
6 228
6 252
6 294
6 358
6 395
6 410
6 446
6 449
6 520
6 530
6 538
6 653
6 695
7 43
7 99
7 132
7 139
7 143
7 146
7 161
7 299
7 309
7 454
7 461
7 531
7 607
7 671
8 12
8 35
8 44
8 79
8 157
8 163
8 234
8 253
8 260
8 270
8 272
8 283
8 312
8 387
8 390
8 409
8 465
8 482
8 561
8 682
9 16
9 63
9 77
9 93
9 138
9 174
9 204
9 269
9 286
9 345
9 350
9 395
9 414
9 426
9 474
9 475
9 486
9 496
9 499
9 507
9 531
9 598
9 649
10 21
10 66
10 67
10 92
10 129
10 144
10 186
10 201
10 209
10 271
10 278
10 331
10 341
10 424
10 466
10 473
10 488
10 527
10 563
10 636
10 648
11 42
11 91
11 109
11 123
11 154
11 204
11 208
11 211
11 228
11 290
11 339
11 350
11 371
11 434
11 500
11 528
11 572
11 575
11 635
11 640
11 695
12 29
12 31
12 32
12 88
12 160
12 174
12 187
12 211
12 278
12 313
12 350
12 395
12 416
12 536
12 572
12 614
12 658
12 675
12 697
13 55
13 94
13 101
13 105
13 140
13 168
13 196
13 210
13 213
13 240
13 264
13 266
13 267
13 278
13 280
13 286
13 289
13 296
13 348
13 392
13 396
13 435
13 449
13 467
13 533
13 550
13 560
13 624
13 635
13 687
14 29
14 68
14 76
14 102
14 165
14 186
14 221
14 275
14 306
14 310
14 322
14 324
14 342
14 418
14 492
14 556
14 575
14 589
14 632
14 665
14 677
15 41
15 72
15 139
15 182
15 186
15 192
15 280
15 329
15 333
15 371
15 396
15 419
15 446
15 455
15 500
15 529
15 608
15 670
15 697
16 29
16 59
16 168
16 169
16 176
16 209
16 231
16 248
16 333
16 337
16 401
16 407
16 438
16 471
16 479
16 513
16 529
16 592
16 640
16 687
17 31
17 41
17 56
17 109
17 142
17 160
17 297
17 365
17 420
17 438
17 453
17 464
17 480
17 553
17 582
17 596
17 597
17 619
17 626
17 630
17 643
18 20
18 54
18 60
18 76
18 110
18 123
18 125
18 137
18 171
18 177
18 225
18 247
18 288
18 329
18 351
18 412
18 425
18 443
18 453
18 463
18 598
18 639
18 644
18 677
18 688
19 21
19 34
19 59
19 104
19 112
19 119
19 138
19 149
19 161
19 193
19 254
19 256
19 325
19 374
19 410
19 495
19 541
19 560
19 623
20 188
20 228
20 245
20 309
20 331
20 353
20 412
20 480
20 508
20 611
20 613
20 625
20 691
20 697
21 26
21 56
21 67
21 84
21 112
21 138
21 141
21 144
21 267
21 278
21 351
21 375
21 426
21 590
21 596
21 612
21 656
21 690
22 35
22 55
22 60
22 63
22 80
22 135
22 168
22 180
22 189
22 214
22 253
22 263
22 322
22 372
22 385
22 404
22 410
22 433
22 439
22 467
22 492
22 497
22 499
22 512
22 517
22 564
22 598
22 652
23 25
23 30
23 40
23 103
23 162
23 176
23 218
23 250
23 260
23 274
23 414
23 422
23 431
23 465
23 494
23 542
23 556
24 38
24 61
24 91
24 128
24 166
24 219
24 232
24 301
24 318
24 325
24 353
24 354
24 430
24 455
24 471
24 473
24 539
24 540
24 548
24 569
24 574
24 621
24 651
24 664
24 671
24 683
24 685
24 692
25 33
25 45
25 57
25 139
25 161
25 193
25 215
25 227
25 259
25 285
25 363
25 408
25 438
25 442
25 462
25 464
25 466
25 470
25 515
25 558
25 599
25 608
25 627
25 633
25 643
25 646
25 665
25 675
25 679
26 106
26 154
26 272
26 275
26 298
26 330
26 367
26 395
26 406
26 443
26 452
26 462
26 498
26 500
26 528
26 625
26 667
26 680
26 694
27 38
27 41
27 56
27 64
27 84
27 96
27 97
27 100
27 109
27 213
27 224
27 229
27 288
27 294
27 303
27 354
27 406
27 418
27 430
27 457
27 481
27 500
27 531
27 549
27 577
27 596
27 613
27 629
27 681
28 74
28 99
28 132
28 148
28 159
28 217
28 268
28 312
28 326
28 362
28 461
28 493
28 495
28 518
28 542
28 605
28 659
28 665
28 698
29 41
29 48
29 99
29 143
29 202
29 240
29 258
29 384
29 473
29 493
29 516
29 518
29 523
29 541
29 545
29 618
29 672
30 50
30 66
30 120
30 154
30 170
30 224
30 225
30 232
30 243
30 247
30 298
30 324
30 353
30 361
30 379
30 388
30 394
30 443
30 476
30 493
30 518
30 523
30 538
30 548
30 601
30 642
30 647
31 65
31 104
31 118
31 245
31 246
31 254
31 282
31 285
31 366
31 398
31 417
31 424
31 435
31 467
31 501
31 530
31 604
31 615
31 655
31 664
31 684
32 41
32 53
32 115
32 116
32 214
32 353
32 422
32 438
32 439
32 471
32 516
32 555
32 562
32 591
32 595
32 622
33 79
33 91
33 97
33 120
33 128
33 276
33 278
33 279
33 322
33 337
33 359
33 395
33 413
33 427
33 479
33 486
33 492
33 539
33 559
33 581
33 598
33 628
33 634
34 112
34 125
34 195
34 259
34 289
34 301
34 456
34 551
34 561
34 569
34 615
34 621
35 39
35 107
35 122
35 143
35 163
35 180
35 182
35 207
35 258
35 269
35 280
35 281
35 285
35 293
35 431
35 641
36 42
36 90
36 121
36 124
36 128
36 150
36 159
36 195
36 203
36 278
36 317
36 403
36 478
36 490
36 500
36 551
36 555
36 563
36 610
36 622
36 652
36 682
37 50
37 82
37 101
37 104
37 152
37 158
37 163
37 187
37 239
37 270
37 336
37 341
37 422
37 474
37 530
37 589
37 604
37 646
37 674
38 60
38 65
38 67
38 77
38 89
38 168
38 190
38 238
38 252
38 289
38 326
38 345
38 367
38 443
38 455
38 470
38 475
38 513
38 537
38 554
38 566
38 567
38 583
38 598
38 635
38 638
38 660
38 667
38 675
38 699
39 44
39 61
39 70
39 82
39 86
39 114
39 131
39 152
39 156
39 212
39 247
39 360
39 557
39 605
39 612
39 643
39 675
40 54
40 56
40 62
40 108
40 111
40 114
40 175
40 267
40 330
40 342
40 360
40 378
40 384
40 503
40 525
40 583
40 629
40 633
40 692
41 50
41 56
41 73
41 91
41 175
41 181
41 195
41 209
41 211
41 219
41 257
41 273
41 301
41 309
41 343
41 370
41 395
41 412
41 435
41 437
41 570
41 606
41 645
41 687
41 693
42 49
42 75
42 87
42 93
42 269
42 340
42 350
42 379
42 428
42 449
42 486
42 505
42 541
42 549
42 618
42 623
42 640
42 689
42 694
43 75
43 120
43 135
43 155
43 209
43 220
43 265
43 358
43 408
43 435
43 458
43 503
43 583
43 593
43 600
44 221
44 269
44 309
44 315
44 327
44 351
44 369
44 392
44 465
44 470
44 496
44 507
44 535
44 537
44 546
44 600
44 606
44 664
44 668
44 693
45 69
45 105
45 122
45 152
45 189
45 192
45 195
45 226
45 272
45 322
45 395
45 508
45 565
45 614
45 639
45 655
45 691
46 73
46 92
46 144
46 149
46 162
46 178
46 228
46 305
46 396
46 411
46 438
46 514
46 642
46 654
46 686
47 137
47 168
47 179
47 181
47 191
47 197
47 266
47 279
47 326
47 333
47 408
47 452
47 468
47 489
47 501
47 505
47 607
47 627
47 633
47 637
47 662
48 58
48 94
48 100
48 120
48 145
48 295
48 299
48 384
48 401
48 403
48 423
48 477
48 510
48 571
48 603
48 669
49 74
49 89
49 124
49 127
49 172
49 224
49 356
49 370
49 448
49 456
49 497
49 511
49 516
49 532
49 593
49 617
50 54
50 70
50 113
50 147
50 361
50 426
50 495
50 594
50 625
50 638
50 653
50 672
51 94
51 100
51 111
51 115
51 117
51 122
51 147
51 150
51 193
51 206
51 224
51 227
51 229
51 239
51 348
51 430
51 480
51 486
51 593
51 682
51 685
51 697
52 53
52 112
52 272
52 282
52 293
52 295
52 354
52 417
52 464
52 493
52 543
52 556
52 563
52 576
52 583
52 585
52 595
52 646
52 680
53 61
53 135
53 170
53 174
53 186
53 231
53 262
53 295
53 300
53 305
53 307
53 376
53 495
53 516
53 648
53 669
54 68
54 113
54 195
54 202
54 245
54 280
54 371
54 395
54 409
54 411
54 427
54 546
54 587
54 690
55 67
55 82
55 88
55 175
55 176
55 207
55 237
55 272
55 353
55 354
55 380
55 422
55 441
55 444
55 466
55 504
55 585
55 641
55 648
55 676
55 698
56 172
56 234
56 249
56 285
56 406
56 414
56 416
56 455
56 470
56 489
56 588
56 622
56 630
56 675
56 692
57 103
57 106
57 183
57 263
57 322
57 351
57 397
57 410
57 520
57 577
57 606
57 626
57 666
57 668
57 682
57 695
57 697
58 72
58 89
58 111
58 122
58 179
58 195
58 252
58 261
58 297
58 303
58 389
58 402
58 448
58 479
58 484
58 497
58 540
58 577
58 625
58 638
58 667
59 101
59 179
59 238
59 258
59 296
59 346
59 376
59 396
59 398
59 430
59 452
59 503
59 603
59 685
60 103
60 104
60 116
60 269
60 271
60 313
60 325
60 348
60 376
60 531
60 561
60 566
60 574
60 656
60 669
60 683
60 699
61 79
61 82
61 99
61 108
61 122
61 178
61 198
61 238
61 309
61 318
61 330
61 369
61 388
61 427
61 429
61 446
61 460
61 463
61 505
61 538
61 579
61 620
61 624
61 659
62 94
62 112
62 155
62 227
62 247
62 263
62 307
62 314
62 339
62 368
62 373
62 472
62 501
62 548
62 577
62 604
62 613
62 636
62 637
63 85
63 89
63 148
63 151
63 167
63 241
63 278
63 368
63 369
63 382
63 387
63 399
63 452
63 478
63 507
63 513
63 516
63 567
63 642
63 660
63 679
64 93
64 106
64 200
64 275
64 276
64 301
64 345
64 347
64 375
64 449
64 458
64 473
64 514
64 575
64 649
64 663
65 97
65 99
65 109
65 128
65 161
65 166
65 194
65 251
65 255
65 288
65 338
65 411
65 421
65 478
65 484
65 598
65 675
66 69
66 75
66 127
66 146
66 168
66 187
66 194
66 262
66 291
66 295
66 330
66 360
66 400
66 425
66 449
66 494
66 562
66 687
67 82
67 91
67 136
67 178
67 224
67 232
67 259
67 266
67 327
67 334
67 351
67 393
67 422
67 425
67 436
67 455
67 456
67 518
67 530
67 578
67 608
67 618
67 640
67 682
67 688
67 691
67 693
68 104
68 161
68 194
68 199
68 209
68 259
68 266
68 280
68 310
68 359
68 376
68 386
68 388
68 469
68 478
68 515
68 528
68 544
68 556
68 557
68 594
68 647
69 81
69 92
69 118
69 133
69 151
69 164
69 181
69 193
69 208
69 249
69 298
69 301
69 381
69 471
69 572
69 575
69 618
69 628
69 666
69 696
70 103
70 173
70 189
70 238
70 305
70 310
70 336
70 343
70 436
70 525
70 539
70 546
70 605
70 616
70 641
70 668
71 141
71 179
71 205
71 276
71 473
71 522
71 557
71 575
71 696
72 99
72 122
72 131
72 178
72 203
72 278
72 287
72 395
72 427
72 471
72 529
72 572
72 578
72 661
72 673
72 690
73 102
73 113
73 143
73 171
73 198
73 210
73 222
73 254
73 272
73 292
73 295
73 312
73 386
73 509
73 517
73 560
73 635
74 80
74 98
74 115
74 142
74 180
74 212
74 227
74 237
74 252
74 338
74 344
74 415
74 454
74 481
74 535
74 550
74 555
74 573
74 593
74 657
75 83
75 140
75 223
75 242
75 268
75 300
75 324
75 445
75 476
75 502
75 528
75 554
75 558
75 645
75 676
76 77
76 100
76 129
76 133
76 179
76 209
76 221
76 336
76 348
76 375
76 395
76 422
76 466
76 468
76 612
76 620
76 636
76 637
77 82
77 167
77 199
77 240
77 252
77 265
77 276
77 319
77 323
77 409
77 436
77 460
77 471
77 562
77 636
77 641
77 654
77 659
77 668
78 95
78 203
78 295
78 326
78 340
78 360
78 372
78 394
78 459
78 500
78 530
78 547
78 566
78 579
78 632
78 641
78 669
78 682
78 690
79 132
79 143
79 235
79 253
79 283
79 290
79 310
79 366
79 381
79 447
79 465
79 486
79 526
79 541
79 552
79 577
79 584
79 629
79 632
79 654
79 666
80 103
80 105
80 208
80 272
80 347
80 364
80 375
80 383
80 386
80 467
80 515
80 537
80 564
80 573
80 610
80 637
80 645
80 667
80 694
81 83
81 123
81 135
81 154
81 168
81 190
81 200
81 208
81 223
81 289
81 297
81 306
81 441
81 451
81 452
81 483
81 499
81 520
81 555
81 607
81 644
81 689
82 92
82 116
82 126
82 147
82 160
82 173
82 202
82 268
82 286
82 287
82 331
82 383
82 470
82 502
82 543
82 548
83 87
83 99
83 145
83 219
83 245
83 298
83 432
83 468
83 490
83 503
83 511
83 512
83 694
84 102
84 155
84 181
84 190
84 235
84 277
84 380
84 423
84 439
84 461
84 501
84 512
84 640
84 699
85 109
85 130
85 133
85 184
85 297
85 372
85 394
85 428
85 443
85 484
85 547
85 609
85 661
85 685
86 108
86 114
86 125
86 138
86 149
86 297
86 347
86 415
86 417
86 433
86 453
86 511
86 532
86 535
86 555
86 597
86 658
87 131
87 177
87 199
87 224
87 244
87 246
87 274
87 318
87 331
87 362
87 543
87 577
87 590
87 654
87 662
88 121
88 130
88 212
88 257
88 280
88 426
88 456
88 467
88 525
88 526
88 540
88 549
88 588
88 632
88 648
89 105
89 134
89 219
89 265
89 285
89 306
89 313
89 329
89 350
89 367
89 422
89 446
89 451
89 478
89 505
89 521
89 642
89 661
89 685
89 690
90 110
90 133
90 153
90 241
90 315
90 336
90 360
90 524
90 525
90 547
90 550
90 557
90 571
90 601
90 622
90 630
90 656
91 94
91 153
91 165
91 185
91 222
91 223
91 271
91 319
91 336
91 359
91 377
91 379
91 414
91 448
91 449
91 489
91 500
91 513
91 517
91 522
91 541
91 570
91 601
91 630
91 638
92 143
92 157
92 189
92 234
92 288
92 289
92 356
92 418
92 427
92 457
92 464
92 496
92 505
92 512
92 520
92 583
92 668
92 688
93 109
93 111
93 168
93 178
93 311
93 327
93 329
93 394
93 409
93 433
93 438
93 455
93 514
93 543
93 552
93 554
93 591
93 616
94 146
94 154
94 159
94 178
94 180
94 195
94 202
94 209
94 384
94 427
94 428
94 448
94 454
94 459
94 460
94 530
94 543
94 583
94 617
94 694
95 105
95 110
95 140
95 148
95 149
95 176
95 218
95 222
95 225
95 230
95 261
95 268
95 269
95 273
95 394
95 407
95 543
95 602
95 660
96 121
96 125
96 142
96 184
96 187
96 220
96 266
96 268
96 297
96 411
96 504
96 560
96 588
96 654
96 657
97 125
97 138
97 166
97 210
97 226
97 239
97 277
97 297
97 341
97 380
97 392
97 420
97 432
97 477
97 479
97 482
97 490
97 492
97 513
97 532
97 543
97 579
97 596
97 637
97 638
97 668
97 691
97 697
98 216
98 236
98 283
98 337
98 442
98 483
98 494
98 510
98 512
98 516
98 618
98 662
98 683
98 694
99 105
99 111
99 115
99 118
99 124
99 128
99 132
99 139
99 176
99 180
99 206
99 216
99 269
99 321
99 386
99 431
99 448
99 481
99 492
99 582
99 588
99 618
99 645
100 135
100 151
100 163
100 198
100 293
100 373
100 454
100 531
100 538
100 546
100 559
100 567
100 606
100 622
100 628
100 634
100 635
100 670
100 672
101 103
101 127
101 164
101 175
101 212
101 235
101 322
101 324
101 353
101 375
101 495
101 499
101 533
101 540
101 559
101 560
101 671
102 113
102 196
102 297
102 299
102 312
102 361
102 402
102 419
102 421
102 436
102 461
102 474
102 479
102 510
102 540
102 629
103 148
103 167
103 291
103 321
103 395
103 412
103 424
103 495
103 542
103 571
103 597
103 619
103 643
103 651
103 669
104 141
104 231
104 261
104 290
104 355
104 389
104 422
104 491
104 538
104 630
104 638
104 652
105 113
105 125
105 181
105 196
105 206
105 212
105 241
105 250
105 397
105 405
105 421
105 489
105 510
105 554
105 613
105 624
105 636
105 697
106 187
106 194
106 207
106 239
106 267
106 269
106 354
106 376
106 451
106 477
106 525
106 554
106 556
106 647
106 658
107 114
107 208
107 278
107 285
107 296
107 314
107 317
107 342
107 359
107 455
107 460
107 488
107 511
107 517
107 521
107 527
107 528
107 565
107 600
107 688
108 111
108 160
108 173
108 191
108 296
108 309
108 346
108 417
108 477
108 484
108 525
108 533
108 646
108 666
108 668
108 676
109 116
109 118
109 119
109 149
109 157
109 170
109 234
109 253
109 318
109 361
109 382
109 387
109 392
109 450
109 463
109 609
109 642
109 650
110 116
110 227
110 283
110 296
110 378
110 387
110 424
110 462
110 526
110 533
110 577
110 583
110 641
110 684
110 689
111 141
111 144
111 229
111 298
111 355
111 382
111 420
111 437
111 444
111 455
111 470
111 523
111 559
111 611
111 666
111 667
111 686
112 140
112 150
112 159
112 170
112 206
112 337
112 375
112 423
112 433
112 460
112 487
112 501
112 522
112 530
112 541
112 543
112 557
112 603
113 181
113 190
113 198
113 232
113 240
113 367
113 394
113 399
113 482
113 577
113 584
113 621
113 660
114 171
114 173
114 192
114 242
114 261
114 294
114 310
114 371
114 460
114 471
114 485
114 555
114 608
114 632
114 645
114 649
114 673
114 675
115 151
115 207
115 211
115 241
115 254
115 276
115 277
115 285
115 348
115 380
115 487
115 582
115 585
115 637
116 210
116 231
116 233
116 240
116 262
116 298
116 355
116 362
116 419
116 445
116 514
116 525
116 564
116 611
116 623
116 670
116 691
117 132
117 141
117 194
117 269
117 300
117 314
117 318
117 326
117 390
117 394
117 402
117 417
117 473
117 512
117 535
117 539
117 540
117 546
117 559
117 591
117 612
118 146
118 162
118 185
118 211
118 345
118 347
118 351
118 370
118 373
118 435
118 460
118 542
118 625
118 637
118 639
118 644
118 663
118 680
118 690
119 158
119 167
119 198
119 290
119 327
119 348
119 382
119 418
119 429
119 454
119 486
119 521
119 529
119 643
119 645
119 676
119 688
120 182
120 191
120 219
120 222
120 224
120 265
120 286
120 308
120 342
120 353
120 442
120 588
120 599
120 601
120 611
120 613
120 676
120 688
121 165
121 183
121 200
121 321
121 327
121 346
121 583
121 596
121 684
121 696
122 136
122 150
122 165
122 231
122 251
122 280
122 302
122 312
122 335
122 346
122 397
122 461
122 471
122 487
122 504
122 514
122 644
123 171
123 204
123 266
123 389
123 404
123 437
123 494
123 518
123 534
123 540
123 569
123 628
123 645
123 650
123 662
123 690
124 195
124 219
124 254
124 261
124 324
124 364
124 397
124 414
124 427
124 445
124 462
124 545
124 587
124 593
124 607
124 621
125 138
125 202
125 284
125 382
125 384
125 394
125 399
125 428
125 437
125 487
125 519
125 530
125 547
125 552
125 559
125 611
125 638
125 643
126 141
126 142
126 187
126 219
126 249
126 272
126 277
126 294
126 331
126 337
126 363
126 372
126 373
126 422
126 448
126 494
126 513
126 528
126 554
126 558
126 582
126 641
126 678
126 683
126 699
127 207
127 228
127 284
127 321
127 330
127 348
127 425
127 447
127 448
127 455
127 566
127 584
127 602
127 651
127 655
128 209
128 228
128 349
128 358
128 364
128 382
128 398
128 457
128 491
128 518
128 558
128 566
128 584
128 601
128 665
128 673
128 691
128 692
128 695
129 149
129 325
129 376
129 411
129 436
129 444
129 526
129 560
129 649
129 667
129 694
130 202
130 234
130 332
130 334
130 363
130 373
130 386
130 396
130 466
130 515
130 568
130 592
130 612
130 622
130 638
130 648
130 671
131 156
131 188
131 191
131 193
131 200
131 229
131 241
131 257
131 304
131 340
131 362
131 364
131 375
131 385
131 393
131 420
131 520
131 561
131 567
131 573
131 583
131 589
131 600
131 603
131 620
131 622
131 662
131 664
131 670
131 694
132 203
132 240
132 299
132 302
132 308
132 332
132 371
132 419
132 423
132 458
132 477
132 493
132 497
132 593
133 149
133 177
133 180
133 197
133 241
133 250
133 361
133 419
133 490
133 528
133 559
133 572
133 592
133 622
133 634
133 688
133 698
134 143
134 172
134 217
134 249
134 262
134 288
134 337
134 364
134 366
134 390
134 447
134 462
134 480
134 489
134 554
134 565
134 571
134 584
134 604
134 622
135 292
135 344
135 441
135 506
135 508
135 567
135 643
136 146
136 199
136 216
136 222
136 238
136 257
136 268
136 337
136 345
136 354
136 415
136 429
136 478
136 515
136 518
136 576
136 597
136 647
136 670
136 679
137 250
137 253
137 285
137 294
137 307
137 357
137 399
137 500
137 550
137 598
137 667
137 693
138 140
138 191
138 193
138 282
138 304
138 353
138 368
138 403
138 497
138 507
138 531
138 579
138 592
138 646
138 661
138 662
138 670
138 675
138 685
138 697
139 143
139 166
139 181
139 205
139 208
139 230
139 256
139 265
139 302
139 319
139 351
139 409
139 488
139 491
139 510
139 520
139 545
139 582
139 622
139 640
139 648
139 682
140 159
140 208
140 210
140 214
140 223
140 323
140 329
140 370
140 459
140 484
140 577
140 581
140 614
140 615
140 650
140 666
140 681
141 158
141 208
141 229
141 232
141 297
141 320
141 373
141 385
141 389
141 396
141 430
141 551
141 577
141 582
141 593
141 649
141 658
141 677
141 679
142 167
142 202
142 223
142 249
142 253
142 277
142 344
142 396
142 402
142 435
142 436
142 460
142 462
142 471
142 534
142 577
142 592
142 647
142 666
142 672
143 145
143 188
143 215
143 232
143 260
143 320
143 368
143 373
143 379
143 460
143 504
143 529
143 538
143 640
143 666
143 671
144 201
144 262
144 280
144 286
144 289
144 302
144 311
144 313
144 348
144 372
144 421
144 469
144 491
144 506
144 521
144 523
144 543
144 557
144 593
145 165
145 169
145 192
145 198
145 235
145 263
145 281
145 311
145 317
145 324
145 338
145 363
145 390
145 458
145 533
145 548
145 593
145 612
145 627
145 668
145 699
146 197
146 250
146 268
146 292
146 361
146 382
146 412
146 436
146 502
146 564
146 586
146 602
146 638
146 674
146 698
147 199
147 222
147 251
147 269
147 298
147 315
147 333
147 382
147 396
147 418
147 439
147 465
147 503
147 514
147 544
147 591
147 619
147 622
147 658
147 661
147 677
147 679
148 177
148 228
148 275
148 277
148 312
148 363
148 397
148 436
148 483
148 489
148 504
148 585
148 600
148 614
148 639
148 693
149 225
149 282
149 288
149 305
149 356
149 377
149 399
149 410
149 414
149 449
149 461
149 492
149 496
149 542
149 585
149 602
149 651
149 667
150 184
150 195
150 228
150 250
150 304
150 314
150 344
150 346
150 371
150 392
150 424
150 470
150 519
150 530
150 559
150 575
150 579
150 588
150 648
150 650
150 690
151 178
151 229
151 317
151 336
151 450
151 454
151 475
151 540
151 550
151 606
151 623
151 656
151 688
152 161
152 182
152 188
152 260
152 269
152 289
152 327
152 329
152 340
152 452
152 512
152 553
152 598
152 609
153 164
153 200
153 214
153 274
153 294
153 299
153 350
153 365
153 443
153 456
153 473
153 567
153 569
153 573
153 576
153 603
153 632
153 647
153 657
154 185
154 259
154 263
154 284
154 320
154 334
154 352
154 382
154 542
154 547
154 558
154 576
154 605
154 624
154 634
154 645
154 657
154 671
155 156
155 174
155 179
155 191
155 195
155 204
155 230
155 231
155 259
155 288
155 295
155 312
155 318
155 346
155 401
155 419
155 435
155 458
155 466
155 484
155 520
155 523
155 567
155 619
155 626
155 631
155 653
155 661
155 686
156 166
156 188
156 203
156 218
156 258
156 269
156 320
156 379
156 415
156 501
156 510
156 515
156 532
156 557
156 571
156 671
156 699
157 208
157 232
157 258
157 318
157 327
157 346
157 378
157 443
157 552
157 576
157 613
157 624
157 633
157 656
157 694
158 183
158 186
158 217
158 273
158 341
158 376
158 394
158 396
158 475
158 496
158 513
158 558
158 584
158 628
158 687
159 164
159 175
159 202
159 230
159 246
159 255
159 310
159 367
159 449
159 462
159 479
159 483
159 485
159 510
159 603
159 621
159 622
159 660
159 690
160 200
160 230
160 237
160 267
160 322
160 328
160 344
160 353
160 486
160 510
160 531
160 540
160 546
160 562
160 571
160 650
161 178
161 203
161 214
161 266
161 277
161 286
161 322
161 336
161 352
161 400
161 409
161 473
161 581
161 597
162 211
162 224
162 226
162 234
162 246
162 307
162 321
162 443
162 447
162 494
162 511
162 556
162 558
162 582
162 611
162 660
162 662
162 674
163 203
163 232
163 285
163 287
163 296
163 316
163 339
163 348
163 385
163 409
163 415
163 444
163 461
163 471
163 501
163 511
163 514
163 536
163 544
163 560
163 590
163 603
163 666
164 185
164 220
164 270
164 292
164 305
164 327
164 408
164 409
164 429
164 523
164 572
164 590
164 623
164 642
164 678
165 181
165 262
165 266
165 282
165 290
165 291
165 299
165 510
165 575
165 581
165 597
165 617
165 664
166 168
166 194
166 322
166 343
166 361
166 363
166 365
166 440
166 465
166 484
166 494
166 526
166 538
166 550
166 551
166 563
166 565
166 612
166 620
166 621
166 658
166 675
167 174
167 188
167 218
167 287
167 304
167 358
167 359
167 378
167 394
167 416
167 427
167 464
167 537
167 568
167 636
167 647
167 659
168 214
168 226
168 262
168 301
168 304
168 433
168 456
168 458
168 506
168 514
168 518
168 521
168 563
168 675
169 203
169 235
169 248
169 251
169 295
169 314
169 331
169 347
169 407
169 428
169 462
169 480
169 582
169 689
170 181
170 190
170 193
170 212
170 294
170 298
170 415
170 435
170 516
170 532
170 586
170 626
170 689
170 695
171 193
171 210
171 223
171 301
171 334
171 394
171 407
171 514
171 520
171 561
171 576
171 586
171 631
171 666
171 672
171 673
171 677
172 177
172 256
172 270
172 274
172 304
172 328
172 459
172 472
172 503
172 507
172 555
172 556
172 558
172 636
172 685
172 691
173 175
173 204
173 243
173 250
173 320
173 337
173 352
173 398
173 472
173 584
173 612
173 619
174 226
174 275
174 314
174 329
174 424
174 439
174 445
174 462
174 497
174 610
174 639
174 656
175 210
175 240
175 301
175 307
175 424
175 478
175 488
175 529
175 534
175 565
175 628
175 645
175 671
175 685
176 186
176 356
176 415
176 438
176 450
176 457
176 484
176 506
176 520
176 558
176 594
176 640
176 650
176 680
176 685
177 250
177 271
177 279
177 299
177 366
177 369
177 392
177 444
177 450
177 471
177 487
177 524
177 534
177 546
177 547
177 575
178 224
178 353
178 367
178 369
178 407
178 450
178 525
178 561
178 582
178 586
178 605
178 660
179 310
179 381
179 384
179 508
179 512
179 525
179 572
179 584
179 626
179 645
180 200
180 203
180 272
180 289
180 366
180 377
180 385
180 425
180 445
180 447
180 453
180 463
180 505
180 517
180 518
180 586
180 597
180 606
180 678
180 690
181 218
181 266
181 282
181 330
181 346
181 355
181 394
181 427
181 479
181 569
181 580
181 583
181 600
181 643
181 645
181 649
181 654
182 199
182 228
182 262
182 270
182 294
182 367
182 409
182 417
182 499
182 504
182 541
182 649
182 680
183 189
183 206
183 222
183 276
183 286
183 336
183 350
183 351
183 371
183 380
183 411
183 428
183 451
183 463
183 472
183 513
183 548
183 551
183 560
183 567
183 597
183 650
183 694
184 225
184 256
184 282
184 369
184 385
184 392
184 394
184 423
184 442
184 452
184 493
184 513
184 573
184 649
185 224
185 225
185 241
185 265
185 324
185 345
185 377
185 423
185 441
185 522
185 525
185 539
185 542
185 581
185 611
185 637
185 692
186 199
186 212
186 234
186 241
186 251
186 263
186 268
186 282
186 328
186 363
186 378
186 382
186 428
186 445
186 450
186 473
186 528
186 608
186 673
186 675
187 231
187 235
187 236
187 267
187 281
187 327
187 358
187 380
187 451
187 501
187 515
187 553
187 576
187 628
187 658
187 675
187 683
188 190
188 192
188 196
188 230
188 236
188 255
188 327
188 328
188 342
188 396
188 458
188 577
188 605
188 632
188 635
188 670
189 204
189 235
189 239
189 258
189 288
189 334
189 337
189 361
189 380
189 384
189 393
189 465
189 481
189 517
189 605
189 659
189 684
190 215
190 239
190 301
190 334
190 361
190 490
190 519
190 553
190 601
190 644
190 649
190 694
191 199
191 201
191 210
191 235
191 249
191 264
191 299
191 305
191 308
191 333
191 370
191 373
191 526
191 528
191 612
191 642
191 653
191 663
191 664
192 292
192 308
192 312
192 315
192 324
192 335
192 402
192 409
192 419
192 423
192 446
192 521
192 522
192 527
192 544
192 578
192 655
193 225
193 251
193 268
193 286
193 310
193 321
193 336
193 339
193 357
193 389
193 406
193 431
193 439
193 466
193 484
193 490
193 553
193 566
193 580
193 604
193 680
194 232
194 259
194 280
194 308
194 334
194 359
194 461
194 471
194 507
194 545
194 580
194 595
194 632
194 695
195 199
195 201
195 280
195 345
195 365
195 396
195 410
195 417
195 435
195 440
195 520
195 557
195 583
195 591
195 627
196 243
196 270
196 335
196 365
196 382
196 414
196 423
196 493
196 511
196 516
196 632
196 661
197 259
197 300
197 351
197 388
197 493
197 524
197 546
197 550
197 571
197 574
197 617
197 625
197 675
198 224
198 294
198 318
198 331
198 392
198 398
198 432
198 507
198 544
198 639
198 662
199 217
199 223
199 344
199 390
199 418
199 448
199 467
199 501
199 542
199 583
199 587
199 600
199 619
199 654
199 660
199 697
200 229
200 236
200 301
200 350
200 352
200 450
200 478
200 486
200 571
200 583
200 602
200 640
201 223
201 233
201 254
201 261
201 265
201 306
201 334
201 360
201 383
201 384
201 389
201 417
201 454
201 500
201 552
201 571
201 601
201 603
201 629
201 659
201 665
201 682
201 694
202 250
202 268
202 312
202 344
202 396
202 421
202 433
202 512
202 520
202 547
202 569
202 593
202 619
202 673
202 685
203 205
203 213
203 250
203 257
203 277
203 318
203 376
203 393
203 394
203 400
203 407
203 485
203 617
204 221
204 250
204 293
204 322
204 341
204 365
204 393
204 401
204 431
204 462
204 471
204 495
204 560
204 575
204 581
204 585
204 586
204 664
204 676
205 206
205 239
205 252
205 280
205 284
205 287
205 365
205 438
205 457
205 586
205 600
205 601
205 658
205 666
206 229
206 231
206 277
206 312
206 398
206 409
206 436
206 453
206 480
206 528
206 557
206 565
206 588
206 670
206 698
207 245
207 290
207 372
207 378
207 539
207 545
207 594
207 664
207 688
208 212
208 221
208 245
208 266
208 351
208 390
208 403
208 413
208 429
208 479
208 555
208 597
208 601
208 619
208 633
208 674
209 223
209 242
209 276
209 344
209 391
209 429
209 487
209 488
209 497
209 503
209 519
209 573
209 663
209 670
209 677
210 296
210 300
210 343
210 351
210 369
210 378
210 398
210 412
210 429
210 483
210 502
210 516
210 547
210 582
210 610
210 624
210 687
211 267
211 273
211 298
211 339
211 349
211 351
211 380
211 400
211 404
211 421
211 476
211 548
211 559
211 591
211 593
211 622
211 647
211 699
212 227
212 259
212 269
212 278
212 342
212 344
212 374
212 375
212 395
212 437
212 449
212 453
212 461
212 483
212 549
212 623
212 659
213 231
213 266
213 334
213 369
213 388
213 502
213 540
213 569
213 577
213 597
213 615
213 616
213 631
213 640
213 696
214 220
214 228
214 340
214 351
214 372
214 384
214 390
214 442
214 460
214 466
214 487
214 502
214 546
214 555
214 579
214 602
215 227
215 269
215 324
215 329
215 369
215 398
215 472
215 478
215 530
215 533
215 539
215 557
215 583
215 607
215 639
216 220
216 234
216 240
216 277
216 285
216 372
216 424
216 430
216 486
216 490
216 528
216 578
216 593
216 603
216 607
216 661
216 669
216 693
217 228
217 271
217 436
217 449
217 455
217 499
217 531
217 573
217 576
217 651
217 657
217 658
217 681
218 226
218 231
218 240
218 245
218 274
218 384
218 408
218 418
218 480
218 516
218 537
218 548
218 587
218 588
218 635
218 641
218 656
218 662
219 233
219 288
219 446
219 482
219 660
219 682
219 699
220 247
220 315
220 348
220 349
220 394
220 422
220 429
220 433
220 469
220 473
220 526
220 556
220 590
220 601
220 605
220 661
221 279
221 321
221 327
221 340
221 372
221 376
221 541
221 542
221 578
221 584
221 587
221 642
221 646
221 683
222 268
222 300
222 313
222 364
222 383
222 390
222 393
222 445
222 446
222 517
222 555
222 582
222 597
222 604
222 684
223 229
223 230
223 234
223 355
223 441
223 471
223 472
223 496
223 519
223 529
223 539
223 542
223 546
223 586
223 614
224 226
224 308
224 338
224 351
224 371
224 393
224 405
224 430
224 432
224 457
224 480
224 555
224 595
224 598
224 617
224 621
224 672
225 237
225 241
225 308
225 330
225 337
225 420
225 426
225 622
225 662
225 690
226 241
226 312
226 317
226 325
226 359
226 408
226 491
226 510
226 570
226 606
226 618
226 646
227 239
227 244
227 324
227 362
227 417
227 425
227 441
227 503
227 507
227 522
227 529
227 561
227 576
227 592
227 683
228 280
228 287
228 294
228 295
228 300
228 323
228 333
228 374
228 389
228 391
228 401
228 408
228 421
228 438
228 611
228 619
228 681
228 687
229 294
229 430
229 515
229 518
229 589
229 595
229 632
229 641
230 232
230 250
230 284
230 287
230 338
230 366
230 377
230 397
230 412
230 444
230 464
230 569
230 603
230 622
231 247
231 250
231 284
231 291
231 340
231 356
231 402
231 453
231 469
231 503
231 512
231 546
231 559
231 623
231 691
232 280
232 295
232 296
232 325
232 333
232 360
232 392
232 414
232 460
232 469
232 498
232 531
232 654
232 663
232 664
232 686
233 244
233 255
233 353
233 366
233 387
233 393
233 442
233 454
233 457
233 471
233 490
233 509
233 524
233 545
233 584
233 610
233 652
233 658
233 662
233 675
233 699
234 278
234 317
234 338
234 406
234 425
234 529
234 570
234 576
234 581
234 635
234 676
235 258
235 263
235 269
235 291
235 298
235 307
235 315
235 320
235 427
235 484
235 488
235 518
235 526
235 541
235 644
235 656
235 690
235 691
236 289
236 300
236 320
236 335
236 356
236 362
236 397
236 398
236 417
236 418
236 461
236 467
236 479
236 480
236 509
236 554
236 567
236 591
236 622
236 627
236 656
236 661
236 670
236 680
236 692
237 260
237 301
237 320
237 334
237 358
237 360
237 383
237 508
237 633
237 659
237 660
237 667
237 671
237 675
238 305
238 325
238 387
238 447
238 459
238 524
238 533
238 542
239 246
239 252
239 264
239 305
239 364
239 373
239 378
239 385
239 429
239 481
239 498
239 508
239 532
239 537
239 591
239 609
239 623
239 649
239 671
239 684
239 691
240 275
240 373
240 457
240 463
240 481
240 511
240 544
240 632
240 636
240 649
240 665
240 688
241 262
241 264
241 300
241 308
241 322
241 332
241 369
241 390
241 428
241 463
241 468
241 469
241 535
241 568
241 605
241 659
241 665
241 686
241 692
241 693
242 244
242 250
242 318
242 339
242 343
242 355
242 378
242 382
242 394
242 428
242 454
242 474
242 487
242 494
242 557
242 614
242 619
242 628
242 642
242 654
242 686
243 267
243 374
243 426
243 466
243 467
243 495
243 501
243 508
243 541
243 565
243 599
243 644
243 646
243 681
243 692
244 281
244 283
244 328
244 448
244 518
244 595
244 656
244 667
244 678
244 684
245 254
245 276
245 286
245 422
245 452
245 490
245 500
245 686
246 291
246 304
246 318
246 353
246 387
246 444
246 492
246 515
246 532
246 556
246 612
246 686
247 313
247 350
247 381
247 400
247 447
247 449
247 490
247 620
247 635
247 653
247 676
247 684
248 260
248 279
248 397
248 403
248 419
248 515
248 529
248 534
248 624
248 629
248 639
249 272
249 280
249 319
249 322
249 391
249 488
249 489
249 568
249 583
249 662
249 669
249 680
249 698
250 279
250 311
250 323
250 388
250 407
250 419
250 420
250 430
250 439
250 491
250 502
250 540
250 583
250 592
250 599
250 616
250 689
251 274
251 279
251 292
251 341
251 361
251 404
251 440
251 505
251 564
251 585
251 682
251 687
252 274
252 276
252 300
252 312
252 313
252 411
252 439
252 464
252 495
252 541
252 554
252 645
253 297
253 301
253 322
253 382
253 386
253 409
253 457
253 515
253 558
253 582
253 594
254 273
254 314
254 319
254 325
254 329
254 331
254 358
254 468
254 472
254 531
254 557
254 580
254 627
254 631
255 307
255 327
255 399
255 401
255 404
255 434
255 455
255 502
255 609
255 674
255 688
256 264
256 284
256 294
256 299
256 302
256 330
256 358
256 426
256 584
256 627
256 635
257 325
257 380
257 400
257 414
257 417
257 421
257 455
257 600
257 625
257 645
257 649
258 269
258 271
258 283
258 287
258 305
258 345
258 418
258 495
258 506
258 635
258 662
259 283
259 303
259 332
259 340
259 342
259 348
259 425
259 477
259 544
259 566
259 583
259 592
259 605
260 261
260 305
260 321
260 418
260 432
260 445
260 449
260 454
260 467
260 507
260 524
260 528
260 569
260 608
260 625
260 674
260 680
260 682
260 687
261 266
261 305
261 333
261 386
261 401
261 428
261 463
261 507
261 540
261 556
261 620
261 630
261 646
261 655
261 674
261 696
262 283
262 285
262 320
262 386
262 408
262 415
262 456
262 481
262 488
262 520
262 559
262 572
262 606
262 613
262 652
262 686
262 698
263 348
263 362
263 382
263 432
263 527
263 532
263 589
263 623
263 646
263 696
264 276
264 356
264 360
264 453
264 461
264 471
264 485
264 512
264 539
264 638
264 658
264 659
265 271
265 274
265 277
265 299
265 316
265 329
265 334
265 390
265 428
265 451
265 460
265 547
265 638
265 686
266 372
266 391
266 430
266 556
266 562
266 575
266 591
266 623
266 667
266 677
266 679
267 284
267 343
267 394
267 410
267 431
267 499
267 511
267 576
267 579
267 587
267 589
267 610
267 623
268 277
268 350
268 371
268 425
268 436
268 439
268 476
268 487
268 488
268 531
268 583
268 592
268 667
268 697
269 283
269 324
269 418
269 430
269 462
269 520
269 591
269 595
269 613
269 652
270 290
270 316
270 409
270 436
270 440
270 464
270 546
270 550
270 644
270 653
270 656
270 662
270 664
271 272
271 411
271 432
271 433
271 522
271 535
271 597
271 602
271 607
271 616
271 630
271 677
272 328
272 366
272 384
272 446
272 528
272 576
272 596
272 605
272 640
272 686
273 280
273 289
273 462
273 570
273 652
273 657
273 664
274 278
274 344
274 352
274 412
274 460
274 502
274 570
275 323
275 326
275 376
275 412
275 430
275 478
275 482
275 487
275 506
275 537
275 550
275 555
275 590
275 615
275 668
275 670
275 696
276 319
276 357
276 360
276 419
276 466
276 493
276 514
276 563
276 572
276 621
276 642
276 676
276 677
277 307
277 326
277 339
277 343
277 375
277 459
277 482
277 496
277 513
277 626
277 640
277 698
278 319
278 353
278 377
278 380
278 385
278 392
278 421
278 456
278 466
278 478
278 479
278 485
278 486
278 502
278 626
278 668
278 670
278 677
278 693
279 293
279 393
279 470
279 476
279 594
279 630
279 644
279 655
279 690
279 696
280 301
280 367
280 381
280 419
280 518
280 525
280 569
280 637
280 680
281 305
281 384
281 404
281 415
281 420
281 550
281 574
281 593
281 605
281 631
281 634
282 321
282 339
282 355
282 383
282 386
282 401
282 418
282 447
282 493
282 519
282 528
282 574
282 581
282 594
282 639
282 658
282 684
283 290
283 308
283 331
283 340
283 343
283 431
283 440
283 462
283 464
283 499
283 507
283 590
283 615
283 640
284 302
284 311
284 354
284 418
284 428
284 433
284 548
284 583
284 634
284 665
285 316
285 322
285 333
285 345
285 362
285 389
285 439
285 549
285 687
285 690
286 349
286 375
286 396
286 413
286 465
286 491
286 493
286 509
286 522
286 546
286 643
287 396
287 441
287 442
287 544
287 560
287 566
287 579
287 608
287 614
287 644
287 666
287 668
287 671
288 295
288 309
288 314
288 315
288 319
288 321
288 423
288 444
288 523
288 533
288 550
288 590
288 644
288 699
289 376
289 494
289 523
289 553
289 615
289 626
289 649
289 653
289 657
289 669
289 678
290 301
290 354
290 360
290 370
290 377
290 442
290 550
290 567
290 588
290 610
290 618
290 654
290 657
290 668
290 686
290 687
290 697
291 402
291 424
291 541
291 569
291 593
291 668
291 670
291 691
292 338
292 339
292 409
292 508
292 524
292 557
292 645
292 677
293 324
293 327
293 349
293 366
293 433
293 535
293 552
293 620
293 650
294 339
294 435
294 443
294 452
294 467
294 487
294 510
294 538
294 550
294 561
294 566
294 642
294 655
294 665
294 676
294 678
294 688
295 330
295 343
295 344
295 431
295 487
295 492
295 522
295 571
295 573
295 586
295 608
295 685
295 694
296 301
296 337
296 345
296 346
296 398
296 402
296 447
296 478
296 490
296 544
297 298
297 337
297 347
297 493
297 528
297 537
297 549
297 568
297 570
297 629
297 679
298 306
298 338
298 384
298 386
298 454
298 527
298 529
298 558
298 567
298 568
298 596
298 603
298 618
298 651
298 665
298 667
299 301
299 326
299 347
299 421
299 435
299 466
299 487
299 498
299 501
299 517
299 562
299 563
299 577
299 607
299 612
299 682
299 694
300 327
300 329
300 342
300 424
300 454
300 500
300 518
300 570
300 673
300 682
300 692
301 318
301 347
301 351
301 378
301 478
301 492
301 516
301 533
301 621
301 657
301 683
301 691
301 698
302 379
302 381
302 402
302 415
302 423
302 449
302 466
302 500
302 521
302 538
302 653
303 310
303 313
303 321
303 323
303 342
303 364
303 418
303 501
303 562
303 595
303 609
303 614
303 679
303 689
304 307
304 344
304 345
304 406
304 412
304 428
304 466
304 498
304 507
304 529
304 567
304 592
304 605
304 607
304 630
304 644
305 345
305 382
305 389
305 404
305 412
305 430
305 466
305 506
305 533
305 585
305 586
305 605
305 676
305 691
306 365
306 371
306 473
306 482
306 538
306 575
306 665
307 317
307 354
307 411
307 429
307 460
307 477
307 560
307 592
307 602
307 613
307 659
308 364
308 402
308 403
308 432
308 506
308 512
308 514
308 555
308 586
308 598
308 678
308 694
309 310
309 330
309 342
309 360
309 381
309 413
309 425
309 509
309 643
310 384
310 420
310 429
310 459
310 479
310 619
310 643
310 676
310 677
311 380
311 426
311 449
311 494
311 502
311 533
311 544
311 561
311 605
311 606
311 627
311 686
312 313
312 334
312 420
312 435
312 450
312 491
312 513
312 548
312 574
312 607
312 618
312 631
312 654
313 362
313 388
313 405
313 419
313 430
313 458
313 501
313 524
313 529
313 539
313 549
313 615
313 638
313 644
313 664
313 677
314 335
314 410
314 420
314 426
314 431
314 444
314 509
314 553
314 563
314 584
314 625
314 639
314 643
314 667
314 668
314 698
315 332
315 340
315 351
315 403
315 407
315 408
315 410
315 420
315 425
315 435
315 540
315 577
315 593
315 597
315 624
315 644
315 660
315 697
316 321
316 342
316 355
316 375
316 411
316 420
316 484
316 505
316 553
316 591
316 603
316 642
316 656
317 369
317 429
317 488
317 497
317 529
317 593
317 606
317 626
317 646
317 686
318 324
318 330
318 339
318 349
318 382
318 511
318 521
318 570
318 586
318 602
318 613
318 615
318 623
318 635
318 653
318 694
319 344
319 428
319 544
319 554
319 567
319 588
319 606
319 617
319 661
319 686
320 353
320 444
320 590
320 612
320 645
320 656
320 666
320 669
321 322
321 361
321 503
321 525
321 553
321 563
321 568
321 625
321 665
322 348
322 440
322 444
322 450
322 480
322 508
322 522
322 545
322 602
322 615
322 644
322 656
322 674
322 677
323 335
323 390
323 397
323 439
323 489
323 562
323 608
323 633
323 649
323 681
324 333
324 391
324 450
324 457
324 472
324 508
324 509
324 510
324 521
324 547
324 593
324 613
324 677
325 350
325 388
325 401
325 432
325 540
325 564
325 566
325 569
325 682
326 356
326 367
326 397
326 421
326 451
326 504
326 512
326 514
326 548
326 587
326 650
326 653
326 670
327 342
327 363
327 374
327 455
327 459
327 513
327 516
327 530
327 597
327 647
327 694
328 359
328 385
328 428
328 439
328 443
328 461
328 488
328 499
328 508
328 525
328 531
328 540
328 543
328 549
328 574
328 643
328 647
328 683
329 373
329 384
329 406
329 408
329 410
329 423
329 448
329 509
329 531
329 548
329 574
329 644
330 348
330 392
330 403
330 440
330 497
330 540
330 576
330 639
331 356
331 399
331 544
331 587
331 629
331 691
332 368
332 392
332 445
332 524
332 532
332 557
332 596
333 352
333 387
333 402
333 430
333 436
333 490
333 499
333 512
333 523
333 546
333 602
334 412
334 419
334 439
334 460
334 511
334 522
334 524
334 555
334 573
334 613
334 655
335 359
335 361
335 393
335 448
335 457
335 475
335 508
335 599
335 621
335 655
335 666
335 667
336 493
336 536
336 553
336 559
336 632
337 373
337 407
337 439
337 451
337 471
337 496
337 507
337 570
337 601
337 641
337 680
337 691
337 693
338 371
338 404
338 420
338 447
338 461
338 495
338 497
338 539
338 543
338 620
338 680
339 421
339 452
339 457
339 485
339 507
339 563
339 619
339 631
339 633
339 660
339 691
340 345
340 383
340 442
340 443
340 481
340 488
340 518
340 534
340 558
340 581
340 588
340 626
340 629
341 365
341 407
341 476
341 496
341 545
341 600
341 626
341 668
341 681
341 688
342 373
342 389
342 421
342 434
342 439
342 442
342 473
342 475
342 640
342 642
342 649
342 651
342 675
343 494
343 508
343 541
343 554
343 588
343 630
343 640
343 680
343 698
344 349
344 373
344 384
344 389
344 416
344 456
344 522
344 543
344 696
345 384
345 431
345 455
345 459
345 492
345 517
345 537
345 550
345 616
345 635
345 651
346 447
346 502
346 584
346 593
346 605
346 620
346 621
346 640
346 660
346 666
346 667
346 673
347 439
347 445
347 469
347 482
347 509
347 552
347 578
347 644
347 686
348 448
348 458
348 470
348 599
348 636
348 659
348 664
349 352
349 364
349 374
349 526
349 602
349 624
349 683
350 363
350 393
350 395
350 399
350 433
350 502
350 519
350 698
351 368
351 403
351 442
351 471
351 480
351 484
351 524
351 549
351 611
351 634
351 649
351 665
351 685
351 696
352 373
352 466
352 482
352 486
352 525
352 560
352 608
352 614
352 627
352 667
353 362
353 380
353 388
353 390
353 403
353 420
353 426
353 464
353 501
353 521
353 536
353 566
353 581
353 651
354 355
354 366
354 412
354 431
354 452
354 463
354 501
354 511
354 566
354 630
354 633
355 368
355 411
355 435
355 444
355 502
355 559
355 582
355 631
355 632
355 642
355 647
355 670
356 376
356 458
356 505
356 520
356 537
356 598
356 620
356 626
356 630
356 692
357 374
357 412
357 436
357 446
357 454
357 465
357 505
357 519
357 550
357 557
357 620
357 641
357 688
358 364
358 383
358 384
358 386
358 398
358 423
358 452
358 495
358 566
358 599
358 630
358 674
359 374
359 426
359 434
359 463
359 676
360 372
360 373
360 390
360 395
360 512
360 555
360 634
360 658
361 385
361 419
361 431
361 465
361 581
361 679
361 694
362 404
362 428
362 451
362 476
362 536
362 541
362 547
362 567
362 576
362 600
362 601
363 480
363 491
363 500
363 503
363 547
363 622
363 641
363 657
363 662
363 690
364 370
364 386
364 405
364 416
364 435
364 456
364 484
364 523
364 540
364 557
364 613
364 617
365 367
365 394
365 423
365 497
365 513
365 533
365 567
365 609
365 640
365 658
366 379
366 381
366 402
366 405
366 414
366 476
366 502
366 517
366 591
366 618
366 661
366 698
367 410
367 421
367 424
367 520
367 530
367 538
367 590
367 591
367 633
367 651
367 680
367 691
368 433
368 449
368 485
368 509
368 531
368 675
369 372
369 382
369 389
369 393
369 423
369 431
369 454
369 463
369 467
369 502
369 519
369 541
369 600
369 651
369 664
369 699
370 384
370 386
370 480
370 573
370 587
370 589
370 592
370 609
370 621
370 655
370 669
371 398
371 404
371 418
371 518
371 541
371 613
371 667
371 687
372 408
372 417
372 469
372 474
372 500
372 572
372 578
372 588
372 615
372 641
372 642
372 654
373 386
373 393
373 443
373 486
373 594
373 606
373 622
373 695
373 698
374 413
374 439
374 524
374 556
374 636
374 695
375 393
375 426
375 514
375 529
375 563
375 596
375 624
375 648
375 654
375 659
375 671
376 417
376 484
376 539
376 540
376 585
376 588
376 637
376 657
377 429
377 516
377 537
377 548
377 554
377 597
378 412
378 413
378 427
378 463
378 472
378 532
378 581
378 584
378 672
379 386
379 404
379 460
379 461
379 471
379 520
379 543
379 548
379 550
379 551
379 598
379 600
379 602
379 633
380 388
380 391
380 409
380 422
380 506
380 529
380 656
381 413
381 416
381 429
381 430
381 527
381 534
381 536
381 550
381 565
381 610
381 654
381 655
381 659
382 403
382 413
382 486
382 564
382 585
382 599
383 393
383 407
383 431
383 469
383 474
383 483
383 518
383 665
383 678
384 484
384 494
384 500
384 543
384 563
385 405
385 412
385 422
385 490
385 502
385 507
385 561
385 578
385 587
385 605
385 606
385 634
385 686
386 402
386 404
386 450
386 452
386 475
386 527
386 572
386 620
386 647
386 667
387 402
387 473
387 487
387 512
387 560
387 597
388 468
388 471
388 472
388 667
389 422
389 423
389 444
389 477
389 500
389 516
389 533
389 537
389 573
389 674
390 428
390 470
390 480
390 495
390 521
390 538
390 581
390 589
390 656
390 679
391 405
391 425
391 441
391 463
391 471
391 492
391 501
391 553
391 574
391 577
391 617
391 622
391 639
392 433
392 509
392 540
392 628
392 633
392 638
392 690
393 432
393 484
393 535
393 539
393 588
394 464
394 465
394 512
394 546
394 554
394 577
394 604
394 625
394 666
394 671
395 429
395 444
395 562
395 604
395 611
395 613
395 639
395 682
396 404
396 406
396 427
396 431
396 435
396 448
396 478
396 535
396 552
396 554
396 580
396 591
396 606
396 658
396 687
396 689
397 434
397 509
397 520
397 545
397 568
397 590
397 638
397 671
398 407
398 476
398 495
398 499
398 516
398 545
398 549
398 565
398 580
398 588
398 680
399 417
399 436
399 441
399 447
399 461
399 483
399 504
399 505
399 510
399 526
399 531
399 534
399 543
399 545
399 632
400 436
400 473
400 523
400 527
400 569
400 585
400 625
400 640
400 652
400 699
401 521
401 558
401 600
401 618
401 624
402 503
402 569
402 583
402 614
402 628
402 633
402 646
402 663
403 417
403 511
403 529
403 559
403 595
403 598
403 699
404 440
404 490
404 497
404 514
404 524
404 620
404 657
405 448
405 487
405 495
405 598
405 609
405 662
405 697
406 457
406 469
406 470
406 490
406 538
406 616
406 621
407 443
407 460
407 474
407 505
407 507
407 594
407 645
408 486
408 582
408 635
408 636
408 693
409 473
409 481
409 549
409 563
409 584
409 587
409 619
409 634
409 664
409 673
409 675
410 426
410 455
410 460
410 487
410 553
410 652
410 687
410 692
411 425
411 472
411 498
411 512
411 586
411 601
411 619
411 640
411 653
411 655
411 684
411 698
412 433
412 454
412 545
412 603
412 615
412 628
412 647
412 653
413 471
413 537
413 626
413 638
413 667
414 421
414 452
414 457
414 467
414 475
414 483
414 485
414 491
414 496
414 498
414 547
414 557
414 566
414 587
414 657
414 658
414 676
415 427
415 490
415 494
415 527
415 534
415 583
415 592
415 600
415 613
415 625
415 643
416 422
416 433
416 483
416 512
416 552
416 554
416 583
416 619
416 624
416 655
416 659
417 434
417 466
417 531
417 543
417 555
417 574
417 585
417 611
417 654
417 656
417 670
417 684
417 687
417 695
418 467
418 490
418 510
418 558
418 560
418 616
418 634
418 672
418 685
418 690
419 475
419 540
419 544
419 636
419 696
420 423
420 451
420 510
420 544
420 621
420 670
421 426
421 433
421 463
421 528
421 533
421 551
421 552
421 591
421 614
421 699
422 430
422 503
422 558
422 569
422 577
422 578
422 585
422 608
422 645
422 650
423 445
423 475
423 518
423 536
423 553
423 575
423 579
423 594
423 653
424 439
424 451
424 564
424 594
424 629
425 442
425 446
425 588
425 619
425 646
425 657
425 663
425 666
425 677
425 698
426 442
426 449
426 465
426 466
426 483
426 554
426 694
426 696
427 462
427 516
427 519
427 529
427 675
427 685
428 452
428 455
428 487
428 521
428 579
428 620
429 466
429 553
429 585
429 610
429 616
429 618
429 661
430 433
430 459
430 484
430 500
430 513
430 545
430 631
430 646
430 687
431 453
431 473
431 517
431 522
431 560
431 567
431 568
431 592
431 608
431 609
431 639
431 642
432 467
432 530
432 543
432 560
432 578
433 447
433 492
433 508
433 572
433 603
433 627
433 648
434 442
434 447
434 449
434 495
434 502
434 523
434 532
434 564
434 657
434 677
435 481
435 500
435 583
435 604
435 648
435 654
435 670
436 438
436 491
436 531
436 549
436 563
436 671
436 683
436 699
437 481
437 502
437 565
437 581
437 635
437 638
438 459
438 477
438 525
438 547
438 584
438 642
438 643
438 661
439 469
439 491
439 524
439 530
439 539
439 559
439 564
439 581
439 648
439 657
440 445
440 484
440 485
440 488
440 516
440 538
440 546
440 582
440 584
440 600
440 607
440 672
440 683
441 451
441 463
441 527
441 534
441 564
441 665
441 696
442 459
442 476
442 483
442 497
442 552
442 558
442 566
442 606
442 631
442 639
443 528
443 556
443 652
443 667
443 696
444 485
444 500
444 515
444 516
444 532
444 586
444 620
445 476
445 486
445 517
445 522
445 612
446 473
446 492
446 504
446 515
446 584
446 590
446 602
446 647
446 653
446 684
447 473
447 490
447 520
447 544
447 551
447 597
447 621
447 632
447 644
448 524
448 596
448 659
448 661
449 451
449 527
449 577
449 583
449 618
449 640
449 698
450 453
450 461
450 502
450 521
450 544
450 549
450 556
450 562
450 632
450 642
450 644
450 651
450 682
450 693
451 501
451 574
451 645
452 482
452 529
452 580
452 592
452 636
452 688
453 472
453 473
453 492
453 524
453 555
453 574
454 455
454 511
454 556
454 632
454 641
454 647
454 676
455 551
455 556
455 653
456 486
456 494
456 559
456 564
456 616
456 641
457 490
457 586
457 592
457 598
457 606
457 661
457 690
458 473
458 481
458 488
458 546
458 557
458 571
458 574
458 575
458 600
458 641
458 646
458 674
459 472
459 518
459 575
459 677
459 682
459 683
459 684
459 696
460 560
460 614
460 626
460 642
460 674
460 691
461 541
462 547
462 577
462 591
462 597
462 648
463 501
463 523
463 531
463 549
463 585
463 588
463 589
463 591
463 608
463 676
463 698
464 506
464 529
464 594
464 613
464 635
464 639
465 558
465 668
465 692
466 518
466 549
466 601
467 554
467 556
467 641
467 645
467 655
467 682
468 503
468 505
468 533
468 635
468 664
468 694
469 505
469 521
469 576
469 630
470 627
470 651
470 693
471 507
471 557
471 585
471 610
471 629
471 690
472 476
472 510
472 537
472 592
472 637
472 649
472 650
473 496
473 557
473 563
473 580
473 602
473 656
473 661
473 679
474 498
474 582
474 599
474 616
474 626
474 641
474 667
475 494
475 546
475 548
475 560
475 573
475 579
475 660
475 670
475 674
475 681
476 538
476 558
476 570
476 595
476 603
476 619
476 624
476 651
476 692
477 494
477 581
477 643
478 534
478 605
478 626
479 527
479 541
479 552
479 565
479 566
479 610
479 631
480 492
480 528
480 599
480 612
480 694
481 486
481 529
481 574
481 651
481 675
482 504
482 523
482 533
482 536
482 550
482 691
482 695
483 502
483 520
483 521
483 527
483 542
483 608
484 562
484 605
485 488
485 528
485 619
485 641
485 651
486 497
486 545
486 551
486 596
486 632
486 670
487 500
487 501
487 550
487 561
487 672
488 532
488 533
488 578
488 619
488 682
488 691
489 545
489 659
489 678
490 493
490 561
490 579
490 592
490 607
490 644
490 675
491 509
491 510
491 585
491 593
491 639
491 668
492 500
492 560
492 580
492 592
492 613
492 632
493 526
493 542
493 578
493 651
494 511
494 530
494 536
494 570
494 586
494 599
494 633
494 641
494 654
495 521
495 557
495 561
495 569
495 583
495 600
495 617
495 619
495 634
495 637
495 639
495 671
496 510
496 514
496 529
496 541
496 593
496 631
496 666
497 526
497 581
497 594
497 604
497 608
497 610
497 619
497 659
498 511
498 559
498 560
498 576
498 577
498 616
498 659
498 695
499 523
499 540
499 574
499 592
499 687
500 505
500 518
500 536
500 623
500 630
501 515
501 520
501 550
501 620
501 624
501 640
501 654
501 660
501 670
502 565
502 588
502 603
502 611
502 625
502 653
502 656
503 528
503 551
503 567
503 625
503 629
503 678
504 593
504 635
504 679
504 688
505 616
505 631
505 638
505 650
506 529
506 575
506 592
506 637
506 655
506 662
507 517
507 545
507 550
507 609
507 636
507 638
507 651
507 667
508 526
508 573
508 588
508 599
508 630
508 647
508 689
509 542
509 573
509 596
509 602
509 625
510 662
510 670
510 673
510 696
511 554
511 569
511 625
512 518
512 606
512 638
512 651
512 665
513 584
513 604
513 699
514 518
514 557
514 583
514 601
514 670
515 516
515 549
515 586
515 663
515 672
515 686
516 553
516 587
516 646
517 531
517 534
517 543
517 544
517 573
517 603
517 623
517 677
517 697
518 572
518 574
518 585
518 586
518 676
518 682
519 549
519 553
519 583
519 592
519 635
519 672
520 552
520 560
520 602
521 687
521 688
522 685
523 555
523 580
523 691
524 596
524 637
524 663
524 675
524 692
524 694
525 560
525 614
525 673
525 683
526 546
526 551
526 600
526 607
526 671
527 578
527 583
527 588
527 639
527 694
528 536
528 537
528 566
528 567
528 636
528 655
528 667
529 557
529 573
529 685
529 691
529 699
530 550
530 605
530 609
530 614
530 650
530 661
530 679
530 681
531 547
531 667
531 687
532 557
532 575
532 590
532 653
532 671
532 692
533 583
533 663
533 678
533 682
534 547
534 568
534 648
534 665
535 553
535 555
535 560
535 566
535 605
535 625
536 563
536 565
536 627
536 657
536 677
536 683
536 686
536 692
537 550
537 657
537 684
538 547
538 611
538 617
538 671
539 554
539 577
539 611
539 649
540 572
540 618
540 621
540 637
540 657
540 673
540 695
541 573
541 585
541 589
541 596
541 599
541 633
541 635
541 641
541 662
542 558
542 566
542 632
542 635
542 641
542 656
542 671
543 592
543 596
543 625
543 631
543 636
544 569
544 572
544 607
544 622
544 637
545 611
545 628
545 684
546 550
546 597
546 621
546 653
546 672
546 684
547 576
547 577
547 680
547 691
547 693
547 696
548 563
548 662
549 680
550 581
550 592
550 613
550 622
550 627
550 657
550 668
551 553
551 556
551 572
551 604
551 652
551 691
552 591
552 619
552 680
553 557
553 669
553 692
554 580
554 606
554 630
554 663
555 596
555 637
555 641
556 565
556 645
556 652
556 654
557 629
557 640
557 643
557 675
558 564
558 596
559 622
560 578
560 636
561 596
561 631
561 677
562 576
562 577
562 582
562 611
562 663
562 673
563 584
563 623
564 639
564 648
564 699
565 566
565 578
565 587
565 645
565 657
565 658
565 684
565 691
566 572
566 589
566 604
566 620
567 652
568 656
568 688
568 689
569 574
569 586
569 627
569 636
569 650
569 669
570 580
570 615
570 629
570 633
570 653
570 669
570 676
571 583
571 634
571 655
571 669
572 583
572 593
572 599
572 603
572 653
572 657
572 695
573 590
573 653
573 671
573 675
574 577
574 578
574 581
574 594
574 598
574 617
574 663
575 594
575 598
575 687
575 691
576 590
577 585
577 595
577 607
577 664
577 677
578 581
578 584
578 598
578 611
578 658
578 671
578 675
579 590
579 651
579 686
580 593
580 603
580 675
580 677
580 683
581 590
581 591
581 630
581 644
581 647
581 661
581 673
581 682
582 601
582 622
582 626
582 667
583 587
583 672
584 616
584 646
585 602
585 616
585 626
585 630
585 633
585 638
585 682
586 608
586 630
586 662
587 596
587 616
588 662
588 682
589 637
589 656
590 595
590 626
590 635
591 677
592 594
592 634
592 641
592 654
593 602
593 688
594 696
594 698
595 621
595 645
595 661
595 675
595 698
596 623
596 644
596 696
597 664
597 678
599 612
599 642
599 653
599 665
599 671
599 678
599 699
600 607
600 620
600 627
600 649
601 616
601 648
602 606
602 655
602 679
603 609
603 624
603 631
603 635
604 644
604 687
605 609
605 674
606 620
606 669
607 615
607 620
607 643
607 651
607 659
607 671
608 614
608 652
608 655
608 659
608 678
608 679
609 620
609 661
609 682
610 632
610 635
610 653
610 658
610 662
610 689
611 633
611 673
612 616
612 632
612 654
613 621
613 624
613 629
613 666
613 689
614 619
614 647
614 698
615 645
615 681
616 636
616 646
616 656
616 664
616 684
617 629
617 655
618 637
618 658
618 662
619 620
619 652
619 656
620 685
620 691
622 687
623 653
623 688
624 638
624 667
625 660
625 692
626 668
627 633
627 645
627 667
628 630
628 663
629 638
629 663
629 668
629 675
630 646
630 670
630 693
631 651
631 677
631 679
632 637
632 657
632 696
633 660
634 666
635 687
636 667
636 675
636 686
637 656
637 661
640 646
640 651
640 684
641 645
642 677
642 686
644 674
644 680
645 665
646 654
646 663
648 694
650 657
650 662
650 682
651 684
652 666
652 669
653 684
653 687
653 689
655 661
655 681
655 691
656 686
658 681
659 674
659 682
659 684
660 664
660 694
661 698
662 677
663 689
664 668
666 688
666 694
667 670
667 693
668 679
668 683
668 694
669 673
670 685
671 686
672 675
673 679
677 690
679 684
679 698
679 699
680 693
680 695
681 683
681 691
684 699
685 699
686 689
689 693
