1
0 5
0 61
1 3
1 88
2 37
2 65
3 7
4 86
4 88
5 16
6 92
6 46
7 96
8 32
8 57
9 40
9 51
10 66
10 54
11 62
11 22
12 83
12 23
13 91
13 76
14 42
14 15
15 49
16 49
17 19
17 55
18 80
18 67
19 81
20 99
20 38
21 56
21 45
22 39
23 81
24 55
24 59
25 41
25 67
26 70
26 84
27 64
27 45
28 76
28 44
29 65
29 98
30 53
30 60
31 87
31 77
32 95
33 48
33 62
34 86
34 37
35 44
35 84
36 69
36 47
38 70
39 80
40 61
41 78
42 50
43 52
43 47
46 73
48 85
50 75
51 59
52 63
54 68
56 58
57 71
58 82
60 94
63 93
64 69
66 74
71 90
72 89
72 93
73 79
74 95
75 91
77 89
78 83
79 90
82 94
85 87
92 96
97 98
97 99
100 68
101 53
-1 -1
0.075162
