12
0 328
0 253
1 256
1 363
2 16
2 473
3 209
3 204
4 156
4 378
5 376
5 270
6 32
6 482
7 407
7 35
8 50
8 132
9 352
9 356
10 492
10 158
11 192
11 207
12 184
12 415
13 336
13 277
14 323
15 78
15 143
16 300
17 400
17 214
18 296
18 257
19 251
19 479
20 305
20 37
21 97
21 293
22 444
22 463
23 375
23 165
24 80
24 455
25 87
25 485
26 480
26 195
27 294
27 235
28 398
28 95
29 291
29 52
30 209
30 423
31 177
31 163
32 412
33 145
33 345
34 433
34 222
35 155
36 66
36 483
37 303
38 397
39 120
39 251
40 478
40 494
41 104
41 175
42 124
43 433
43 435
44 341
45 271
45 206
46 315
46 102
47 425
47 82
48 447
48 93
49 488
49 371
50 149
51 328
51 165
52 169
53 373
53 279
54 282
54 434
55 116
56 448
56 69
57 112
58 432
58 241
59 99
59 444
60 456
60 385
61 160
61 468
62 130
62 247
63 313
63 167
64 292
64 285
65 258
65 197
66 314
67 81
67 162
68 280
68 345
69 368
70 72
70 318
71 96
71 354
72 286
73 128
73 119
74 362
74 306
75 482
75 351
76 170
76 213
77 112
77 343
78 255
79 393
79 354
80 114
81 412
82 475
83 148
83 201
84 178
84 202
85 283
85 92
86 382
86 95
87 414
88 96
88 168
89 99
89 147
90 144
90 450
91 114
91 182
92 336
93 208
94 457
94 418
97 149
98 129
98 284
100 441
100 172
101 307
101 332
102 319
103 379
103 243
104 404
105 122
105 301
106 362
106 215
107 380
108 184
108 414
109 224
109 410
110 262
110 135
111 152
111 254
113 283
113 194
115 417
115 327
116 242
117 443
117 188
118 272
118 499
119 405
120 234
121 429
121 438
122 346
123 203
123 461
124 353
125 275
125 159
126 189
126 442
127 227
127 446
128 270
129 269
130 370
131 152
132 155
133 369
133 288
134 481
134 307
135 366
136 435
136 213
137 140
137 236
138 330
138 173
139 358
139 495
140 211
141 301
142 249
142 187
143 386
144 255
145 484
146 266
146 484
147 489
148 369
150 472
150 231
151 424
151 302
153 170
153 394
156 229
157 498
157 316
158 360
159 282
160 277
161 452
161 391
162 281
163 216
164 403
164 293
166 273
166 199
167 413
168 439
171 409
171 186
172 176
173 464
174 258
174 437
175 325
176 252
177 276
178 365
179 206
179 452
180 276
180 377
181 491
181 367
182 262
183 402
183 494
185 476
185 483
186 214
187 210
188 423
189 253
190 370
190 317
191 256
191 386
192 219
193 278
193 267
194 487
195 196
196 232
197 471
198 290
198 357
199 371
200 472
200 230
201 260
202 227
203 442
204 238
205 269
205 310
207 421
208 300
210 327
211 450
212 228
212 314
215 453
216 230
217 326
217 221
218 467
218 298
219 474
220 426
220 286
221 481
222 378
223 464
223 306
224 486
225 308
225 486
226 337
226 366
228 365
229 367
231 267
232 497
233 249
233 313
234 436
235 339
236 368
237 401
237 335
238 278
239 493
239 321
240 460
240 499
241 348
242 396
243 266
244 488
244 403
245 441
245 389
246 474
246 284
247 360
250 440
250 399
252 333
254 456
257 491
259 443
259 331
260 438
261 448
261 304
263 381
263 487
264 290
264 475
265 408
265 498
268 274
268 340
271 341
272 323
273 311
274 455
275 402
279 318
280 451
281 469
285 470
288 372
289 440
289 460
291 404
292 431
294 332
295 408
296 340
297 317
297 405
298 324
299 396
299 310
302 333
303 374
304 413
305 466
308 384
309 416
309 449
311 422
312 420
312 445
315 406
316 381
319 338
320 329
320 383
321 395
322 388
322 359
324 348
325 430
326 453
329 363
330 415
331 387
334 478
334 373
335 372
337 454
338 477
339 411
342 427
342 349
343 346
344 457
344 497
347 382
347 399
349 355
350 409
350 397
351 355
352 357
353 492
356 400
358 398
359 449
361 458
361 462
364 465
364 422
374 427
375 434
376 476
377 426
379 462
380 446
383 401
384 467
385 392
387 471
388 436
389 425
390 479
390 393
391 480
392 461
394 421
395 473
406 490
407 485
411 490
416 459
417 463
418 454
419 470
420 496
424 431
428 432
428 496
429 468
430 437
439 451
445 469
458 465
477 489
500 14
500 38
500 42
500 44
500 131
500 141
500 154
500 248
500 287
500 410
500 466
500 493
501 55
501 57
501 107
501 154
501 169
501 248
501 287
501 295
501 419
501 447
501 459
501 495
-1 -1
0.042665
