1
0 194
0 29
1 44
1 58
2 201
2 79
3 578
3 33
4 32
4 49
5 456
5 71
6 354
6 54
7 493
7 303
8 520
8 264
9 210
9 345
10 552
10 60
11 270
11 377
12 294
12 318
13 385
13 279
14 15
14 168
15 180
16 78
16 314
17 129
17 523
18 514
18 219
19 304
19 123
20 515
20 554
21 545
21 330
22 236
22 56
23 545
23 376
24 324
24 592
25 350
25 51
26 50
26 500
27 453
27 102
28 134
28 282
29 100
30 228
31 261
31 45
32 333
33 39
34 593
34 509
35 449
35 223
36 198
36 498
37 594
37 290
38 520
38 400
39 429
40 65
40 387
41 87
41 91
42 131
42 248
43 128
43 116
44 278
45 384
46 281
46 565
47 344
47 239
48 66
48 439
49 193
50 482
51 516
52 581
52 136
53 593
53 218
54 323
55 562
55 486
56 319
57 334
57 283
58 469
59 335
59 237
60 203
61 540
61 379
62 413
62 359
63 328
63 322
64 187
64 125
65 353
66 137
67 215
67 232
68 70
68 501
69 295
69 299
70 328
71 183
72 160
72 416
73 481
73 505
74 221
74 311
75 438
75 396
76 257
76 596
77 419
77 487
78 451
79 324
80 536
80 226
81 409
81 101
82 216
82 159
83 512
83 246
84 275
84 553
85 137
85 228
86 300
86 153
87 238
88 522
88 179
89 99
89 175
90 547
90 442
91 284
92 213
92 166
93 285
93 184
94 422
94 241
95 201
95 483
96 381
96 506
97 458
97 511
98 405
98 343
99 214
100 528
101 245
102 417
103 299
103 178
104 321
104 312
105 499
105 572
106 298
106 380
107 144
107 338
108 126
108 255
109 539
109 233
110 466
110 375
111 433
111 349
112 439
112 547
113 266
113 410
114 420
114 174
115 529
115 238
116 557
117 585
117 527
118 403
118 488
119 517
119 151
120 533
120 526
121 212
121 319
122 548
122 317
123 590
124 132
124 162
125 274
126 489
127 138
127 382
128 142
129 196
130 369
130 176
131 532
132 241
133 366
133 213
134 513
135 494
135 501
136 466
138 578
139 535
139 235
140 192
140 171
141 210
141 186
142 540
143 258
143 180
144 426
145 147
145 345
146 332
146 554
147 407
148 391
148 191
149 333
149 354
150 476
150 329
151 169
152 379
152 472
153 292
154 394
154 428
155 530
155 163
156 337
156 244
157 548
157 234
158 393
158 199
159 321
160 485
161 306
161 373
162 262
163 436
164 560
164 313
165 227
165 302
166 332
167 274
167 551
168 484
169 494
170 532
170 563
171 516
172 566
172 496
173 271
173 420
174 470
175 426
176 415
177 435
177 525
178 364
179 277
181 583
181 250
182 587
182 226
183 334
184 396
185 425
185 296
186 325
187 422
188 193
188 531
189 521
189 460
190 263
190 290
191 474
192 406
194 565
195 418
195 301
196 258
197 447
197 361
198 320
199 537
200 462
200 344
202 307
202 255
203 507
204 419
204 314
205 305
205 446
206 480
206 368
207 336
207 552
208 553
208 555
209 463
209 276
211 524
211 591
212 492
214 271
215 368
216 502
217 256
217 510
218 380
219 268
220 475
220 309
221 473
222 561
222 378
223 401
224 521
224 432
225 450
225 499
227 585
229 476
229 543
230 348
230 488
231 295
231 246
232 534
233 473
234 330
235 549
236 586
237 347
239 455
240 313
240 429
242 528
242 575
243 589
243 409
244 533
245 358
247 421
247 490
248 355
249 529
249 291
250 388
251 364
251 374
252 331
252 350
253 281
253 431
254 270
254 495
256 461
257 387
259 326
259 530
260 341
260 413
261 317
262 365
263 444
264 272
265 320
265 537
266 335
267 280
267 491
268 431
269 448
269 411
272 504
273 599
273 509
275 306
276 391
277 598
278 503
279 595
280 326
282 550
283 388
284 478
285 479
286 287
286 292
287 490
288 568
288 406
289 599
289 583
291 405
293 497
293 564
294 508
296 526
297 384
297 424
298 574
300 484
301 452
302 474
303 371
304 566
305 486
307 456
308 442
308 383
309 472
310 346
310 493
311 352
312 584
315 395
315 514
316 577
316 523
318 357
322 489
323 443
325 534
327 475
327 550
329 459
331 365
336 580
337 440
338 497
339 402
339 423
340 543
340 360
341 362
342 353
342 524
343 587
346 560
347 576
348 470
349 546
351 397
351 569
352 589
355 480
356 538
356 441
357 412
358 407
359 464
360 576
361 492
362 462
363 457
366 539
367 505
367 571
369 389
370 584
370 471
371 591
372 416
372 491
373 441
374 588
375 561
376 558
377 535
378 398
381 415
382 477
383 425
385 398
386 460
386 555
389 404
390 541
390 437
392 564
392 508
393 519
394 453
395 517
397 562
399 513
399 423
400 440
401 464
402 573
403 445
404 582
408 544
408 511
410 556
411 542
412 465
414 437
414 570
417 580
418 461
421 445
424 567
427 549
427 515
428 597
430 531
430 483
432 527
433 570
434 450
434 519
435 542
436 568
438 557
443 567
444 575
446 451
447 590
448 465
449 551
452 588
454 569
454 572
455 596
457 498
458 503
459 544
463 598
467 518
467 507
468 592
468 496
469 582
471 481
477 522
478 581
479 504
482 538
485 586
487 525
495 595
500 594
502 536
506 579
510 579
512 563
518 558
541 574
546 577
556 559
559 597
571 573
600 363
601 30
-1 -1
0.969244
