100 500
0 32
0 84
0 35
0 4
0 70
0 39
0 52
0 3
0 30
0 65
1 80
1 51
1 37
1 86
1 23
1 59
1 5
1 93
1 94
1 21
2 51
2 3
2 69
2 6
2 55
2 72
2 9
2 42
2 44
2 61
3 88
3 35
3 66
3 8
3 40
3 27
3 45
3 14
4 51
4 34
4 19
4 71
4 23
4 42
4 11
4 76
4 98
5 81
5 21
5 65
5 39
5 17
5 78
5 61
5 77
5 53
6 97
6 18
6 52
6 77
6 56
6 58
6 28
6 62
6 15
7 98
7 19
7 37
7 23
7 8
7 73
7 67
7 13
7 93
7 47
8 34
8 50
8 98
8 41
8 9
8 58
8 26
8 95
9 17
9 50
9 14
9 25
9 26
9 92
9 29
9 78
10 96
10 80
10 27
10 71
10 24
10 41
10 59
10 12
10 29
10 47
11 48
11 96
11 75
11 37
11 59
11 97
11 91
11 62
11 63
12 35
12 19
12 84
12 21
12 86
12 20
12 94
12 42
12 62
13 19
13 17
13 42
13 84
13 21
13 25
13 58
13 26
13 15
14 64
14 50
14 36
14 38
14 56
14 91
14 44
14 82
15 64
15 81
15 66
15 52
15 69
15 70
15 23
15 45
16 17
16 35
16 54
16 57
16 90
16 63
16 76
16 61
16 46
16 31
17 48
17 97
17 38
17 54
17 89
17 42
18 48
18 82
18 68
18 53
18 71
18 60
18 45
18 30
18 37
19 98
19 75
19 37
19 24
19 27
19 94
20 31
20 62
20 39
20 88
20 28
20 75
20 77
20 94
20 93
21 55
21 56
21 57
21 39
21 44
21 63
22 56
22 66
22 59
22 71
22 88
22 57
22 23
22 76
22 82
22 78
23 97
23 50
23 99
23 85
23 92
24 68
24 64
24 84
24 54
24 57
24 25
24 60
24 78
25 80
25 34
25 42
25 47
25 28
25 30
25 79
26 32
26 36
26 70
26 89
26 87
26 43
26 44
27 96
27 33
27 66
27 75
27 61
27 94
27 47
28 51
28 86
28 55
28 72
28 73
28 90
28 91
29 97
29 61
29 51
29 53
29 39
29 42
29 85
29 69
30 99
30 50
30 83
30 53
30 38
30 88
30 85
31 98
31 67
31 84
31 41
31 70
31 87
31 57
31 59
32 80
32 34
32 35
32 38
32 54
32 92
32 50
32 46
33 99
33 82
33 83
33 38
33 57
33 88
33 41
33 58
33 60
34 65
34 71
34 87
34 61
34 94
34 95
35 49
35 36
35 44
35 91
35 93
36 67
36 38
36 56
36 73
36 59
36 50
36 93
37 96
37 84
37 49
37 56
37 75
38 54
38 80
38 86
38 46
39 96
39 82
39 85
39 90
39 60
40 58
40 65
40 67
40 55
40 64
40 90
40 71
40 82
40 95
41 67
41 85
41 60
41 76
41 77
41 94
42 49
42 68
42 56
43 99
43 97
43 83
43 51
43 90
43 54
43 87
43 58
43 77
44 65
44 85
44 56
44 79
44 46
45 96
45 99
45 70
45 89
45 92
45 82
45 62
46 70
46 48
46 89
46 47
46 96
46 81
47 96
47 49
47 99
47 52
47 74
48 81
48 51
48 72
48 77
48 62
48 63
49 67
49 71
49 91
49 63
49 59
49 76
50 88
50 89
50 69
51 55
51 72
51 61
52 83
52 69
52 72
52 73
52 90
52 94
53 97
53 87
53 73
53 74
53 91
53 77
54 96
54 60
54 63
54 79
55 73
55 56
55 88
55 59
55 61
56 95
57 69
57 89
57 74
57 70
58 99
58 83
58 90
58 62
59 65
59 84
60 68
60 92
60 98
60 79
61 68
61 90
62 86
62 70
62 73
63 98
63 81
63 92
63 79
64 81
64 83
64 70
64 87
64 90
64 79
65 80
65 95
65 82
65 79
66 97
66 82
66 84
66 72
66 89
66 74
67 82
67 89
67 75
67 79
68 80
68 70
68 71
68 73
68 76
69 97
69 85
69 90
69 74
71 86
71 74
72 85
72 89
72 92
72 94
73 94
73 78
74 81
74 83
74 85
74 88
75 98
75 86
75 92
75 85
76 84
76 98
76 80
76 93
77 81
77 95
77 79
78 80
78 81
78 99
78 84
78 95
79 87
80 91
81 93
83 86
83 87
83 93
86 97
86 88
87 91
87 92
88 89
91 99
91 95
92 93
93 96
95 98
95 99
