100 500
0 64
0 35
0 98
0 99
0 84
0 69
0 65
0 57
0 26
0 46
1 98
1 19
1 39
1 56
1 91
1 10
1 26
1 60
1 93
1 29
2 16
2 32
2 67
2 35
2 81
2 31
2 59
2 77
2 62
2 79
3 35
3 19
3 84
3 22
3 8
3 25
3 27
3 76
3 77
3 15
4 99
4 69
4 86
4 9
4 28
4 74
4 79
4 44
4 61
4 31
5 32
5 97
5 45
5 83
5 17
5 19
5 71
5 56
5 77
5 47
6 32
6 80
6 17
6 37
6 38
6 71
6 40
6 55
6 28
6 8
7 48
7 24
7 66
7 36
7 21
7 88
7 47
7 11
7 29
7 15
8 16
8 81
8 83
8 20
8 26
8 75
8 60
8 15
9 48
9 96
9 82
9 35
9 68
9 16
9 72
9 80
9 28
10 32
10 17
10 99
10 16
10 81
10 40
10 26
10 27
10 79
11 80
11 42
11 40
11 90
11 43
11 76
11 45
11 14
11 95
12 64
12 33
12 67
12 52
12 99
12 24
12 73
12 27
12 76
12 88
13 49
13 67
13 68
13 39
13 65
13 55
13 20
13 75
13 62
13 79
14 52
14 62
14 39
14 56
14 74
14 43
14 28
14 45
14 94
15 97
15 20
15 33
15 52
15 74
15 43
15 58
16 20
16 53
16 26
16 21
16 93
16 85
17 40
17 67
17 36
17 87
17 88
17 73
17 44
18 64
18 98
18 51
18 53
18 73
18 23
18 57
18 75
18 50
18 94
19 96
19 37
19 20
19 69
19 57
19 93
19 78
20 48
20 97
20 86
20 71
20 90
21 92
21 70
21 53
21 86
21 88
21 89
21 76
21 93
22 51
22 85
22 38
22 26
22 91
22 28
22 53
22 94
22 63
23 33
23 34
23 52
23 55
23 41
23 90
23 98
23 30
23 47
24 66
24 67
24 69
24 87
24 89
24 90
24 75
24 30
25 82
25 50
25 52
25 78
25 55
25 58
25 94
25 29
25 46
26 96
26 62
26 89
26 46
27 58
27 75
27 38
27 42
27 95
27 61
27 63
28 72
28 49
28 40
28 90
28 38
29 51
29 52
29 49
29 86
29 55
29 56
29 57
30 82
30 57
30 41
30 58
30 71
30 90
30 77
30 61
31 66
31 67
31 69
31 84
31 58
31 45
31 93
31 53
32 51
32 85
32 39
32 83
32 94
32 79
33 97
33 37
33 72
33 44
33 42
33 58
33 78
34 64
34 51
34 90
34 86
34 89
34 41
34 74
34 60
34 77
35 49
35 66
35 37
35 56
35 59
35 76
36 64
36 51
36 68
36 94
36 88
36 41
36 76
36 62
37 81
37 82
37 49
37 58
37 44
37 77
38 80
38 51
38 52
38 89
38 79
38 63
39 84
39 81
39 60
39 45
39 78
39 77
40 83
40 41
40 90
40 77
40 63
41 80
41 56
41 69
41 43
41 93
42 82
42 84
42 54
42 71
42 55
42 93
42 47
43 50
43 52
43 55
43 71
43 72
43 74
44 67
44 54
44 87
44 88
44 78
44 69
45 50
45 94
45 72
45 63
45 74
46 81
46 99
46 53
46 87
46 88
46 59
46 92
47 48
47 66
47 87
47 91
47 92
47 98
48 69
48 70
48 89
48 74
48 91
48 73
49 83
49 87
49 57
49 95
49 94
50 83
50 68
50 86
50 57
50 72
50 60
51 64
51 70
51 87
52 75
52 59
53 54
53 58
53 77
53 62
54 82
54 67
54 72
54 73
54 95
54 83
54 79
55 80
55 96
55 62
56 85
56 71
56 78
56 95
57 84
57 59
57 94
58 60
58 78
59 67
59 70
59 74
59 77
59 63
60 80
60 68
60 78
60 62
61 84
61 97
61 99
61 68
61 63
61 92
61 95
62 98
62 82
63 86
63 87
63 72
64 85
64 70
64 71
64 82
65 96
65 97
65 83
65 88
65 80
65 95
65 92
65 79
66 83
66 99
66 92
66 79
66 76
67 75
68 96
68 81
68 70
68 95
69 96
69 91
70 99
70 85
70 89
70 90
71 99
71 87
72 75
72 92
73 80
73 85
73 96
73 91
73 98
74 84
74 78
75 97
75 81
76 91
76 89
76 78
79 89
80 97
81 86
81 85
82 97
82 88
83 95
84 92
84 95
85 88
85 92
86 96
86 89
87 98
90 94
91 96
91 99
91 93
92 93
93 98
97 98
