1
0 25
0 73
1 3
1 26
2 65
2 41
3 95
4 10
4 63
5 19
5 24
6 81
6 26
7 93
7 78
8 83
8 39
9 85
9 44
10 46
11 54
11 38
12 56
12 30
13 49
13 58
14 55
14 43
15 62
15 88
16 38
16 86
17 82
17 88
18 72
18 27
19 32
20 51
20 31
21 34
21 25
22 50
22 57
23 59
23 29
24 79
27 60
28 75
28 61
29 63
30 94
31 90
32 80
33 53
33 41
34 42
35 99
35 74
36 65
36 67
37 68
37 40
39 98
40 51
42 96
43 72
44 58
45 57
45 78
46 50
47 60
48 96
48 89
49 67
52 76
52 93
53 98
54 70
55 83
56 81
59 89
61 99
62 64
64 69
66 92
66 69
68 73
70 71
71 91
74 84
75 97
76 85
77 87
79 97
80 92
82 91
84 95
86 90
87 94
100 77
101 47
-1 -1
0.16563
