1
0 62
0 93
1 9
1 90
2 96
2 75
3 53
3 86
4 73
4 11
5 61
5 76
6 56
6 68
7 61
7 85
8 32
8 44
9 65
10 87
10 63
11 25
12 69
12 59
13 99
13 24
14 21
14 43
15 17
15 20
16 68
16 72
17 86
18 98
18 28
19 85
19 39
20 95
21 26
22 58
22 30
23 50
23 37
24 37
25 52
26 48
27 98
27 60
28 57
29 39
29 78
30 46
31 82
31 41
32 97
33 89
33 95
34 70
35 96
35 63
36 83
36 42
38 80
38 56
40 65
40 64
41 53
42 75
43 89
44 81
45 49
45 79
46 94
47 51
47 87
48 55
49 88
50 70
51 74
52 66
54 71
54 72
55 83
57 67
58 90
59 91
60 81
64 77
66 71
67 84
69 74
73 78
76 92
77 79
80 91
82 88
84 92
93 94
97 99
100 34
101 62
-1 -1
0.184549
