1
0 4
0 10
1 20
1 134
2 447
2 540
3 131
3 454
4 180
5 57
5 161
6 49
6 323
7 199
7 561
8 59
8 435
9 135
9 331
10 238
11 178
11 562
12 466
12 501
13 132
13 312
14 257
14 418
15 419
15 560
16 100
16 516
17 465
17 590
18 375
18 481
19 21
19 403
20 521
21 520
22 350
22 415
23 446
23 551
24 272
24 424
25 144
25 368
26 522
26 557
27 527
27 574
28 480
28 571
29 194
29 489
30 364
30 414
31 265
31 485
32 189
32 348
33 281
33 369
34 86
34 387
35 241
35 554
36 417
37 435
37 554
38 390
38 432
39 167
39 552
40 124
40 414
41 372
41 505
42 274
42 566
43 182
43 539
44 475
44 541
45 234
45 583
46 349
46 580
47 353
47 582
48 115
48 264
49 197
50 438
50 572
51 163
51 523
52 83
52 130
53 201
53 246
54 133
54 565
55 440
55 497
56 304
56 404
57 543
58 118
58 545
59 285
60 343
60 491
61 350
61 495
62 202
62 491
63 356
63 512
64 182
64 469
65 114
65 315
66 431
66 481
67 545
67 576
68 78
68 175
69 143
69 425
70 253
70 339
71 356
71 485
72 392
72 410
73 308
73 376
74 277
74 594
75 176
75 243
76 217
76 581
77 309
77 384
78 169
79 229
79 413
80 392
80 433
81 213
81 216
82 118
82 398
83 205
84 297
84 410
85 576
85 579
86 222
87 268
87 354
88 403
88 434
89 320
89 528
90 295
90 523
91 105
91 251
92 170
92 385
93 519
93 525
94 492
94 579
95 151
95 444
96 544
96 575
97 359
97 427
98 269
98 534
99 153
99 362
100 109
101 285
101 290
102 391
102 446
103 344
103 483
104 151
104 186
105 120
106 219
106 331
107 152
107 278
108 195
108 562
109 416
110 263
110 386
111 204
111 525
112 253
112 477
113 345
113 479
114 497
115 492
116 154
116 328
117 218
117 589
119 260
119 378
120 434
121 200
121 261
122 273
122 566
123 395
123 409
124 206
125 526
125 567
126 152
126 501
127 572
127 578
128 363
128 581
129 214
129 363
130 321
131 415
132 332
133 518
134 301
135 232
136 371
136 504
137 555
137 571
138 276
138 524
139 166
139 345
140 362
140 407
141 171
141 190
142 441
142 449
143 493
144 273
145 193
145 324
146 228
146 539
147 311
147 494
148 220
148 529
149 470
149 478
150 231
150 319
153 536
154 174
155 478
155 519
156 196
156 439
157 263
157 402
158 191
158 406
159 288
159 591
160 227
160 530
161 573
162 389
162 461
163 401
164 188
164 474
165 211
165 277
166 374
167 585
168 184
168 540
169 293
170 349
171 568
172 287
172 437
173 207
173 327
174 259
175 406
176 442
177 254
177 383
178 279
179 511
179 588
180 361
181 196
181 558
183 261
183 480
184 593
185 207
185 336
186 315
187 190
187 398
188 262
189 464
191 248
192 380
192 462
193 228
194 577
195 221
197 590
198 323
198 421
199 468
200 591
201 487
202 396
203 298
203 308
204 502
205 370
206 550
208 314
208 464
209 347
209 358
210 226
210 587
211 267
212 270
212 553
213 503
214 531
215 239
215 580
216 473
217 575
218 511
219 341
220 498
221 598
222 357
223 302
223 431
224 382
224 535
225 448
225 509
226 393
227 246
229 290
230 433
230 570
231 289
232 386
233 340
233 468
234 447
235 252
235 387
236 574
236 595
237 300
237 376
238 240
239 442
240 515
241 282
242 476
242 498
243 445
244 307
244 335
245 337
245 578
247 352
247 459
248 586
249 314
249 456
250 460
250 538
251 351
252 499
254 471
255 307
255 330
256 357
256 502
257 510
258 394
258 423
259 573
260 329
262 381
264 479
265 565
266 279
266 330
267 513
268 368
269 303
270 341
271 409
271 429
272 564
274 327
275 284
275 582
276 373
278 488
280 388
280 542
281 300
282 417
283 504
283 599
284 463
286 455
286 509
287 428
288 500
289 597
291 486
291 550
292 317
292 405
293 407
294 448
294 583
295 457
296 495
296 548
297 506
298 546
299 474
299 517
301 543
302 526
303 396
304 438
305 317
305 517
306 351
306 484
309 584
310 482
310 564
311 465
312 334
313 321
313 521
316 344
316 467
318 343
318 445
319 568
320 483
322 490
322 577
324 471
325 420
325 467
326 372
326 377
328 514
329 370
332 530
333 518
333 527
334 559
335 418
336 412
337 592
338 379
338 390
339 437
340 537
342 361
342 589
346 490
346 558
347 430
348 382
352 419
353 408
354 399
355 360
355 405
358 411
359 534
360 549
364 450
365 533
365 569
366 426
366 489
367 428
367 444
369 412
371 473
373 393
375 599
377 451
378 384
379 458
380 430
381 500
383 551
385 488
388 510
389 533
391 436
394 452
395 450
397 416
397 508
399 462
400 528
400 585
401 432
402 595
404 436
408 592
411 584
413 424
420 549
421 547
422 449
422 537
423 560
425 440
426 443
427 593
429 524
439 563
441 532
443 463
451 541
452 556
453 476
453 544
454 542
455 596
456 494
457 469
458 596
459 529
460 531
461 548
466 506
470 557
472 505
472 515
475 496
477 563
482 496
484 594
486 532
487 508
493 586
499 516
503 555
507 559
507 587
512 535
513 597
514 538
520 536
522 546
547 569
552 598
553 561
556 588
567 570
600 374
601 36
-1 -1
12.5245
