1
0 26
0 222
1 215
1 344
2 8
2 293
3 38
3 429
4 37
4 257
5 14
5 178
6 351
6 358
7 72
7 462
8 287
9 388
9 520
10 89
10 402
11 293
11 486
12 291
12 442
13 151
13 328
14 103
15 16
15 258
16 455
17 132
17 194
18 46
18 127
19 516
19 576
20 108
20 565
21 78
21 441
22 99
22 557
23 394
23 597
24 527
24 562
25 40
25 425
26 52
27 523
27 573
28 213
28 477
29 173
29 577
30 430
30 558
31 329
31 348
32 353
32 543
33 122
33 414
34 87
34 413
35 133
35 447
36 144
36 473
37 418
38 476
39 168
39 568
40 383
41 204
41 590
42 59
42 352
43 105
43 210
44 553
44 559
45 180
45 591
46 165
47 198
47 545
48 492
48 575
49 157
49 404
50 167
50 460
51 390
51 552
52 321
53 74
53 465
54 300
54 542
55 238
55 403
56 243
56 585
57 394
57 567
58 226
58 331
59 286
60 493
60 497
61 335
61 510
62 116
62 256
63 141
63 383
64 114
64 134
65 471
65 546
66 291
66 584
67 504
67 592
68 230
68 463
69 354
69 496
70 76
70 435
71 87
71 298
72 430
73 97
73 218
74 417
75 416
75 483
76 550
77 163
77 461
78 164
79 207
79 284
80 268
80 469
81 362
81 409
82 152
82 423
83 117
83 169
84 145
84 360
85 409
85 567
86 149
86 252
88 109
88 290
89 543
90 495
91 120
91 384
92 196
92 216
93 212
93 227
94 117
94 279
95 246
95 498
96 250
96 265
97 422
98 440
98 589
99 188
100 104
100 579
101 349
101 458
102 449
102 571
103 501
104 531
105 168
106 274
106 354
107 140
107 485
108 491
109 421
110 263
110 351
111 216
111 317
112 389
112 562
113 555
113 577
114 312
115 210
115 521
116 598
118 138
118 160
119 278
119 395
120 308
121 319
121 582
122 418
123 280
123 407
124 158
124 479
125 379
125 473
126 160
126 288
127 503
128 297
128 591
129 273
129 408
130 294
130 566
131 183
131 353
132 146
133 346
134 443
135 399
135 569
136 411
136 512
137 255
137 382
138 425
139 282
139 534
140 179
141 552
142 207
142 316
143 175
143 262
144 271
145 366
146 246
147 415
147 583
148 315
148 548
149 484
150 426
150 463
151 201
152 214
153 548
153 585
154 419
154 535
155 219
155 524
156 369
156 408
157 533
158 343
159 273
159 338
161 338
161 397
162 330
162 459
163 407
164 572
165 242
166 248
166 596
167 375
169 375
170 174
170 580
171 307
171 468
172 305
172 368
173 296
174 541
175 482
176 182
176 540
177 372
177 397
178 536
179 302
180 226
181 208
181 478
182 290
183 261
184 206
184 350
185 193
185 517
186 493
186 560
187 247
187 433
188 244
189 285
189 546
190 269
190 276
191 301
191 532
192 355
192 384
193 220
195 200
195 245
196 467
197 261
197 310
198 575
199 464
199 568
200 556
201 424
202 250
202 471
203 401
203 456
204 441
205 245
205 324
206 306
208 270
209 289
209 367
211 238
211 588
212 464
213 424
214 538
215 248
217 461
217 485
218 432
219 584
220 304
221 234
221 370
222 385
223 355
223 564
224 487
224 594
225 414
225 553
227 371
228 391
228 455
229 406
229 498
230 327
231 482
231 523
232 475
232 506
233 275
233 325
234 480
235 343
235 525
236 340
236 541
237 450
237 492
239 264
239 555
240 370
240 410
241 359
241 433
242 336
243 364
244 378
247 474
249 303
249 386
251 258
251 337
252 356
253 259
253 306
254 377
254 587
255 339
256 379
257 514
259 400
260 320
260 489
262 316
263 539
264 545
265 335
266 328
266 530
267 311
267 516
268 581
269 361
270 381
271 347
272 412
272 576
274 296
275 522
276 595
277 325
277 518
278 447
279 374
280 515
281 453
281 537
282 560
283 528
283 583
284 540
285 374
286 396
287 454
288 380
289 484
292 357
292 435
294 517
295 483
295 525
297 572
298 551
299 417
299 586
300 399
301 356
302 472
303 505
304 456
305 405
307 340
308 373
309 366
309 570
310 509
311 590
312 511
313 393
313 534
314 334
314 547
315 522
317 490
318 373
318 593
319 330
320 518
321 530
322 365
322 371
323 385
323 431
324 431
326 410
326 452
327 519
329 344
331 386
332 479
332 500
333 404
333 573
334 470
336 598
337 416
339 342
341 458
341 579
342 566
345 387
345 444
346 448
347 570
348 403
349 422
350 457
352 398
357 462
358 367
359 377
360 449
361 569
362 454
363 495
363 586
364 448
365 436
368 507
369 396
372 594
376 538
376 549
378 504
380 395
381 502
382 494
387 489
388 429
389 392
390 470
391 513
392 465
393 419
398 521
400 472
401 592
402 452
405 440
406 467
411 480
412 434
413 427
415 526
420 437
420 481
421 439
423 512
426 503
427 529
428 510
428 551
432 445
434 589
436 580
437 565
438 477
438 502
439 442
443 597
444 515
445 488
446 466
446 469
450 487
451 557
451 571
453 466
457 535
459 528
460 500
468 582
474 531
475 544
476 490
478 563
481 527
486 494
488 556
491 532
496 578
497 501
499 550
499 588
505 564
506 578
507 574
508 520
508 537
509 563
511 524
513 526
514 536
519 561
529 558
533 596
539 599
542 581
544 574
547 599
549 593
554 587
554 595
559 561
600 194
601 90
-1 -1
80.8004
