1
0 26
0 286
1 20
1 240
2 320
2 507
3 271
3 303
4 278
4 543
5 85
5 315
6 210
6 357
7 378
7 503
8 111
8 304
9 186
9 194
10 145
10 414
11 248
11 397
12 205
12 332
13 78
13 588
14 240
14 582
15 417
15 567
16 112
16 533
17 437
17 475
18 333
18 475
19 456
19 461
20 189
21 320
21 502
22 298
22 344
23 436
23 551
24 443
24 522
25 405
25 449
26 226
27 77
27 313
28 38
28 367
29 261
29 347
30 486
30 597
31 97
31 175
32 193
32 522
33 383
33 467
34 159
34 284
35 447
35 452
36 236
36 443
37 340
37 469
38 342
39 158
39 235
40 155
40 458
41 543
41 552
42 376
42 546
43 373
43 560
44 466
44 538
45 270
45 573
46 526
46 580
47 302
47 328
48 214
48 260
49 118
49 314
50 238
50 401
51 466
51 565
52 64
52 446
53 195
53 576
54 74
54 457
55 132
55 370
56 217
56 274
57 155
57 188
58 88
58 283
59 206
59 349
60 277
60 589
61 178
61 457
62 185
62 555
63 295
63 478
64 494
65 266
65 599
66 336
66 444
67 561
67 570
68 83
68 431
69 127
69 187
70 216
70 574
71 92
71 299
72 290
72 369
73 141
73 179
74 330
75 419
75 528
76 165
76 500
77 311
78 100
79 174
79 323
80 434
80 596
81 225
81 229
82 149
82 483
83 209
84 387
84 445
85 567
86 207
86 341
87 325
87 402
88 371
89 282
89 489
90 380
90 495
91 275
91 496
92 165
93 170
93 592
94 472
94 499
95 421
95 472
96 228
96 395
97 390
98 301
98 514
99 341
99 562
100 140
101 180
101 516
102 350
102 398
103 281
103 574
104 516
104 577
105 139
105 593
106 174
106 288
107 123
107 206
108 391
108 513
109 337
109 404
110 209
110 325
111 484
112 298
113 331
113 467
114 473
114 483
115 451
115 580
116 124
116 153
117 142
117 540
118 587
119 208
119 239
120 355
120 569
121 133
121 191
122 139
122 168
123 288
124 195
125 169
125 385
126 366
126 506
127 293
128 436
128 537
129 192
129 314
130 142
130 530
131 211
132 519
133 189
134 413
134 477
135 215
135 412
136 145
136 381
137 280
137 549
138 331
138 548
140 213
141 455
143 375
143 458
144 160
144 376
146 188
146 590
147 330
147 339
148 212
148 334
149 300
150 159
150 324
151 508
151 588
152 245
152 532
153 282
154 223
154 259
156 306
156 579
157 524
157 564
158 207
160 470
161 365
161 496
162 388
162 566
163 390
163 598
164 523
164 594
166 245
166 534
167 307
167 493
168 536
169 399
170 179
171 433
171 515
172 250
172 509
173 196
173 438
175 227
176 340
176 545
177 252
177 283
178 506
180 246
181 253
181 310
182 285
182 507
183 321
183 575
184 441
184 578
185 451
186 464
187 488
190 452
190 455
191 450
192 427
193 438
194 351
196 482
197 481
197 593
198 262
198 525
199 241
199 432
200 326
200 434
201 571
201 594
202 316
202 420
203 218
203 300
204 233
204 429
205 552
208 517
210 348
211 410
212 505
213 575
214 395
215 319
216 558
217 328
218 295
219 479
219 586
220 227
220 572
221 323
221 329
222 499
222 539
223 476
224 450
224 528
225 254
226 392
228 253
229 555
230 299
230 464
231 235
231 520
232 252
232 322
233 577
234 386
234 535
236 352
237 368
237 425
238 412
239 547
241 342
242 498
242 596
243 358
243 386
244 377
244 442
246 531
247 346
247 533
248 540
249 256
249 548
250 446
251 384
251 482
254 394
255 453
255 595
256 477
257 344
257 534
258 284
258 294
259 315
260 523
261 486
262 563
263 448
263 558
264 322
264 389
265 268
265 406
266 494
267 501
267 529
268 363
269 310
269 429
270 435
271 536
272 408
272 424
273 277
273 442
274 333
275 343
276 287
276 364
278 409
279 478
279 550
280 500
281 504
285 550
286 526
287 297
289 382
289 541
290 569
291 391
291 471
292 379
292 445
293 530
294 318
296 354
296 428
297 338
301 361
302 562
303 513
304 461
305 404
305 546
306 326
307 444
308 381
308 583
309 324
309 346
311 367
312 415
312 520
316 354
317 377
317 490
318 424
319 415
321 493
327 557
327 599
329 590
332 504
334 368
335 463
335 541
336 563
337 356
338 409
339 508
343 448
345 413
345 470
347 532
348 369
349 462
350 460
351 422
352 591
353 372
353 396
355 584
356 490
357 361
358 417
359 561
359 584
360 456
360 524
362 484
362 503
363 402
364 583
365 422
366 430
370 420
371 405
372 510
373 469
374 388
374 568
375 426
378 572
379 579
380 400
382 400
383 485
384 556
385 505
387 565
389 473
392 531
393 474
393 479
394 481
396 474
397 586
398 414
399 557
401 592
403 439
403 497
406 539
407 542
407 578
408 427
410 535
411 433
411 501
416 509
416 556
418 432
418 487
419 512
421 480
423 431
423 581
425 435
426 551
428 511
430 487
437 489
439 447
440 463
440 518
441 582
449 544
453 502
454 553
454 585
459 491
459 553
460 517
462 542
465 547
465 564
468 544
468 549
471 480
476 492
485 514
488 598
491 597
492 554
495 525
497 537
498 511
510 571
512 566
515 587
518 576
519 560
521 529
521 591
527 559
527 570
538 585
545 589
554 573
559 595
568 581
600 131
601 313
-1 -1
7.05767
