500 2964
0 494
0 495
0 496
0 497
0 498
0 499
1 494
1 495
1 496
1 497
1 498
1 499
2 494
2 495
2 496
2 497
2 498
2 499
3 494
3 495
3 496
3 497
3 498
3 499
4 494
4 495
4 496
4 497
4 498
4 499
5 494
5 495
5 496
5 497
5 498
5 499
6 494
6 495
6 496
6 497
6 498
6 499
7 494
7 495
7 496
7 497
7 498
7 499
8 494
8 495
8 496
8 497
8 498
8 499
9 494
9 495
9 496
9 497
9 498
9 499
10 494
10 495
10 496
10 497
10 498
10 499
11 494
11 495
11 496
11 497
11 498
11 499
12 494
12 495
12 496
12 497
12 498
12 499
13 494
13 495
13 496
13 497
13 498
13 499
14 494
14 495
14 496
14 497
14 498
14 499
15 494
15 495
15 496
15 497
15 498
15 499
16 494
16 495
16 496
16 497
16 498
16 499
17 494
17 495
17 496
17 497
17 498
17 499
18 496
18 497
18 498
18 494
18 495
19 494
19 495
19 496
19 497
19 498
19 499
20 494
20 495
20 496
20 497
20 498
20 499
21 494
21 495
21 496
21 497
21 498
21 499
22 494
22 495
22 496
22 497
22 498
22 499
23 494
23 495
23 496
23 497
23 498
23 499
24 497
24 498
24 499
24 494
24 495
25 494
25 495
25 496
25 497
25 498
25 499
26 494
26 495
26 496
26 497
26 498
26 499
27 494
27 495
27 496
27 497
27 498
27 499
28 494
28 495
28 496
28 497
28 498
28 499
29 494
29 495
29 496
29 497
29 498
29 499
30 494
30 495
30 496
30 497
30 498
30 499
31 494
31 495
31 496
31 497
31 498
31 499
32 494
32 495
32 496
32 497
32 498
32 499
33 494
33 495
33 496
33 497
33 498
33 499
34 494
34 495
34 496
34 497
34 498
34 499
35 494
35 495
35 496
35 497
35 498
35 499
36 494
36 495
36 496
36 497
36 498
36 499
37 494
37 495
37 496
37 497
37 498
37 499
38 494
38 495
38 496
38 497
38 498
38 499
39 494
39 495
39 496
39 497
39 498
39 499
40 494
40 495
40 496
40 497
40 498
40 499
41 494
41 495
41 496
41 497
41 498
41 499
42 494
42 495
42 496
42 497
42 498
42 499
43 494
43 495
43 496
43 497
43 498
43 499
44 496
44 497
44 499
44 494
44 495
45 494
45 495
45 496
45 497
45 498
45 499
46 494
46 495
46 496
46 497
46 498
46 499
47 494
47 495
47 496
47 497
47 498
47 499
48 494
48 495
48 496
48 497
48 498
48 499
49 494
49 495
49 496
49 497
49 498
49 499
50 494
50 495
50 496
50 497
50 498
50 499
51 494
51 495
51 496
51 497
51 498
51 499
52 494
52 495
52 496
52 497
52 498
52 499
53 494
53 495
53 496
53 497
53 498
53 499
54 494
54 495
54 496
54 497
54 498
54 499
55 494
55 495
55 496
55 497
55 498
55 499
56 494
56 495
56 496
56 497
56 498
56 499
57 494
57 495
57 496
57 497
57 498
57 499
58 494
58 495
58 496
58 497
58 498
58 499
59 494
59 495
59 496
59 497
59 498
59 499
60 494
60 495
60 496
60 497
60 498
60 499
61 494
61 495
61 496
61 497
61 498
61 499
62 494
62 495
62 496
62 497
62 498
62 499
63 494
63 495
63 496
63 497
63 498
63 499
64 494
64 495
64 496
64 497
64 498
64 499
65 494
65 495
65 496
65 497
65 498
65 499
66 494
66 495
66 496
66 497
66 498
66 499
67 494
67 495
67 496
67 497
67 498
67 499
68 494
68 495
68 496
68 497
68 498
68 499
69 494
69 495
69 496
69 497
69 498
69 499
70 494
70 495
70 496
70 497
70 498
70 499
71 494
71 495
71 496
71 497
71 498
71 499
72 494
72 495
72 496
72 497
72 498
72 499
73 494
73 495
73 496
73 497
73 498
73 499
74 494
74 495
74 496
74 497
74 498
74 499
75 494
75 495
75 496
75 497
75 498
75 499
76 494
76 495
76 496
76 497
76 498
76 499
77 494
77 495
77 496
77 497
77 498
77 499
78 494
78 495
78 496
78 497
78 498
78 499
79 494
79 495
79 496
79 497
79 498
79 499
80 494
80 495
80 496
80 497
80 498
80 499
81 494
81 495
81 496
81 497
81 498
81 499
82 494
82 495
82 496
82 497
82 498
82 499
83 494
83 495
83 496
83 497
83 498
83 499
84 494
84 495
84 496
84 497
84 498
84 499
85 494
85 495
85 496
85 497
85 498
85 499
86 494
86 495
86 496
86 497
86 498
86 499
87 494
87 495
87 496
87 497
87 498
87 499
88 494
88 495
88 496
88 497
88 498
88 499
89 494
89 495
89 496
89 497
89 498
89 499
90 494
90 495
90 496
90 497
90 498
90 499
91 494
91 495
91 496
91 497
91 498
91 499
92 494
92 495
92 496
92 497
92 498
92 499
93 494
93 495
93 496
93 497
93 498
93 499
94 494
94 495
94 496
94 497
94 498
94 499
95 494
95 495
95 496
95 497
95 498
95 499
96 494
96 495
96 496
96 497
96 498
96 499
97 494
97 495
97 496
97 497
97 498
97 499
98 494
98 495
98 496
98 497
98 498
98 499
99 494
99 495
99 496
99 497
99 498
99 499
100 494
100 495
100 496
100 497
100 498
100 499
101 494
101 495
101 496
101 497
101 498
101 499
102 494
102 495
102 496
102 497
102 498
102 499
103 494
103 495
103 496
103 497
103 498
103 499
104 494
104 495
104 496
104 497
104 498
104 499
105 494
105 495
105 496
105 497
105 498
105 499
106 494
106 495
106 496
106 497
106 498
106 499
107 494
107 495
107 496
107 497
107 498
107 499
108 494
108 495
108 496
108 497
108 498
108 499
109 494
109 495
109 496
109 497
109 498
109 499
110 494
110 495
110 496
110 497
110 498
110 499
111 494
111 495
111 496
111 497
111 498
111 499
112 494
112 495
112 496
112 497
112 498
112 499
113 494
113 495
113 496
113 497
113 498
113 499
114 494
114 495
114 496
114 497
114 498
114 499
115 494
115 495
115 496
115 497
115 498
115 499
116 494
116 495
116 496
116 497
116 498
116 499
117 494
117 495
117 496
117 497
117 498
117 499
118 494
118 495
118 496
118 497
118 498
118 499
119 494
119 495
119 496
119 497
119 498
119 499
120 494
120 495
120 496
120 497
120 498
120 499
121 494
121 495
121 496
121 497
121 498
121 499
122 494
122 495
122 496
122 497
122 498
122 499
123 494
123 495
123 496
123 497
123 498
123 499
124 494
124 495
124 496
124 497
124 498
124 499
125 494
125 495
125 496
125 497
125 498
125 499
126 494
126 495
126 496
126 497
126 498
126 499
127 494
127 495
127 496
127 497
127 498
127 499
128 494
128 495
128 496
128 497
128 498
128 499
129 494
129 495
129 496
129 497
129 498
129 499
130 494
130 495
130 496
130 497
130 498
130 499
131 494
131 495
131 496
131 497
131 498
131 499
132 494
132 495
132 496
132 497
132 498
132 499
133 494
133 495
133 496
133 497
133 498
133 499
134 494
134 495
134 496
134 497
134 498
134 499
135 494
135 495
135 496
135 497
135 498
135 499
136 494
136 495
136 496
136 497
136 498
136 499
137 494
137 495
137 496
137 497
137 498
137 499
138 494
138 495
138 496
138 497
138 498
138 499
139 494
139 495
139 496
139 497
139 498
139 499
140 494
140 495
140 496
140 497
140 498
140 499
141 494
141 495
141 496
141 497
141 498
141 499
142 496
142 497
142 498
142 494
142 495
143 494
143 495
143 496
143 497
143 498
143 499
144 496
144 497
144 499
144 494
144 495
145 494
145 495
145 496
145 497
145 498
145 499
146 494
146 495
146 496
146 497
146 498
146 499
147 494
147 495
147 496
147 497
147 498
147 499
148 494
148 495
148 496
148 497
148 498
148 499
149 494
149 495
149 496
149 497
149 498
149 499
150 494
150 495
150 496
150 497
150 498
150 499
151 494
151 495
151 496
151 497
151 498
151 499
152 494
152 495
152 496
152 497
152 498
152 499
153 494
153 495
153 496
153 497
153 498
153 499
154 494
154 495
154 496
154 497
154 498
154 499
155 494
155 495
155 496
155 497
155 498
155 499
156 494
156 495
156 496
156 497
156 498
156 499
157 494
157 495
157 496
157 497
157 498
157 499
158 494
158 495
158 496
158 497
158 498
158 499
159 494
159 495
159 496
159 497
159 498
159 499
160 494
160 495
160 496
160 497
160 498
160 499
161 494
161 495
161 496
161 497
161 498
161 499
162 494
162 495
162 496
162 497
162 498
162 499
163 494
163 495
163 496
163 497
163 498
163 499
164 494
164 495
164 496
164 497
164 498
164 499
165 494
165 495
165 496
165 497
165 498
165 499
166 494
166 495
166 496
166 497
166 498
166 499
167 494
167 495
167 496
167 497
167 498
167 499
168 494
168 495
168 496
168 497
168 498
168 499
169 494
169 495
169 496
169 497
169 498
169 499
170 494
170 495
170 496
170 497
170 498
170 499
171 494
171 495
171 496
171 497
171 498
171 499
172 494
172 495
172 496
172 497
172 498
172 499
173 494
173 495
173 496
173 497
173 498
173 499
174 494
174 495
174 496
174 497
174 498
174 499
175 494
175 495
175 496
175 497
175 498
175 499
176 494
176 495
176 496
176 497
176 498
176 499
177 494
177 495
177 496
177 497
177 498
177 499
178 494
178 495
178 496
178 497
178 498
178 499
179 494
179 495
179 496
179 497
179 498
179 499
180 494
180 495
180 496
180 497
180 498
180 499
181 494
181 495
181 496
181 497
181 498
181 499
182 494
182 495
182 496
182 497
182 498
182 499
183 494
183 495
183 496
183 497
183 498
183 499
184 494
184 495
184 496
184 497
184 498
184 499
185 494
185 495
185 496
185 497
185 498
185 499
186 494
186 495
186 496
186 497
186 498
186 499
187 494
187 495
187 496
187 497
187 498
187 499
188 496
188 497
188 499
188 494
188 495
189 496
189 497
189 498
189 494
189 495
190 494
190 495
190 496
190 497
190 498
190 499
191 494
191 495
191 496
191 497
191 498
191 499
192 494
192 495
192 496
192 497
192 498
192 499
193 494
193 495
193 496
193 497
193 498
193 499
194 494
194 495
194 496
194 497
194 498
194 499
195 496
195 498
195 499
195 494
195 495
196 494
196 495
196 496
196 497
196 498
196 499
197 494
197 495
197 496
197 497
197 498
197 499
198 494
198 495
198 496
198 497
198 498
198 499
199 494
199 495
199 496
199 497
199 498
199 499
200 494
200 495
200 496
200 497
200 498
200 499
201 494
201 495
201 496
201 497
201 498
201 499
202 494
202 495
202 496
202 497
202 498
202 499
203 494
203 495
203 496
203 497
203 498
203 499
204 494
204 495
204 496
204 497
204 498
204 499
205 494
205 495
205 496
205 497
205 498
205 499
206 494
206 495
206 496
206 497
206 498
206 499
207 494
207 495
207 496
207 497
207 498
207 499
208 494
208 495
208 496
208 497
208 498
208 499
209 494
209 495
209 496
209 497
209 498
209 499
210 494
210 495
210 496
210 497
210 498
210 499
211 494
211 495
211 496
211 497
211 498
211 499
212 494
212 495
212 496
212 497
212 498
212 499
213 494
213 495
213 496
213 497
213 498
213 499
214 494
214 495
214 496
214 497
214 498
214 499
215 494
215 495
215 496
215 497
215 498
215 499
216 494
216 495
216 496
216 497
216 498
216 499
217 494
217 495
217 496
217 497
217 498
217 499
218 494
218 495
218 496
218 497
218 498
218 499
219 494
219 495
219 496
219 497
219 498
219 499
220 494
220 495
220 496
220 497
220 498
220 499
221 494
221 495
221 496
221 497
221 498
221 499
222 494
222 495
222 496
222 497
222 498
222 499
223 494
223 495
223 496
223 497
223 498
223 499
224 494
224 495
224 496
224 497
224 498
224 499
225 494
225 495
225 496
225 497
225 498
225 499
226 494
226 495
226 496
226 497
226 498
226 499
227 494
227 495
227 496
227 497
227 498
227 499
228 494
228 495
228 496
228 497
228 498
228 499
229 494
229 495
229 496
229 497
229 498
229 499
230 494
230 495
230 496
230 497
230 498
230 499
231 494
231 495
231 496
231 497
231 498
231 499
232 494
232 495
232 496
232 497
232 498
232 499
233 494
233 495
233 496
233 497
233 498
233 499
234 494
234 495
234 496
234 497
234 498
234 499
235 494
235 495
235 496
235 497
235 498
235 499
236 494
236 495
236 496
236 497
236 498
236 499
237 494
237 495
237 496
237 497
237 498
237 499
238 494
238 495
238 496
238 497
238 498
238 499
239 494
239 495
239 496
239 497
239 498
239 499
240 494
240 495
240 496
240 497
240 498
240 499
241 494
241 495
241 496
241 497
241 498
241 499
242 494
242 495
242 496
242 497
242 498
242 499
243 494
243 495
243 496
243 497
243 498
243 499
244 494
244 495
244 496
244 497
244 498
244 499
245 494
245 495
245 496
245 497
245 498
245 499
246 494
246 495
246 496
246 497
246 498
246 499
247 494
247 495
247 496
247 497
247 498
247 499
248 494
248 495
248 496
248 497
248 498
248 499
249 494
249 495
249 496
249 497
249 498
249 499
250 494
250 495
250 496
250 497
250 498
250 499
251 494
251 495
251 496
251 497
251 498
251 499
252 494
252 495
252 496
252 497
252 498
252 499
253 494
253 495
253 496
253 497
253 498
253 499
254 494
254 495
254 496
254 497
254 498
254 499
255 494
255 495
255 496
255 497
255 498
255 499
256 494
256 495
256 496
256 497
256 498
256 499
257 494
257 495
257 496
257 497
257 498
257 499
258 494
258 495
258 496
258 497
258 498
258 499
259 494
259 495
259 496
259 497
259 498
259 499
260 494
260 495
260 496
260 497
260 498
260 499
261 494
261 495
261 496
261 497
261 498
261 499
262 494
262 495
262 496
262 497
262 498
262 499
263 494
263 495
263 496
263 497
263 498
263 499
264 494
264 495
264 496
264 497
264 498
264 499
265 494
265 495
265 496
265 497
265 498
265 499
266 494
266 495
266 496
266 497
266 498
266 499
267 494
267 495
267 496
267 497
267 498
267 499
268 494
268 495
268 496
268 497
268 498
268 499
269 494
269 495
269 496
269 497
269 498
269 499
270 494
270 495
270 496
270 497
270 498
270 499
271 494
271 495
271 496
271 497
271 498
271 499
272 494
272 495
272 496
272 497
272 498
272 499
273 494
273 495
273 496
273 497
273 498
273 499
274 494
274 495
274 496
274 497
274 498
274 499
275 494
275 495
275 496
275 497
275 498
275 499
276 494
276 495
276 496
276 497
276 498
276 499
277 494
277 495
277 496
277 497
277 498
277 499
278 494
278 495
278 496
278 497
278 498
278 499
279 494
279 495
279 496
279 497
279 498
279 499
280 494
280 495
280 496
280 497
280 498
280 499
281 494
281 495
281 496
281 497
281 498
281 499
282 494
282 495
282 496
282 497
282 498
282 499
283 494
283 495
283 496
283 497
283 498
283 499
284 494
284 495
284 496
284 497
284 498
284 499
285 494
285 495
285 496
285 497
285 498
285 499
286 494
286 495
286 496
286 497
286 498
286 499
287 494
287 495
287 496
287 497
287 498
287 499
288 494
288 495
288 496
288 497
288 498
288 499
289 494
289 495
289 496
289 497
289 498
289 499
290 494
290 495
290 496
290 497
290 498
290 499
291 494
291 495
291 496
291 497
291 498
291 499
292 494
292 495
292 496
292 497
292 498
292 499
293 494
293 495
293 496
293 497
293 498
293 499
294 494
294 495
294 496
294 497
294 498
294 499
295 494
295 495
295 496
295 497
295 498
295 499
296 494
296 495
296 496
296 497
296 498
296 499
297 494
297 495
297 496
297 497
297 498
297 499
298 494
298 495
298 496
298 497
298 498
298 499
299 494
299 495
299 496
299 497
299 498
299 499
300 494
300 495
300 496
300 497
300 498
300 499
301 494
301 495
301 496
301 497
301 498
301 499
302 494
302 495
302 496
302 497
302 498
302 499
303 494
303 495
303 496
303 497
303 498
303 499
304 494
304 495
304 496
304 497
304 498
304 499
305 494
305 495
305 496
305 497
305 498
305 499
306 494
306 495
306 496
306 497
306 498
306 499
307 494
307 495
307 496
307 497
307 498
307 499
308 494
308 495
308 496
308 497
308 498
308 499
309 494
309 495
309 496
309 497
309 498
309 499
310 494
310 495
310 496
310 497
310 498
310 499
311 494
311 495
311 496
311 497
311 498
311 499
312 494
312 495
312 496
312 497
312 498
312 499
313 494
313 495
313 496
313 497
313 498
313 499
314 494
314 495
314 496
314 497
314 498
314 499
315 494
315 495
315 496
315 497
315 498
315 499
316 494
316 495
316 496
316 497
316 498
316 499
317 494
317 495
317 496
317 497
317 498
317 499
318 494
318 495
318 496
318 497
318 498
318 499
319 494
319 495
319 496
319 497
319 498
319 499
320 494
320 495
320 496
320 497
320 498
320 499
321 494
321 495
321 496
321 497
321 498
321 499
322 494
322 495
322 496
322 497
322 498
322 499
323 494
323 495
323 496
323 497
323 498
323 499
324 494
324 495
324 496
324 497
324 498
324 499
325 494
325 495
325 496
325 497
325 498
325 499
326 494
326 495
326 496
326 497
326 498
326 499
327 494
327 495
327 496
327 497
327 498
327 499
328 494
328 495
328 496
328 497
328 498
328 499
329 494
329 495
329 496
329 497
329 498
329 499
330 494
330 495
330 496
330 497
330 498
330 499
331 494
331 495
331 496
331 497
331 498
331 499
332 494
332 495
332 496
332 497
332 498
332 499
333 494
333 495
333 496
333 497
333 498
333 499
334 494
334 495
334 496
334 497
334 498
334 499
335 494
335 495
335 496
335 497
335 498
335 499
336 494
336 495
336 496
336 497
336 498
336 499
337 494
337 495
337 496
337 497
337 498
337 499
338 494
338 495
338 496
338 497
338 498
338 499
339 494
339 495
339 496
339 497
339 498
339 499
340 494
340 495
340 496
340 497
340 498
340 499
341 494
341 495
341 496
341 497
341 498
341 499
342 494
342 495
342 496
342 497
342 498
342 499
343 494
343 495
343 496
343 497
343 498
343 499
344 494
344 495
344 496
344 497
344 498
344 499
345 494
345 495
345 496
345 497
345 498
345 499
346 494
346 495
346 496
346 497
346 498
346 499
347 494
347 495
347 496
347 497
347 498
347 499
348 494
348 495
348 496
348 497
348 498
348 499
349 494
349 495
349 496
349 497
349 498
349 499
350 494
350 495
350 496
350 497
350 498
350 499
351 496
351 497
351 498
351 499
351 494
352 496
352 498
352 499
352 494
352 495
353 494
353 495
353 496
353 497
353 498
353 499
354 494
354 495
354 496
354 497
354 498
354 499
355 494
355 495
355 496
355 497
355 498
355 499
356 494
356 495
356 496
356 497
356 498
356 499
357 494
357 495
357 496
357 497
357 498
357 499
358 494
358 495
358 496
358 497
358 498
358 499
359 494
359 495
359 496
359 497
359 498
359 499
360 494
360 495
360 496
360 497
360 498
360 499
361 496
361 498
361 499
361 494
361 495
362 494
362 495
362 496
362 497
362 498
362 499
363 494
363 495
363 496
363 497
363 498
363 499
364 494
364 495
364 496
364 497
364 498
364 499
365 494
365 495
365 496
365 497
365 498
365 499
366 494
366 495
366 496
366 497
366 498
366 499
367 494
367 495
367 496
367 497
367 498
367 499
368 494
368 495
368 496
368 497
368 498
368 499
369 494
369 495
369 496
369 497
369 498
369 499
370 494
370 495
370 496
370 497
370 498
370 499
371 494
371 495
371 496
371 497
371 498
371 499
372 494
372 495
372 496
372 497
372 498
372 499
373 494
373 495
373 496
373 497
373 498
373 499
374 494
374 495
374 496
374 497
374 498
374 499
375 494
375 495
375 496
375 497
375 498
375 499
376 494
376 495
376 496
376 497
376 498
376 499
377 494
377 495
377 496
377 497
377 498
377 499
378 494
378 495
378 496
378 497
378 498
378 499
379 494
379 495
379 496
379 497
379 498
379 499
380 494
380 495
380 496
380 497
380 498
380 499
381 494
381 495
381 496
381 497
381 498
381 499
382 494
382 495
382 496
382 497
382 498
382 499
383 494
383 495
383 496
383 497
383 498
383 499
384 494
384 495
384 496
384 497
384 498
384 499
385 494
385 495
385 496
385 497
385 498
385 499
386 494
386 495
386 496
386 497
386 498
386 499
387 494
387 495
387 496
387 497
387 498
387 499
388 494
388 495
388 496
388 497
388 498
388 499
389 494
389 495
389 496
389 497
389 498
389 499
390 494
390 495
390 496
390 497
390 498
390 499
391 494
391 495
391 496
391 497
391 498
391 499
392 494
392 495
392 496
392 497
392 498
392 499
393 494
393 495
393 496
393 497
393 498
393 499
394 494
394 495
394 496
394 497
394 498
394 499
395 494
395 495
395 496
395 497
395 498
395 499
396 494
396 495
396 496
396 497
396 498
396 499
397 494
397 495
397 496
397 497
397 498
397 499
398 494
398 495
398 496
398 497
398 498
398 499
399 494
399 495
399 496
399 497
399 498
399 499
400 496
400 497
400 499
400 494
400 495
401 494
401 495
401 496
401 497
401 498
401 499
402 497
402 498
402 499
402 494
402 495
403 494
403 495
403 496
403 497
403 498
403 499
404 494
404 495
404 496
404 497
404 498
404 499
405 494
405 495
405 496
405 497
405 498
405 499
406 494
406 495
406 496
406 497
406 498
406 499
407 494
407 495
407 496
407 497
407 498
407 499
408 494
408 495
408 496
408 497
408 498
408 499
409 494
409 495
409 496
409 497
409 498
409 499
410 494
410 495
410 496
410 497
410 498
410 499
411 494
411 495
411 496
411 497
411 498
411 499
412 494
412 495
412 496
412 497
412 498
412 499
413 494
413 495
413 496
413 497
413 498
413 499
414 494
414 495
414 496
414 497
414 498
414 499
415 494
415 495
415 496
415 497
415 498
415 499
416 496
416 497
416 498
416 494
416 495
417 494
417 495
417 496
417 497
417 498
417 499
418 494
418 495
418 496
418 497
418 498
418 499
419 494
419 495
419 496
419 497
419 498
419 499
420 494
420 495
420 496
420 497
420 498
420 499
421 494
421 495
421 496
421 497
421 498
421 499
422 494
422 495
422 496
422 497
422 498
422 499
423 494
423 495
423 496
423 497
423 498
423 499
424 494
424 495
424 496
424 497
424 498
424 499
425 494
425 495
425 496
425 497
425 498
425 499
426 494
426 495
426 496
426 497
426 498
426 499
427 494
427 495
427 496
427 497
427 498
427 499
428 494
428 495
428 496
428 497
428 498
428 499
429 494
429 495
429 496
429 497
429 498
429 499
430 494
430 495
430 496
430 497
430 498
430 499
431 494
431 495
431 496
431 497
431 498
431 499
432 494
432 495
432 496
432 497
432 498
432 499
433 494
433 495
433 496
433 497
433 498
433 499
434 494
434 495
434 496
434 497
434 498
434 499
435 494
435 495
435 496
435 497
435 498
435 499
436 494
436 495
436 496
436 497
436 498
436 499
437 494
437 495
437 496
437 497
437 498
437 499
438 494
438 495
438 496
438 497
438 498
438 499
439 494
439 495
439 496
439 497
439 498
439 499
440 494
440 495
440 496
440 497
440 498
440 499
441 494
441 495
441 496
441 497
441 498
441 499
442 494
442 495
442 496
442 497
442 498
442 499
443 494
443 495
443 496
443 497
443 498
443 499
444 494
444 495
444 496
444 497
444 498
444 499
445 494
445 495
445 496
445 497
445 498
445 499
446 494
446 495
446 496
446 497
446 498
446 499
447 494
447 495
447 496
447 497
447 498
447 499
448 494
448 495
448 496
448 497
448 498
448 499
449 494
449 495
449 496
449 497
449 498
449 499
450 494
450 495
450 496
450 497
450 498
450 499
451 494
451 495
451 496
451 497
451 498
451 499
452 494
452 495
452 496
452 497
452 498
452 499
453 494
453 495
453 496
453 497
453 498
453 499
454 494
454 495
454 496
454 497
454 498
454 499
455 494
455 495
455 496
455 497
455 498
455 499
456 494
456 495
456 496
456 497
456 498
456 499
457 494
457 495
457 496
457 497
457 498
457 499
458 494
458 495
458 496
458 497
458 498
458 499
459 494
459 495
459 496
459 497
459 498
459 499
460 494
460 495
460 496
460 497
460 498
460 499
461 494
461 495
461 496
461 497
461 498
461 499
462 494
462 495
462 496
462 497
462 498
462 499
463 494
463 495
463 496
463 497
463 498
463 499
464 494
464 495
464 496
464 497
464 498
464 499
465 494
465 495
465 496
465 497
465 498
465 499
466 494
466 495
466 496
466 497
466 498
466 499
467 494
467 495
467 496
467 497
467 498
467 499
468 494
468 495
468 496
468 497
468 498
468 499
469 494
469 495
469 496
469 497
469 498
469 499
470 494
470 495
470 496
470 497
470 498
470 499
471 494
471 495
471 496
471 497
471 498
471 499
472 494
472 495
472 496
472 497
472 498
472 499
473 494
473 495
473 496
473 497
473 498
473 499
474 494
474 495
474 496
474 497
474 498
474 499
475 494
475 495
475 496
475 497
475 498
475 499
476 494
476 495
476 496
476 497
476 498
476 499
477 494
477 495
477 496
477 497
477 498
477 499
478 494
478 495
478 496
478 497
478 498
478 499
479 494
479 495
479 496
479 497
479 498
479 499
480 496
480 497
480 498
480 494
480 495
481 494
481 495
481 496
481 497
481 498
481 499
482 494
482 495
482 496
482 497
482 498
482 499
483 494
483 495
483 496
483 497
483 498
483 499
484 494
484 495
484 496
484 497
484 498
484 499
485 494
485 495
485 496
485 497
485 498
485 499
486 494
486 495
486 496
486 497
486 498
486 499
487 494
487 495
487 496
487 497
487 498
487 499
488 494
488 495
488 496
488 497
488 498
488 499
489 494
489 495
489 496
489 497
489 498
489 499
490 494
490 495
490 496
490 497
490 498
490 499
491 494
491 495
491 496
491 497
491 498
491 499
492 494
492 495
492 496
492 497
492 498
492 499
493 494
493 495
493 496
493 497
493 498
493 499
494 495
494 496
494 497
494 498
494 499
495 496
495 497
495 498
495 499
496 497
496 498
496 499
497 498
497 499
498 499
