400 3879
0 283
0 165
0 230
0 305
0 136
0 105
0 234
0 300
0 337
0 399
0 81
0 277
0 150
0 297
0 57
0 293
0 191
0 200
0 253
0 350
0 223
1 192
1 320
1 379
1 6
1 199
1 392
1 395
1 333
1 142
1 207
1 337
1 338
1 365
1 174
1 279
1 376
1 191
1 95
2 128
2 192
2 4
2 257
2 201
2 75
2 256
2 144
2 324
2 27
2 92
2 224
2 354
2 168
2 41
2 171
2 108
2 175
2 370
2 254
2 313
2 252
2 318
3 226
3 131
3 356
3 101
3 102
3 72
3 41
3 170
3 174
3 208
3 355
3 149
3 119
3 57
3 378
3 284
3 125
3 390
4 299
4 5
4 231
4 40
4 9
4 203
4 66
4 142
4 359
4 147
4 309
4 54
4 313
4 122
4 252
5 64
5 387
5 326
5 263
5 265
5 74
5 212
5 23
5 345
5 90
5 157
5 94
5 97
5 358
5 39
5 296
5 231
5 238
5 51
5 116
5 376
5 60
5 62
5 191
6 384
6 387
6 292
6 198
6 294
6 161
6 330
6 311
6 109
6 333
6 112
6 52
6 119
6 212
6 346
6 221
6 345
7 325
7 264
7 395
7 173
7 303
7 149
7 87
7 217
7 90
7 175
7 285
7 94
7 32
7 353
7 59
7 172
7 301
7 47
7 243
7 372
7 315
7 382
8 392
8 163
8 293
8 72
8 107
8 204
8 141
8 17
8 178
8 116
8 62
8 280
8 184
8 299
8 331
8 124
8 190
8 223
9 384
9 360
9 230
9 295
9 72
9 363
9 398
9 303
9 112
9 337
9 21
9 345
9 250
9 251
9 60
9 63
10 193
10 35
10 262
10 134
10 336
10 372
10 298
10 310
10 173
10 143
10 112
10 241
10 333
10 212
10 246
10 119
10 217
10 219
10 390
10 313
10 287
11 321
11 99
11 381
11 248
11 91
11 396
11 157
11 365
12 194
12 59
12 329
12 38
12 392
12 233
12 266
12 235
12 396
12 148
12 350
12 118
12 247
12 57
12 90
12 219
12 61
12 222
12 159
13 299
13 72
13 275
13 235
13 365
13 142
13 375
13 144
13 152
13 179
13 21
13 310
13 23
13 88
13 249
13 346
13 316
13 29
14 311
14 34
14 324
14 390
14 72
14 265
14 74
14 279
14 354
14 302
14 239
14 17
14 243
14 21
14 120
14 24
14 121
14 111
14 253
14 126
15 384
15 385
15 196
15 264
15 76
15 270
15 88
15 89
15 282
15 29
15 353
15 163
15 229
15 297
15 176
15 241
15 50
15 182
15 375
15 379
15 252
15 319
16 240
16 356
16 198
16 392
16 339
16 332
16 46
16 111
16 208
16 368
16 274
16 19
16 86
16 151
16 280
16 91
16 284
16 127
17 235
17 103
17 233
17 362
17 199
17 172
17 301
17 381
17 336
17 114
17 110
17 54
17 24
17 347
17 78
18 386
18 259
18 390
18 136
18 393
18 76
18 333
18 271
18 376
18 275
18 86
18 279
18 350
18 40
18 61
18 241
18 51
18 116
18 222
18 72
18 58
18 168
18 317
18 383
19 368
19 386
19 379
19 166
19 264
19 233
19 363
19 108
19 206
19 189
19 360
19 335
19 277
19 311
19 319
19 317
19 191
20 33
20 194
20 197
20 295
20 307
20 300
20 45
20 143
20 145
20 82
20 83
20 399
20 301
20 246
20 344
20 364
20 218
20 351
20 349
20 318
20 31
21 311
21 395
21 197
21 263
21 136
21 290
21 332
21 344
21 146
21 339
21 85
21 342
21 151
21 280
21 297
21 160
21 33
21 226
21 163
21 39
21 105
21 47
21 240
21 265
21 250
22 196
22 134
22 135
22 168
22 362
22 215
22 109
22 206
22 301
22 176
22 306
22 245
22 310
22 183
22 376
22 89
22 220
22 157
22 185
22 63
23 130
23 294
23 101
23 70
23 200
23 389
23 213
23 272
23 82
23 307
23 148
23 85
23 278
23 280
23 306
23 157
23 190
24 226
24 355
24 373
24 297
24 366
24 332
24 269
24 237
24 76
24 334
24 374
24 343
24 312
24 185
24 367
24 361
24 95
25 295
25 131
25 292
25 103
25 307
25 170
25 71
25 396
25 45
25 367
25 304
25 306
25 51
25 117
25 152
25 186
25 277
26 320
26 66
26 260
26 198
26 272
26 209
26 252
26 324
26 349
26 95
26 292
26 230
26 105
26 236
26 47
26 48
26 113
26 117
26 374
26 186
26 316
26 189
26 254
27 160
27 208
27 387
27 272
27 101
27 325
27 257
27 384
27 79
27 171
27 192
27 256
27 175
27 176
27 82
27 339
27 341
27 123
27 380
27 293
28 326
28 391
28 74
28 204
28 77
28 270
28 335
28 144
28 227
28 276
28 342
28 186
28 289
28 35
28 37
28 167
28 104
28 106
28 241
28 378
28 232
28 394
29 33
29 39
29 72
29 329
29 330
29 119
29 396
29 50
29 307
29 244
29 318
29 89
29 153
29 218
29 367
29 362
29 126
29 247
30 129
30 387
30 388
30 134
30 391
30 266
30 341
30 284
30 95
30 36
30 357
30 232
30 361
30 298
30 45
30 302
30 303
30 309
30 312
30 121
30 314
30 380
31 259
31 196
31 101
31 358
31 372
31 268
31 317
31 209
31 147
31 85
31 89
31 88
31 121
31 154
31 285
31 351
32 33
32 290
32 131
32 390
32 296
32 42
32 171
32 76
32 238
32 304
32 49
32 307
32 245
32 310
32 119
32 343
32 190
32 351
33 256
33 160
33 332
33 143
33 320
33 211
33 215
33 280
33 282
33 34
33 37
33 38
33 172
33 48
33 369
33 309
33 250
33 188
34 384
34 162
34 67
34 296
34 73
34 138
34 119
34 236
34 79
34 238
34 83
34 142
34 246
34 87
34 191
34 126
34 63
35 354
35 68
35 261
35 40
35 201
35 143
35 274
35 84
35 150
35 308
35 250
35 124
35 285
35 190
36 392
36 299
36 261
36 328
36 169
36 234
36 107
36 111
36 209
36 370
36 285
36 85
36 342
36 281
36 251
36 252
36 93
36 255
37 192
37 99
37 388
37 357
37 177
37 104
37 348
37 352
37 240
37 81
37 114
37 243
37 85
37 278
37 255
38 65
38 331
38 72
38 201
38 266
38 203
38 207
38 208
38 301
38 151
38 345
38 220
38 157
38 292
38 101
38 41
38 45
38 49
38 311
38 249
38 251
38 60
39 387
39 100
39 382
39 75
39 269
39 78
39 308
39 62
39 398
39 217
39 122
39 156
39 126
40 320
40 370
40 179
40 70
40 263
40 296
40 331
40 172
40 242
40 238
40 301
40 112
40 392
40 115
40 270
40 119
40 377
40 211
41 292
41 135
41 360
41 329
41 172
41 240
41 54
41 183
41 184
41 123
41 380
41 317
41 286
41 223
42 324
42 229
42 390
42 273
42 43
42 237
42 366
42 47
42 49
42 338
42 85
42 151
42 397
43 225
43 290
43 323
43 69
43 135
43 329
43 75
43 204
43 173
43 270
43 367
43 176
43 177
43 116
43 334
43 280
43 218
43 138
43 351
44 224
44 195
44 325
44 201
44 335
44 276
44 151
44 218
44 223
44 160
44 225
44 188
44 107
44 364
44 365
44 46
44 240
44 368
44 118
44 249
44 123
44 60
44 253
45 257
45 68
45 326
45 335
45 337
45 147
45 260
45 287
45 164
45 101
45 360
45 108
45 173
45 239
45 180
45 374
45 55
45 186
45 102
45 127
46 161
46 370
46 291
46 326
46 241
46 200
46 299
46 77
46 145
46 210
46 180
46 222
46 212
46 220
46 125
46 62
47 224
47 67
47 196
47 150
47 397
47 352
47 342
47 221
47 96
47 97
47 100
47 241
47 367
47 305
47 181
47 121
47 63
47 255
48 295
48 105
48 331
48 238
48 180
48 142
48 150
48 151
48 148
48 186
49 199
49 204
49 354
49 344
49 91
49 350
49 95
49 289
49 162
49 295
49 327
49 173
49 305
49 243
49 94
49 183
49 376
49 185
49 378
50 66
50 67
50 388
50 70
50 393
50 74
50 206
50 207
50 208
50 273
50 107
50 281
50 345
50 224
50 162
50 228
50 363
50 302
50 370
50 54
50 252
51 225
51 226
51 316
51 234
51 171
51 258
51 270
51 271
51 304
51 115
51 148
51 309
51 214
51 56
51 90
51 156
51 197
52 225
52 163
52 324
52 134
52 199
52 296
52 363
52 138
52 343
52 333
52 385
52 340
52 215
52 57
52 91
52 252
52 357
53 288
53 65
53 164
53 211
53 300
53 108
53 142
53 305
53 83
53 212
53 181
53 88
53 228
53 346
53 283
53 157
54 385
54 133
54 330
54 398
54 143
54 120
54 271
54 157
54 222
54 325
54 96
54 357
54 296
54 298
54 239
54 113
54 372
54 312
54 58
54 223
54 188
54 362
55 392
55 363
55 68
55 133
55 230
55 145
55 168
55 107
55 300
55 93
55 113
55 397
55 319
55 284
55 125
55 293
56 192
56 66
56 292
56 358
56 166
56 170
56 206
56 304
56 305
56 242
56 279
56 219
56 348
57 129
57 199
57 200
57 202
57 75
57 204
57 336
57 209
57 276
57 343
57 218
57 282
57 90
57 329
57 224
57 370
57 315
57 293
57 360
57 169
57 306
57 242
57 265
57 59
57 191
58 160
58 161
58 194
58 359
58 69
58 321
58 354
58 236
58 306
58 320
58 176
58 113
58 395
58 125
59 99
59 324
59 69
59 200
59 236
59 171
59 331
59 113
59 83
59 300
59 249
59 88
59 152
59 395
59 355
59 293
60 66
60 323
60 98
60 206
60 336
60 178
60 84
60 188
60 189
60 390
61 91
61 309
61 223
61 389
61 274
61 236
61 77
61 238
61 272
61 305
61 147
61 110
61 374
61 219
61 255
62 320
62 194
62 67
62 196
62 139
62 144
62 195
62 149
62 214
62 343
62 285
62 158
62 289
62 342
62 105
62 109
62 367
62 242
62 373
62 120
62 378
62 316
63 257
63 315
63 356
63 389
63 104
63 333
63 334
63 207
63 144
63 150
63 252
63 317
63 158
63 261
64 328
64 130
64 355
64 168
64 73
64 361
64 338
64 303
64 368
64 72
64 82
64 387
64 318
64 69
64 395
64 345
64 367
64 188
64 254
64 197
65 96
65 97
65 324
65 140
65 243
65 119
65 89
65 122
65 191
65 319
66 226
66 195
66 229
66 76
66 175
66 276
66 252
66 393
66 313
66 155
66 220
67 160
67 75
67 102
67 71
67 392
67 74
67 171
67 172
67 366
67 209
67 399
67 87
67 267
67 313
67 347
68 393
68 322
68 324
68 295
68 92
68 331
68 242
68 334
68 141
68 274
68 122
68 220
68 222
68 255
69 128
69 387
69 165
69 393
69 266
69 204
69 224
69 304
69 208
69 335
69 349
69 184
69 92
69 314
70 320
70 295
70 347
70 391
70 327
70 232
70 330
70 370
70 366
70 182
70 87
70 153
70 315
70 381
71 240
71 98
71 99
71 359
71 171
71 396
71 333
71 174
71 239
71 80
71 379
71 285
71 286
72 192
72 132
72 230
72 321
72 203
72 268
72 141
72 144
72 211
72 212
72 278
72 222
72 224
72 97
72 229
72 259
72 391
72 367
72 116
72 309
72 329
72 393
72 383
73 288
73 260
73 262
73 135
73 105
73 266
73 346
73 108
73 77
73 301
73 217
73 154
73 379
73 220
73 330
73 254
74 256
74 130
74 265
74 202
74 278
74 343
74 344
74 86
74 158
74 355
74 231
74 298
74 366
74 244
74 117
74 312
74 252
74 373
75 160
75 279
75 197
75 102
75 296
75 201
75 322
75 207
75 118
75 153
75 397
75 89
75 335
75 351
76 162
76 397
76 264
76 299
76 322
76 270
76 239
76 144
76 376
76 116
76 279
76 153
76 285
76 306
77 323
77 203
77 141
77 271
77 272
77 209
77 146
77 85
77 345
77 93
77 158
77 293
77 354
77 99
77 166
77 230
77 338
77 372
77 310
77 122
77 316
78 245
78 212
78 228
78 137
78 298
78 314
78 269
78 127
79 256
79 288
79 131
79 164
79 293
79 130
79 296
79 323
79 205
79 238
79 301
79 242
79 195
79 182
79 151
79 367
79 339
80 214
80 171
80 269
80 334
80 339
80 340
80 277
80 150
80 215
80 349
80 389
81 193
81 374
81 342
81 102
81 136
81 298
81 172
81 397
81 320
81 310
81 375
81 312
81 282
81 124
81 317
81 134
81 319
82 325
82 134
82 327
82 331
82 142
82 271
82 344
82 229
82 288
82 225
82 356
82 165
82 358
82 233
82 307
82 312
82 276
82 383
83 160
83 100
83 275
83 363
83 109
83 207
83 111
83 178
83 179
83 150
83 248
83 346
83 318
84 288
84 324
84 200
84 349
84 92
84 213
84 279
84 312
84 123
84 284
84 93
84 373
85 193
85 343
85 132
85 358
85 321
85 393
85 331
85 141
85 280
85 388
85 219
85 102
85 369
85 296
85 107
85 238
85 241
85 312
85 379
85 189
86 225
86 114
86 391
86 296
86 269
86 237
86 339
86 316
86 126
87 100
87 98
87 104
87 167
87 194
87 304
87 326
87 310
87 196
87 346
87 351
87 191
88 288
88 353
88 196
88 105
88 301
88 127
88 239
88 233
88 272
88 115
88 119
88 332
88 380
88 265
88 95
89 359
89 231
89 265
89 223
89 396
89 353
89 212
89 361
89 216
89 250
89 186
89 207
89 220
89 189
90 137
90 106
90 103
90 141
90 175
90 368
90 178
90 153
90 319
90 330
90 101
91 208
91 258
91 132
91 358
91 199
91 324
91 205
91 180
91 309
91 344
91 186
91 380
91 154
91 392
91 191
92 330
92 139
92 333
92 338
92 291
92 277
92 279
92 344
92 281
92 282
92 197
92 163
92 164
92 210
92 302
92 366
92 186
92 379
92 345
93 385
93 162
93 227
93 399
93 136
93 362
93 367
93 245
93 278
93 119
93 290
93 212
93 219
93 151
93 381
93 318
94 128
94 129
94 327
94 260
94 102
94 284
94 171
94 301
94 142
94 111
94 208
94 371
94 386
94 297
94 120
94 185
94 188
94 285
95 197
95 136
95 234
95 363
95 333
95 317
95 335
95 372
95 181
95 155
95 316
95 248
96 130
96 291
96 167
96 365
96 366
96 113
96 213
96 111
96 127
97 322
97 323
97 270
97 399
97 274
97 212
97 277
97 216
97 223
97 354
97 163
97 356
97 242
97 113
97 306
97 310
97 377
97 314
97 315
97 255
98 388
98 106
98 135
98 300
98 365
98 338
98 346
98 219
98 282
98 223
99 262
99 263
99 328
99 334
99 335
99 273
99 278
99 281
99 220
99 157
99 187
99 230
99 104
99 364
99 371
99 116
99 248
99 189
100 224
100 386
100 363
100 356
100 197
100 107
100 143
100 272
100 308
100 374
100 218
100 103
100 325
101 324
101 151
101 365
101 382
101 348
101 285
101 292
101 229
101 177
101 108
101 174
101 157
101 305
101 309
101 246
101 120
101 215
102 258
102 328
102 322
102 141
102 273
102 152
102 346
102 219
102 158
102 344
102 163
102 362
102 176
102 179
102 155
102 119
102 378
102 189
102 127
103 139
103 237
103 205
103 274
103 318
103 367
103 220
103 221
103 286
103 223
104 192
104 321
104 258
104 131
104 326
104 394
104 205
104 222
104 351
104 166
104 241
104 169
104 172
104 305
104 373
104 313
104 318
104 255
105 193
105 131
105 327
105 220
105 282
105 288
105 368
105 167
105 296
105 362
105 108
105 302
105 303
105 113
105 180
105 374
105 119
105 187
105 317
106 131
106 196
106 359
106 290
106 237
106 206
106 349
106 368
106 277
106 249
106 260
106 282
107 385
107 244
107 294
107 357
107 201
107 139
107 366
107 111
107 212
107 319
107 124
107 126
107 149
108 325
108 201
108 207
108 143
108 274
108 278
108 154
108 283
108 224
108 354
108 347
108 303
108 370
108 249
108 122
108 380
108 319
109 384
109 246
109 219
109 150
109 231
109 393
109 139
109 172
109 176
109 241
109 345
109 216
109 249
109 187
109 380
109 133
110 328
110 392
110 396
110 164
110 296
110 140
110 339
110 299
110 268
110 368
110 378
110 243
110 180
110 282
110 314
110 158
111 256
111 386
111 165
111 169
111 382
111 336
111 209
111 214
111 311
111 283
111 381
111 126
111 117
112 224
112 368
112 386
112 291
112 373
112 263
112 235
112 142
112 272
112 216
112 371
112 117
112 120
112 379
112 350
112 245
113 290
113 292
113 166
113 128
113 299
113 140
113 125
113 210
113 371
113 341
113 121
113 350
114 162
114 134
114 295
114 322
114 141
114 302
114 207
114 274
114 339
114 180
114 334
114 280
114 143
114 284
114 369
114 150
115 161
115 283
115 147
115 262
115 243
115 323
115 387
115 143
115 336
115 117
115 152
115 136
115 223
115 282
115 159
116 288
116 268
116 142
116 208
116 340
116 347
116 221
116 351
116 160
116 144
116 293
116 234
116 336
116 308
116 117
116 247
116 188
116 373
117 353
117 290
117 295
117 329
117 364
117 337
117 209
117 150
117 152
117 186
117 189
117 350
118 256
118 201
118 363
118 364
118 140
118 307
118 398
118 233
118 371
118 127
119 139
119 397
119 248
119 285
119 310
119 121
119 390
120 336
120 123
120 132
120 262
120 233
120 294
120 178
120 275
120 297
120 376
120 345
120 218
120 187
120 357
121 325
121 262
121 372
121 169
121 391
121 141
121 365
121 374
121 281
121 349
122 192
122 386
122 219
122 228
122 200
122 169
122 285
122 144
122 296
122 283
122 155
122 156
122 208
122 261
123 391
123 392
123 127
123 176
123 344
123 338
123 310
123 215
123 346
123 381
123 159
124 388
124 166
124 305
124 233
124 235
124 236
124 141
124 397
124 393
124 387
125 353
125 326
125 133
125 134
125 295
125 396
125 235
125 268
125 397
125 195
125 184
125 155
125 381
126 386
126 267
126 132
126 264
126 226
126 234
126 141
126 371
126 212
126 366
126 221
127 144
127 341
127 293
127 335
127 202
127 288
127 271
127 146
127 245
127 309
127 252
127 298
127 287
128 357
128 391
128 143
128 205
128 141
128 349
128 383
128 149
128 246
128 247
128 250
128 187
128 317
128 191
129 131
129 325
129 294
129 297
129 234
129 236
129 144
129 371
129 246
129 375
129 332
130 226
130 227
130 324
130 293
130 289
130 398
130 176
130 291
130 155
130 284
131 388
131 198
131 372
131 270
131 145
131 242
131 308
131 297
131 152
131 399
131 266
131 382
132 399
132 342
132 393
132 138
132 311
132 237
132 206
132 333
132 286
132 345
132 182
132 183
132 249
132 346
132 341
133 193
133 325
133 329
133 204
133 333
133 206
133 143
133 209
133 150
133 348
133 285
133 223
133 297
133 157
133 240
133 177
133 373
133 251
134 193
134 370
134 308
134 389
134 225
134 360
134 329
134 206
134 175
134 234
134 250
134 255
135 168
135 138
135 172
135 397
135 307
135 180
135 373
135 371
135 169
136 160
136 275
136 169
136 298
136 203
136 140
136 365
136 206
136 303
136 334
136 383
137 208
137 395
137 323
137 360
137 297
137 298
137 235
137 237
137 269
137 144
137 369
137 274
137 366
137 149
137 280
137 306
137 380
137 254
137 373
138 256
138 384
138 261
138 234
138 334
138 305
138 308
138 374
138 378
138 382
139 279
139 226
139 355
139 324
139 261
139 332
139 204
139 206
139 209
139 310
139 154
139 363
139 282
139 389
140 160
140 277
140 342
140 230
140 145
140 234
140 391
140 353
140 304
140 286
140 212
140 213
140 249
140 381
140 158
140 159
141 328
141 359
141 271
141 214
141 381
141 314
141 383
142 194
142 179
142 388
142 267
142 151
142 196
142 303
142 222
142 159
142 163
142 360
142 239
142 243
142 184
142 314
142 354
142 255
143 323
143 395
143 271
143 337
143 355
143 343
143 286
143 197
143 226
143 230
143 233
143 176
144 225
144 392
144 351
144 376
144 157
145 230
145 263
145 362
145 195
145 149
145 343
145 340
145 349
146 256
146 292
146 293
146 263
146 172
146 357
146 391
146 268
146 205
146 240
146 188
146 300
146 379
146 284
147 262
147 168
147 297
147 234
147 237
147 309
147 278
147 253
147 158
148 272
148 260
148 229
148 330
148 215
148 204
148 302
148 209
148 316
148 341
148 246
148 348
148 345
148 252
148 221
148 159
149 289
149 305
149 298
149 364
149 376
149 249
149 314
149 346
150 213
150 195
150 233
150 323
150 302
150 340
150 333
150 163
150 378
151 164
151 336
151 270
151 349
151 313
151 277
152 288
152 376
152 322
152 381
152 238
152 175
152 209
152 365
152 183
152 312
152 317
152 158
153 290
153 166
153 189
153 338
153 180
153 309
153 312
153 252
153 383
154 374
154 268
154 300
154 371
154 311
154 248
154 215
154 361
155 385
155 399
155 200
155 169
155 392
155 194
155 253
155 273
155 212
155 297
155 376
155 380
155 158
155 191
156 196
156 325
156 200
156 169
156 174
156 338
156 246
156 247
156 376
156 351
157 384
157 161
157 329
157 179
157 163
157 372
157 379
158 320
158 199
158 264
158 397
158 238
158 343
158 356
158 351
158 228
158 233
158 174
158 176
158 242
158 181
158 377
158 381
159 321
159 323
159 261
159 326
159 327
159 201
159 339
159 336
159 211
159 213
159 216
159 286
159 172
159 372
159 222
159 312
159 245
160 162
160 399
160 307
160 238
160 221
160 176
160 369
160 353
160 299
160 218
161 219
161 356
161 261
161 340
161 185
161 283
161 348
162 347
162 292
162 263
162 349
162 220
162 391
162 221
162 208
162 181
162 268
162 375
162 217
162 271
162 188
163 228
163 278
163 272
163 188
163 266
163 240
163 176
163 312
163 347
163 318
163 181
164 385
164 195
164 199
164 201
164 205
164 275
164 340
164 279
164 283
164 349
164 225
164 226
164 236
164 369
164 178
164 253
165 353
165 327
165 264
165 265
165 234
165 391
165 210
165 174
165 200
165 344
165 281
165 220
165 319
166 224
166 193
166 388
166 294
166 177
166 207
166 244
166 181
166 350
167 256
167 323
167 262
167 391
167 204
167 205
167 399
167 276
167 219
167 235
167 369
167 370
167 243
167 375
167 250
167 187
167 380
167 190
168 288
168 357
168 198
168 200
168 266
168 375
168 300
168 370
168 368
168 313
168 381
168 345
169 193
169 322
169 201
169 267
169 268
169 206
169 398
169 273
169 270
169 284
169 286
169 226
169 359
169 304
169 372
169 181
169 182
169 343
169 373
170 288
170 356
170 229
170 259
170 171
170 335
170 291
170 251
170 378
170 283
170 293
171 235
171 367
171 176
171 182
171 247
171 248
171 234
172 256
172 325
172 263
172 334
172 276
172 285
172 290
172 242
172 312
172 340
173 192
173 342
173 198
173 396
173 236
173 337
173 310
173 215
173 184
173 283
173 380
173 253
173 383
174 230
174 392
174 348
174 331
174 207
174 374
174 179
174 340
174 246
174 250
174 317
174 191
175 288
175 240
175 195
175 384
175 330
175 204
175 398
175 208
175 378
175 182
175 315
175 283
175 186
175 286
176 263
176 332
176 331
176 314
176 225
176 327
176 228
176 294
176 366
176 247
176 312
177 193
177 290
177 387
177 196
177 225
177 266
177 275
177 311
177 345
177 380
177 222
178 331
178 293
178 203
178 271
178 240
178 213
178 187
178 350
178 245
179 197
179 211
179 263
179 268
179 205
179 274
179 275
179 283
179 223
179 290
179 372
179 236
179 241
179 242
179 244
179 308
179 287
179 254
179 325
180 258
180 389
180 328
180 331
180 396
180 338
180 217
180 368
180 293
180 358
180 362
180 236
180 367
180 264
180 249
180 316
181 197
181 390
181 201
181 375
181 398
181 288
181 294
181 359
181 296
181 238
181 308
181 373
181 247
181 251
182 290
182 291
182 390
182 239
182 319
182 333
182 251
182 255
183 353
183 198
183 273
183 265
183 300
183 205
183 207
183 274
183 196
183 283
183 281
184 393
184 258
184 380
184 356
184 332
184 336
184 276
184 246
184 375
184 308
184 378
184 316
184 285
184 222
185 226
185 227
185 246
185 198
185 209
185 278
185 305
185 302
185 259
185 188
185 261
186 391
186 264
186 333
186 213
186 278
186 221
186 295
186 300
186 301
186 368
186 372
186 189
187 323
187 391
187 368
187 291
187 341
187 246
187 233
187 281
187 383
187 348
187 313
187 382
187 377
188 273
188 200
188 372
188 365
188 335
188 241
188 218
188 219
189 388
189 391
189 331
189 340
189 342
189 284
189 221
189 380
189 245
189 246
189 375
189 313
189 381
190 321
190 342
190 229
190 263
190 235
190 369
190 333
190 221
190 360
190 310
190 348
191 322
191 260
191 371
191 365
191 336
191 280
191 197
191 298
191 364
191 301
191 243
191 247
191 249
192 256
192 359
192 337
192 203
192 334
192 275
192 395
192 375
192 217
192 284
192 377
192 287
193 257
193 395
193 197
193 279
193 383
193 308
193 281
193 358
193 251
194 383
194 258
194 292
194 326
194 230
194 232
194 361
194 360
194 275
194 342
194 308
194 317
194 351
195 352
195 321
195 273
195 270
195 245
195 248
195 218
195 341
196 225
196 291
196 393
196 247
196 350
196 245
196 315
197 201
197 337
197 365
197 281
197 284
197 357
197 230
197 233
197 362
197 301
197 240
197 248
197 313
197 319
197 381
197 371
198 304
198 374
198 368
199 389
199 321
199 204
199 206
199 207
199 213
199 279
199 346
199 219
199 349
199 288
199 232
199 297
199 385
199 376
200 324
200 333
200 398
200 335
200 336
200 337
200 210
200 302
200 346
200 285
200 399
200 301
200 221
200 242
200 349
201 256
201 267
201 341
201 280
201 295
201 237
201 242
201 233
201 380
201 373
202 230
202 392
202 326
202 358
202 232
202 233
202 369
202 338
202 280
203 251
203 234
203 300
203 242
203 383
203 399
203 246
203 248
203 345
203 219
203 348
203 255
204 257
204 206
204 399
204 210
204 277
204 214
204 224
204 361
204 365
204 248
205 320
205 230
205 237
205 241
205 269
205 243
205 388
205 296
206 321
206 299
206 324
206 314
206 221
206 332
206 261
207 263
207 333
207 340
207 302
207 216
207 229
207 227
207 385
207 307
207 378
208 260
208 327
208 332
208 338
208 342
208 324
208 221
208 224
208 297
208 302
208 396
208 248
208 318
209 257
209 296
209 340
209 388
209 272
209 293
209 250
209 267
210 352
210 353
210 243
210 212
210 213
210 375
210 376
210 249
210 244
210 341
211 290
211 228
211 358
211 391
211 269
211 336
211 247
211 219
211 316
211 255
212 271
212 272
212 303
212 214
212 224
212 227
212 294
212 297
212 239
212 310
212 252
213 386
213 366
213 303
213 317
213 252
213 285
213 254
214 226
214 232
214 331
214 273
214 216
214 378
214 222
215 258
215 259
215 246
215 257
215 379
215 263
215 335
215 374
216 224
216 290
216 293
216 264
216 361
216 246
216 279
216 282
217 356
217 294
217 237
217 243
217 391
217 308
217 234
218 226
218 327
218 392
218 317
218 305
218 275
218 245
218 314
218 299
219 332
219 333
219 233
219 289
219 368
219 371
219 361
219 312
219 254
219 255
220 390
220 266
220 395
220 345
220 282
220 265
220 285
220 223
220 310
220 329
220 249
220 315
221 244
221 266
221 231
221 370
221 222
221 232
221 394
222 262
222 333
222 362
222 366
222 232
222 370
222 307
222 317
222 264
223 396
223 326
223 331
223 375
223 376
223 325
224 259
224 394
224 270
224 303
224 325
224 272
224 227
224 293
224 362
224 371
224 300
224 316
225 386
225 363
225 261
225 340
225 278
225 227
225 360
225 234
225 301
225 367
226 324
226 270
226 345
226 284
226 293
226 305
226 382
226 341
227 229
227 267
227 396
227 398
227 241
227 251
227 318
228 267
228 387
228 269
228 369
228 281
228 284
229 295
229 365
229 312
229 317
229 245
229 248
230 384
230 259
230 391
230 386
230 335
230 399
230 398
230 346
230 286
230 298
230 239
230 329
230 347
231 259
231 262
231 235
231 334
231 240
231 242
231 390
232 353
232 395
232 374
232 327
232 334
232 315
233 386
233 356
233 338
233 393
233 250
234 335
234 338
234 249
234 302
234 244
234 394
235 384
235 323
235 253
235 285
235 254
235 397
235 340
235 363
235 351
236 320
236 358
236 289
236 395
236 352
236 370
236 246
236 312
237 382
237 289
237 390
237 337
237 304
237 241
237 277
237 283
237 286
238 263
238 332
238 301
238 321
239 352
239 344
239 338
239 278
239 350
240 260
240 263
240 337
240 339
240 279
240 356
240 366
240 275
240 297
241 387
241 326
241 332
241 278
241 397
241 287
241 288
241 292
241 304
241 246
241 347
242 261
242 353
242 397
242 354
242 360
242 382
242 319
243 358
243 296
243 247
243 249
243 286
244 367
244 289
244 395
244 359
244 265
244 397
244 302
244 343
244 280
245 288
245 336
245 250
245 380
246 322
246 353
246 256
246 399
246 280
246 289
247 384
247 386
247 387
247 293
247 301
247 312
248 262
248 265
248 270
248 299
248 283
248 356
248 389
248 367
248 308
248 374
248 316
248 253
249 258
249 261
249 328
249 269
249 298
249 314
250 325
250 366
250 375
250 283
250 317
251 288
251 355
251 292
251 331
251 298
251 309
252 279
252 368
252 267
252 264
252 271
253 257
253 331
253 261
253 362
253 367
253 304
253 369
253 311
253 356
253 314
254 375
254 359
254 307
254 336
255 256
255 269
255 335
255 334
255 344
255 361
255 364
255 366
255 383
256 326
256 392
256 270
256 348
256 293
256 360
256 361
256 369
256 375
256 313
256 319
257 383
257 294
257 297
257 398
257 285
257 275
257 303
258 339
258 300
258 365
258 382
259 348
260 321
260 297
260 395
260 335
260 283
261 384
261 362
261 378
261 289
261 388
261 321
261 377
262 321
262 366
262 359
262 338
262 350
262 309
262 375
262 283
262 266
263 385
263 328
263 331
263 396
263 367
263 299
263 303
263 312
264 367
264 324
264 296
264 380
264 304
264 351
264 293
265 385
265 325
265 328
265 333
265 399
265 339
265 284
265 291
265 376
265 380
266 322
266 398
266 272
266 274
266 342
266 346
266 353
266 354
266 299
266 364
266 367
266 393
266 382
267 292
267 388
268 384
268 387
268 294
268 391
268 394
268 395
268 396
268 285
268 278
268 308
268 383
269 358
269 335
269 376
269 370
269 379
269 350
270 288
270 322
270 389
270 345
270 300
270 366
270 317
271 342
271 387
271 325
271 274
271 334
271 279
272 354
272 359
272 361
272 302
272 381
272 334
272 330
273 386
273 327
273 366
273 275
273 277
273 348
274 353
274 398
274 392
274 349
274 347
274 382
275 355
275 390
275 307
275 317
275 381
275 282
275 318
276 384
276 393
276 388
276 344
276 309
276 329
276 315
276 317
276 364
277 357
277 371
277 366
277 376
277 380
278 347
278 351
278 341
278 283
278 319
279 336
279 356
279 368
279 364
279 340
279 317
279 318
280 320
280 323
280 395
280 333
280 348
280 314
280 373
280 378
281 383
281 392
281 397
281 368
281 307
281 373
281 342
281 317
282 374
282 376
282 284
282 315
283 325
283 295
283 296
283 370
283 380
283 362
284 336
284 378
284 286
284 309
285 326
285 329
285 295
285 382
286 385
286 293
286 296
286 351
286 309
286 312
286 356
286 318
287 366
287 297
287 315
287 307
288 385
288 395
288 333
288 345
288 289
288 319
289 395
289 305
289 393
289 290
289 367
289 354
289 340
290 373
290 392
290 307
290 301
290 321
290 362
291 384
291 342
291 385
291 335
291 312
291 324
292 385
292 355
292 399
292 371
293 378
293 362
294 360
295 385
295 386
295 381
295 378
295 326
295 365
296 355
296 305
296 318
297 339
297 308
297 380
298 392
298 373
298 357
298 337
298 391
298 311
299 370
299 306
299 373
299 382
299 341
300 324
300 317
301 329
301 362
301 305
301 370
301 374
302 370
302 387
302 395
302 379
302 389
303 386
303 356
303 317
303 337
303 306
303 392
303 372
304 360
304 388
304 327
304 359
304 399
304 315
304 383
305 391
305 384
305 335
306 343
306 311
306 328
306 346
306 332
307 346
308 346
308 316
308 350
308 383
309 395
309 361
309 371
309 365
310 331
310 348
310 379
310 375
311 392
311 332
311 348
312 347
312 316
312 373
313 323
313 351
314 355
314 328
314 322
314 333
314 336
314 338
315 320
315 387
315 390
315 365
315 398
315 319
315 343
315 349
316 374
316 366
317 339
317 360
317 363
317 369
317 380
317 345
318 365
318 354
318 319
319 354
319 340
319 348
320 345
320 376
321 329
321 392
321 324
322 374
322 325
322 371
322 372
323 352
323 324
323 358
324 384
324 390
324 331
325 370
326 377
326 346
327 369
327 385
329 355
329 398
329 360
329 377
329 380
330 369
330 393
331 385
331 386
331 387
331 344
331 349
332 391
332 365
333 362
333 385
334 365
334 366
334 367
335 398
335 341
335 361
335 381
336 367
337 379
337 393
337 361
337 349
337 357
338 363
338 353
338 354
338 397
339 363
339 350
340 343
340 388
340 379
340 394
341 351
341 397
341 363
341 387
341 382
342 356
342 345
342 395
342 396
343 386
343 355
343 390
343 375
344 388
344 380
344 347
345 385
345 352
345 360
345 389
345 381
346 373
347 395
347 373
348 384
348 351
348 352
348 354
348 389
348 373
349 395
349 353
349 359
349 363
350 369
351 394
351 380
352 356
352 354
353 393
353 355
353 361
353 391
353 369
354 388
354 380
354 374
355 386
355 385
355 368
356 390
356 362
357 359
357 396
357 399
357 380
358 365
358 399
359 369
360 362
360 363
360 364
360 371
361 387
361 372
362 388
363 371
364 366
364 367
365 368
365 376
367 377
367 371
369 395
370 382
371 378
372 391
373 395
376 384
376 389
376 379
377 398
379 394
381 388
381 397
382 385
383 389
384 399
388 393
389 392
389 393
391 398
397 399
