1
0 63
0 228
1 343
1 498
2 91
2 238
3 31
3 110
4 146
4 472
5 53
6 158
6 433
7 126
7 188
8 11
8 421
9 13
9 415
10 37
10 83
11 390
12 72
12 111
13 423
14 68
14 274
15 387
15 425
16 20
16 463
17 213
17 449
18 51
18 244
19 56
19 370
20 484
21 234
21 238
22 369
22 390
23 78
23 191
24 100
24 343
25 69
25 281
26 84
26 259
27 29
27 312
28 242
28 331
29 389
30 293
30 398
31 304
32 301
32 321
33 43
33 461
34 367
34 452
35 50
35 131
36 154
36 389
37 236
38 146
38 449
39 207
39 372
40 44
40 126
41 63
41 267
42 109
42 229
43 180
44 470
45 198
45 352
46 264
46 486
47 429
47 498
48 395
48 487
49 256
49 329
50 301
51 120
52 192
52 451
53 495
54 328
54 364
55 299
55 488
56 213
57 64
57 112
58 181
58 472
59 385
59 465
60 133
60 252
61 190
61 302
62 309
62 344
64 186
65 338
65 469
66 106
66 491
67 254
67 306
68 408
69 185
70 419
70 450
71 142
71 243
72 403
73 130
73 271
74 160
74 351
75 192
75 365
76 221
76 276
77 345
77 377
78 215
79 116
79 138
80 191
80 349
81 337
81 393
82 112
82 372
83 439
84 455
85 120
85 153
86 163
86 387
87 242
87 277
88 119
88 279
89 129
89 356
90 97
90 148
91 152
92 206
92 321
93 431
93 477
94 282
94 409
95 149
95 277
96 99
96 329
97 366
98 185
98 446
99 284
100 121
101 160
101 398
102 265
102 414
103 109
103 264
104 177
104 458
105 338
105 421
106 215
107 261
107 397
108 391
108 424
110 448
111 157
113 166
113 466
114 151
114 249
115 224
115 473
116 293
117 244
117 289
118 278
118 499
119 453
121 431
122 162
122 473
123 232
123 479
124 210
124 492
125 405
125 482
127 130
127 292
128 283
128 366
129 256
131 235
132 297
132 395
133 342
134 229
134 370
135 176
135 458
136 210
136 379
137 154
137 448
138 161
139 300
139 369
140 150
140 435
141 199
141 260
142 400
143 231
143 487
144 287
144 478
145 323
145 394
147 400
147 466
148 461
149 425
150 225
151 295
152 205
153 394
155 174
155 404
156 452
156 462
157 246
159 252
159 424
161 281
162 391
163 322
164 396
164 412
165 408
165 434
166 491
167 308
167 355
168 206
168 257
169 360
169 420
170 184
170 330
171 407
171 440
172 286
172 308
173 188
173 493
174 227
175 447
175 482
176 462
177 352
178 323
178 401
179 211
179 294
180 211
181 484
182 269
182 306
183 270
183 433
184 460
186 214
187 260
187 322
189 344
189 490
190 266
193 265
193 415
194 371
194 436
195 328
195 409
196 255
196 271
197 311
197 469
198 287
199 496
200 303
200 326
201 274
201 311
202 418
202 434
203 214
203 236
204 443
204 490
205 313
207 465
208 378
208 493
209 232
209 384
212 451
212 453
216 254
216 429
217 230
217 378
218 304
218 427
219 320
219 450
220 357
220 496
221 353
222 347
222 455
223 241
223 384
224 286
225 333
226 243
226 499
227 324
228 413
230 312
231 474
233 350
233 460
234 422
235 241
237 349
237 416
239 292
239 402
240 351
240 485
245 284
245 337
246 417
247 326
247 411
248 300
248 307
249 495
250 382
250 437
251 263
251 463
253 439
253 492
255 430
257 273
258 457
258 475
259 342
261 403
262 371
262 494
263 280
266 283
267 468
268 354
268 467
269 380
270 373
272 313
272 447
273 423
275 339
275 379
276 327
278 282
279 325
280 358
285 330
285 457
288 334
288 441
289 294
290 345
290 476
291 317
291 336
295 309
296 320
296 479
297 437
298 332
298 481
299 412
302 397
303 470
305 310
305 418
307 440
310 319
314 407
314 467
315 405
315 442
316 363
316 456
317 353
318 364
318 381
319 359
324 413
325 480
327 494
331 388
332 471
333 476
334 347
335 381
335 454
336 464
339 380
340 377
340 486
341 406
341 478
346 459
346 474
348 373
348 477
350 471
354 355
356 436
357 359
358 365
360 419
361 443
361 497
362 454
362 480
363 441
367 438
368 432
368 435
374 417
374 485
375 383
375 386
376 386
376 489
382 393
383 432
385 446
388 444
392 422
392 475
396 481
399 411
399 456
401 464
402 428
404 444
406 428
410 420
410 483
414 489
416 427
426 459
426 488
430 483
438 497
442 445
445 468
500 158
501 5
-1 -1
1.35779
