1
0 221
1 74
1 90
2 18
2 375
3 371
3 228
4 305
4 386
5 48
5 394
6 262
6 326
7 15
7 19
8 266
8 75
9 13
9 125
10 138
10 323
11 314
11 176
12 358
12 190
13 382
14 23
14 193
15 332
16 147
16 194
17 277
17 207
18 60
19 348
20 80
20 303
21 114
21 173
22 144
22 183
23 387
24 89
24 366
25 276
25 230
26 129
26 272
27 365
27 111
28 35
28 392
29 393
29 192
30 281
30 367
31 166
31 202
32 66
32 206
33 40
33 302
34 288
34 237
35 250
36 87
36 255
37 90
37 163
38 256
38 332
39 287
39 377
40 319
41 370
41 200
42 379
42 386
43 46
43 234
44 193
44 372
45 369
45 327
46 51
47 256
47 382
48 310
49 211
49 278
50 73
50 80
51 88
52 284
52 210
53 384
53 64
54 167
54 218
55 356
55 240
56 73
56 364
57 122
57 141
58 398
58 203
59 315
59 214
60 117
61 195
61 254
62 269
62 379
63 118
63 140
64 120
65 116
65 167
66 268
67 295
67 204
68 216
68 358
69 76
69 204
70 396
70 185
71 346
71 282
72 347
72 211
74 231
75 271
76 296
77 281
77 203
78 109
78 205
79 311
79 245
81 83
81 143
82 154
82 232
83 352
84 152
84 295
85 291
85 224
86 89
86 250
87 149
88 97
91 120
91 217
92 364
92 359
93 182
93 197
94 352
94 119
95 126
95 282
96 331
96 286
97 346
98 344
98 144
99 189
99 229
100 396
100 148
101 333
101 161
102 261
102 299
103 233
103 321
104 186
104 210
105 337
105 130
106 329
106 388
107 311
107 207
108 277
108 171
109 201
110 327
110 220
111 362
112 166
112 241
113 312
113 247
114 279
115 258
115 153
116 189
117 263
118 276
119 399
121 321
121 209
122 179
123 274
123 249
124 280
124 145
125 246
126 317
127 307
127 385
128 306
128 395
129 345
130 359
131 342
131 191
132 349
132 399
133 274
133 222
134 160
134 219
135 385
135 248
136 363
136 168
137 316
137 341
138 202
139 354
139 361
140 365
141 263
142 268
142 373
143 328
145 275
146 280
146 252
147 338
148 292
149 233
150 355
150 372
151 306
151 238
152 165
153 196
154 297
155 324
155 231
156 289
156 223
157 297
157 171
158 343
158 337
159 291
159 251
160 191
161 328
162 164
162 363
163 343
164 247
165 236
168 239
169 309
169 317
170 330
170 178
172 335
172 315
173 294
174 271
174 378
175 326
175 227
176 236
177 198
177 213
178 351
179 235
180 380
180 187
181 333
181 213
182 242
183 330
184 273
184 338
185 320
186 303
187 360
188 336
188 313
190 391
192 362
194 246
195 354
196 225
197 318
198 370
199 300
199 312
200 275
201 361
205 226
206 209
208 356
208 226
212 335
212 340
214 367
215 388
215 325
216 350
217 284
218 219
220 279
221 264
222 265
223 273
224 340
225 375
227 357
228 357
229 265
230 285
232 293
234 381
235 296
237 360
238 397
239 393
240 368
241 249
242 350
243 314
243 298
244 305
244 301
245 368
248 366
251 269
252 394
253 290
253 378
254 322
255 377
257 347
257 390
258 270
259 383
259 320
260 319
260 301
261 290
262 376
264 272
266 322
267 345
267 339
270 389
278 294
283 310
283 348
285 342
286 325
287 349
288 304
289 344
292 395
293 398
298 374
299 334
300 336
302 308
304 355
307 391
308 373
309 390
316 369
318 323
324 331
329 387
334 381
339 384
341 380
351 353
353 397
371 383
374 392
376 389
400 313
401 0
-1 -1
11.2796
