1
0 85
0 361
1 19
1 367
2 313
2 160
3 12
3 201
4 330
4 353
5 166
5 219
6 357
6 251
7 347
7 186
8 333
8 133
9 93
9 190
10 161
10 238
11 101
11 192
12 222
13 221
13 254
14 264
14 351
15 299
15 297
16 124
16 244
17 252
17 269
18 96
18 214
19 183
20 215
20 288
21 292
21 262
22 98
22 196
23 92
23 151
24 41
24 254
25 30
25 87
26 34
26 114
27 81
27 362
28 269
28 102
29 149
29 212
30 114
31 62
31 246
32 50
32 368
33 379
33 154
34 180
35 315
35 165
36 81
36 283
37 71
37 214
38 351
38 378
39 74
39 239
40 157
40 172
41 135
42 77
42 284
43 316
43 378
44 308
44 250
45 123
45 389
46 310
46 70
47 122
47 388
48 319
48 158
49 171
49 369
50 174
51 112
51 390
52 113
52 165
53 257
53 368
54 358
54 322
55 395
55 200
56 321
56 167
57 352
57 197
58 65
58 129
59 120
59 245
60 61
60 394
61 350
62 358
63 139
63 195
64 296
64 65
66 321
66 376
67 111
67 230
68 86
68 136
69 387
69 201
70 185
71 255
72 127
72 240
73 110
73 119
74 298
75 325
75 381
76 348
76 115
77 322
78 82
78 225
79 272
79 213
80 90
80 106
82 223
83 257
83 163
84 119
84 208
85 231
86 91
87 250
88 193
88 206
89 326
89 139
90 108
91 363
92 125
93 130
94 104
94 249
95 110
95 391
96 200
97 277
97 99
98 108
99 174
100 331
100 202
101 199
102 302
103 124
103 182
104 178
105 392
105 180
106 297
107 270
107 122
109 355
109 229
111 259
112 164
113 278
115 266
116 265
116 359
117 365
117 169
118 263
120 287
121 132
121 377
123 328
125 193
126 379
126 248
127 385
128 296
128 247
129 363
130 394
131 327
131 171
132 234
133 232
134 162
134 247
135 137
136 221
137 243
138 320
138 187
140 398
140 293
141 175
141 380
142 179
142 224
143 330
143 311
144 306
144 274
145 273
145 331
146 271
146 155
147 304
147 207
148 242
148 264
149 286
150 342
150 328
151 262
152 342
152 189
153 275
153 293
154 324
155 348
156 256
156 302
157 212
158 278
159 305
159 220
160 219
161 376
162 336
163 332
164 312
166 372
167 255
168 309
168 169
170 235
170 236
172 344
173 226
173 233
175 277
176 366
176 397
177 304
177 307
178 276
179 310
181 197
181 298
182 243
183 360
184 192
184 336
185 232
186 385
187 227
188 204
188 382
189 364
190 386
191 341
191 228
194 337
194 387
195 335
196 393
198 384
198 237
199 282
202 370
203 291
203 218
204 279
205 300
205 367
206 290
207 343
208 301
209 285
209 281
210 283
210 335
211 361
213 388
215 228
216 260
216 279
217 359
217 382
218 280
220 393
222 303
223 231
224 370
225 306
226 307
227 375
229 288
230 344
233 313
234 349
235 398
236 299
237 324
238 356
239 289
240 241
241 266
242 339
244 263
245 364
246 252
248 291
249 268
251 325
253 320
253 383
256 314
258 311
258 369
259 372
260 383
261 268
261 373
265 308
267 285
267 366
270 349
271 377
272 280
273 289
274 346
275 332
276 303
281 292
282 317
284 362
286 287
290 380
294 333
294 396
295 346
295 353
300 323
301 338
305 354
309 318
312 343
314 327
315 316
317 371
318 355
319 396
323 373
326 340
329 389
329 334
334 357
337 341
338 350
339 345
340 354
345 395
347 390
352 391
356 371
360 375
365 397
374 386
374 399
381 399
384 392
400 118
401 211
-1 -1
38.3944
