1
0 26
0 389
1 18
1 42
2 326
2 323
3 288
3 205
4 301
4 92
5 72
5 142
6 106
6 385
7 339
7 245
8 269
8 149
9 312
9 61
10 160
10 167
11 90
11 392
12 291
12 323
13 80
13 153
14 110
14 140
15 69
15 170
16 174
16 196
17 78
17 125
18 317
19 30
19 252
20 50
20 361
21 368
21 188
22 394
22 114
23 55
23 389
24 215
24 217
25 244
25 390
26 40
27 42
27 231
28 315
28 357
29 363
29 122
30 68
31 358
31 274
32 322
32 128
33 104
33 135
34 259
34 131
35 194
35 376
36 137
36 149
37 395
37 342
38 181
38 296
39 319
39 372
40 118
41 193
41 203
43 317
43 396
44 134
44 136
45 57
45 91
46 382
46 246
47 161
47 176
48 66
48 99
49 70
49 129
50 227
51 259
51 58
52 325
52 225
53 133
53 202
54 310
54 399
55 93
56 135
56 313
57 77
58 345
59 141
59 160
60 369
60 218
61 353
62 175
62 182
63 338
63 84
64 311
64 188
65 73
65 237
66 106
67 260
67 86
68 190
69 380
70 84
71 200
71 229
72 297
73 186
74 104
74 357
75 141
75 250
76 103
76 261
77 297
78 268
79 325
79 290
80 221
81 391
81 239
82 184
82 186
83 268
83 244
85 319
85 173
86 381
87 274
87 286
88 348
88 247
89 190
90 349
91 350
92 227
93 355
94 318
94 352
95 181
95 243
96 267
96 210
97 358
97 208
98 161
98 379
99 234
100 365
100 385
101 387
101 348
102 374
102 194
103 279
105 168
105 185
107 282
107 174
108 164
108 169
109 335
109 166
110 366
111 136
111 157
112 180
112 249
113 256
113 386
114 381
115 273
115 134
116 339
116 382
117 307
117 333
118 371
119 122
119 379
120 276
120 202
121 169
121 189
123 343
123 173
124 218
124 221
125 352
126 392
126 163
127 299
127 162
128 321
129 266
130 231
130 341
131 397
132 395
132 331
133 377
137 272
138 207
138 295
139 351
139 230
140 349
142 254
143 326
143 198
144 294
144 390
145 305
145 334
146 261
146 155
147 353
147 273
148 157
148 375
150 238
150 340
151 334
151 337
152 398
152 175
153 262
154 189
154 343
155 338
156 308
156 263
158 179
158 199
159 316
159 279
162 269
163 249
164 226
165 277
165 333
166 315
167 299
168 278
170 233
171 376
171 242
172 304
172 258
176 391
177 184
177 187
178 393
178 361
179 236
180 206
182 378
183 275
183 217
185 393
187 213
191 383
191 213
192 337
192 345
193 359
195 293
195 253
196 271
197 204
197 370
198 263
200 260
201 314
201 380
203 248
204 272
205 373
206 302
207 229
208 223
209 383
209 367
210 281
211 292
211 374
212 277
212 264
214 266
214 344
215 252
216 384
216 387
219 320
219 232
220 386
220 360
222 344
222 310
223 306
224 332
224 388
225 237
226 267
228 355
228 331
230 396
232 330
233 236
234 290
235 281
235 347
238 371
239 288
240 243
240 300
241 336
241 346
242 289
245 364
246 257
247 362
248 364
250 324
251 289
251 255
253 332
254 309
255 275
256 295
257 265
258 302
262 284
264 365
265 394
270 320
270 366
271 303
276 301
278 304
280 375
280 287
282 324
283 340
283 378
284 318
285 287
285 303
286 311
291 314
292 298
293 336
294 305
296 369
298 328
300 329
306 309
307 327
308 350
312 341
313 367
316 362
321 356
322 354
327 328
329 398
330 335
342 399
346 384
347 370
351 397
354 372
356 359
360 377
363 388
368 373
400 199
401 89
-1 -1
8.74019
