1
0 17
0 157
1 146
1 242
2 92
2 210
3 65
3 368
4 26
4 336
5 204
5 348
6 216
6 228
7 65
7 109
8 142
8 165
9 353
9 154
10 262
10 286
11 33
11 230
12 389
12 282
13 195
13 247
14 347
14 358
15 254
15 284
16 19
16 230
17 327
18 360
18 288
19 348
20 111
20 193
21 197
21 323
22 176
22 246
23 63
23 249
24 37
24 81
25 137
25 287
26 98
27 63
27 101
28 257
28 399
29 367
29 323
30 48
30 357
31 48
31 308
32 86
32 207
33 127
34 226
34 239
35 82
35 166
36 106
36 392
37 229
38 172
38 306
39 278
39 398
40 294
40 343
41 111
41 266
42 104
42 363
43 107
43 267
44 300
44 341
45 321
45 205
46 113
46 252
47 74
47 388
49 54
49 388
50 339
50 280
51 256
51 219
52 69
52 333
53 160
53 207
54 312
55 340
55 188
56 367
56 234
57 80
57 351
58 396
58 393
59 105
59 177
60 139
60 296
61 277
61 150
62 347
62 174
64 66
64 105
66 390
67 92
67 281
68 258
68 200
69 132
70 300
70 138
71 342
71 365
72 146
72 250
73 148
73 194
74 110
75 271
75 350
76 258
76 330
77 151
77 248
78 203
78 291
79 163
79 177
80 396
81 217
82 162
83 113
83 176
84 321
84 324
85 153
85 355
86 97
87 294
87 122
88 167
88 171
89 199
89 239
90 132
90 392
91 354
91 235
93 299
93 304
94 334
94 186
95 145
95 368
96 129
96 168
97 302
98 382
99 121
99 178
100 201
100 231
101 155
102 386
102 131
103 110
103 185
104 326
106 240
107 120
108 178
108 223
109 344
112 293
112 380
114 387
114 130
115 202
115 366
116 264
116 148
117 268
117 147
118 385
118 200
119 225
119 373
120 346
121 332
122 363
123 337
123 124
124 389
125 128
125 180
126 384
126 182
127 220
128 359
129 222
130 195
131 208
133 338
133 399
134 336
134 152
135 236
135 248
136 381
136 154
137 376
138 196
139 289
140 141
140 217
141 253
142 380
143 331
143 206
144 193
144 246
145 175
147 184
149 268
149 270
150 331
151 170
152 236
153 183
155 227
156 209
156 224
157 172
158 391
158 238
159 290
159 286
160 203
161 317
161 341
162 312
163 228
164 298
164 204
165 301
166 276
167 285
168 206
169 283
169 395
170 377
171 335
173 208
173 307
174 213
175 314
179 301
179 345
180 361
181 226
181 244
182 297
183 295
184 279
185 218
186 303
187 199
187 214
188 265
189 356
189 225
190 198
190 397
191 266
191 229
192 275
194 232
196 238
197 375
198 272
201 297
202 304
205 253
209 269
210 313
211 309
211 357
212 273
212 372
213 314
214 221
215 256
215 335
216 345
218 379
219 262
220 327
221 260
222 364
223 328
224 351
227 374
231 371
232 292
233 375
233 307
234 274
235 377
237 244
237 245
240 383
241 293
241 373
242 349
243 342
243 384
245 383
247 366
249 308
250 362
251 353
251 254
252 255
255 365
257 397
259 290
259 370
260 261
261 288
263 270
263 355
264 319
265 344
267 299
269 277
271 385
272 360
273 313
274 324
275 358
276 361
278 325
279 386
280 318
281 289
282 309
283 369
284 391
285 346
287 378
291 364
292 382
295 372
296 305
298 362
302 310
303 376
305 311
306 374
310 343
311 315
315 394
316 398
316 381
317 332
318 320
319 378
320 322
322 325
326 354
328 395
329 369
330 390
333 339
334 394
337 352
338 370
340 359
349 387
350 371
352 393
356 379
400 329
401 192
-1 -1
261.312
