1
0 286
0 292
1 304
1 177
2 28
2 277
3 38
3 158
4 154
4 163
5 256
5 375
6 259
6 174
7 316
7 170
8 36
8 183
9 43
9 390
10 397
10 387
11 291
11 237
12 358
12 399
13 241
13 308
14 133
14 213
15 34
15 344
16 59
16 137
17 28
17 184
18 23
18 307
19 164
19 281
20 358
20 105
21 320
21 398
22 296
22 134
23 145
24 168
24 196
25 118
25 323
26 295
26 63
27 267
27 142
29 275
29 217
30 116
30 377
31 150
31 234
32 262
32 348
33 193
33 249
34 106
35 316
35 155
36 394
37 190
37 383
38 66
39 83
39 374
40 385
40 62
41 292
41 245
42 287
42 73
43 200
44 314
44 109
45 51
45 340
46 139
46 147
47 64
47 130
48 301
48 108
49 185
49 221
50 392
50 354
51 187
52 346
52 356
53 90
53 230
54 352
54 216
55 370
55 183
56 101
56 177
57 317
57 131
58 194
58 216
59 324
60 327
60 129
61 151
61 223
62 175
63 202
64 252
65 111
65 226
66 257
67 259
67 103
68 310
68 97
69 76
69 206
70 287
70 184
71 149
71 150
72 94
72 329
73 125
74 326
74 198
75 324
75 346
76 143
77 263
77 159
78 365
78 169
79 132
79 188
80 344
80 231
81 347
81 351
82 211
82 240
83 93
84 264
84 123
85 168
85 225
86 114
86 266
87 290
87 319
88 323
88 335
89 91
89 227
90 297
91 233
92 375
92 161
93 380
94 106
95 289
95 199
96 364
96 124
97 371
98 178
99 228
99 353
100 351
100 143
101 310
102 107
102 254
103 157
104 291
104 312
105 155
107 275
108 135
109 378
110 208
110 222
111 228
112 192
112 225
113 153
113 237
114 215
115 122
115 212
116 120
117 144
117 249
118 204
119 151
119 226
120 338
121 353
121 306
122 175
123 356
124 181
125 162
126 379
126 253
127 191
127 389
128 179
128 334
129 349
130 219
131 207
132 333
133 363
134 252
135 243
136 343
136 369
137 167
138 309
138 197
139 278
140 280
140 154
141 321
141 218
142 381
144 376
145 281
146 367
146 278
147 203
148 257
148 357
149 222
152 302
152 357
153 161
156 279
156 385
157 306
158 187
159 246
160 315
160 250
162 178
163 192
164 368
165 265
165 167
166 190
166 332
169 350
170 345
171 355
171 224
172 288
172 205
173 293
173 297
174 345
176 197
176 272
179 347
180 301
180 202
181 336
182 331
182 236
185 314
186 273
186 235
188 210
189 326
189 288
191 229
193 330
194 198
195 273
195 280
196 207
199 303
200 260
201 245
201 318
203 318
204 352
205 361
206 325
208 367
209 293
209 251
210 244
211 337
212 373
213 337
214 299
214 229
215 255
217 395
218 244
219 286
220 298
220 311
221 300
223 380
224 311
227 255
230 377
231 362
232 248
232 384
233 322
234 336
235 388
236 313
238 369
238 272
239 264
239 360
240 274
241 366
242 283
242 341
243 382
246 343
247 268
247 294
248 312
250 325
251 320
253 393
254 396
256 329
258 350
258 362
260 394
261 359
261 389
262 339
263 391
265 396
266 361
267 368
268 390
269 284
269 299
270 277
270 309
271 339
271 381
274 305
276 354
276 387
279 285
282 334
282 366
283 371
284 308
285 298
289 364
290 393
294 315
295 328
296 372
300 340
302 379
303 322
304 370
305 391
307 331
313 388
317 319
321 355
327 376
328 373
330 342
332 349
333 384
335 359
338 341
342 363
348 398
360 392
365 372
374 382
378 397
383 386
386 395
400 98
401 399
-1 -1
35.1482
