1
0 258
0 108
1 2
1 322
2 74
3 376
3 286
4 71
4 156
5 297
5 246
6 107
6 269
7 39
7 385
8 287
8 96
9 281
9 213
10 23
10 319
11 23
11 105
12 95
12 214
13 24
13 165
14 178
14 193
15 263
15 114
16 301
16 47
17 263
17 327
18 167
18 216
19 37
19 321
20 68
20 285
21 101
21 379
22 98
22 166
24 102
25 276
25 40
26 272
26 210
27 58
27 390
28 133
28 195
29 79
29 159
30 32
30 217
31 190
31 207
32 118
33 47
33 385
34 309
34 104
35 373
35 126
36 52
36 161
37 162
38 397
38 182
39 160
40 104
41 366
41 161
42 272
42 115
43 157
43 158
44 277
44 103
45 381
45 149
46 373
46 220
48 343
48 134
49 120
49 236
50 289
50 183
51 265
51 130
52 145
53 162
53 199
54 84
54 361
55 267
55 337
56 70
56 75
57 113
57 170
58 298
59 85
59 101
60 205
60 207
61 258
61 119
62 65
62 383
63 384
63 185
64 352
64 144
65 140
66 300
66 99
67 269
67 317
68 77
69 124
69 247
70 223
71 392
72 139
72 209
73 300
73 176
74 221
75 210
76 354
76 365
77 367
78 90
78 108
79 311
80 82
80 375
81 146
81 196
82 198
83 106
83 274
84 333
85 337
86 326
86 150
87 349
87 192
88 278
88 127
89 117
89 240
90 107
91 359
91 222
92 241
92 251
93 295
93 268
94 318
94 231
95 152
96 206
97 325
97 153
98 377
99 351
100 175
100 288
102 148
103 153
105 389
106 268
109 344
109 180
110 358
110 171
111 235
111 260
112 219
112 262
113 115
114 390
116 201
116 225
117 367
118 376
119 338
120 359
121 369
121 184
122 163
122 215
123 334
123 176
124 275
125 302
125 185
126 137
127 245
128 259
128 364
129 340
129 277
130 388
131 254
131 357
132 383
132 151
133 392
134 142
135 283
135 188
136 276
136 394
137 306
138 256
138 147
139 282
140 254
141 304
141 150
142 291
143 165
143 177
144 308
145 261
146 230
147 379
148 191
149 345
151 282
152 228
154 347
154 157
155 198
155 229
156 389
158 187
159 384
160 227
163 348
164 237
164 241
166 330
167 321
168 306
168 313
169 362
169 369
170 224
171 372
172 211
172 315
173 294
173 252
174 350
174 370
175 206
177 354
178 208
179 329
179 199
180 380
181 293
181 291
182 290
183 273
184 350
186 292
186 349
187 211
188 363
189 360
189 396
190 356
191 328
192 250
193 362
194 329
194 228
195 264
196 253
197 259
197 318
200 339
200 203
201 284
202 233
203 353
204 290
204 229
205 240
208 279
209 327
212 287
212 235
213 353
214 289
215 227
216 278
217 391
218 247
218 307
220 234
221 394
222 244
223 260
224 341
225 312
226 274
226 356
230 399
231 366
232 275
232 249
233 334
234 257
236 256
237 310
238 342
238 296
239 243
239 335
242 342
242 395
243 305
244 284
245 266
246 399
248 299
248 332
249 387
250 388
251 382
252 266
253 302
255 316
255 395
257 324
261 324
262 357
264 330
265 303
267 351
270 316
270 347
271 308
271 280
273 374
279 378
280 368
281 319
283 368
285 328
286 396
288 294
292 386
293 345
295 393
296 363
297 298
299 398
301 340
303 358
304 336
305 312
307 325
309 344
310 360
311 387
313 315
314 320
314 364
317 346
320 397
322 355
323 335
323 375
326 393
331 343
331 386
332 374
333 346
336 341
338 370
339 391
348 365
352 371
355 381
361 382
371 372
377 398
378 380
400 202
401 219
-1 -1
45.8742
