1
0 10
0 393
1 20
1 397
2 97
2 115
3 52
3 133
4 12
4 82
5 299
5 223
6 264
6 60
7 17
7 106
8 278
8 220
9 284
9 84
10 244
11 287
11 383
12 206
13 347
13 390
14 288
14 389
15 303
15 267
16 139
16 158
17 34
18 43
18 192
19 71
19 121
20 317
21 130
21 204
22 358
22 255
23 275
23 382
24 335
24 380
25 283
25 62
26 73
26 104
27 91
27 386
28 68
28 210
29 260
29 163
30 346
30 360
31 327
31 205
32 40
32 327
33 37
33 219
34 234
35 229
35 350
36 74
36 235
37 281
38 44
38 371
39 78
39 124
40 92
41 385
41 382
42 109
42 172
43 187
44 114
45 147
45 241
46 316
46 198
47 377
47 145
48 173
48 280
49 375
49 159
50 103
50 310
51 311
51 246
52 89
53 304
53 211
54 394
54 331
55 153
55 314
56 304
56 136
57 118
57 194
58 380
58 340
59 140
59 176
60 205
61 120
61 339
62 96
63 128
63 395
64 67
64 100
65 70
65 74
66 300
66 334
67 186
68 211
69 282
69 335
70 182
71 322
72 249
72 252
73 141
75 91
75 184
76 300
76 356
77 148
77 242
78 377
79 268
79 99
80 388
80 212
81 208
81 209
82 392
83 379
83 204
84 361
85 313
85 224
86 167
86 171
87 135
87 162
88 181
88 333
89 93
90 216
90 293
92 369
93 297
94 140
94 225
95 193
95 332
96 373
97 161
98 161
98 303
99 265
100 321
101 272
101 124
102 346
102 384
103 137
104 259
105 165
105 248
106 266
107 282
107 123
108 276
108 197
109 137
110 117
110 276
111 376
111 159
112 363
112 144
113 326
113 116
114 355
115 143
116 207
117 160
118 378
119 146
119 274
120 341
121 374
122 262
122 208
123 329
125 301
125 372
126 337
126 132
127 307
127 198
128 222
129 261
129 175
130 166
131 169
131 225
132 353
133 312
134 298
134 306
135 375
136 273
138 196
138 283
139 363
141 337
142 367
142 315
143 308
144 258
145 174
146 250
147 285
148 341
149 357
149 156
150 251
151 299
151 389
152 196
152 223
153 191
154 220
154 239
155 301
155 381
156 245
157 270
157 332
158 263
160 338
162 296
163 308
164 369
164 203
165 355
166 271
167 187
168 285
168 292
169 392
170 342
170 175
171 399
172 326
173 199
174 200
176 297
177 351
177 234
178 262
178 251
179 352
179 231
180 315
180 331
181 203
182 309
183 345
183 270
184 226
185 227
185 254
186 212
188 372
188 295
189 247
189 279
190 344
190 218
191 343
192 227
193 370
194 295
195 266
195 231
197 388
199 273
200 342
201 263
201 339
202 396
202 399
206 224
207 296
209 364
210 272
213 343
213 360
214 312
214 226
215 394
215 398
216 294
217 289
217 302
218 240
219 253
221 271
221 311
222 229
228 354
228 240
230 256
230 368
232 264
232 278
233 359
233 366
235 319
236 330
236 387
237 318
237 385
238 258
238 333
239 383
241 250
242 359
243 254
243 367
244 257
245 395
246 322
247 373
248 286
249 365
252 305
253 320
255 310
256 260
257 318
259 284
261 269
265 298
267 328
268 292
269 294
274 347
275 365
277 393
277 344
279 321
280 319
281 397
286 336
287 288
289 305
290 317
290 361
291 378
291 362
293 374
302 390
306 353
307 351
309 336
313 329
314 356
316 391
320 325
323 350
323 386
324 391
324 348
325 330
328 379
334 366
338 387
340 348
345 357
349 364
349 398
352 376
354 371
358 396
362 368
370 381
400 384
401 150
-1 -1
20.3231
