1
0 30
0 187
1 53
1 95
2 14
2 29
3 26
3 148
4 193
4 292
5 299
5 371
6 326
6 249
7 398
7 223
8 39
8 211
9 103
9 178
10 357
10 205
11 75
11 175
12 167
12 226
13 259
13 351
14 63
15 288
15 124
16 307
16 173
17 381
17 192
18 22
18 325
19 74
19 319
20 287
20 127
21 368
21 210
22 115
23 332
23 201
24 323
24 133
25 34
25 76
26 235
27 59
27 65
28 79
28 92
29 182
30 176
31 99
31 137
32 161
32 244
33 52
33 264
34 309
35 329
35 215
36 276
36 106
37 313
37 315
38 222
38 224
39 169
40 388
40 203
41 69
41 364
42 270
42 367
43 148
43 330
44 86
44 379
45 185
45 282
46 274
46 65
47 72
47 228
48 50
48 163
49 177
49 188
50 165
51 147
51 211
52 226
53 111
54 347
54 166
55 268
55 352
56 87
56 255
57 116
57 239
58 305
58 63
59 352
60 97
60 174
61 82
61 370
62 376
62 153
64 376
64 297
66 275
66 108
67 317
67 78
68 161
68 172
69 250
70 298
70 264
71 205
71 244
72 362
73 143
73 366
74 345
75 122
76 230
77 104
77 248
78 237
79 259
80 304
80 247
81 311
81 219
82 91
83 379
83 371
84 263
84 231
85 397
85 159
86 166
87 338
88 94
88 388
89 227
89 242
90 123
90 177
91 384
92 241
93 171
93 335
94 100
95 374
96 107
96 374
97 155
98 190
98 221
99 328
100 309
101 275
101 328
102 366
102 394
103 145
104 131
105 114
105 163
106 271
107 268
108 191
109 201
109 233
110 365
110 116
111 296
112 121
112 378
113 339
113 206
114 197
115 245
117 216
117 251
118 322
118 142
119 307
119 283
120 157
120 213
121 273
122 278
123 318
124 296
125 274
125 134
126 337
126 138
127 206
128 342
128 353
129 339
129 341
130 132
130 302
131 139
132 321
133 389
134 355
135 281
135 142
136 280
136 337
137 251
138 372
139 340
140 369
140 143
141 348
141 363
144 351
144 199
145 253
146 354
146 247
147 327
149 361
149 385
150 194
150 382
151 314
151 277
152 258
152 248
153 276
154 155
154 237
156 377
156 214
157 216
158 192
158 241
159 207
160 321
160 217
162 204
162 209
164 202
164 245
165 238
167 362
168 340
168 394
169 283
170 267
170 398
171 306
172 184
173 242
174 279
175 191
176 330
178 350
179 320
179 357
180 289
180 300
181 326
181 382
182 399
183 208
183 358
184 377
185 342
186 294
186 341
187 232
188 280
189 356
189 236
190 269
193 391
194 290
195 294
195 396
196 225
196 303
197 353
198 367
198 291
199 380
200 390
200 346
202 250
203 373
204 232
207 359
208 385
209 344
210 375
212 324
212 214
213 335
215 267
217 333
218 399
218 234
219 273
220 260
220 392
221 343
222 316
223 396
224 257
225 282
227 253
228 327
229 306
229 319
230 266
231 370
233 308
234 261
235 355
236 320
238 365
239 363
240 285
240 386
243 311
243 286
246 378
246 254
249 344
252 288
252 270
254 360
255 372
256 297
256 361
257 312
258 391
260 262
261 295
262 336
263 393
265 300
265 345
266 360
269 375
271 308
272 293
272 387
277 301
278 303
279 285
281 386
284 313
284 323
286 331
287 397
289 292
291 349
293 325
295 359
298 336
299 364
301 304
302 322
305 318
310 346
310 349
312 347
314 329
315 348
317 368
324 334
331 332
333 356
334 373
338 381
343 383
350 384
354 390
358 380
369 395
383 392
387 395
389 393
400 290
401 316
-1 -1
8.11701
