1
0 325
0 247
1 40
1 57
2 272
2 197
3 109
3 253
4 135
4 371
5 281
5 35
6 100
6 147
7 301
7 104
8 17
8 132
9 224
9 262
10 34
10 203
11 131
11 200
12 79
12 98
13 93
13 124
14 36
14 73
15 27
15 190
16 109
16 148
17 51
18 314
18 114
19 82
19 351
20 103
20 378
21 383
21 169
22 26
22 371
23 56
23 155
24 31
24 86
25 60
25 194
26 376
27 299
28 111
28 146
29 333
29 373
30 296
30 82
31 149
32 216
32 230
33 305
33 211
34 355
35 243
36 254
37 329
37 92
38 132
38 220
39 356
39 122
40 238
41 365
41 282
42 134
42 363
43 326
43 396
44 395
44 173
45 314
45 188
46 65
46 166
47 122
47 399
48 361
48 388
49 387
49 180
50 317
50 365
51 154
52 366
52 163
53 353
53 198
54 171
54 397
55 66
55 117
56 245
57 205
58 89
58 148
59 289
59 233
60 210
61 391
61 250
62 350
62 354
63 125
63 342
64 168
64 331
65 67
66 213
67 240
68 298
68 348
69 87
69 337
70 166
70 380
71 345
71 196
72 385
72 270
73 379
74 107
74 114
75 245
75 247
76 131
76 161
77 164
77 296
78 106
78 215
79 102
80 325
80 304
81 120
81 145
83 350
83 180
84 158
84 235
85 170
85 201
86 158
87 111
88 94
88 373
89 319
90 362
90 188
91 300
91 280
92 183
93 364
94 327
95 338
95 202
96 186
96 248
97 108
97 117
98 229
99 127
99 252
100 304
101 343
101 286
102 251
103 120
104 171
105 257
105 227
106 223
107 192
108 258
110 356
110 165
112 283
112 312
113 123
113 389
115 360
115 220
116 302
116 222
118 261
118 384
119 157
119 175
121 231
121 271
123 292
124 125
126 390
126 243
127 334
128 316
128 366
129 183
129 237
130 260
130 252
133 258
133 302
134 270
135 177
136 160
136 173
137 223
137 298
138 344
138 379
139 294
139 162
140 210
140 306
141 165
141 248
142 321
142 391
143 342
143 204
144 268
144 340
145 338
146 259
147 178
149 236
150 278
150 281
151 266
151 397
152 393
152 176
153 266
153 208
154 291
155 273
156 228
156 235
157 396
159 355
159 318
160 333
161 357
162 265
163 238
164 182
167 341
167 179
168 197
169 221
170 181
172 276
172 322
174 273
174 329
175 376
176 241
177 195
178 246
179 346
181 388
182 204
184 274
184 383
185 328
185 255
186 345
187 358
187 215
189 290
189 326
190 387
191 287
191 233
192 386
193 352
193 364
194 319
195 382
196 209
198 221
199 205
199 293
200 315
201 368
202 285
203 327
206 280
206 218
207 227
207 244
208 242
209 232
211 275
212 285
212 297
213 310
214 369
216 271
217 361
217 236
218 256
219 265
219 381
222 318
224 241
225 263
225 343
226 367
226 389
228 328
229 372
230 360
231 244
232 367
234 260
234 322
237 393
239 307
239 399
240 382
242 349
246 294
249 264
249 358
250 370
251 264
253 261
254 284
255 331
256 306
257 295
259 336
262 323
263 362
267 299
267 321
268 394
269 279
269 330
272 308
274 339
275 392
276 377
277 398
277 337
278 332
279 313
282 374
283 378
284 308
286 385
287 320
288 312
288 380
289 310
290 292
291 300
293 359
295 395
297 341
301 332
303 316
303 324
305 353
307 339
309 392
309 368
311 330
311 394
313 320
315 375
317 390
323 348
324 398
334 386
335 363
335 357
336 351
340 372
344 381
346 369
347 359
347 375
349 370
352 354
374 384
400 377
401 214
-1 -1
9.57457
