1
0 392
0 353
1 374
1 123
2 469
2 508
3 264
3 523
4 516
4 407
5 616
5 301
6 419
6 169
7 691
7 27
8 224
8 61
9 396
9 253
10 549
10 636
11 529
11 882
12 326
12 427
13 774
13 552
14 679
14 683
15 868
15 566
16 328
16 278
17 804
17 314
18 409
18 740
19 517
19 605
20 297
20 371
21 208
21 869
22 794
22 60
23 474
23 590
24 332
24 801
25 314
25 317
26 46
26 827
27 593
28 119
28 62
29 490
29 113
30 730
30 119
31 99
31 39
32 625
32 628
33 227
33 57
34 214
34 50
35 453
35 716
36 719
36 389
37 834
37 383
38 473
38 863
39 209
40 896
40 116
41 335
41 336
42 545
42 115
43 797
43 72
44 196
44 149
45 385
45 214
46 650
47 717
47 98
48 91
48 636
49 283
49 880
50 780
51 862
51 621
52 236
52 311
53 390
53 884
54 78
54 400
55 588
55 407
56 789
56 443
57 556
58 841
58 561
59 455
59 345
60 808
61 546
62 551
63 586
63 267
64 394
64 110
65 344
65 860
66 182
66 778
67 99
67 631
68 118
68 633
69 165
69 428
70 129
70 511
71 595
71 852
72 537
73 859
73 548
74 147
74 709
75 449
75 479
76 872
76 733
77 747
77 242
78 270
79 870
79 360
80 355
80 818
81 594
81 446
82 598
82 300
83 530
83 488
84 497
84 85
85 174
86 193
86 895
87 301
87 566
88 261
88 832
89 384
89 584
90 148
90 428
91 587
92 237
92 536
93 624
93 189
94 141
94 249
95 681
95 565
96 202
96 723
97 556
97 250
98 128
100 524
100 148
101 512
101 733
102 815
102 434
103 225
103 699
104 149
104 253
105 645
105 266
106 284
106 382
107 159
107 633
108 352
108 109
109 380
110 771
111 768
111 857
112 657
112 867
113 215
114 494
114 179
115 874
116 610
117 622
117 506
118 661
120 469
120 880
121 272
121 250
122 349
122 608
123 512
124 333
124 690
125 533
125 700
126 833
126 763
127 338
127 824
128 398
129 288
130 547
130 710
131 810
131 239
132 665
132 574
133 201
133 861
134 470
134 667
135 809
135 773
136 544
136 745
137 837
137 787
138 421
138 785
139 507
139 491
140 204
140 744
141 387
142 716
142 188
143 795
143 486
144 514
144 393
145 581
145 316
146 364
146 265
147 205
150 805
150 511
151 528
151 691
152 466
152 153
153 344
154 294
154 628
155 658
155 680
156 456
156 751
157 288
157 234
158 641
158 302
159 206
160 322
160 835
161 594
161 371
162 766
162 796
163 484
163 881
164 495
164 329
165 769
166 768
166 304
167 441
167 302
168 655
168 269
169 696
170 868
170 631
171 321
171 550
172 313
172 413
173 724
173 702
174 181
175 202
175 645
176 669
176 496
177 257
177 303
178 521
178 507
179 679
180 893
180 818
181 642
182 509
183 372
183 693
184 600
184 694
185 427
185 273
186 521
186 617
187 450
187 742
188 408
189 755
190 231
190 538
191 265
191 370
192 450
192 310
193 786
194 462
194 423
195 640
195 885
196 575
197 811
197 698
198 776
198 313
199 832
199 376
200 332
200 575
201 303
203 429
203 247
204 760
205 361
206 403
207 408
207 593
208 456
209 553
210 410
210 283
211 699
211 701
212 851
212 438
213 325
213 558
215 812
216 898
216 682
217 579
217 532
218 738
218 890
219 458
219 239
220 268
220 475
221 878
221 759
222 388
222 761
223 452
223 305
224 813
225 432
226 296
226 626
227 366
228 429
228 563
229 459
229 430
230 393
230 671
231 493
232 681
232 888
233 663
233 764
234 367
235 266
235 236
237 685
238 492
238 831
240 391
240 339
241 685
241 281
242 307
243 552
243 758
244 414
244 292
245 706
245 535
246 449
246 877
247 399
248 779
248 611
249 734
251 607
251 737
252 392
252 597
254 527
254 816
255 839
255 404
256 487
256 894
257 477
258 740
258 828
259 458
259 772
260 899
260 612
261 729
262 578
262 285
263 752
263 424
264 603
267 836
268 463
269 601
270 492
271 554
271 629
272 821
273 592
274 591
274 786
275 414
275 734
276 736
276 430
277 670
277 735
278 657
279 519
279 411
280 325
280 422
281 464
282 387
282 402
284 589
285 363
286 535
286 815
287 676
287 601
289 839
289 687
290 656
290 613
291 368
291 567
292 437
293 294
293 874
295 348
295 754
296 847
297 678
298 846
298 532
299 853
299 860
300 698
304 305
306 718
306 337
307 692
308 793
308 894
309 667
309 571
310 542
311 852
312 540
312 624
315 323
315 614
316 375
317 706
318 714
318 621
319 580
319 855
320 831
320 366
321 721
322 704
323 431
324 461
324 542
326 585
327 717
327 748
328 574
329 888
330 689
330 725
331 419
331 582
333 642
334 454
334 662
335 578
336 445
337 872
338 648
339 865
340 399
340 689
341 518
341 767
342 550
342 606
343 475
343 505
345 774
346 701
346 446
347 416
347 675
348 447
349 541
350 813
350 466
351 850
351 634
352 777
353 867
354 807
354 465
355 499
356 751
356 634
357 854
357 738
358 777
358 610
359 576
359 683
361 849
362 471
362 686
363 803
364 651
365 431
365 638
367 686
368 639
369 482
369 557
370 442
372 664
373 877
373 462
374 806
375 481
376 378
377 530
377 381
378 797
379 573
379 405
380 668
381 501
382 506
383 609
384 573
385 444
386 448
386 836
388 412
389 603
390 630
391 724
394 489
395 778
395 417
396 737
397 420
397 496
398 539
400 504
401 485
401 526
402 842
403 596
404 762
405 617
406 513
406 873
409 871
410 708
411 648
412 513
413 713
415 680
415 595
416 824
417 459
418 845
418 660
420 635
421 693
422 448
423 850
424 792
425 896
425 520
426 746
426 498
432 814
433 857
433 826
434 454
435 549
435 886
436 879
436 445
437 895
438 798
439 577
439 688
440 674
440 528
441 605
442 643
443 712
444 482
447 799
451 776
451 732
452 727
453 599
455 745
457 795
457 559
460 736
460 499
461 798
463 677
464 534
465 801
467 569
467 766
468 781
468 878
470 750
471 607
472 837
472 659
473 714
474 647
476 834
476 870
477 854
478 644
478 703
479 663
480 705
480 726
481 620
483 643
483 684
484 554
485 712
486 668
487 627
488 883
489 577
490 654
491 623
493 800
494 626
495 650
497 559
498 570
500 672
500 802
501 531
502 730
502 678
503 526
503 569
504 871
505 840
508 802
509 885
510 533
510 703
514 541
515 661
515 615
516 622
517 760
518 592
519 876
520 630
522 770
522 726
523 858
524 646
525 555
525 697
527 756
529 838
531 800
534 735
536 803
537 705
538 829
539 825
540 599
543 677
543 639
544 849
545 823
546 785
547 826
548 562
551 775
553 806
555 590
557 598
558 830
560 688
560 743
561 822
562 856
563 769
564 715
564 891
565 611
567 709
568 707
568 596
570 873
571 637
572 580
572 856
576 843
579 722
581 762
582 827
583 892
583 666
584 749
585 893
586 729
587 887
588 851
589 897
591 659
597 886
600 653
602 805
602 812
604 842
604 840
606 892
608 613
609 772
612 720
614 670
615 725
616 625
618 742
618 620
619 889
619 682
623 898
627 792
629 750
632 728
632 891
635 675
637 830
638 646
640 711
641 817
644 783
647 775
649 833
649 848
651 788
652 722
652 739
653 764
654 765
655 662
656 710
658 713
660 673
664 690
665 723
666 755
669 790
671 781
672 864
673 838
674 848
676 744
684 844
687 899
692 787
694 828
695 846
695 756
696 820
697 711
700 707
702 804
704 718
708 782
715 859
719 816
720 782
721 829
727 770
728 884
731 796
731 807
732 865
739 810
741 897
741 763
743 862
746 861
747 753
748 844
749 821
752 825
753 765
754 822
757 780
757 790
758 866
759 843
761 791
767 791
771 819
773 881
779 793
783 875
784 847
784 820
788 823
789 809
794 882
799 889
808 876
811 858
814 883
817 869
835 890
841 875
845 879
853 864
855 863
866 887
900 360
901 819
-1 -1
3.16741
