300 2243
0 15
0 18
0 48
0 51
0 76
0 80
0 85
0 103
0 104
0 107
0 113
0 120
0 146
0 157
0 191
0 209
0 221
0 234
0 297
1 12
1 71
1 80
1 93
1 98
1 120
1 123
1 134
1 208
1 235
1 254
1 288
1 291
2 45
2 67
2 78
2 89
2 90
2 100
2 143
2 159
2 190
2 215
2 270
2 285
3 45
3 56
3 81
3 83
3 89
3 92
3 144
3 165
3 169
3 183
3 188
3 227
4 27
4 65
4 71
4 83
4 87
4 125
4 193
4 214
4 234
4 250
4 271
4 295
5 58
5 94
5 111
5 119
5 143
5 173
5 186
5 193
5 251
5 270
5 284
6 26
6 33
6 34
6 63
6 80
6 88
6 115
6 116
6 173
6 211
6 212
6 214
6 262
6 265
6 269
6 276
6 282
6 292
6 295
6 297
7 25
7 38
7 102
7 110
7 123
7 124
7 131
7 146
7 148
7 157
7 200
7 202
7 217
7 270
7 295
8 30
8 46
8 63
8 66
8 81
8 134
8 154
8 161
8 173
8 174
8 180
8 194
8 211
8 221
8 239
8 270
8 298
9 14
9 18
9 29
9 59
9 84
9 104
9 126
9 144
9 187
9 205
9 230
9 252
9 290
10 16
10 18
10 48
10 77
10 81
10 87
10 92
10 130
10 200
10 215
10 252
10 279
10 288
10 294
10 295
11 26
11 34
11 38
11 56
11 112
11 118
11 125
11 128
11 133
11 135
11 155
11 217
11 246
11 247
11 282
11 287
12 36
12 81
12 135
12 161
12 173
12 189
12 209
12 217
12 225
12 245
12 246
12 279
12 294
13 76
13 78
13 102
13 118
13 125
13 133
13 135
13 151
13 162
13 165
13 190
13 223
13 234
13 238
13 239
13 242
13 259
14 21
14 24
14 49
14 87
14 125
14 133
14 149
14 182
14 188
14 220
14 235
14 267
14 268
14 269
14 271
14 294
15 22
15 33
15 34
15 118
15 122
15 183
15 186
15 207
15 219
15 224
15 273
15 281
16 30
16 55
16 70
16 92
16 105
16 108
16 151
16 158
16 181
16 196
16 211
16 229
16 254
16 256
16 257
17 18
17 50
17 60
17 85
17 100
17 110
17 141
17 142
17 144
17 168
17 196
17 229
17 239
17 264
17 283
17 293
18 30
18 42
18 46
18 60
18 104
18 115
18 122
18 128
18 129
18 142
18 151
18 165
18 184
18 205
18 275
18 276
19 34
19 37
19 39
19 53
19 61
19 72
19 120
19 133
19 176
19 215
19 233
19 242
19 265
19 276
20 109
20 135
20 159
20 178
20 192
20 203
20 209
20 294
21 23
21 30
21 31
21 38
21 40
21 41
21 48
21 90
21 104
21 128
21 129
21 150
21 186
21 226
21 233
21 251
21 252
21 253
21 260
21 264
21 282
22 74
22 107
22 140
22 147
22 160
22 201
22 212
22 217
22 253
22 284
23 26
23 34
23 35
23 43
23 66
23 95
23 101
23 105
23 109
23 131
23 142
23 149
23 157
23 158
23 178
23 189
23 220
23 229
23 233
23 246
23 252
23 290
24 41
24 54
24 107
24 135
24 178
24 180
24 234
24 258
24 260
24 278
24 299
25 32
25 48
25 102
25 109
25 138
25 168
25 184
25 192
25 213
25 234
25 251
25 283
26 87
26 112
26 146
26 158
26 161
26 164
26 165
26 169
26 199
26 219
26 233
26 260
26 288
27 55
27 78
27 87
27 121
27 161
27 242
27 254
27 258
27 261
27 294
28 34
28 123
28 124
28 131
28 147
28 165
28 175
28 176
28 204
28 253
28 256
28 285
28 288
28 289
28 290
29 34
29 41
29 46
29 70
29 74
29 99
29 168
29 178
29 182
29 210
29 249
29 258
29 268
29 283
29 291
30 123
30 132
30 159
30 176
30 247
30 286
30 292
31 51
31 54
31 89
31 90
31 93
31 115
31 125
31 157
31 169
31 181
31 197
31 208
31 232
31 250
31 266
31 290
32 35
32 37
32 48
32 75
32 99
32 120
32 132
32 140
32 165
32 169
32 185
32 204
32 211
32 243
32 253
32 257
33 34
33 84
33 86
33 88
33 122
33 159
33 168
33 256
33 268
33 269
34 86
34 92
34 114
34 118
34 119
34 153
34 170
34 182
34 183
34 200
34 242
35 40
35 52
35 57
35 70
35 105
35 111
35 194
35 209
35 221
35 222
35 240
35 243
35 253
36 70
36 80
36 81
36 85
36 89
36 97
36 134
36 154
36 170
36 172
36 215
36 216
36 245
36 282
36 291
37 84
37 102
37 108
37 110
37 117
37 179
37 195
37 197
37 242
37 253
37 262
38 67
38 68
38 74
38 75
38 82
38 122
38 127
38 148
38 162
38 192
38 218
38 265
38 268
38 269
38 270
38 292
39 96
39 147
39 154
39 158
39 177
39 199
39 217
39 267
39 268
39 274
39 281
39 284
39 288
40 44
40 82
40 87
40 100
40 184
40 273
40 274
41 44
41 87
41 117
41 149
41 183
41 187
41 188
41 194
41 207
41 225
41 235
41 237
41 267
42 44
42 45
42 63
42 75
42 86
42 112
42 144
42 162
42 180
42 193
42 195
42 205
42 228
42 278
42 289
42 295
42 297
43 64
43 76
43 128
43 136
43 181
43 200
43 213
43 266
43 284
43 285
43 292
44 51
44 66
44 115
44 162
44 171
44 191
44 198
44 223
44 240
44 245
44 256
44 266
44 267
44 278
44 294
44 299
45 46
45 59
45 61
45 88
45 105
45 134
45 142
45 175
45 202
45 205
45 256
45 265
45 268
45 277
45 288
46 60
46 90
46 92
46 115
46 129
46 154
46 160
46 161
46 167
46 206
46 209
46 212
46 239
46 242
46 247
46 253
46 265
46 295
47 56
47 66
47 72
47 82
47 83
47 110
47 146
47 161
47 196
47 201
47 227
47 262
48 95
48 104
48 118
48 218
48 235
48 238
48 279
48 289
49 59
49 77
49 87
49 104
49 106
49 133
49 252
49 290
50 77
50 90
50 103
50 121
50 122
50 139
50 144
50 153
50 157
50 178
50 183
50 201
50 209
50 215
50 221
50 225
50 244
50 268
50 270
50 275
51 63
51 94
51 108
51 121
51 129
51 145
51 147
51 148
51 196
51 198
51 212
51 215
51 231
51 247
52 68
52 81
52 86
52 93
52 96
52 123
52 152
52 160
52 172
52 176
52 180
52 213
52 231
52 260
53 58
53 63
53 77
53 111
53 117
53 154
53 201
53 256
53 265
53 289
54 120
54 133
54 144
54 165
54 191
54 205
54 213
54 233
54 247
54 265
55 64
55 83
55 87
55 104
55 108
55 127
55 146
55 171
55 212
55 268
56 64
56 118
56 121
56 145
56 147
56 179
56 185
56 187
56 217
56 235
56 249
56 268
56 279
56 280
56 290
56 299
57 102
57 141
57 146
57 171
57 182
57 184
57 221
57 244
57 284
57 285
57 290
57 298
58 59
58 73
58 78
58 82
58 96
58 133
58 146
58 166
58 174
58 204
58 210
58 215
58 223
58 237
58 240
58 292
58 294
59 72
59 99
59 112
59 146
59 163
59 164
59 172
59 192
59 237
59 266
59 293
60 62
60 74
60 104
60 114
60 123
60 152
60 227
60 230
60 270
60 271
60 298
61 79
61 87
61 89
61 102
61 115
61 147
61 148
61 154
61 174
61 183
61 221
61 227
61 235
61 255
61 295
61 299
62 73
62 91
62 141
62 151
62 156
62 159
62 188
62 209
62 213
62 221
62 234
62 244
62 258
62 263
62 273
63 76
63 105
63 116
63 128
63 172
63 182
63 198
63 216
63 234
63 242
63 275
63 278
63 281
64 68
64 71
64 96
64 110
64 114
64 144
64 170
64 175
64 187
64 198
64 224
64 228
64 245
64 262
64 295
65 67
65 93
65 96
65 131
65 136
65 145
65 174
65 213
65 215
65 273
65 297
66 79
66 83
66 87
66 90
66 97
66 115
66 120
66 124
66 183
66 208
66 221
66 233
66 249
66 254
67 88
67 103
67 115
67 121
67 154
67 160
67 191
67 201
67 217
67 231
67 241
68 70
68 95
68 97
68 104
68 113
68 117
68 123
68 151
68 184
68 204
68 206
68 245
68 246
68 285
69 108
69 118
69 134
69 149
69 170
69 177
69 229
69 242
69 263
69 268
70 94
70 141
70 148
70 162
70 172
70 179
70 182
70 197
70 198
70 203
70 233
70 236
70 243
70 252
70 255
71 111
71 113
71 141
71 153
71 172
71 173
71 191
71 208
71 214
71 283
72 75
72 83
72 124
72 127
72 157
72 168
72 199
72 228
72 250
72 284
73 85
73 100
73 101
73 104
73 164
73 186
73 187
73 189
73 227
73 254
73 258
73 279
74 197
74 212
74 246
74 283
74 295
75 114
75 117
75 141
75 142
75 190
75 216
75 222
75 223
75 266
75 292
76 112
76 127
76 144
76 151
76 157
76 193
76 268
76 292
77 101
77 107
77 130
77 132
77 176
77 179
77 183
77 230
77 234
77 247
78 89
78 114
78 117
78 139
78 160
78 201
78 218
78 227
78 236
78 258
79 85
79 100
79 112
79 139
79 146
79 175
79 177
79 178
79 185
79 249
80 116
80 119
80 143
80 164
80 166
80 175
80 182
80 201
80 208
80 250
80 283
80 295
81 98
81 99
81 110
81 142
81 147
81 184
81 203
81 206
81 211
81 219
81 268
81 269
82 95
82 116
82 129
82 130
82 180
82 226
82 232
82 265
82 287
83 89
83 140
83 220
83 252
83 278
83 283
83 292
83 295
84 97
84 181
84 186
84 198
84 199
84 200
84 210
84 268
84 270
85 87
85 110
85 135
85 166
85 187
85 202
85 210
85 250
85 255
85 256
85 283
86 98
86 109
86 121
86 127
86 132
86 136
86 159
86 164
86 207
86 231
86 239
86 270
87 99
87 114
87 152
87 190
87 221
87 225
87 238
87 247
87 261
87 263
87 296
88 118
88 187
88 234
88 249
88 254
88 261
88 276
88 286
88 287
89 126
89 161
89 242
89 248
89 252
89 256
89 262
89 287
90 98
90 136
90 175
90 194
90 203
90 240
90 245
90 263
91 98
91 115
91 166
91 213
91 227
91 233
91 235
92 119
92 131
92 174
92 216
92 262
92 270
92 277
92 287
93 103
93 110
93 112
93 116
93 134
93 136
93 144
93 243
93 274
93 276
94 95
94 125
94 166
94 174
94 182
94 209
94 211
94 298
95 114
95 121
95 123
95 158
95 179
95 180
95 225
95 243
95 250
95 282
95 285
95 293
96 108
96 172
96 179
96 206
96 210
96 213
96 219
96 221
96 242
96 247
96 249
96 259
96 290
97 103
97 104
97 129
97 130
97 166
97 171
97 175
97 234
97 236
97 253
97 257
97 289
97 297
98 116
98 184
98 190
98 200
98 212
98 214
98 228
98 232
98 238
98 239
98 255
98 266
99 150
99 185
99 237
99 248
100 145
100 158
100 163
100 177
100 207
100 218
100 228
100 250
100 269
100 291
101 125
101 131
101 152
101 164
101 166
101 183
101 195
101 201
101 219
101 231
101 278
101 299
102 176
102 196
102 210
103 118
103 134
103 148
103 158
103 161
103 167
103 168
103 178
103 232
103 248
103 257
103 259
103 263
104 138
104 161
104 247
104 256
105 113
105 116
105 122
105 129
105 150
105 187
105 209
105 213
105 245
105 255
106 122
106 139
106 146
106 199
106 216
106 219
106 220
106 265
106 267
107 126
107 152
107 161
107 167
107 172
107 214
107 231
107 262
107 275
107 276
108 109
108 175
108 196
108 233
108 242
108 252
108 260
108 297
109 114
109 137
109 144
109 151
109 152
109 157
109 166
109 214
109 215
109 229
109 235
109 244
109 248
110 130
110 133
110 215
110 217
110 226
110 232
110 245
110 256
110 264
110 285
111 141
111 154
111 165
111 173
111 200
111 214
111 223
111 225
111 233
111 244
111 248
111 269
111 277
111 289
111 291
112 117
112 157
112 181
112 261
112 262
112 263
112 265
112 279
112 295
112 297
113 129
113 176
113 185
113 220
113 222
113 234
113 256
113 267
113 271
113 291
114 115
114 132
114 135
114 155
114 187
114 204
114 206
114 209
114 257
115 138
115 172
115 174
115 185
115 204
115 209
115 212
115 224
115 292
116 139
116 148
116 167
116 183
116 185
116 196
116 205
116 208
116 224
116 260
116 262
116 276
116 287
116 296
117 214
117 273
118 150
118 153
118 159
118 160
118 169
118 186
118 189
118 243
118 262
118 298
119 127
119 131
119 155
119 160
119 167
119 172
119 179
119 242
119 249
119 273
119 285
120 186
120 187
120 195
120 199
120 202
120 214
120 220
120 229
120 246
120 261
120 277
120 286
121 122
121 129
121 145
121 162
121 171
121 192
121 243
121 277
121 295
122 142
122 184
122 201
122 237
122 242
122 272
122 275
122 281
122 287
123 186
123 197
123 210
123 221
123 225
124 157
124 187
124 191
124 208
124 211
124 262
125 132
125 150
125 151
125 194
125 208
125 220
125 233
125 243
125 248
125 269
125 276
125 279
126 138
126 161
126 175
126 179
126 198
126 209
126 227
126 246
126 249
126 259
126 264
126 274
126 292
126 294
127 151
127 162
127 187
127 192
127 246
127 257
127 268
128 144
128 176
128 181
128 221
128 239
128 259
128 263
128 294
129 161
129 184
129 205
129 207
129 212
129 227
129 234
129 251
129 261
129 282
129 292
129 296
129 297
130 144
130 153
130 203
130 227
130 244
130 248
130 276
130 297
131 141
131 147
131 170
131 267
131 274
131 294
132 166
132 182
132 192
132 199
132 215
132 280
133 142
133 146
133 178
133 261
133 266
133 287
133 290
134 150
134 170
134 186
134 201
134 203
134 238
134 261
134 268
134 273
135 161
135 166
135 179
135 194
135 209
135 234
136 153
136 178
136 198
136 200
136 203
136 208
136 215
136 225
136 246
136 278
136 282
137 151
137 165
137 170
137 207
137 208
137 233
137 252
137 282
137 291
138 143
138 149
138 162
138 167
138 174
138 187
138 197
138 199
138 222
138 245
138 263
138 274
138 292
139 146
139 181
139 183
139 198
139 210
139 218
139 257
139 262
139 272
139 279
140 163
140 186
140 190
140 206
140 236
140 249
140 255
141 148
141 175
141 194
141 216
141 223
141 225
141 235
141 241
141 257
141 278
141 282
142 153
142 165
142 167
142 171
142 210
142 213
142 229
142 244
142 250
143 157
143 178
143 195
143 204
143 214
143 220
143 225
143 233
143 240
143 262
143 276
143 279
143 283
143 295
143 297
144 145
144 156
144 251
144 257
145 163
145 188
145 198
145 207
145 219
145 231
145 245
145 267
145 274
145 293
146 176
146 178
146 211
146 213
146 229
146 234
146 235
146 254
146 289
146 296
147 149
147 159
147 180
147 215
147 219
147 232
147 250
147 260
147 282
148 170
148 191
148 200
148 214
148 220
148 236
148 238
148 264
149 160
149 161
149 212
149 216
149 260
150 152
150 156
150 161
150 188
150 196
150 222
150 232
150 236
150 244
150 280
151 203
151 213
151 219
151 227
151 278
151 297
152 172
152 184
152 204
152 205
152 225
152 253
152 299
153 156
153 177
153 207
153 240
153 266
153 275
153 287
154 158
154 188
154 203
154 224
154 248
154 256
154 263
154 269
155 196
155 232
155 241
155 266
155 274
155 278
155 291
156 167
156 168
156 204
156 231
156 268
156 279
156 283
157 163
157 204
157 209
157 234
157 238
157 245
157 251
157 284
157 288
158 163
158 164
158 184
158 185
158 187
158 239
159 196
159 226
159 229
159 255
160 163
160 192
160 208
160 216
160 262
160 286
160 296
161 188
161 192
161 199
161 203
161 216
161 220
161 259
161 282
162 223
162 230
162 232
162 234
162 236
162 264
162 278
162 282
163 168
163 173
163 184
163 202
163 230
163 295
164 178
164 222
164 226
164 258
164 267
164 273
164 290
165 167
165 172
165 206
165 242
165 259
165 262
165 292
166 177
166 182
166 186
166 194
166 204
166 245
166 251
166 254
166 258
167 180
167 196
167 238
167 248
167 250
167 258
167 260
167 287
167 291
168 202
168 217
168 222
168 223
168 232
168 272
168 275
168 278
168 280
168 283
168 288
169 193
169 204
169 208
169 253
169 274
169 279
169 287
169 293
170 176
170 192
170 195
170 197
170 207
170 266
170 272
171 182
171 185
171 216
171 249
171 250
171 258
171 271
171 277
171 289
172 189
172 214
172 218
172 236
172 249
172 251
172 294
172 296
173 184
173 189
173 198
173 223
173 234
173 242
173 244
173 259
173 261
173 270
173 271
173 285
173 296
174 187
174 216
174 220
174 231
174 246
174 266
174 269
174 278
174 286
174 293
175 212
175 234
175 252
175 286
175 289
176 193
176 222
176 233
176 241
176 258
176 266
177 184
177 224
177 239
177 240
177 260
177 277
177 279
177 296
178 179
178 185
178 228
178 235
178 273
178 277
179 202
179 222
179 267
179 270
179 279
179 280
180 184
180 203
180 223
180 274
181 187
181 218
181 228
181 243
181 296
181 299
182 184
182 206
182 213
182 221
182 242
182 251
182 259
183 214
183 224
183 232
183 235
183 242
183 246
183 251
183 275
183 290
183 298
184 207
184 268
185 203
185 244
185 269
185 277
185 280
185 295
185 297
186 194
186 198
186 210
186 266
186 270
186 282
187 222
187 261
187 262
187 267
188 197
188 202
188 216
188 228
188 249
188 275
189 205
189 237
189 250
189 271
189 277
189 285
190 203
190 219
190 232
190 271
190 277
191 206
191 264
191 283
191 293
192 237
192 281
192 290
192 291
193 215
193 240
193 246
193 272
193 277
193 284
193 295
194 255
194 297
195 214
195 221
195 227
195 258
195 287
195 297
196 197
196 220
196 255
196 257
196 287
196 294
197 222
197 225
197 235
197 245
197 250
198 209
198 224
198 259
198 273
199 234
199 236
199 245
199 249
199 273
200 210
200 242
201 205
201 214
201 267
201 271
201 279
201 299
202 231
202 235
202 278
202 298
203 252
204 212
204 213
204 220
204 274
205 215
205 222
205 227
205 251
205 261
205 267
205 286
205 289
205 290
206 212
206 242
206 269
207 213
207 217
207 222
207 226
207 232
207 238
207 266
207 282
207 291
208 226
208 230
208 254
208 255
209 248
209 249
209 280
210 224
210 250
210 261
210 262
210 266
210 290
211 275
212 224
212 241
212 250
212 277
212 281
213 243
213 269
213 285
214 266
214 273
215 232
215 239
215 253
215 296
215 298
216 222
216 247
216 285
217 219
217 238
217 240
217 270
217 294
218 222
218 255
218 266
218 281
219 221
219 232
219 268
219 269
219 278
219 286
219 289
220 251
220 254
221 247
221 264
221 269
221 282
222 261
222 266
223 262
223 280
223 290
224 230
224 242
224 256
224 291
225 252
226 231
226 237
227 262
227 277
227 293
227 296
228 280
228 299
229 252
230 262
230 263
230 282
231 232
231 234
231 271
231 284
231 296
232 250
232 269
233 290
234 255
234 260
235 245
235 253
235 254
235 280
235 281
235 283
237 269
237 277
237 282
237 284
237 289
237 292
238 248
238 292
239 255
239 287
239 290
240 254
240 283
240 285
240 288
241 246
242 298
244 281
244 282
244 298
245 266
245 277
245 281
246 275
246 281
246 292
248 253
249 251
249 296
250 281
250 287
251 268
251 291
252 255
252 256
252 284
252 298
253 271
256 293
257 275
260 274
260 294
261 264
262 271
262 275
262 281
262 296
263 268
264 271
264 297
265 287
266 291
267 287
268 294
268 296
270 273
271 283
271 294
273 279
273 282
273 287
276 281
276 290
278 290
278 291
278 297
278 299
279 297
280 289
281 288
284 293
291 296
295 298
296 298
