1
0 34
0 111
1 5
1 436
2 14
2 353
3 370
3 390
4 25
4 30
5 176
6 246
6 402
7 134
7 297
8 118
8 128
9 17
9 326
10 249
10 442
11 29
11 138
12 43
12 119
13 96
13 360
14 291
15 114
15 473
16 103
16 375
17 178
18 246
18 488
19 192
19 478
20 395
20 440
21 76
21 445
22 165
22 339
23 214
23 373
24 114
24 324
25 247
26 330
26 487
27 115
27 195
28 123
28 243
29 137
30 32
31 48
31 313
32 319
33 51
33 398
34 460
35 66
35 118
36 126
36 382
37 139
37 342
38 84
38 429
39 256
39 419
40 45
40 316
41 54
41 208
42 201
42 480
43 255
44 309
44 420
45 442
46 60
46 351
47 103
47 126
48 83
49 281
49 464
50 60
50 277
51 348
52 67
52 427
53 153
53 489
54 259
55 106
55 256
56 222
56 289
57 276
57 467
58 186
58 367
59 236
59 472
61 177
61 236
62 211
62 314
63 368
63 400
64 74
64 435
65 128
66 455
67 80
68 190
68 372
69 399
69 423
70 294
70 414
71 460
71 499
72 183
72 362
73 217
73 354
74 485
75 224
75 491
76 234
77 323
77 401
78 179
78 390
79 300
79 392
80 474
81 147
81 151
82 279
82 377
83 320
84 216
85 95
85 399
86 127
86 235
87 208
87 386
88 302
88 368
89 380
89 458
90 337
90 451
91 444
91 482
92 307
92 384
93 397
93 441
94 120
94 334
95 213
96 477
97 292
97 396
98 230
98 342
99 184
99 498
100 168
100 277
101 214
101 454
102 320
102 413
104 203
104 282
105 211
105 369
106 374
107 355
107 462
108 174
108 462
109 219
109 298
110 285
110 421
111 129
112 207
112 404
113 205
113 417
115 338
116 340
116 403
117 412
117 458
119 124
120 337
121 173
121 290
122 143
122 195
123 219
124 493
125 255
125 388
127 328
129 358
130 335
130 355
131 280
131 290
132 156
132 222
133 143
133 161
134 322
135 391
135 477
136 241
136 425
137 430
138 251
139 488
140 202
140 206
141 159
141 220
142 232
142 358
144 202
144 287
145 203
145 306
146 419
146 483
147 364
148 175
148 411
149 293
149 317
150 226
150 308
151 204
152 395
152 463
153 495
154 221
154 373
155 384
155 405
156 250
157 221
157 310
158 377
158 449
159 478
160 249
160 291
161 332
162 215
162 466
163 233
163 468
164 344
164 425
165 271
166 370
166 461
167 171
167 345
168 252
169 454
170 189
170 363
171 474
172 273
172 362
173 452
174 497
175 312
176 242
177 229
178 304
179 239
180 267
180 453
181 338
181 379
182 207
182 323
183 491
184 418
185 225
185 345
186 258
187 263
187 422
188 383
188 465
189 449
190 448
191 270
191 482
192 409
193 212
193 455
194 349
194 429
196 313
196 472
197 287
197 457
198 259
198 479
199 244
199 322
200 251
200 391
201 303
204 423
205 444
206 228
209 269
209 336
210 437
210 469
212 411
213 428
215 306
216 274
217 490
218 333
218 494
220 298
223 232
223 437
224 250
225 426
226 234
227 303
227 329
228 433
229 341
230 297
231 240
231 264
233 396
235 470
237 350
237 406
238 326
238 385
239 248
240 278
241 254
242 424
243 301
244 308
245 459
245 492
247 300
248 415
252 418
253 316
253 356
254 332
257 450
257 465
258 386
260 387
260 407
261 327
261 400
262 276
262 389
263 312
264 339
265 357
265 471
266 416
266 463
267 269
268 294
268 440
270 354
271 285
272 450
272 481
273 470
274 430
275 305
275 394
278 301
279 305
280 487
281 405
282 378
283 356
283 422
284 385
284 420
286 404
286 479
288 431
288 490
289 441
292 388
293 476
295 379
295 431
296 417
296 453
299 434
299 457
302 318
304 410
307 467
309 414
310 447
311 428
311 486
314 448
315 335
315 446
317 489
318 324
319 361
321 380
321 498
325 351
325 415
327 494
328 378
329 464
330 366
331 456
331 481
333 336
334 466
340 443
341 434
343 363
343 496
344 433
346 361
346 381
347 438
347 496
348 413
349 357
350 393
352 359
352 475
353 371
359 398
360 485
364 468
365 407
365 459
366 387
367 410
369 456
371 389
372 439
374 476
375 483
376 427
376 469
381 471
382 493
383 402
392 393
394 484
397 409
401 497
403 424
406 436
408 492
408 495
412 452
416 486
421 426
432 447
432 473
435 439
438 461
443 480
445 446
451 475
484 499
500 65
501 169
-1 -1
22.764
