1
0 348
0 398
1 223
1 277
2 12
2 317
3 55
3 194
4 101
4 208
5 361
6 10
6 265
7 152
7 215
8 198
8 296
9 345
9 440
10 14
11 280
11 407
12 353
13 338
13 417
14 449
15 196
15 299
16 95
16 310
17 71
17 155
18 184
18 427
19 204
19 346
20 23
20 37
21 24
21 123
22 136
22 303
23 203
24 122
25 332
25 345
26 278
26 447
27 260
27 496
28 115
28 439
29 299
29 317
30 228
30 391
31 42
31 304
32 43
32 358
33 370
33 485
34 325
34 421
35 396
35 470
36 201
36 430
37 487
38 421
38 482
39 249
39 456
40 212
40 342
41 144
41 352
42 244
43 406
44 259
44 432
45 48
45 357
46 237
46 281
47 429
47 498
48 113
49 98
49 209
50 64
50 142
51 57
51 108
52 94
52 365
53 180
53 351
54 186
54 334
55 498
56 375
56 414
57 451
58 151
58 326
59 121
59 289
60 191
60 415
61 425
61 437
62 175
62 206
63 79
63 124
64 467
65 194
65 462
66 286
66 322
67 107
67 408
68 203
68 405
69 354
69 377
70 323
70 428
71 74
72 466
72 479
73 292
73 364
74 114
75 313
75 376
76 218
76 238
77 93
77 247
78 414
78 451
79 482
80 162
80 384
81 91
81 442
82 208
82 412
83 192
83 475
84 136
84 347
85 120
85 435
86 143
86 282
87 93
87 260
88 109
88 202
89 210
89 403
90 266
90 443
91 389
92 314
92 424
94 287
95 266
96 207
96 353
97 108
97 168
98 150
99 111
99 472
100 158
100 181
101 174
102 285
102 311
103 120
103 277
104 236
104 270
105 271
105 352
106 253
106 343
107 157
109 165
110 228
110 347
111 267
112 406
112 481
113 471
114 477
115 159
116 163
116 499
117 409
117 478
118 318
118 363
119 128
119 133
121 389
122 416
123 465
124 349
125 156
125 411
126 275
126 428
127 295
127 478
128 272
129 138
129 344
130 256
130 303
131 291
131 484
132 475
133 250
134 285
134 301
135 140
135 350
137 254
137 320
138 430
139 326
139 359
140 178
141 164
141 423
142 418
143 412
144 452
145 305
145 311
146 227
146 289
147 238
147 426
148 211
148 215
149 312
149 441
150 270
151 331
152 490
153 399
153 476
154 176
154 384
155 324
156 172
157 441
158 288
159 193
160 291
160 339
161 333
161 350
162 247
163 279
164 202
165 491
166 248
166 372
167 446
167 489
168 293
169 255
169 263
170 183
170 337
171 292
171 438
172 179
173 388
173 432
174 293
175 244
176 290
177 322
177 323
178 237
179 201
180 439
181 424
182 185
182 437
183 236
184 187
185 453
186 360
187 488
188 381
188 491
189 204
189 221
190 197
190 258
191 226
192 261
193 315
195 394
195 401
196 367
197 342
198 274
199 255
199 349
200 330
200 386
205 344
205 400
206 288
207 341
209 470
210 469
211 433
212 354
213 279
213 464
214 253
214 366
216 243
216 340
217 447
217 461
218 383
219 276
219 457
220 229
220 416
221 390
222 361
222 469
223 405
224 246
224 328
225 308
225 319
226 363
227 394
229 336
230 343
230 420
231 282
231 327
232 241
232 434
233 402
233 429
234 319
234 460
235 250
235 295
239 376
239 395
240 333
240 381
241 454
242 284
242 324
243 458
245 393
245 408
246 380
248 356
249 459
251 316
251 328
252 307
252 467
254 494
256 396
257 474
257 488
258 267
259 261
262 268
262 471
263 383
264 274
264 304
265 444
268 314
269 306
269 473
271 371
272 309
273 321
273 461
275 474
276 368
278 411
280 380
281 355
283 310
283 481
284 473
286 397
287 297
290 386
294 346
294 468
296 484
297 402
298 330
298 487
300 308
300 374
301 418
302 436
302 463
305 431
306 463
307 490
309 486
312 371
313 442
315 452
316 378
318 449
320 434
321 385
325 489
327 340
329 366
329 450
331 368
332 431
334 493
335 338
335 435
336 417
337 355
339 409
341 497
348 410
351 364
356 443
357 413
358 492
359 496
360 390
362 401
362 457
365 373
367 446
369 399
369 426
370 410
372 448
373 420
374 436
375 404
377 466
378 387
379 455
379 492
382 388
382 455
385 423
387 403
391 397
392 415
392 495
393 485
395 444
398 440
400 413
404 480
407 422
419 472
419 486
422 425
427 464
433 477
438 499
445 483
445 494
448 493
450 479
453 483
454 497
456 495
458 460
459 476
462 465
468 480
500 132
501 5
-1 -1
14.7581
