1
0 13
0 169
1 7
1 302
2 356
2 407
3 55
3 259
4 75
4 111
5 40
5 193
6 32
6 128
7 489
8 220
8 222
9 78
9 335
10 95
10 369
11 150
11 485
12 420
12 429
13 240
14 94
14 488
15 204
15 414
16 406
16 444
17 109
17 453
18 206
18 416
19 328
19 474
20 32
20 322
21 131
21 456
22 131
22 172
23 305
23 434
24 69
24 239
25 175
25 428
26 63
27 141
27 315
28 59
28 174
29 171
29 351
30 80
30 250
31 54
31 437
33 77
33 495
34 357
34 400
35 110
35 262
36 377
36 493
37 238
37 483
38 222
38 463
39 298
39 480
40 457
41 267
41 309
42 375
42 402
43 74
43 386
44 304
44 360
45 127
45 404
46 293
46 365
47 172
47 453
48 268
48 397
49 53
49 161
50 266
50 342
51 288
51 431
52 143
52 485
53 124
54 371
55 365
56 263
56 336
57 221
57 420
58 205
58 427
59 308
60 217
60 406
61 186
61 396
62 416
62 470
63 349
64 212
64 394
65 181
65 361
66 107
66 390
67 351
67 358
68 113
68 432
69 195
70 153
70 451
71 364
71 419
72 89
72 353
73 359
73 473
74 301
75 474
76 275
76 327
77 207
78 174
79 119
79 223
80 191
81 85
81 374
82 167
82 442
83 100
83 292
84 195
84 494
85 394
86 91
86 462
87 335
87 448
88 312
88 399
89 301
90 105
90 340
91 180
92 160
92 472
93 248
93 318
94 422
95 129
96 157
96 478
97 348
97 403
98 200
98 246
99 490
99 496
100 165
101 123
101 429
102 283
102 330
103 370
103 460
104 189
104 289
105 291
106 306
106 392
107 459
108 226
108 498
109 216
110 340
111 411
112 332
112 423
113 401
114 371
114 460
115 160
115 295
116 250
116 333
117 228
117 435
118 305
118 409
119 180
120 137
120 154
121 167
121 408
122 130
122 227
123 497
124 179
125 398
125 441
126 399
126 404
127 228
128 497
129 287
130 156
132 243
132 418
133 235
133 337
134 179
134 410
135 357
135 492
136 145
136 461
137 353
138 273
138 495
139 363
139 417
140 162
140 303
141 219
142 170
142 478
143 251
144 443
144 488
145 337
146 278
146 343
147 445
147 496
148 197
148 343
149 215
150 422
151 307
151 360
152 310
152 427
153 297
154 298
155 184
155 226
156 203
157 492
158 159
158 173
159 375
161 465
162 191
163 389
163 434
164 176
164 450
165 238
166 169
166 249
168 367
168 481
170 459
171 265
173 183
175 438
176 178
177 285
177 438
178 229
181 210
182 259
182 464
183 277
184 445
185 244
185 471
186 230
187 286
187 469
188 211
188 386
189 283
190 255
190 302
192 219
192 325
193 338
194 346
194 411
196 397
196 469
197 417
198 269
198 279
199 362
199 456
200 401
201 286
201 368
202 212
202 320
203 216
204 297
205 317
206 476
207 477
208 270
208 296
209 379
209 484
210 293
211 271
213 341
213 452
214 279
214 458
215 253
217 403
218 232
218 285
220 345
221 272
223 376
224 266
224 424
225 378
225 444
227 419
229 392
230 479
231 234
231 400
232 491
233 272
233 354
234 448
235 245
236 443
236 481
237 258
237 309
239 473
240 341
241 249
241 493
242 308
242 366
243 344
244 384
245 468
246 408
247 367
247 380
248 489
251 324
252 385
252 421
253 274
254 320
254 467
255 284
256 402
256 487
257 263
257 464
258 331
260 387
260 415
261 280
261 358
262 376
264 311
264 475
265 306
267 271
268 314
269 278
270 311
273 355
274 321
275 425
276 414
276 442
277 359
280 413
281 454
281 455
282 350
282 384
284 439
287 307
288 377
289 498
290 387
290 471
291 455
292 462
294 451
294 482
295 324
296 317
299 381
299 494
300 437
300 491
303 322
304 436
310 391
312 452
313 439
313 457
314 407
315 395
316 334
316 391
318 381
319 421
319 468
321 499
323 328
323 333
325 410
326 364
326 425
327 432
329 405
329 466
330 479
331 430
332 449
334 388
336 405
338 430
339 382
339 388
342 412
344 466
345 347
346 362
347 487
348 393
349 366
350 499
352 409
352 433
354 415
355 446
356 446
361 379
363 380
368 418
369 486
370 440
372 461
372 477
373 398
373 470
374 433
378 447
382 396
383 424
383 426
385 435
389 486
390 467
393 413
395 447
412 475
423 454
426 441
428 463
431 476
436 458
440 450
449 472
465 483
480 490
482 484
500 149
501 26
-1 -1
4.3712
