1
0 154
0 196
1 96
1 482
2 165
2 473
3 132
3 333
4 41
4 171
5 267
5 315
6 16
6 235
7 77
7 240
8 158
8 350
9 74
9 394
10 89
10 293
11 384
11 422
12 386
12 398
13 132
13 140
14 28
14 437
15 28
15 303
16 169
17 140
17 478
18 59
18 284
19 153
19 382
20 49
20 219
21 213
21 405
22 31
22 326
23 50
23 418
24 52
24 460
25 108
25 478
26 321
26 432
27 156
27 380
29 484
30 62
30 143
31 70
32 288
32 477
33 217
33 226
34 292
34 410
35 77
35 98
36 159
36 362
37 344
37 397
38 121
38 264
39 283
39 460
40 47
40 216
41 424
42 46
42 424
43 118
43 458
44 86
44 392
45 201
45 408
46 119
47 210
48 121
48 293
49 225
50 422
51 164
51 379
52 465
53 309
53 390
54 85
54 247
55 101
55 481
56 190
56 358
57 233
57 385
58 246
58 374
59 451
60 115
60 274
61 215
61 482
62 328
63 351
63 462
64 195
64 434
65 110
65 236
66 131
66 300
67 261
67 442
68 133
68 409
69 237
69 263
70 461
71 137
71 254
72 159
72 446
73 207
73 413
74 315
75 109
75 125
76 225
76 495
78 182
78 234
79 307
79 393
80 143
80 476
81 251
81 296
82 110
82 490
83 133
83 456
84 169
84 459
85 356
86 252
87 371
87 441
88 329
88 420
89 170
90 346
90 373
91 120
91 222
92 372
92 400
93 166
93 472
94 262
94 410
95 299
95 323
96 194
97 201
97 255
98 249
99 242
99 369
100 211
100 413
101 330
102 345
102 357
103 168
103 318
104 192
104 406
105 361
105 379
106 203
106 275
107 203
107 368
108 231
109 479
111 163
111 439
112 291
112 456
113 182
113 349
114 243
114 342
115 179
116 151
116 304
117 245
117 339
118 390
119 352
120 158
122 142
122 255
123 298
123 395
124 193
124 194
125 292
126 338
126 356
127 318
127 355
128 395
128 438
129 268
129 386
130 271
130 285
131 308
134 185
134 191
135 147
135 403
136 213
136 414
137 280
138 163
138 347
139 314
139 392
141 218
141 308
142 354
144 198
144 349
145 295
145 306
146 154
146 480
147 267
148 425
148 493
149 212
149 278
150 440
150 450
151 253
152 176
152 187
153 281
155 254
155 383
156 497
157 180
157 440
160 214
160 452
161 348
161 417
162 209
162 376
164 326
165 388
166 452
167 354
167 401
168 418
170 189
171 469
172 279
172 489
173 286
173 469
174 220
174 294
175 273
175 287
176 241
177 289
177 397
178 368
178 450
179 215
180 304
181 211
181 260
183 189
183 438
184 205
184 260
185 202
186 268
186 454
187 498
188 399
188 409
190 299
191 337
192 464
193 265
195 340
196 358
197 300
197 332
198 466
199 449
199 490
200 302
200 367
202 227
204 222
204 305
205 400
206 209
206 290
207 317
208 387
208 421
210 404
212 498
214 280
216 375
217 377
218 258
219 284
220 374
221 475
221 497
223 301
223 313
224 353
224 470
226 369
227 231
228 381
228 421
229 252
229 433
230 327
230 393
232 375
232 428
233 430
234 428
235 367
236 242
237 323
238 419
238 480
239 324
239 483
240 258
241 383
243 264
244 276
244 340
245 394
246 483
247 370
248 314
248 398
249 455
250 316
250 359
251 282
253 391
256 425
256 494
257 286
257 429
259 365
259 443
261 492
262 470
263 412
265 448
266 343
266 475
269 275
269 432
270 437
270 477
271 288
272 385
272 391
273 313
274 320
276 493
277 312
277 491
278 499
279 338
281 464
282 402
283 312
285 431
287 416
289 445
291 331
294 301
295 364
296 320
297 360
297 381
298 445
302 322
303 355
305 485
306 311
307 342
309 373
310 411
310 431
311 361
316 442
317 388
319 365
319 459
321 435
322 403
324 343
325 327
325 458
328 334
329 457
330 362
331 389
332 427
333 372
334 396
335 434
335 465
336 401
336 443
337 487
339 352
341 357
341 408
344 348
345 370
346 423
347 467
350 436
351 461
353 427
359 363
360 435
363 455
364 496
366 402
366 414
371 492
376 476
377 463
378 415
378 454
380 405
382 486
384 433
387 484
389 486
396 448
399 444
404 496
406 453
407 441
407 449
411 488
412 467
415 457
416 453
417 446
419 468
420 447
423 491
426 447
426 499
429 488
430 451
436 487
439 481
444 489
462 471
463 468
466 485
471 472
473 474
474 494
479 495
500 29
501 290
-1 -1
663.563
