1
0 352
0 398
1 196
1 334
2 109
2 116
3 263
3 475
4 317
4 600
5 205
5 613
6 206
6 688
7 187
7 482
8 108
8 547
9 167
9 489
10 498
10 696
11 14
11 478
12 56
12 175
13 338
13 642
14 174
15 231
15 482
16 23
16 499
17 52
17 463
18 208
18 393
19 120
19 178
20 600
20 647
21 494
21 653
22 619
22 633
23 250
24 261
24 348
25 448
25 676
26 522
26 652
27 132
27 365
28 342
28 461
29 244
29 674
30 134
30 594
31 278
31 488
32 219
32 405
33 68
33 638
34 54
34 293
35 306
35 407
36 262
36 307
37 46
37 314
38 313
38 425
39 112
39 483
40 206
40 605
41 607
41 659
42 228
42 259
43 254
43 459
44 226
44 507
45 333
45 493
46 281
47 119
47 472
48 105
48 154
49 64
49 235
50 329
50 584
51 441
51 501
52 470
53 201
53 398
54 250
55 314
55 399
56 416
57 370
57 669
58 203
58 622
59 132
59 431
60 198
60 478
61 67
61 274
62 326
62 487
63 561
63 674
64 672
65 77
65 503
66 292
66 344
67 284
68 464
69 425
69 668
70 396
70 400
71 126
71 135
72 181
72 382
73 230
73 446
74 304
74 627
75 393
75 402
76 186
76 486
77 639
78 365
78 572
79 146
79 610
80 243
80 442
81 332
81 580
82 406
82 656
83 449
83 624
84 139
84 677
85 182
85 198
86 252
86 697
87 157
87 618
88 484
88 699
89 255
89 693
90 540
90 637
91 233
91 403
92 294
92 349
93 272
93 505
94 338
94 407
95 372
95 671
96 137
96 366
97 293
97 676
98 126
98 644
99 143
99 531
100 296
100 602
101 436
101 471
102 124
102 502
103 509
103 557
104 330
104 470
105 612
106 412
106 530
107 223
107 476
108 369
109 134
110 366
110 388
111 128
111 351
112 654
113 626
113 678
114 554
114 666
115 328
115 385
116 445
117 139
117 185
118 237
118 339
119 416
120 268
121 266
121 278
122 434
122 654
123 271
123 519
124 358
125 292
125 639
127 431
127 538
128 427
129 136
129 249
130 308
130 625
131 180
131 344
133 215
133 336
135 341
136 516
137 428
138 410
138 680
140 364
140 519
141 502
141 686
142 298
142 533
143 646
144 160
144 270
145 218
145 277
146 159
147 390
147 541
148 424
148 597
149 648
149 688
150 275
150 617
151 310
151 555
152 226
152 417
153 334
153 535
154 311
155 282
155 642
156 266
156 629
157 526
158 290
158 634
159 669
161 267
161 354
162 409
162 495
163 289
163 586
164 177
164 232
165 445
165 693
166 456
166 489
167 296
168 313
168 350
169 273
169 508
170 462
170 574
171 238
171 611
172 461
172 497
173 302
173 331
174 305
175 179
176 385
176 640
177 414
178 286
179 408
180 477
181 284
182 578
183 311
183 577
184 453
184 581
185 378
186 650
187 396
188 518
188 643
189 562
189 683
190 213
190 643
191 249
191 679
192 524
192 620
193 359
193 611
194 487
194 595
195 265
195 646
196 521
197 304
197 422
199 441
199 469
200 458
200 538
201 443
202 234
202 523
203 267
204 295
204 485
205 442
207 400
207 591
208 243
209 308
209 323
210 512
210 655
211 507
211 578
212 543
212 614
213 467
214 215
214 415
216 225
216 376
217 667
217 687
218 559
219 566
220 408
220 427
221 581
221 670
222 232
222 457
223 616
224 452
224 510
225 357
227 610
227 626
228 488
229 645
229 692
230 604
231 533
233 264
234 332
235 273
236 247
236 549
237 240
238 698
239 307
239 526
240 587
241 527
241 656
242 373
242 505
244 566
245 354
245 607
246 287
246 346
247 511
248 404
248 551
251 518
251 660
252 312
253 287
253 355
254 374
255 418
256 271
256 428
257 454
257 484
258 299
258 462
259 630
260 372
260 587
261 684
262 325
263 437
264 529
265 593
268 682
269 316
269 568
270 317
272 379
274 682
275 456
276 395
276 531
277 556
279 433
279 560
280 413
280 691
281 374
282 575
283 327
283 451
285 498
285 522
286 687
288 319
288 419
289 346
290 590
291 297
291 542
294 557
295 603
297 380
298 632
299 333
300 622
300 664
301 384
301 564
302 606
303 364
303 509
305 451
306 554
309 377
309 668
310 322
312 319
315 599
315 634
316 325
318 430
318 464
320 370
320 443
321 658
321 692
322 685
323 546
324 511
324 635
326 477
327 536
328 663
329 564
330 435
331 546
335 620
335 666
336 525
337 500
337 640
339 434
340 342
340 394
341 399
343 358
343 510
345 497
345 684
347 353
347 506
348 558
349 350
351 571
352 547
355 514
356 576
356 651
357 593
359 689
360 361
360 586
361 590
362 446
362 514
363 383
363 588
367 503
367 576
368 467
368 563
369 608
371 376
371 404
373 435
375 565
375 665
377 652
378 513
379 570
380 699
381 387
381 661
382 597
383 689
384 525
386 483
386 555
387 513
388 389
389 439
390 606
391 420
391 537
392 469
392 480
394 444
395 552
397 486
397 613
401 508
401 558
402 410
403 694
405 588
406 485
409 657
411 534
411 602
412 562
413 695
414 473
415 523
417 572
418 556
419 568
420 560
421 504
421 544
422 569
423 521
423 534
424 604
426 662
426 694
429 430
429 474
432 447
432 582
433 574
436 479
437 463
438 650
438 662
439 539
440 577
440 697
444 664
447 641
448 450
449 592
450 539
452 595
453 644
454 474
455 532
455 601
457 552
458 686
459 520
460 465
460 685
465 580
466 609
466 625
468 517
468 647
471 529
472 638
473 553
475 573
476 567
479 649
480 517
481 551
481 636
490 627
490 681
491 493
491 545
492 548
492 630
494 589
495 617
496 550
496 628
499 543
500 603
501 592
504 695
506 598
512 671
515 584
515 675
516 628
520 663
524 579
527 673
528 594
528 655
530 678
532 579
535 696
536 614
537 563
540 665
541 633
542 623
544 615
545 583
548 608
549 672
550 599
553 670
559 583
561 582
565 601
567 677
569 691
570 698
571 619
573 658
575 651
585 618
585 659
589 680
591 679
596 609
596 648
598 637
605 681
612 623
615 621
616 649
621 631
624 645
629 632
631 667
635 641
636 683
653 673
657 660
661 690
675 690
700 160
701 353
-1 -1
4.51955
