400 2394
0 20
0 22
0 116
0 121
0 123
0 162
0 167
0 208
0 222
0 227
0 269
0 274
0 312
0 321
0 354
0 381
0 388
0 391
1 34
1 63
1 94
1 206
1 259
1 262
1 280
1 305
1 308
2 20
2 83
2 84
2 115
2 161
2 174
2 179
2 213
2 353
2 369
2 398
3 26
3 52
3 97
3 100
3 106
3 135
3 206
3 220
3 241
3 243
3 266
3 303
3 329
4 18
4 19
4 42
4 100
4 140
4 142
4 151
4 166
4 222
4 319
5 16
5 44
5 54
5 113
5 115
5 145
5 194
5 219
5 245
5 282
5 291
5 313
5 347
5 379
5 385
6 35
6 44
6 77
6 86
6 98
6 127
6 156
6 157
6 192
6 209
6 309
6 317
6 356
6 369
7 52
7 59
7 113
7 120
7 155
7 172
7 179
7 224
8 45
8 125
8 172
8 176
8 297
8 359
8 394
8 399
9 28
9 35
9 72
9 74
9 121
9 242
9 250
9 299
9 300
9 303
9 325
9 326
9 354
9 358
10 31
10 40
10 106
10 121
10 144
10 199
10 221
10 229
10 252
10 266
10 271
10 372
10 380
11 16
11 17
11 19
11 90
11 93
11 108
11 202
11 204
11 251
11 256
11 292
11 325
11 331
11 342
11 357
11 380
11 388
12 58
12 66
12 69
12 75
12 89
12 95
12 124
12 195
12 216
12 222
12 230
12 232
12 243
12 250
12 267
12 279
12 330
13 20
13 60
13 94
13 124
13 163
13 183
13 216
13 224
13 316
13 335
13 379
14 41
14 61
14 89
14 109
14 141
14 185
14 352
14 393
15 70
15 93
15 201
15 209
15 249
16 45
16 78
16 148
16 170
16 221
16 264
16 288
16 306
16 393
17 39
17 89
17 92
17 159
17 176
17 185
17 196
17 239
17 282
17 326
17 336
17 339
17 357
17 367
18 39
18 53
18 95
18 162
18 200
18 230
18 256
18 279
18 283
18 351
19 81
19 87
19 104
19 135
19 194
19 246
19 336
19 389
20 28
20 49
20 162
20 169
20 242
20 249
20 262
20 283
20 315
20 336
20 344
20 369
20 388
21 37
21 150
21 214
21 280
21 387
22 90
22 197
22 203
22 240
22 251
22 275
22 280
22 311
22 332
22 375
23 38
23 55
23 171
23 216
23 238
23 275
23 330
23 347
23 351
23 368
23 370
24 66
24 76
24 85
24 120
24 137
24 141
24 147
24 171
24 194
24 204
24 216
24 259
24 286
24 300
24 324
24 337
24 345
24 384
25 89
25 106
25 168
25 189
25 208
25 305
25 319
25 336
25 343
25 361
25 376
25 378
26 57
26 63
26 107
26 111
26 255
26 303
26 339
26 364
27 35
27 37
27 79
27 297
27 304
28 69
28 94
28 97
28 118
28 141
28 306
28 314
28 322
28 377
28 379
28 393
28 397
29 110
29 123
29 300
29 329
30 35
30 96
30 117
30 183
30 194
30 234
30 275
30 285
30 289
30 299
30 311
30 336
31 102
31 117
31 123
31 170
31 175
31 183
31 237
31 242
31 247
31 274
31 309
31 358
32 83
32 119
32 124
32 187
32 209
32 225
32 242
32 295
32 322
32 365
32 371
33 54
33 89
33 95
33 143
33 181
33 290
33 340
33 341
33 369
34 45
34 115
34 130
34 159
34 269
34 317
34 379
34 383
35 46
35 62
35 89
35 103
35 110
35 142
35 150
35 204
35 212
35 239
35 331
35 344
36 51
36 93
36 98
36 127
36 195
36 214
36 313
36 335
36 339
36 346
36 379
37 58
37 91
37 116
37 152
37 286
37 309
37 311
37 312
37 352
37 355
37 358
38 51
38 75
38 118
38 150
38 159
38 188
38 238
38 256
38 262
38 285
38 297
38 345
39 44
39 56
39 73
39 92
39 106
39 131
39 174
39 355
39 357
39 387
40 86
40 117
40 140
40 174
40 236
40 248
40 272
40 292
41 42
41 53
41 70
41 72
41 79
41 133
41 176
41 210
41 232
41 256
41 257
41 260
41 286
41 307
41 311
41 365
41 386
42 59
42 68
42 92
42 100
42 146
42 171
42 179
42 195
42 242
42 251
42 262
42 267
42 353
42 371
42 373
43 46
43 59
43 92
43 97
43 109
43 111
43 134
43 157
43 223
43 299
43 331
44 111
44 117
44 122
44 154
44 304
44 332
45 48
45 56
45 67
45 103
45 125
45 154
45 206
45 224
45 230
45 249
45 258
45 304
45 306
46 102
46 142
46 181
46 191
46 255
46 280
46 303
46 319
46 324
46 329
46 337
46 357
47 74
47 121
47 127
47 133
47 173
47 181
47 182
47 186
47 191
47 192
47 193
47 257
47 280
47 302
47 345
47 362
47 375
48 65
48 78
48 95
48 103
48 130
48 184
48 192
48 222
48 226
48 233
48 251
48 309
48 355
48 356
48 378
49 67
49 98
49 118
49 120
49 135
49 142
49 154
49 188
49 302
49 359
49 361
49 367
49 373
50 114
50 115
50 136
50 137
50 140
50 151
50 153
50 178
50 201
50 206
50 254
50 304
50 322
50 340
50 356
50 376
51 64
51 78
51 171
51 175
51 189
51 236
51 320
51 325
51 345
51 396
52 99
52 120
52 133
52 137
52 160
52 174
52 181
52 206
52 212
52 263
52 273
52 276
52 281
52 296
52 308
52 316
52 330
52 374
52 387
52 392
52 399
53 132
53 148
53 222
53 253
53 278
53 342
53 362
53 373
54 62
54 122
54 132
54 144
54 174
54 192
54 223
54 277
54 359
54 362
54 367
54 370
55 122
55 220
55 234
55 309
55 314
55 331
55 333
55 348
55 361
56 85
56 118
56 155
56 211
56 321
56 359
56 376
56 378
57 263
57 294
57 333
58 81
58 99
58 102
58 104
58 197
58 222
58 231
58 288
58 304
58 369
59 91
59 127
59 139
59 175
59 209
59 348
60 109
60 111
60 117
60 118
60 143
60 146
60 216
60 377
60 381
60 389
61 72
61 96
61 111
61 123
61 269
61 341
61 391
62 175
62 183
62 245
62 260
62 312
62 328
62 337
63 72
63 88
63 93
63 169
63 185
63 200
63 277
63 279
63 282
63 342
63 346
64 117
64 217
64 219
64 253
64 282
65 95
65 111
65 166
65 172
65 236
65 267
65 270
65 283
65 299
65 333
65 370
65 374
65 395
66 77
66 116
66 158
66 164
66 181
66 200
66 214
66 224
66 240
66 253
66 281
66 380
66 381
67 116
67 131
67 211
67 227
67 259
67 262
67 268
67 344
67 379
68 88
68 155
68 177
68 227
68 234
68 236
68 249
68 264
68 267
68 278
68 293
68 361
68 394
69 94
69 95
69 106
69 125
69 138
69 151
69 186
69 208
69 238
69 251
69 273
69 297
70 131
70 136
70 159
70 174
70 180
70 183
70 213
70 234
70 278
70 296
70 297
70 323
70 324
70 357
71 154
71 160
71 174
71 184
71 207
71 220
71 256
71 258
71 269
71 329
71 344
71 352
71 369
71 394
72 108
72 143
72 228
72 232
72 255
72 303
72 341
72 350
72 369
73 202
73 237
73 372
73 395
74 90
74 120
74 136
74 155
74 240
74 335
75 103
75 129
75 130
75 139
75 159
75 184
75 195
75 276
75 297
75 320
76 145
76 146
76 179
76 192
76 289
76 296
76 307
76 320
76 328
76 333
76 334
76 349
77 134
77 240
77 259
77 263
77 303
77 308
77 341
77 349
77 375
77 389
78 117
78 209
78 235
78 240
78 303
78 319
78 348
78 399
79 85
79 122
79 126
79 137
79 164
79 182
79 210
79 274
79 301
79 390
80 81
80 116
80 121
80 128
80 129
80 147
80 172
80 177
80 208
80 214
80 218
80 244
80 291
80 292
80 310
80 322
81 131
81 152
81 161
81 251
81 267
81 282
81 324
81 359
81 381
81 382
82 92
82 137
82 209
82 244
82 323
82 390
83 89
83 128
83 155
83 166
83 177
83 200
83 266
83 292
83 338
84 188
84 200
84 205
84 216
84 225
84 230
84 243
84 295
84 365
85 95
85 173
85 192
85 194
85 196
85 198
85 248
85 269
85 280
85 329
85 359
86 104
86 154
86 198
86 310
86 365
86 390
87 93
87 111
87 127
87 142
87 161
87 188
87 189
87 223
87 225
87 230
87 247
87 280
87 361
88 198
88 308
88 313
88 344
88 390
88 391
88 392
89 105
89 146
89 218
89 220
89 232
89 246
89 261
89 298
89 319
89 329
89 367
89 390
90 124
90 128
90 130
90 163
90 179
90 231
90 240
90 265
90 305
90 317
90 323
90 369
91 118
91 182
91 272
91 280
91 311
91 330
91 335
91 379
91 385
91 386
91 388
91 398
92 126
92 158
92 190
92 220
92 229
92 296
92 321
92 353
92 358
93 122
93 124
93 130
93 167
93 205
93 236
93 244
93 307
93 326
93 384
94 137
94 222
94 359
94 384
95 140
95 212
95 219
95 228
95 272
95 285
95 296
95 327
95 344
95 368
96 197
96 200
96 201
96 313
96 359
97 107
97 139
97 157
97 181
97 194
97 228
97 276
97 293
97 308
97 332
97 378
97 387
98 117
98 147
98 153
98 223
98 248
98 327
98 331
98 354
99 104
99 136
99 165
99 249
99 316
100 152
100 160
100 186
100 241
100 247
100 316
100 320
100 329
101 125
101 224
101 227
101 237
101 255
101 286
101 292
101 330
101 361
102 116
102 128
102 147
102 160
102 263
102 313
102 349
102 367
102 374
103 109
103 123
103 186
103 208
103 216
103 256
103 272
103 275
103 333
103 334
103 338
103 340
104 169
104 172
104 173
104 181
104 187
104 200
104 262
104 343
104 356
104 358
104 372
104 383
105 148
105 163
105 173
105 181
105 209
105 256
105 309
106 111
106 201
106 212
106 234
106 308
106 327
106 331
106 374
106 385
107 169
107 203
107 236
107 269
107 340
107 359
108 126
108 202
108 275
108 278
108 293
108 302
108 345
108 359
109 115
109 122
109 197
109 208
109 279
109 334
110 129
110 191
110 199
110 248
110 263
110 346
110 361
110 366
110 381
110 383
111 113
111 263
111 268
111 305
111 323
111 349
111 358
111 379
112 124
112 151
112 153
112 159
112 196
112 257
112 337
112 373
113 121
113 187
114 156
114 223
114 264
114 281
114 292
114 360
114 369
114 386
115 146
115 229
115 237
115 245
115 306
115 338
116 159
116 179
116 239
116 290
116 298
116 374
116 388
117 171
117 196
117 214
117 244
117 257
117 274
117 350
117 363
118 140
118 161
118 187
118 195
118 204
118 268
118 309
118 330
118 367
118 372
118 395
119 156
119 230
119 251
119 277
119 278
119 280
119 334
120 190
120 214
120 233
120 266
120 306
120 371
120 373
121 141
121 186
121 232
121 243
121 255
121 267
121 280
121 291
121 295
121 318
121 325
121 361
122 149
122 210
122 290
122 296
122 325
122 331
122 388
123 145
123 241
123 255
123 278
123 281
123 290
123 300
123 306
123 321
123 367
123 368
124 192
124 199
124 205
124 214
124 236
124 241
124 287
124 315
124 345
124 384
125 129
125 171
125 207
125 258
125 294
125 347
126 179
126 195
126 225
126 256
126 278
126 289
126 353
126 355
126 359
127 131
127 247
127 262
127 278
127 318
127 326
127 357
127 386
127 397
128 159
128 179
128 187
128 306
128 356
128 378
128 379
129 179
129 291
129 300
129 317
129 352
130 134
130 149
130 178
130 183
130 195
130 199
130 208
130 250
130 284
130 329
130 349
130 354
130 383
131 163
131 193
131 208
131 246
131 269
131 284
131 299
131 367
132 136
132 160
132 163
132 248
132 363
132 364
133 136
133 194
133 210
133 229
133 230
133 231
133 264
133 271
133 282
133 293
133 301
133 315
133 322
133 382
134 150
134 152
134 158
134 187
134 214
134 218
134 245
134 251
134 289
134 300
134 311
134 357
134 372
135 181
135 215
135 291
135 299
135 321
135 334
135 359
135 365
135 381
136 195
136 338
136 358
137 156
137 160
137 262
137 268
137 274
137 296
137 351
138 151
138 167
138 184
138 216
138 233
138 265
138 268
138 290
138 300
138 317
138 336
138 341
138 374
138 382
139 169
139 170
139 198
139 328
139 378
139 399
140 144
140 147
140 197
140 224
140 356
141 163
141 180
141 234
141 256
141 295
141 326
141 363
142 157
142 207
142 221
142 379
143 151
143 166
143 210
143 269
143 271
143 302
143 304
143 327
143 335
143 344
143 357
143 365
143 376
144 149
144 261
144 357
144 364
144 384
145 181
145 186
145 209
145 227
145 230
145 231
145 339
145 356
145 369
145 383
146 234
146 308
146 347
146 363
147 168
147 169
147 212
147 238
147 245
147 265
147 266
147 293
147 348
147 351
147 352
147 361
147 363
147 380
148 172
148 210
148 295
148 309
148 382
148 386
148 391
149 168
149 214
149 244
149 267
149 308
149 336
149 393
150 199
150 215
150 244
150 259
150 312
150 347
150 353
150 395
151 159
151 174
151 176
151 324
151 375
152 169
152 175
152 190
152 228
152 240
152 246
152 263
152 349
152 364
153 222
153 225
153 236
153 238
153 273
153 311
153 313
153 332
153 396
154 180
154 258
154 302
154 326
154 343
154 352
154 383
155 175
155 272
155 360
155 375
155 379
156 188
156 206
156 234
156 244
156 280
156 296
156 320
156 336
157 162
157 175
157 190
157 219
157 246
157 335
158 207
158 220
158 231
158 267
158 310
158 328
158 354
158 373
159 179
159 184
159 196
159 366
159 388
160 168
160 183
160 184
160 225
160 250
160 268
160 280
160 290
160 377
161 185
161 346
161 359
161 360
161 366
161 382
162 196
162 281
162 327
162 363
162 364
162 395
163 165
163 171
163 191
163 199
163 211
163 310
163 318
163 340
163 353
164 167
164 213
164 293
164 316
164 342
164 380
165 208
165 225
165 242
165 265
165 310
165 332
166 205
166 269
166 282
166 292
166 302
166 309
166 319
166 322
166 326
166 361
167 215
167 221
167 222
167 227
167 250
167 354
167 392
168 173
168 220
168 231
168 248
168 316
168 364
168 397
169 171
169 227
169 236
169 244
169 250
169 272
169 301
170 237
170 259
170 263
170 297
171 183
171 188
171 234
171 383
171 385
172 214
172 222
172 238
172 253
172 283
172 326
172 343
172 348
172 351
172 363
172 366
172 388
173 194
173 244
173 308
173 337
173 362
173 384
174 231
174 287
174 289
174 326
174 327
174 391
175 192
175 222
175 229
175 365
176 263
176 295
176 310
176 350
176 380
177 195
177 204
177 209
177 212
177 262
177 263
177 323
177 341
177 345
177 385
178 213
178 267
178 305
178 330
178 350
178 363
178 371
178 375
179 193
179 237
179 317
179 337
179 340
179 367
179 369
180 218
180 244
180 275
180 350
181 214
181 262
181 323
181 395
182 189
182 211
182 213
182 219
182 244
182 286
182 287
182 309
182 310
183 208
183 214
183 229
183 250
183 326
183 335
183 349
183 372
183 380
184 258
184 262
184 303
184 351
185 202
185 229
185 239
185 245
185 256
185 267
185 304
185 350
185 389
186 194
186 238
186 242
186 280
186 295
186 398
187 189
187 196
187 266
188 245
188 284
188 286
188 291
188 329
188 361
188 381
189 191
189 270
189 287
189 295
189 309
189 366
190 206
190 220
190 241
190 290
190 358
190 393
191 307
191 332
191 389
192 221
192 225
192 248
193 221
193 230
193 243
193 253
193 283
194 204
194 282
194 355
194 384
194 386
194 389
195 290
195 308
195 322
195 334
195 345
195 355
196 204
196 302
196 331
196 335
196 365
197 267
197 269
197 306
197 341
197 384
198 233
198 253
198 256
198 315
198 324
199 209
199 216
199 231
199 260
199 268
199 319
199 336
199 349
199 353
199 375
199 389
200 227
200 253
200 268
200 282
200 297
200 303
200 357
200 387
201 244
201 282
201 364
201 369
201 378
201 388
201 389
202 208
202 263
202 330
202 359
203 207
203 221
203 231
203 262
203 275
203 289
203 291
203 319
203 350
204 210
204 213
204 270
204 281
204 286
204 322
204 346
204 359
205 219
205 229
205 279
205 300
205 302
205 322
206 211
206 214
206 251
206 275
206 373
206 377
207 222
207 247
207 285
207 298
207 343
207 360
207 361
207 370
208 309
208 376
208 380
209 211
209 282
209 290
209 343
210 231
210 239
210 248
210 303
210 366
210 369
210 378
211 303
211 305
211 310
211 315
212 233
212 253
212 322
212 325
212 363
212 377
212 394
213 224
213 227
213 264
213 289
213 321
213 330
213 371
213 392
214 276
214 338
214 357
214 365
215 237
215 241
215 243
215 256
216 224
216 255
216 374
217 234
217 254
217 290
217 297
218 237
218 282
218 336
218 340
218 392
218 396
219 283
219 297
219 311
219 391
220 221
220 352
220 386
221 277
221 310
221 318
221 351
221 359
221 363
222 256
222 303
222 317
222 342
222 359
223 290
224 392
225 235
225 236
225 270
225 281
225 282
225 285
225 297
225 306
225 333
225 343
225 383
225 399
226 228
226 232
226 267
226 269
226 280
226 327
226 328
226 368
227 279
227 289
227 291
227 302
228 289
228 314
228 397
229 281
229 331
229 352
229 394
230 276
230 352
230 357
230 394
231 238
231 267
231 353
231 378
231 392
231 395
232 256
232 318
232 321
232 327
232 342
232 363
232 373
233 247
233 250
233 251
233 325
233 335
234 260
234 292
234 294
234 319
234 369
234 370
234 376
234 391
235 247
235 304
235 336
235 366
235 369
235 386
235 393
236 267
236 279
236 285
236 347
236 350
236 379
237 250
237 297
237 312
237 323
237 326
237 339
237 345
237 347
237 365
237 387
238 351
238 355
239 250
239 285
239 293
239 329
239 342
239 396
239 398
240 258
240 279
240 286
240 315
240 323
240 330
241 337
241 344
242 305
242 392
243 246
243 333
243 370
243 396
244 254
244 323
244 369
244 382
245 257
245 287
245 306
245 317
245 345
246 275
247 378
247 397
248 259
248 288
248 321
248 333
248 394
249 300
249 322
249 328
249 364
249 368
250 377
251 277
251 305
251 319
251 343
251 383
252 266
252 307
252 328
252 331
252 334
253 270
253 309
253 352
253 361
254 294
254 303
254 324
254 338
254 373
254 394
255 277
255 330
255 335
255 336
255 342
255 373
255 381
256 302
256 340
256 348
256 363
256 379
257 268
257 284
257 301
257 351
257 354
257 375
257 389
258 271
258 304
258 331
258 334
258 370
258 371
259 268
259 335
259 395
260 261
260 309
260 350
260 382
260 391
261 303
261 324
261 340
262 281
262 313
262 322
262 325
262 338
262 365
263 318
263 329
263 335
263 344
264 382
265 280
265 281
265 283
265 294
265 305
265 353
266 320
266 322
266 366
267 312
267 350
268 284
268 354
268 363
268 385
269 292
269 328
269 342
269 376
269 383
270 376
270 399
271 312
271 343
271 375
271 394
272 274
272 287
272 335
272 397
273 290
273 295
273 323
273 327
273 328
273 344
273 351
273 379
274 305
274 354
274 368
275 332
276 312
276 337
276 351
276 367
276 370
277 298
277 365
278 305
278 333
278 350
279 291
279 353
280 284
280 322
280 359
280 383
281 337
282 329
282 367
282 385
283 330
283 355
283 356
283 376
284 321
284 356
284 389
284 399
285 314
285 398
286 334
287 305
287 308
288 291
288 293
288 337
288 347
288 380
289 314
289 350
289 356
290 327
290 347
290 394
291 382
292 303
292 319
292 325
292 336
292 343
292 360
292 366
292 369
292 389
293 297
293 302
293 305
293 314
293 330
293 382
294 307
294 311
294 338
294 349
294 361
295 341
296 318
296 340
297 299
298 311
298 351
298 387
299 331
299 364
300 397
301 340
301 346
301 351
302 306
302 308
302 310
302 345
303 382
303 389
304 350
304 354
304 367
304 371
304 394
305 307
305 352
305 365
305 375
305 391
306 382
306 385
306 399
307 349
307 357
307 360
308 329
309 336
309 349
309 355
309 376
310 320
310 322
310 384
310 391
310 398
311 323
311 325
311 326
311 360
312 318
312 347
312 382
313 336
313 362
313 364
313 369
313 376
313 388
314 396
315 331
315 356
316 326
316 340
316 346
316 349
317 370
317 383
318 322
318 327
318 361
322 346
322 398
323 364
323 367
324 383
324 386
324 387
325 332
325 347
325 364
325 384
326 367
326 390
327 348
327 361
328 341
328 393
330 369
330 378
331 338
331 354
331 356
331 363
332 344
333 371
334 341
334 351
334 355
335 353
335 355
335 361
335 369
335 381
335 390
336 343
336 352
336 366
336 368
336 380
337 379
337 387
338 344
339 368
340 367
340 372
340 377
340 394
341 369
341 389
342 367
342 381
342 385
342 398
343 374
343 388
343 391
343 398
344 367
345 379
347 357
348 372
349 364
349 373
350 355
350 387
351 373
351 381
351 390
352 357
352 373
353 362
354 371
354 377
354 391
355 374
355 398
356 373
357 374
359 385
359 391
360 392
361 398
362 393
363 366
366 377
367 390
368 395
373 388
374 392
375 382
377 383
377 391
378 387
379 392
381 383
381 387
381 391
382 397
387 397
388 392
