1
0 134
0 123
1 96
1 91
2 150
2 293
3 139
3 26
4 290
4 190
5 98
5 101
6 131
7 97
7 136
8 204
8 60
9 204
9 125
10 64
10 287
11 167
11 72
12 146
12 30
13 168
13 19
14 111
14 252
15 46
15 240
16 262
16 154
17 150
17 218
18 272
18 158
19 63
20 87
20 261
21 213
21 221
22 53
22 159
23 114
23 117
24 166
24 222
25 36
25 78
26 294
27 130
27 174
28 122
28 37
29 156
29 90
30 76
31 244
31 208
32 65
32 184
33 271
33 239
34 182
34 124
35 266
35 188
36 245
37 283
38 67
38 203
39 170
39 51
40 162
40 145
41 231
41 189
42 273
42 155
43 107
43 247
44 272
44 78
45 203
45 207
46 177
47 211
47 143
48 102
48 254
49 223
49 109
50 83
50 292
51 200
52 282
52 141
53 132
54 295
54 84
55 116
55 108
56 201
56 223
57 298
57 178
58 242
58 207
59 160
59 266
60 183
61 231
61 290
62 69
62 63
64 146
65 258
66 269
66 239
67 212
68 80
68 76
69 152
70 220
70 105
71 288
71 196
72 115
73 291
73 127
74 103
74 219
75 257
75 236
77 104
77 115
79 209
79 215
80 258
81 164
81 210
82 164
82 171
83 198
84 288
85 192
85 265
86 211
86 149
87 157
88 133
88 238
89 110
89 125
90 259
91 226
92 241
92 268
93 256
93 299
94 116
94 286
95 167
95 217
96 194
97 165
98 118
99 248
99 138
100 165
100 271
101 268
102 170
103 123
104 197
105 291
106 112
106 160
107 251
108 158
109 262
110 285
111 126
112 240
113 217
113 222
114 193
117 189
118 254
119 171
119 147
120 251
120 156
121 187
121 183
122 192
124 221
126 131
127 281
128 234
128 181
129 169
129 246
130 232
132 247
133 213
134 153
135 166
135 230
136 210
137 225
137 237
138 296
139 233
140 232
140 202
141 185
142 276
142 250
143 175
144 297
144 185
145 283
147 253
148 228
148 199
149 298
151 235
151 219
152 289
153 205
154 292
155 216
157 230
159 227
161 261
161 295
162 275
163 200
163 238
168 214
169 172
172 209
173 177
173 244
174 186
175 273
176 180
176 199
178 249
179 260
179 187
180 243
181 274
182 296
184 208
186 267
188 252
190 242
191 237
191 206
193 197
195 279
195 278
196 215
198 282
201 236
202 284
205 241
206 256
212 229
214 293
216 224
218 297
220 265
224 280
225 281
226 275
227 228
229 260
233 263
234 263
235 287
243 255
245 255
246 267
248 259
249 274
250 277
253 264
257 286
264 276
269 278
270 289
270 294
277 284
279 280
285 299
300 194
301 6
-1 -1
1.91018
