1
0 221
0 323
1 138
1 474
2 47
2 99
3 271
3 354
4 330
4 365
5 85
5 317
6 115
6 472
7 328
7 456
8 27
8 153
9 13
9 225
10 54
10 260
11 364
11 377
12 72
12 182
13 70
14 188
14 475
15 184
15 230
16 89
16 247
17 175
17 439
18 129
18 150
19 305
19 341
20 291
20 378
21 33
21 359
22 371
22 431
23 318
23 391
24 80
24 309
25 239
25 344
26 292
26 382
27 151
28 227
28 252
29 132
29 212
30 355
30 475
31 199
31 314
32 180
32 412
33 59
34 256
34 361
35 191
35 426
36 276
36 415
37 96
37 152
38 48
38 361
39 203
39 224
40 67
40 193
41 339
41 487
42 240
42 299
43 270
43 388
44 322
44 394
45 223
45 306
46 77
46 499
47 59
48 347
49 110
49 205
50 86
50 121
51 299
51 418
52 60
52 416
53 210
53 340
54 301
55 94
55 420
56 89
56 295
57 394
57 411
58 117
58 454
60 462
61 196
61 288
62 428
62 464
63 223
63 401
64 135
64 296
65 199
65 442
66 183
66 464
67 83
68 151
68 402
69 232
69 492
70 424
71 244
71 481
72 428
73 349
73 418
74 159
74 297
75 79
75 410
76 252
76 450
77 435
78 188
78 371
79 328
80 304
81 108
81 177
82 111
82 301
83 124
84 165
84 400
85 104
86 499
87 222
87 250
88 130
88 286
90 228
90 350
91 249
91 284
92 116
92 320
93 282
93 329
94 220
95 113
95 497
96 327
97 215
97 483
98 140
98 471
99 265
100 214
100 384
101 178
101 247
102 246
102 379
103 259
103 298
104 275
105 144
105 440
106 208
106 269
107 129
107 284
108 164
109 209
109 494
110 473
111 331
112 280
112 312
113 205
114 404
114 414
115 239
116 118
117 170
118 354
119 183
119 201
120 279
120 498
121 289
122 272
122 310
123 304
123 449
124 321
125 148
125 187
126 146
126 258
127 356
127 465
128 343
128 397
130 254
131 154
131 268
132 389
133 391
133 481
134 169
134 315
135 148
136 230
136 444
137 142
137 160
138 405
139 283
139 434
140 419
141 340
141 484
142 429
143 179
143 420
144 235
145 283
145 400
146 212
147 294
147 323
149 211
149 222
150 393
152 367
153 423
154 308
155 262
155 445
156 302
156 414
157 349
157 381
158 173
158 310
159 168
160 292
161 473
161 495
162 381
162 444
163 206
163 380
164 226
165 274
166 321
166 376
167 277
167 337
168 348
169 268
170 459
171 192
171 277
172 176
172 495
173 309
174 192
174 398
175 477
176 384
177 436
178 429
179 382
180 373
181 356
181 489
182 289
184 270
185 235
185 407
186 269
186 491
187 449
189 202
189 303
190 307
190 413
191 213
193 290
194 416
194 432
195 358
195 437
196 376
197 225
197 319
198 248
198 318
200 218
200 398
201 493
202 482
203 342
204 248
204 417
206 375
207 241
207 439
208 438
209 426
210 234
211 320
213 388
214 286
215 233
216 334
216 370
217 231
217 488
218 333
219 324
219 389
220 452
221 363
224 419
226 383
227 317
228 316
229 238
229 424
231 258
232 291
233 285
234 249
236 296
236 332
237 408
237 432
238 492
240 256
241 478
242 251
242 463
243 350
243 431
244 325
245 316
245 366
246 403
250 312
253 330
253 471
254 261
255 355
255 412
257 261
257 351
259 362
260 287
262 372
263 339
263 392
264 353
264 427
265 377
266 325
266 470
267 360
267 441
271 364
272 496
273 279
273 487
274 456
275 447
276 483
278 342
278 383
280 458
281 315
281 486
282 345
285 497
288 489
290 294
293 345
293 362
295 413
297 485
298 478
300 352
300 386
302 447
303 335
305 459
306 479
307 341
308 348
311 367
311 421
313 396
313 446
314 385
319 461
322 372
324 368
326 408
326 482
327 338
329 335
331 476
332 469
333 370
334 392
336 357
336 484
337 374
338 474
343 491
344 430
346 433
346 442
347 351
352 480
353 457
357 458
358 409
359 451
360 437
363 451
365 385
366 463
368 406
369 441
369 448
373 454
374 422
375 493
378 468
379 494
380 397
386 443
387 435
387 466
390 399
390 406
393 395
395 411
396 415
399 448
401 425
402 467
403 477
404 461
405 438
407 485
409 498
410 446
417 466
421 427
422 460
423 445
425 472
430 465
433 486
434 436
440 490
443 468
450 453
452 462
453 476
455 467
455 480
457 479
460 496
469 470
488 490
500 251
501 287
-1 -1
8.17772
