1
0 7
0 287
1 15
1 80
2 131
2 201
3 367
3 236
4 112
4 393
5 197
5 341
6 259
6 31
7 205
8 353
8 99
9 257
9 81
10 158
10 231
11 98
11 385
12 291
12 311
13 309
13 178
14 360
14 153
15 227
16 85
16 170
17 267
17 157
18 48
18 132
19 353
19 161
20 24
20 398
21 81
21 242
22 257
22 339
23 321
23 135
24 162
25 305
25 176
26 358
26 383
27 84
27 197
28 272
28 243
29 282
29 138
30 357
30 270
31 335
32 41
32 186
33 46
33 352
34 148
34 202
35 367
35 228
36 288
36 142
37 124
37 151
38 258
38 122
39 279
39 144
40 143
40 264
41 247
42 359
42 119
43 49
43 60
44 69
44 92
45 96
45 234
46 129
47 345
47 399
48 326
49 268
50 87
50 108
51 299
51 249
52 101
52 152
53 339
53 399
54 59
54 97
55 76
55 109
56 347
56 217
57 323
57 369
58 90
58 325
59 121
60 220
61 260
61 394
62 77
62 294
63 348
63 165
64 275
64 160
65 319
65 203
66 83
66 274
67 366
67 158
68 281
68 300
69 389
70 140
70 348
71 266
71 131
72 146
72 233
73 390
73 388
74 78
74 95
75 306
75 304
76 162
77 183
78 279
79 303
79 356
80 349
82 132
82 219
83 241
84 392
85 233
86 332
86 237
87 333
88 302
88 139
89 90
89 239
91 394
91 156
93 95
93 223
94 277
94 204
96 379
97 199
98 240
99 165
100 141
100 148
101 171
102 278
102 282
103 205
103 252
104 346
104 329
105 317
105 175
106 128
106 241
107 258
107 250
108 170
109 365
110 384
110 386
111 315
111 156
112 283
113 281
113 382
114 313
114 154
115 130
115 206
116 307
116 167
117 218
117 239
118 308
118 174
119 325
120 317
120 201
121 172
122 247
123 336
123 207
124 292
125 334
125 224
126 187
126 230
127 176
127 183
128 135
129 153
130 184
133 301
133 354
134 386
134 232
136 280
136 209
137 330
137 144
138 179
139 362
140 181
141 389
142 283
143 221
145 277
145 223
146 385
147 263
147 336
149 286
149 248
150 171
150 368
151 349
152 225
154 295
155 316
155 342
157 296
159 371
159 217
160 302
161 311
163 219
163 232
164 287
164 173
166 344
166 200
167 395
168 380
168 238
169 327
169 200
172 187
173 332
174 213
175 177
177 237
178 249
179 398
180 198
180 211
181 280
182 262
182 190
184 224
185 319
185 338
186 297
188 294
188 341
189 269
189 373
190 329
191 345
191 364
192 290
192 226
193 318
193 229
194 290
194 322
195 361
195 298
196 256
196 313
198 234
199 372
202 340
203 220
204 209
206 377
207 227
208 378
208 226
210 314
211 361
212 324
212 373
213 266
214 305
214 261
215 358
215 371
216 310
216 354
218 331
221 236
222 318
222 364
225 263
228 391
229 388
230 261
231 246
235 397
235 357
238 295
240 363
242 368
243 342
244 370
244 292
245 271
245 278
246 370
248 265
250 369
251 304
251 254
252 397
253 299
253 352
254 285
255 275
255 309
256 297
259 338
260 320
262 365
264 376
265 343
267 333
268 298
269 387
270 274
271 316
272 285
273 360
273 284
276 288
276 381
284 392
286 315
289 291
289 374
293 301
293 312
296 314
300 330
303 350
306 312
307 375
308 328
310 331
320 362
321 393
322 337
323 381
324 327
326 355
328 359
334 335
337 396
340 387
343 355
344 380
346 372
347 366
350 383
351 356
351 395
363 379
374 384
375 378
376 396
377 391
382 390
400 92
401 210
-1 -1
1.54121
