1
0 3
0 4
1 64
1 228
2 17
2 46
3 163
4 252
5 242
5 9
6 245
6 150
7 168
7 253
8 128
8 273
9 236
10 225
10 29
11 88
11 297
12 30
12 220
13 184
13 211
14 269
14 299
15 290
15 148
16 203
16 56
17 35
18 255
18 229
19 171
19 221
20 153
20 276
21 267
21 293
22 161
22 246
23 130
24 160
24 199
25 178
25 70
26 105
26 187
27 135
27 276
28 144
28 129
29 270
30 121
31 40
31 46
32 257
32 228
33 294
33 226
34 263
34 283
35 216
36 91
36 212
37 69
37 266
38 193
38 104
39 104
39 82
40 147
41 245
41 175
42 179
42 197
43 174
43 90
44 84
44 266
45 264
45 238
47 182
47 143
48 225
48 208
49 183
49 153
50 100
50 158
51 115
51 85
52 114
52 127
53 120
53 239
54 299
54 263
55 193
55 99
56 198
57 81
57 132
58 80
58 186
59 80
59 118
60 257
60 207
61 256
61 216
62 284
62 90
63 262
63 230
64 116
65 206
65 298
66 214
66 201
67 152
67 143
68 282
68 159
69 237
70 292
71 279
71 120
72 146
72 260
73 256
73 183
74 173
74 223
75 166
75 111
76 145
76 172
77 176
77 275
78 288
78 265
79 288
79 218
81 170
82 127
83 122
83 268
84 289
85 262
86 123
86 268
87 168
87 93
88 275
89 235
89 244
91 296
92 154
92 252
93 293
94 115
94 159
95 118
95 102
96 259
96 196
97 242
97 294
98 144
98 106
99 132
100 167
101 279
101 138
102 179
103 247
103 191
105 141
106 122
107 241
107 133
108 162
108 234
109 251
109 140
110 124
110 253
111 212
112 296
112 140
113 258
113 157
114 165
116 230
117 173
117 270
119 224
119 123
121 286
124 292
125 274
125 157
126 177
126 243
128 194
129 234
130 164
131 203
131 167
133 213
134 200
134 209
135 259
136 202
136 287
137 236
137 205
138 265
139 213
139 156
141 142
142 237
145 211
146 195
147 281
148 149
149 277
150 249
151 163
151 248
152 217
154 238
155 187
155 271
156 277
158 250
160 291
161 254
162 240
164 199
165 227
166 205
169 251
169 222
170 298
171 207
172 188
174 289
175 218
176 278
177 189
178 226
180 232
180 290
181 215
181 249
182 273
184 244
185 221
185 188
186 204
189 231
190 285
190 219
191 282
192 295
192 235
194 229
195 241
196 220
197 206
198 284
200 222
201 243
202 215
204 233
208 260
209 223
210 291
210 248
214 280
217 269
219 295
224 272
227 250
231 271
232 264
233 278
239 274
240 281
246 261
247 280
254 255
258 272
261 297
267 283
285 286
300 287
301 23
-1 -1
0.27401
