1
0 22
0 83
1 6
1 268
2 144
3 132
3 151
4 227
4 296
5 151
5 244
6 71
7 165
7 291
8 10
8 237
9 46
9 241
10 192
11 15
11 126
12 101
12 129
13 104
13 270
14 195
14 254
15 79
16 70
16 188
17 228
17 251
18 22
18 27
19 211
19 224
20 182
20 205
21 231
21 236
23 105
23 138
24 55
24 90
25 149
25 256
26 27
26 162
28 171
28 286
29 31
29 70
30 210
30 248
31 100
32 155
32 279
33 38
33 290
34 56
34 59
35 36
35 274
36 77
37 184
37 226
38 139
39 112
39 118
40 240
40 282
41 62
41 147
42 53
42 158
43 131
43 142
44 183
44 252
45 85
45 277
46 161
47 180
47 239
48 125
48 246
49 114
49 260
50 121
50 261
51 163
51 250
52 75
52 245
53 122
54 65
54 76
56 200
57 193
57 243
58 87
58 242
59 251
60 212
60 284
61 175
61 293
62 91
63 178
63 294
64 123
64 174
65 131
66 213
66 232
67 68
67 219
68 105
69 158
69 168
71 191
72 264
72 265
73 96
73 125
74 128
74 288
75 261
76 230
77 252
78 86
78 107
79 168
80 88
80 190
81 215
81 258
82 137
82 203
83 222
84 259
84 267
85 165
86 154
87 139
88 246
89 205
89 245
90 197
91 109
92 103
92 176
93 117
93 276
94 96
94 287
95 194
95 289
97 250
97 288
98 138
98 143
99 181
99 216
100 204
101 160
102 110
102 177
103 155
104 152
106 280
106 293
107 146
108 159
108 173
109 215
110 134
111 153
111 170
112 156
113 118
113 124
114 235
115 179
115 263
116 164
116 298
117 277
119 161
119 164
120 157
120 176
121 241
122 186
123 216
124 172
126 177
127 186
127 256
128 257
129 225
130 189
130 298
132 221
133 191
133 235
134 286
135 172
135 203
136 278
136 295
137 259
140 192
140 202
141 174
141 254
142 199
143 181
144 229
145 217
145 285
146 239
147 157
148 284
148 295
149 248
150 175
150 188
152 196
153 206
154 198
156 160
159 249
162 230
163 218
166 212
166 213
167 207
167 224
169 221
169 263
170 294
171 202
173 234
178 264
179 273
180 290
182 262
183 253
184 258
185 266
185 283
187 266
187 274
189 270
190 195
193 238
194 272
196 214
197 278
198 206
199 296
200 233
201 209
201 262
204 227
207 275
208 273
208 289
209 260
210 271
211 281
214 234
217 223
218 238
219 267
220 265
220 282
222 257
223 231
225 247
226 297
228 229
232 297
233 269
236 269
237 287
240 268
242 275
243 283
244 271
247 292
249 279
253 281
255 272
255 280
276 292
285 299
291 299
300 55
301 2
-1 -1
22.5945
