1
0 7
0 89
1 153
1 260
2 6
2 235
3 20
3 28
4 211
4 249
5 93
5 162
6 164
7 247
8 167
8 203
9 125
9 189
10 174
10 184
11 41
11 281
12 46
12 127
13 240
13 270
14 204
14 298
15 104
15 284
16 271
16 274
17 35
17 93
18 63
18 129
19 97
19 150
20 217
21 80
21 186
22 55
22 217
23 265
23 268
24 238
24 243
25 106
25 144
26 116
26 205
27 101
27 187
28 297
29 68
29 92
30 106
30 280
31 263
31 286
32 191
32 292
33 215
33 226
34 128
35 119
36 99
36 195
37 114
37 136
38 53
38 295
39 127
39 200
40 215
40 269
41 56
42 79
42 178
43 158
43 171
44 110
44 220
45 147
45 202
46 290
47 169
47 226
48 208
48 267
49 89
49 196
50 254
50 291
51 158
51 257
52 175
52 232
53 145
54 135
54 242
55 262
56 123
57 111
57 194
58 126
58 288
59 152
59 225
60 121
60 176
61 199
61 289
62 81
62 91
63 240
64 67
64 253
65 103
65 144
66 162
66 265
67 102
68 258
69 155
69 299
70 100
70 210
71 131
71 279
72 95
72 139
73 170
73 197
74 152
74 203
75 82
75 94
76 164
76 223
77 128
77 173
78 121
78 264
79 180
80 113
81 96
82 266
83 200
83 255
84 281
85 139
85 141
86 107
86 187
87 102
87 205
88 105
88 170
90 276
90 297
91 126
92 118
94 285
95 233
96 194
97 100
98 124
98 236
99 183
101 259
103 243
104 176
105 157
107 261
108 161
108 273
109 213
109 287
110 262
111 169
112 228
112 236
113 147
114 291
115 145
115 159
116 224
117 134
117 231
118 172
119 180
120 179
120 216
122 140
122 277
123 160
124 130
125 248
129 275
130 191
131 250
132 246
132 287
133 196
133 244
134 163
135 216
136 155
137 197
137 269
138 218
138 238
140 266
141 167
142 253
142 275
143 179
143 229
146 151
146 244
148 171
148 279
149 229
149 261
150 182
151 232
153 166
154 234
154 295
156 239
156 272
157 268
159 177
160 246
161 222
163 199
165 211
165 228
166 185
168 231
168 256
172 289
173 233
174 178
175 225
177 263
181 276
181 296
182 293
183 214
184 255
185 267
186 292
188 227
188 252
189 299
190 195
190 237
192 220
192 247
193 227
193 260
198 241
198 256
201 212
201 251
202 298
204 290
206 208
206 221
207 230
207 278
209 234
209 258
210 245
212 242
213 293
214 223
218 285
219 251
219 284
221 283
222 254
224 282
230 294
235 280
237 294
239 264
241 245
248 249
250 278
252 274
257 273
259 286
270 296
271 272
277 282
283 288
300 34
301 84
-1 -1
1.60664
