7
0 496
0 369
1 418
1 446
2 339
2 184
3 20
3 506
4 433
4 6
5 579
5 30
6 7
7 134
8 570
8 87
9 535
9 174
10 589
10 597
11 482
11 217
12 363
12 309
13 585
13 195
14 64
14 365
15 553
15 107
16 432
16 356
17 568
17 411
18 178
18 385
19 283
19 374
20 388
21 187
21 322
22 243
22 461
23 211
23 209
24 385
24 71
25 116
25 70
26 290
26 598
27 244
27 456
28 583
28 468
29 227
29 575
30 254
31 305
31 574
32 323
32 462
33 462
33 38
34 417
34 44
35 531
35 42
36 512
36 46
37 357
37 333
38 58
39 591
40 384
40 225
41 339
41 337
42 330
43 398
43 285
44 83
45 259
45 237
46 208
47 546
47 343
48 114
48 515
49 563
49 325
50 80
50 207
51 516
51 393
52 496
52 285
53 481
53 365
54 426
54 519
55 374
55 330
56 424
56 157
57 444
57 109
58 498
59 179
60 96
60 335
61 151
61 153
62 552
62 110
63 378
63 452
64 412
65 544
65 488
66 248
66 478
67 344
67 429
68 186
68 116
69 229
69 430
70 404
71 229
72 350
72 487
73 322
73 303
74 528
74 138
75 329
75 558
76 550
76 108
77 102
77 445
78 313
78 245
79 231
79 415
80 386
81 562
81 553
82 516
82 494
83 380
84 281
84 351
85 594
85 391
86 448
86 582
87 144
88 257
89 392
89 584
90 534
90 408
91 336
91 258
92 505
92 485
93 353
93 525
94 305
94 331
95 242
95 119
96 536
97 419
97 551
98 177
98 434
99 464
99 164
100 241
100 581
101 557
101 293
102 377
103 146
103 342
104 571
104 364
105 148
105 492
106 564
106 343
107 296
108 251
109 226
110 344
111 131
111 165
112 334
112 476
113 117
113 367
114 576
115 438
115 262
117 509
118 576
118 489
119 366
120 274
120 467
121 566
121 197
122 234
122 188
123 209
123 475
124 435
124 345
125 448
125 481
126 466
126 169
127 545
127 381
128 337
128 422
129 314
129 157
130 355
130 587
131 212
132 220
132 527
133 522
133 342
134 327
135 520
135 358
136 142
136 214
137 373
137 246
138 530
139 480
139 221
140 264
140 186
141 387
141 493
142 499
143 535
143 222
144 311
145 539
145 287
146 320
147 371
147 380
148 405
149 518
149 521
150 416
150 263
151 203
152 180
152 530
153 215
154 160
154 271
155 457
155 549
156 439
156 362
158 193
158 588
159 541
159 392
160 319
161 326
161 191
162 482
162 366
163 307
163 223
164 170
165 190
166 249
166 171
167 373
167 173
168 256
168 372
169 543
170 564
171 532
172 360
172 335
173 386
174 235
175 593
175 228
176 289
176 295
177 341
178 397
179 423
180 280
181 188
181 445
182 563
182 407
183 368
183 315
184 477
185 397
185 590
187 488
189 308
189 427
190 282
191 240
192 471
192 302
193 503
194 489
194 233
195 296
196 378
196 363
197 324
198 570
199 453
199 430
200 521
200 314
201 348
201 301
202 367
202 542
203 340
204 357
204 437
205 360
205 459
206 544
206 217
207 232
208 298
210 500
210 463
211 399
212 241
213 336
213 470
214 412
215 573
216 465
216 364
218 377
218 501
219 596
219 491
220 299
221 278
222 542
223 523
224 441
224 428
225 346
226 490
227 558
228 526
230 538
230 317
231 292
232 479
233 453
234 562
235 347
236 540
236 599
237 273
238 420
238 511
239 304
239 454
240 370
242 350
243 401
244 545
246 429
247 355
247 510
248 325
249 413
250 384
250 578
251 376
252 585
252 279
253 331
253 501
254 499
255 484
255 415
256 504
257 273
258 277
259 477
260 548
260 449
261 334
261 580
262 316
263 391
264 464
265 326
265 362
268 543
268 359
269 577
269 551
270 294
270 318
271 560
272 458
272 411
275 396
275 398
276 291
276 565
277 560
278 569
279 523
280 502
281 312
282 454
283 493
284 490
284 396
286 578
286 514
287 591
288 315
288 431
289 306
290 403
291 424
292 572
293 395
294 312
295 525
297 324
297 327
298 393
299 561
300 567
300 328
301 555
302 491
303 437
304 540
306 547
307 505
308 473
309 319
310 536
310 461
311 572
313 590
316 479
317 332
318 399
320 532
321 390
321 555
323 584
328 447
329 511
332 547
333 423
338 408
338 460
340 401
341 410
345 533
346 409
347 515
348 559
349 518
349 583
351 369
352 471
352 495
353 432
354 528
354 541
356 595
358 368
359 514
361 588
361 589
370 389
371 465
372 456
375 470
375 527
376 387
379 513
379 447
381 428
382 425
382 455
383 404
383 457
388 502
389 597
390 444
394 405
394 469
395 573
400 480
400 498
402 596
402 567
403 507
406 549
406 475
407 416
409 587
410 427
413 420
414 531
414 483
417 449
418 441
419 435
421 538
422 460
425 592
426 478
431 458
433 582
434 472
436 473
436 539
438 586
440 512
440 506
442 522
442 483
443 550
443 569
446 494
450 598
450 554
451 537
451 548
452 510
455 575
459 586
463 503
466 557
467 500
469 520
472 571
474 561
476 595
484 579
485 580
486 517
486 533
487 577
492 599
495 552
497 529
497 565
504 507
508 556
508 581
509 526
513 568
517 524
519 592
524 594
529 556
534 554
537 593
546 574
559 566
600 39
600 59
600 198
600 245
600 266
600 267
600 421
601 88
601 266
601 267
601 274
601 439
601 468
601 474
-1 -1
0.432268
