1
0 19
0 107
1 55
1 337
2 235
2 262
3 438
3 442
4 185
4 490
5 66
5 433
6 205
6 445
7 166
7 273
8 257
8 395
9 270
9 485
10 69
10 417
11 325
11 423
12 130
12 230
13 112
13 427
14 222
14 369
15 80
15 272
16 226
16 496
17 348
17 429
18 339
18 479
19 273
20 105
20 395
21 84
21 304
22 52
22 451
23 175
23 440
24 392
24 475
25 108
25 208
26 240
26 387
27 52
27 475
28 142
28 373
29 179
29 479
30 99
30 497
31 116
31 337
32 46
32 230
33 286
33 360
34 254
34 267
35 124
35 333
36 147
36 246
37 207
37 377
38 123
38 469
39 106
39 439
40 310
40 376
41 82
41 150
42 269
42 363
43 186
43 489
44 134
44 443
45 217
45 253
46 218
47 214
47 480
48 400
48 448
49 78
49 284
50 251
50 402
51 98
51 134
53 238
53 486
54 98
54 453
55 277
56 252
56 279
57 100
57 132
58 310
58 463
59 348
59 404
60 345
60 454
61 73
61 422
62 109
62 276
63 111
63 416
64 258
64 379
65 175
65 305
66 259
67 333
67 383
68 360
68 399
69 228
70 236
70 305
71 202
71 439
72 195
72 384
73 151
74 88
74 108
75 224
75 466
76 311
76 419
77 436
77 459
78 465
79 157
79 450
80 316
81 336
81 482
82 411
83 330
83 371
84 309
85 193
85 402
86 176
86 427
87 307
87 358
88 483
89 299
89 356
90 101
90 361
91 111
91 249
92 114
92 441
93 292
93 412
94 315
94 317
95 332
95 342
96 324
96 340
97 142
97 161
99 366
100 238
101 292
102 200
102 327
103 220
103 365
104 258
104 470
105 152
106 415
107 461
109 429
110 181
110 236
112 183
113 380
113 434
114 483
115 306
115 447
116 121
117 216
117 294
118 122
118 229
119 245
119 286
120 364
120 380
121 364
122 388
123 135
124 378
125 382
125 407
126 215
126 302
127 182
127 487
128 301
128 497
129 306
130 309
131 293
131 320
132 201
133 386
133 458
135 410
136 166
136 287
137 146
137 268
138 255
138 413
139 239
139 338
140 145
140 322
141 398
141 418
143 408
143 468
144 389
144 448
145 156
146 247
147 388
148 192
148 394
149 387
149 491
150 457
151 476
152 207
153 154
153 212
154 378
155 314
155 361
156 362
157 449
158 271
158 452
159 198
159 243
160 165
160 293
161 284
162 390
162 419
163 359
163 477
164 256
164 487
165 182
167 343
167 385
168 374
168 470
169 328
169 420
170 184
170 430
171 269
171 321
172 356
172 490
173 316
173 473
174 190
174 352
176 194
177 338
177 403
178 231
178 425
179 370
180 399
180 435
181 381
183 424
184 323
185 459
186 481
187 233
187 285
188 341
188 389
189 198
189 489
190 196
191 277
191 326
192 455
193 312
194 200
195 311
196 488
197 426
197 444
199 404
199 472
201 211
202 420
203 321
203 485
204 455
204 480
205 397
206 283
206 435
208 354
209 340
209 414
210 224
210 291
211 488
212 451
213 375
213 493
214 347
215 276
216 304
217 268
218 232
219 301
219 325
220 367
221 285
221 482
222 331
223 393
223 408
225 226
225 250
227 315
227 494
228 253
229 379
231 460
232 436
233 486
234 265
234 288
235 354
237 250
237 430
239 339
240 472
241 396
241 442
242 265
242 368
243 353
244 391
244 392
245 249
246 358
247 498
248 314
248 346
251 302
252 409
254 263
255 492
256 499
257 476
259 329
260 355
260 499
261 432
261 471
263 495
264 266
264 303
266 275
267 274
270 366
271 432
272 336
274 400
275 372
278 326
278 362
279 300
280 390
280 450
281 367
281 428
282 297
282 319
283 298
287 438
288 374
289 295
289 351
290 397
290 426
291 342
294 478
295 296
296 464
297 425
298 327
299 444
300 386
303 368
307 471
308 318
308 352
312 313
313 332
317 464
318 434
319 344
320 382
322 396
323 412
324 330
328 440
329 416
331 462
334 462
334 468
335 433
335 460
341 441
343 349
344 446
345 414
346 357
347 484
349 418
350 431
350 478
351 373
353 394
355 492
357 393
359 447
363 421
365 463
369 477
370 484
371 474
372 454
375 383
376 417
377 458
381 405
384 385
391 405
398 406
401 457
401 481
403 469
406 456
407 498
409 467
410 461
411 446
413 453
415 424
421 496
422 423
428 437
431 456
437 445
443 491
449 493
452 495
465 466
467 494
473 474
500 129
501 262
-1 -1
98.2887
