1
0 313
0 416
1 276
1 295
2 153
2 343
3 45
3 222
4 10
4 331
5 166
5 259
6 17
6 142
7 36
7 462
8 242
8 398
9 111
9 461
10 453
11 242
11 284
12 97
12 224
13 107
13 483
14 256
14 316
15 49
15 80
16 104
16 227
17 117
18 181
18 374
19 308
19 344
20 25
20 424
21 311
21 440
22 138
22 202
23 403
23 476
24 380
24 457
25 193
26 68
26 414
27 316
27 350
28 124
28 241
29 275
29 348
30 35
30 498
31 287
31 378
32 69
32 174
33 144
33 227
34 75
34 253
35 172
36 473
37 482
38 125
38 460
39 384
39 407
40 215
40 226
41 171
41 486
42 106
42 339
43 164
43 431
44 345
44 360
45 173
46 251
46 452
47 292
47 317
48 179
48 233
49 296
50 138
50 212
51 335
51 415
52 113
52 352
53 71
53 173
54 268
54 471
55 239
55 385
56 334
56 387
57 304
57 466
58 73
58 405
59 342
59 427
60 159
60 230
61 289
61 415
62 393
62 492
63 146
63 240
64 394
64 482
65 374
65 493
66 401
66 430
67 183
67 276
68 108
69 277
70 112
70 414
71 423
72 266
72 332
73 454
74 158
74 499
75 291
76 212
76 278
77 196
77 486
78 324
78 450
79 135
79 206
80 326
81 283
81 330
82 302
82 327
83 350
83 400
84 265
84 333
85 483
85 485
86 110
86 495
87 162
87 292
88 177
88 491
89 143
89 180
90 365
90 410
91 102
91 306
92 381
92 472
93 140
93 369
94 141
94 337
95 101
95 342
96 139
96 343
97 355
98 285
98 480
99 258
99 488
100 217
100 238
101 341
102 493
103 154
103 455
104 323
105 435
105 469
106 251
107 257
108 433
109 383
109 388
110 403
111 351
112 376
113 303
114 340
114 395
115 120
115 446
116 202
116 245
117 275
118 438
118 491
119 270
119 397
120 214
121 320
121 490
122 441
122 495
123 183
123 190
124 363
125 475
126 338
126 413
127 205
127 209
128 324
128 451
129 378
129 474
130 440
130 448
131 439
131 455
132 236
132 264
133 264
133 346
134 200
134 311
135 249
136 186
136 488
137 171
137 271
139 142
140 353
141 282
143 465
144 219
145 250
145 312
146 309
147 368
147 464
148 198
148 447
149 246
149 490
150 248
150 406
151 336
151 370
152 290
152 381
153 485
154 458
155 191
155 371
156 273
156 346
157 257
157 288
158 309
159 305
160 246
160 385
161 429
161 470
162 281
163 167
163 231
164 329
165 390
165 392
166 185
167 295
168 279
168 494
169 220
169 373
170 411
170 430
172 175
174 290
175 393
176 214
176 236
177 428
178 294
178 361
179 357
180 356
181 360
182 432
182 434
184 197
184 379
185 345
186 267
187 375
187 441
188 325
188 362
189 220
189 261
190 497
191 489
192 235
192 372
193 367
194 356
194 397
195 312
195 328
196 201
197 421
198 298
199 391
199 484
200 233
201 265
203 253
203 399
204 327
204 417
205 459
206 376
207 282
207 429
208 326
208 404
209 354
210 410
210 436
211 263
211 293
213 283
213 445
215 443
216 453
216 477
217 269
218 338
218 489
219 226
221 301
221 377
222 287
223 237
223 315
224 416
225 364
225 456
228 267
228 272
229 238
229 496
230 481
231 383
232 237
232 318
234 384
234 447
235 260
239 454
240 325
241 402
243 258
243 333
244 308
244 411
245 481
247 398
247 468
248 387
249 314
250 330
252 420
252 460
254 392
254 462
255 302
255 474
256 386
259 386
260 419
261 301
262 331
262 471
263 349
266 391
268 285
269 446
270 487
271 359
272 389
273 422
274 444
274 496
277 366
278 433
279 307
280 297
280 371
281 479
284 298
286 320
286 449
288 438
289 408
291 470
293 332
294 497
296 299
297 478
299 456
300 425
300 498
303 353
304 321
305 408
306 368
310 382
310 445
313 426
314 323
315 463
317 476
318 359
319 451
319 475
321 422
322 390
322 394
328 379
329 467
334 375
335 478
336 477
337 434
339 344
340 450
341 351
347 363
347 466
348 449
349 370
352 409
354 401
355 472
357 419
358 372
358 382
361 402
362 436
364 499
365 421
366 479
367 431
369 463
373 417
377 437
380 413
388 464
389 468
395 412
396 404
396 439
399 487
400 425
405 457
406 492
407 467
409 494
412 432
418 458
418 461
420 427
423 435
424 442
426 442
428 448
437 484
443 480
444 469
452 473
459 465
500 307
501 37
-1 -1
26.2734
