1
0 223
0 472
1 306
1 361
2 291
2 303
3 165
3 210
4 232
4 252
5 350
5 362
6 39
6 253
7 73
7 323
8 314
8 330
9 130
9 379
10 190
10 242
11 12
11 366
12 222
13 28
13 307
14 264
14 476
15 195
15 334
16 97
16 436
17 152
17 201
18 217
18 458
19 62
19 475
20 421
20 489
21 65
21 364
22 132
22 467
23 137
23 143
24 255
24 454
25 178
25 276
26 33
26 51
27 190
27 458
28 348
29 238
29 386
30 52
31 248
31 257
32 116
32 256
33 281
34 60
34 472
35 403
35 477
36 196
36 436
37 112
37 480
38 75
38 389
39 93
40 50
40 106
41 87
41 171
42 441
42 459
43 265
43 464
44 164
44 434
45 182
45 495
46 403
46 465
47 94
47 399
48 277
48 334
49 66
49 369
50 125
51 111
52 311
53 57
53 429
54 185
54 240
55 88
55 297
56 336
56 351
57 433
58 163
58 322
59 254
59 476
60 97
61 359
61 376
62 231
63 266
63 372
64 325
64 478
65 102
66 427
67 225
67 374
68 316
68 406
69 96
69 386
70 155
70 470
71 342
71 368
72 90
72 294
73 207
74 234
74 302
75 308
76 373
76 417
77 142
77 287
78 213
78 268
79 328
79 438
80 83
80 184
81 89
81 320
82 189
82 301
83 361
84 299
84 402
85 311
85 324
86 404
87 423
88 359
89 223
90 128
91 135
91 451
92 126
92 352
93 133
94 201
95 157
95 258
96 307
98 176
98 192
99 159
99 263
100 365
100 414
101 104
101 112
102 227
103 335
103 388
104 115
105 130
105 160
106 428
107 426
107 439
108 186
108 197
109 461
109 463
110 186
110 236
111 363
113 290
113 391
114 304
114 451
115 194
116 147
117 126
117 396
118 247
118 305
119 222
119 346
120 162
120 348
121 275
121 425
122 405
122 467
123 207
123 462
124 151
124 242
125 198
127 146
127 166
128 281
129 447
129 473
131 237
131 266
132 416
133 396
134 383
134 414
135 278
136 189
136 370
137 350
138 298
138 475
139 181
139 405
140 279
140 496
141 272
141 453
142 270
143 455
144 183
144 377
145 185
145 267
146 459
147 460
148 182
148 252
149 218
149 401
150 375
150 397
151 191
152 238
153 369
153 389
154 285
154 298
155 482
156 180
156 356
157 163
158 325
158 395
159 235
160 319
161 321
161 365
162 199
164 422
165 492
166 497
167 481
167 484
168 326
168 449
169 342
169 349
170 344
170 360
171 288
172 343
172 437
173 272
173 285
174 233
174 284
175 193
175 255
176 330
177 209
177 318
178 419
179 390
179 487
180 216
181 244
183 286
184 204
187 355
187 435
188 295
188 479
191 259
192 461
193 316
194 491
195 247
196 381
197 423
198 258
199 329
200 347
200 353
202 260
202 437
203 240
203 448
204 493
205 345
205 486
206 229
206 370
208 212
208 450
209 268
210 309
211 383
211 434
212 407
213 261
214 250
214 401
215 409
215 416
216 230
217 246
218 392
219 312
219 394
220 262
220 468
221 388
221 424
224 329
224 485
225 290
226 270
226 382
227 384
228 387
228 463
229 243
230 482
231 452
232 465
233 375
234 422
235 456
236 304
237 435
239 337
239 421
241 446
241 470
243 328
244 430
245 341
245 495
246 487
248 354
249 251
249 490
250 444
251 450
253 331
254 442
256 469
257 497
259 264
260 292
261 452
262 333
263 409
265 378
267 415
269 273
269 372
271 413
271 431
273 291
274 337
274 407
275 366
276 357
277 498
278 474
279 280
280 441
282 340
282 413
283 335
283 357
284 303
286 382
287 358
288 390
289 473
289 490
292 456
293 297
293 427
294 331
295 457
296 443
296 455
299 358
300 308
300 314
301 351
302 398
305 477
306 400
309 442
310 392
310 493
312 466
313 438
313 499
315 318
315 381
317 320
317 424
319 393
321 488
322 480
323 439
324 460
326 367
327 341
327 344
332 380
332 430
333 411
336 471
338 352
338 494
339 367
339 432
340 448
343 349
345 488
346 378
347 360
353 464
354 445
355 371
356 432
362 363
364 469
368 400
371 471
373 478
374 443
376 457
377 395
379 445
380 385
384 431
385 486
387 410
391 485
393 444
394 417
397 483
398 402
399 454
404 410
406 446
408 440
408 449
411 462
412 418
412 492
415 418
419 447
420 491
420 499
425 440
426 474
428 496
429 498
433 466
453 494
468 489
479 481
483 484
500 30
501 86
-1 -1
67.0796
