1
0 36
0 321
1 103
1 234
2 109
2 307
3 40
3 188
4 76
4 429
5 78
5 291
6 276
6 411
7 238
7 498
8 158
8 243
9 184
9 462
10 123
10 247
11 31
11 91
12 26
12 309
13 61
13 86
14 15
14 399
15 359
16 222
16 227
17 366
17 440
18 133
18 481
19 85
19 450
20 198
20 204
21 255
21 419
22 75
22 280
23 56
23 417
24 167
24 459
25 376
25 390
26 358
27 53
27 150
28 123
28 324
29 326
29 497
30 179
30 409
31 298
32 452
32 495
33 455
33 497
34 196
34 225
35 183
35 363
36 106
37 289
37 457
38 289
38 468
39 45
39 96
40 264
41 306
41 318
42 72
42 110
43 191
43 240
44 108
44 362
45 248
46 215
46 304
47 139
47 191
48 142
48 332
49 176
49 347
50 125
50 463
51 356
51 483
52 66
52 407
53 307
54 387
54 401
55 89
55 254
56 430
57 241
57 296
58 126
58 443
59 325
59 368
60 425
60 466
61 81
62 139
62 342
63 340
63 461
64 372
64 461
65 329
65 424
66 310
67 172
67 288
68 239
68 418
69 295
69 493
70 343
70 416
71 173
71 369
72 493
73 322
73 488
74 175
74 499
75 335
76 415
77 99
77 204
78 494
79 442
79 459
80 313
80 410
81 396
82 119
82 290
83 228
83 467
84 170
84 479
85 208
86 259
87 90
87 109
88 269
88 359
89 438
90 256
91 284
92 181
92 445
93 211
93 393
94 102
94 413
95 372
95 419
96 381
97 377
97 476
98 376
98 409
99 312
100 121
100 336
101 215
101 472
102 206
103 387
104 388
104 440
105 227
105 364
106 428
107 243
107 271
108 174
110 319
111 255
111 375
112 168
112 197
113 143
113 395
114 386
114 452
115 166
115 258
116 247
116 264
117 206
117 465
118 137
118 173
119 212
120 146
120 403
121 347
122 169
122 432
124 140
124 184
125 373
126 274
127 242
127 254
128 268
128 354
129 370
129 490
130 316
130 449
131 236
131 327
132 140
132 189
133 159
134 183
134 345
135 454
135 458
136 147
136 257
137 180
138 360
138 414
141 230
141 257
142 292
143 397
144 205
144 492
145 404
145 422
146 482
147 249
148 160
148 177
149 216
149 337
150 153
151 285
151 480
152 237
152 315
153 242
154 240
154 494
155 222
155 331
156 163
156 166
157 261
157 438
158 441
159 269
160 186
161 188
161 451
162 448
162 496
163 186
164 353
164 492
165 210
165 277
167 328
168 389
169 223
170 382
171 185
171 346
172 443
174 296
175 418
176 491
177 315
178 373
178 448
179 211
180 308
181 317
182 320
182 337
185 341
187 261
187 313
189 195
190 195
190 348
192 229
192 374
193 375
194 265
194 297
196 268
197 333
198 379
199 370
199 391
200 209
200 388
201 258
201 284
202 405
202 470
203 228
203 244
205 220
207 245
207 456
208 317
209 339
210 308
212 324
213 435
213 495
214 322
214 473
216 263
217 355
217 420
218 303
218 431
219 294
219 355
220 482
221 295
221 437
223 489
224 286
224 369
225 417
226 275
226 487
229 305
230 273
231 378
231 472
232 386
232 412
233 267
233 424
234 377
235 314
235 463
236 351
237 469
238 384
239 446
241 380
244 328
245 398
246 297
246 299
248 447
249 279
250 280
250 446
251 262
251 449
252 341
252 460
253 361
253 383
256 363
259 471
260 290
260 318
262 352
265 470
266 348
266 365
267 394
270 273
270 491
271 371
272 466
272 477
274 397
275 281
276 404
277 400
278 294
278 468
279 399
281 484
282 327
282 349
283 350
283 416
285 362
286 393
287 343
287 412
288 479
291 486
292 358
293 382
293 434
298 427
299 464
300 339
300 496
301 302
301 484
302 390
303 360
304 475
305 408
306 396
309 444
310 371
311 421
311 445
312 368
314 433
316 334
319 451
320 392
321 447
323 431
323 444
325 361
326 389
329 499
330 410
330 480
331 432
332 489
333 392
334 413
335 454
336 439
338 385
338 439
340 384
342 357
344 405
344 471
345 423
346 420
349 378
350 455
351 483
352 383
353 457
354 357
356 485
364 366
365 427
367 406
367 473
374 490
379 415
380 398
381 422
385 411
391 428
394 414
395 436
400 402
401 464
402 456
403 478
406 478
407 429
408 465
421 485
423 486
425 488
426 433
426 498
430 453
434 475
435 441
436 476
437 442
450 458
453 474
460 474
462 481
467 487
469 477
500 193
501 263
-1 -1
66.6616
