1
0 11
0 173
1 11
1 249
2 305
2 413
3 258
3 483
4 435
4 480
5 18
5 121
6 408
6 471
7 125
7 224
8 109
8 439
9 74
9 488
10 323
10 372
12 131
12 181
13 284
13 391
14 206
14 322
15 145
15 440
16 117
16 469
17 167
17 352
18 390
19 263
19 293
20 315
20 404
21 65
21 275
22 162
22 494
23 231
23 474
24 73
24 373
25 272
25 283
26 265
26 400
27 256
27 321
28 119
28 185
29 186
29 308
30 85
30 228
31 108
31 130
32 361
32 443
33 428
33 487
34 82
34 350
35 260
35 292
36 216
36 240
37 59
37 236
38 80
38 141
39 132
39 148
40 348
40 462
41 279
41 486
42 171
42 447
43 216
43 385
44 313
44 349
45 138
45 382
46 228
46 403
47 241
47 434
48 289
48 368
49 133
49 439
50 300
50 486
51 56
51 189
52 377
52 454
53 336
53 352
54 437
54 460
55 97
55 149
56 154
57 320
57 338
58 203
58 280
59 373
60 235
60 262
61 361
61 395
62 126
62 196
63 161
63 468
64 387
64 424
65 295
66 147
66 335
67 330
67 441
68 192
68 394
69 157
69 475
70 168
70 200
71 393
71 406
72 405
72 409
73 306
74 459
75 170
75 414
76 456
76 488
77 183
77 497
78 315
78 403
79 156
79 242
80 81
81 498
82 464
83 121
83 128
84 199
84 207
85 201
86 175
86 453
87 124
87 453
88 369
88 395
89 164
89 364
90 277
90 317
91 394
91 417
92 217
92 477
93 116
93 177
94 195
94 247
95 116
95 338
96 306
96 460
97 167
98 198
98 454
99 164
99 296
100 114
100 445
101 182
101 327
102 253
102 343
103 377
103 415
104 151
104 312
105 333
105 357
106 254
106 365
107 263
107 264
108 437
109 165
110 235
110 378
111 118
111 143
112 252
112 299
113 325
113 493
114 320
115 204
115 446
117 281
118 481
119 441
120 397
120 426
122 379
122 465
123 223
123 236
124 345
125 268
126 230
127 364
127 425
128 332
129 165
129 180
130 218
131 456
132 295
133 447
134 226
134 243
135 374
135 390
136 307
136 327
137 275
137 360
138 342
139 202
139 489
140 246
140 411
141 304
142 184
142 316
143 329
144 153
144 284
145 370
146 326
146 457
147 158
148 366
149 267
150 183
150 214
151 374
152 428
152 490
153 171
154 237
155 195
155 274
156 427
157 191
158 470
159 270
159 358
160 357
160 458
161 333
162 422
163 184
163 431
166 298
166 410
168 176
169 206
169 285
170 339
172 385
172 429
173 495
174 396
174 407
175 244
176 179
177 225
178 268
178 368
179 218
180 200
181 299
182 480
185 499
186 397
187 311
187 383
188 246
188 353
189 445
190 227
190 415
191 409
192 340
193 224
193 331
194 328
194 341
196 301
197 252
197 307
198 491
199 314
201 225
202 227
203 212
204 243
205 419
205 499
207 209
208 287
209 356
210 450
210 451
211 241
211 479
212 469
213 267
213 340
214 429
215 272
215 412
217 344
219 242
219 407
220 222
220 329
221 300
221 321
222 423
223 491
226 398
229 290
229 330
230 482
231 339
232 266
232 452
233 271
233 376
234 264
234 360
237 444
238 465
238 471
239 286
239 362
240 476
244 261
245 303
245 378
247 358
248 271
248 288
249 257
250 387
250 461
251 282
251 331
253 478
254 422
255 302
255 325
256 380
257 371
258 433
259 297
260 324
261 323
262 372
265 303
266 381
269 421
269 459
270 495
273 401
273 433
274 287
276 375
276 405
277 314
278 354
278 434
279 421
280 285
281 288
282 485
283 302
286 391
289 313
290 462
291 402
291 498
292 384
293 458
294 324
294 343
296 322
297 444
298 398
301 466
304 467
305 414
308 401
309 420
309 472
310 363
310 399
311 424
312 335
316 348
317 410
318 482
318 484
319 432
319 443
326 399
328 435
332 449
334 347
334 365
336 467
337 346
337 457
341 489
342 351
344 362
345 438
346 474
347 483
349 430
350 356
351 359
353 436
354 452
355 419
355 475
359 383
363 427
366 449
367 440
367 473
369 436
370 381
371 468
375 420
376 464
379 450
380 404
382 473
384 426
386 408
386 485
388 396
388 492
389 400
389 448
392 461
392 484
393 442
402 442
406 432
411 413
412 497
416 463
416 492
417 446
418 431
418 448
423 487
425 430
438 476
451 493
455 472
455 496
463 477
466 496
470 478
479 490
481 494
500 208
501 259
-1 -1
11.5654
