1
0 339
0 411
1 246
1 479
2 63
2 255
3 180
3 429
4 15
4 19
5 210
5 347
6 147
6 283
7 76
7 365
8 336
8 423
9 16
9 197
10 108
10 202
11 20
11 186
12 233
12 382
13 159
13 351
14 278
14 430
15 382
16 399
17 237
17 292
18 179
18 495
19 415
20 326
21 31
21 340
22 184
22 262
23 95
23 330
24 31
24 46
25 293
26 185
26 438
27 203
27 265
28 215
28 440
29 198
29 434
30 89
30 352
32 58
32 427
33 194
33 481
34 133
34 351
35 329
35 396
36 257
36 334
37 107
37 324
38 114
38 246
39 309
39 346
40 52
40 298
41 142
41 376
42 264
42 355
43 200
43 281
44 387
44 432
45 213
45 289
46 66
47 151
47 448
48 187
48 442
49 445
49 482
50 76
50 168
51 62
51 300
52 205
53 170
53 461
54 112
54 236
55 188
55 450
56 358
56 425
57 232
57 467
58 74
59 320
59 408
60 209
60 391
61 83
61 381
62 199
63 240
64 71
64 290
65 310
65 475
66 87
67 193
67 387
68 160
68 183
69 418
69 486
70 100
70 462
71 143
72 239
72 446
73 79
73 262
74 165
75 355
75 370
77 305
77 426
78 172
78 347
79 165
80 278
80 341
81 124
81 463
82 356
82 437
83 266
84 270
84 454
85 321
85 419
86 336
86 497
87 297
88 149
88 394
89 377
90 124
90 481
91 275
91 362
92 93
92 494
93 436
94 384
94 454
95 293
96 130
96 263
97 271
97 284
98 268
98 416
99 132
99 312
100 177
101 192
101 442
102 166
102 358
103 272
103 391
104 158
104 422
105 225
105 297
106 419
106 452
107 344
108 208
109 178
109 460
110 179
110 182
111 465
111 488
112 488
113 120
113 396
114 472
115 139
115 431
116 137
116 156
117 313
117 383
118 370
118 437
119 480
119 482
120 398
121 304
121 434
122 123
122 443
123 276
125 152
125 248
126 350
126 412
127 224
127 296
128 155
128 307
129 154
129 268
130 249
131 171
131 458
132 247
133 455
134 241
134 390
135 274
135 492
136 393
136 453
137 205
138 245
138 435
139 152
140 234
140 287
141 350
141 363
142 243
143 260
144 183
144 375
145 188
145 264
146 316
146 360
147 374
148 191
148 342
149 484
150 253
150 288
151 225
153 476
153 498
154 259
155 195
156 192
157 173
157 266
158 238
159 400
160 402
161 342
161 366
162 453
162 484
163 324
163 410
164 274
164 334
166 206
167 325
167 485
168 433
169 230
169 447
170 327
171 428
172 227
173 362
174 357
174 395
175 340
175 424
176 267
176 440
177 372
178 423
180 221
181 302
181 463
182 321
184 300
185 333
186 431
187 496
189 400
189 444
190 374
190 402
191 483
193 254
194 280
195 196
196 365
197 430
198 240
199 243
200 332
201 404
201 407
202 495
203 369
204 220
204 256
206 403
207 211
207 302
208 345
209 456
210 371
211 478
212 229
212 295
213 220
214 438
214 461
215 230
216 313
216 469
217 284
217 397
218 250
218 421
219 418
219 475
221 388
222 299
222 462
223 320
223 477
224 331
226 227
226 389
228 359
228 459
229 304
231 427
231 472
232 318
233 446
234 251
235 319
235 364
236 308
237 341
238 292
239 259
241 363
242 317
242 457
244 248
244 376
245 290
247 364
249 379
250 444
251 379
252 338
252 473
253 459
254 271
255 489
256 333
257 397
258 303
258 331
260 393
261 301
261 371
263 311
265 493
267 326
269 327
269 466
270 491
272 294
273 471
273 491
275 498
276 468
277 308
277 388
279 369
279 372
280 452
281 384
282 467
282 493
283 378
285 435
285 449
286 378
286 497
287 447
288 439
289 291
291 357
294 353
295 299
296 490
298 448
301 386
303 307
305 405
306 311
306 316
309 349
310 394
312 409
314 325
314 477
315 421
315 451
317 439
318 474
319 405
322 424
322 429
323 349
323 354
328 335
328 360
329 380
330 415
332 398
335 359
337 343
337 474
338 428
339 383
343 499
344 356
345 353
346 443
348 433
348 460
352 490
354 413
361 412
361 441
366 392
367 395
367 464
368 425
368 426
373 445
373 450
375 436
377 471
380 408
381 414
385 464
385 473
386 479
389 422
390 470
392 417
399 416
401 449
401 487
403 494
404 499
406 432
406 458
407 409
410 413
411 486
414 478
417 487
420 483
420 485
441 456
451 476
455 480
457 465
466 489
468 469
470 496
500 492
501 25
-1 -1
31.1786
