1
0 257
0 455
1 34
1 251
2 256
2 357
3 4
3 241
4 227
5 463
5 491
6 154
6 183
7 95
7 293
8 273
8 383
9 177
9 497
10 12
10 269
11 65
11 371
12 191
13 239
13 465
14 22
14 392
15 280
15 364
16 45
16 348
17 97
17 278
18 52
18 256
19 227
19 466
20 245
20 397
21 42
21 340
22 262
23 108
23 349
24 48
24 151
25 77
25 196
26 51
26 316
27 127
27 214
28 35
28 388
29 282
29 435
30 103
30 414
31 325
31 380
32 75
32 182
33 342
33 441
34 495
35 45
36 57
36 254
37 163
37 180
38 410
38 452
39 147
39 302
40 114
40 277
41 136
41 359
42 336
43 47
43 255
44 225
44 321
46 59
46 447
47 78
48 275
49 100
49 373
50 391
50 427
51 105
52 293
53 87
53 468
54 247
54 305
55 351
55 356
56 342
56 399
57 457
58 195
58 385
59 459
60 80
60 415
61 326
61 392
62 96
62 155
63 283
63 387
64 348
64 400
65 493
66 287
66 488
67 93
67 232
68 235
68 345
69 84
69 420
70 148
70 396
71 183
71 286
72 169
72 272
73 421
73 429
74 163
75 483
76 376
76 482
77 451
78 206
79 209
79 285
80 496
81 122
81 410
82 139
82 159
83 369
83 408
84 205
85 107
85 267
86 212
86 232
87 223
88 449
88 494
89 303
89 473
90 109
90 372
91 208
91 294
92 108
92 285
93 207
94 170
94 452
95 280
96 210
97 99
98 225
98 332
99 228
100 137
101 279
101 346
102 283
102 433
103 167
104 173
104 290
105 407
106 221
106 423
107 158
109 150
110 188
110 327
111 344
111 461
112 278
112 426
113 170
113 474
114 222
115 347
115 463
116 475
116 484
117 230
117 485
118 223
118 380
119 184
119 429
120 128
120 341
121 219
121 262
122 328
123 257
123 447
124 214
124 397
125 395
125 428
126 329
126 362
127 251
128 415
129 316
129 363
130 140
130 213
131 275
131 324
132 314
132 427
133 156
133 224
134 279
134 431
135 220
135 267
136 237
137 406
138 157
138 252
139 386
140 151
141 274
141 277
142 299
142 317
143 197
143 201
144 145
144 215
145 230
146 182
146 339
147 276
148 204
149 237
149 480
150 244
152 171
152 187
153 162
153 437
154 271
155 471
156 239
157 158
159 499
160 161
160 266
161 346
162 175
164 179
164 341
165 269
165 366
166 335
166 486
167 264
168 180
168 453
169 411
171 176
172 403
172 413
173 436
174 339
174 495
175 376
176 264
177 448
178 226
178 317
179 361
181 200
181 417
184 304
185 307
185 371
186 212
186 398
187 289
188 373
189 312
189 321
190 328
190 378
191 389
192 312
192 470
193 228
193 306
194 197
194 439
195 456
196 313
198 414
198 419
199 218
199 405
200 352
201 401
202 243
202 291
203 301
203 418
204 322
205 281
206 437
207 381
208 384
209 464
210 235
211 253
211 333
213 421
215 354
216 356
216 496
217 402
217 462
218 352
219 276
220 229
221 456
222 405
224 320
226 422
229 493
231 442
231 483
233 268
233 329
234 313
234 426
236 311
236 343
238 274
238 391
240 301
240 474
241 353
242 272
242 331
243 471
244 393
245 309
246 425
246 462
247 330
248 320
248 325
249 250
249 402
250 367
252 479
253 374
254 289
255 295
258 306
258 398
259 349
259 453
260 394
260 478
261 384
261 411
263 388
263 473
265 335
265 490
266 318
268 439
270 345
270 434
271 372
273 466
281 444
282 390
284 436
284 481
286 445
287 387
288 295
288 305
290 355
291 326
292 350
292 383
294 481
296 460
296 467
297 418
297 460
298 323
298 359
299 303
300 337
300 377
302 487
304 366
307 318
308 357
308 468
309 416
310 375
310 469
311 443
314 367
315 377
315 446
319 430
319 448
322 417
323 431
324 409
327 404
330 498
331 451
332 338
333 497
334 360
334 419
336 440
337 340
338 353
343 407
344 485
347 358
350 494
351 489
354 478
355 449
358 469
360 423
361 479
362 413
363 492
364 477
365 374
365 484
368 385
368 464
369 454
370 379
370 476
375 434
378 476
379 432
381 458
382 443
382 499
386 424
389 461
390 486
393 406
394 433
395 498
396 435
399 432
400 458
401 450
403 454
404 409
408 412
412 487
416 446
420 488
422 430
424 457
425 444
428 442
438 477
438 491
440 450
441 480
445 472
455 472
459 492
465 470
467 482
489 490
500 475
501 74
-1 -1
48.04
