1
0 74
0 470
1 349
1 443
2 280
2 387
3 133
3 184
4 197
4 322
5 24
5 497
6 188
6 497
7 90
7 365
8 20
8 404
9 197
9 440
10 36
10 147
11 112
11 415
12 254
12 328
13 54
13 63
14 62
14 291
15 221
15 262
16 134
16 471
17 75
17 192
18 136
18 230
19 347
19 478
20 480
21 114
21 428
22 182
22 247
23 183
23 188
24 317
25 49
25 245
26 102
26 358
27 247
27 447
28 48
28 409
29 286
29 300
30 201
30 408
31 307
31 498
32 298
32 317
33 148
33 381
34 77
34 448
35 416
35 493
36 222
37 177
37 195
38 159
38 162
39 165
39 187
40 210
40 320
41 116
41 242
42 137
42 459
43 109
43 292
44 50
44 267
45 240
45 466
46 486
46 491
47 339
47 374
48 350
49 106
50 489
51 105
51 275
52 171
52 461
53 81
53 468
54 237
55 145
55 439
56 337
56 393
57 70
57 85
58 176
58 340
59 167
59 488
60 484
60 492
61 402
62 185
63 382
64 82
64 487
65 73
65 279
66 142
66 378
67 166
67 313
68 359
68 455
69 169
69 181
70 231
71 258
71 343
72 265
72 294
73 76
74 487
75 276
76 392
77 453
78 235
78 408
79 417
79 486
80 115
80 161
81 313
82 193
83 413
83 494
84 98
84 333
85 213
86 293
86 314
87 156
87 287
88 256
88 482
89 162
89 374
90 428
91 275
91 352
92 170
92 342
93 217
93 436
94 388
94 446
95 96
95 160
96 325
97 242
97 427
98 383
99 116
99 457
100 213
100 308
101 435
101 464
102 249
103 180
103 270
104 241
104 387
105 108
106 216
107 145
107 205
108 454
109 202
110 406
110 446
111 117
111 274
112 380
113 192
113 372
114 359
115 158
117 364
118 178
118 425
119 131
119 243
120 164
120 355
121 126
121 481
122 148
122 172
123 332
123 475
124 243
124 389
125 209
125 470
126 262
127 255
127 353
128 134
128 289
129 153
129 221
130 146
130 300
131 417
132 432
132 437
133 207
135 226
135 420
136 154
137 485
138 296
138 375
139 215
139 462
140 249
140 288
141 379
141 381
142 420
143 232
143 306
144 214
144 295
146 465
147 200
149 299
149 441
150 151
150 259
151 475
152 281
152 301
153 414
154 375
155 407
155 426
156 334
157 236
157 335
158 174
159 337
160 210
161 180
163 182
163 304
164 205
165 398
166 310
167 306
168 220
168 341
169 450
170 194
171 329
172 479
173 354
173 456
174 393
175 212
175 422
176 218
177 279
178 364
179 418
179 421
181 225
183 493
184 427
185 468
186 225
186 462
187 343
189 345
189 352
190 357
190 416
191 280
191 449
193 330
194 341
195 206
196 229
196 460
198 250
198 277
199 253
199 258
200 250
201 283
202 244
203 217
203 413
204 322
204 362
206 442
207 376
208 409
208 457
209 230
211 268
211 361
212 406
214 220
215 325
216 495
218 241
219 385
219 395
222 392
223 272
223 282
224 340
224 368
226 419
227 238
227 373
228 331
228 430
229 496
231 477
232 452
233 264
233 330
234 293
234 444
235 399
236 319
237 463
238 283
239 271
239 327
240 288
244 346
245 472
246 315
246 469
248 335
248 494
251 285
251 473
252 447
252 499
253 384
254 273
255 266
256 368
257 303
257 327
259 490
260 350
260 440
261 376
261 480
263 425
264 421
265 449
266 491
267 305
268 377
269 438
269 456
270 284
271 311
272 358
273 399
274 292
276 312
277 424
278 431
278 473
281 338
282 437
284 385
285 316
286 336
287 402
289 439
290 369
290 454
291 445
294 366
295 334
296 401
297 304
297 332
298 365
299 418
301 479
302 348
302 450
303 326
305 363
307 436
308 401
309 338
309 496
310 348
311 414
312 467
314 423
315 342
316 483
318 320
318 482
319 377
321 471
321 476
323 382
323 459
324 356
324 474
326 372
328 483
329 363
331 360
333 492
336 411
339 467
344 386
344 499
345 391
346 429
347 423
349 405
351 389
351 469
353 410
354 360
355 458
356 404
357 478
361 441
362 411
366 403
367 370
367 451
369 383
370 455
371 391
371 398
373 396
378 390
379 438
380 405
384 463
386 431
388 419
390 461
394 424
394 444
395 452
396 410
397 400
397 448
400 485
403 433
407 445
412 476
412 488
415 474
422 426
429 489
430 442
432 458
433 434
434 435
443 481
451 484
453 464
460 465
466 495
472 498
477 490
500 61
501 263
-1 -1
99.3659
