1
0 168
0 287
1 30
1 72
2 269
2 281
3 262
3 172
4 31
4 191
5 96
5 131
6 272
6 100
7 20
7 119
8 18
8 82
9 128
9 292
10 21
10 262
11 252
12 293
12 132
13 54
13 75
14 42
14 64
15 101
15 250
16 111
16 130
17 75
17 237
18 49
19 40
19 286
20 243
21 57
22 263
22 162
23 58
23 145
24 33
24 192
25 85
25 221
26 99
26 205
27 263
27 251
28 107
28 246
29 112
29 169
30 78
31 170
32 89
32 232
33 249
34 294
34 228
35 261
35 38
36 181
36 212
37 84
37 173
38 268
39 138
39 161
40 154
41 182
41 185
42 295
43 73
43 268
44 299
44 261
45 259
45 95
46 277
46 167
47 210
47 246
48 107
48 244
49 144
50 109
50 110
51 274
51 163
52 71
52 182
53 134
53 222
54 197
55 230
55 235
56 95
56 113
57 195
58 90
59 82
59 231
60 134
60 200
61 267
61 294
62 146
62 187
63 135
63 185
64 158
65 275
65 171
66 77
66 80
67 152
67 278
68 291
68 136
69 175
69 250
70 87
70 104
71 259
72 159
73 85
74 76
74 133
76 179
77 255
78 216
79 92
79 178
80 125
81 142
81 172
83 86
83 116
84 192
86 225
87 111
88 215
88 231
89 97
90 110
91 121
91 158
92 244
93 162
93 180
94 113
94 173
96 109
97 170
98 126
98 140
99 296
100 219
101 120
102 213
102 297
103 137
103 161
104 204
105 291
105 251
106 165
106 254
108 163
108 164
112 177
114 156
114 217
115 264
115 137
116 248
117 160
117 189
118 177
118 194
119 281
120 217
121 129
122 266
122 129
123 270
123 190
124 131
124 171
125 293
126 221
127 166
127 220
128 198
130 289
132 228
133 297
135 155
136 239
138 142
139 184
139 188
140 236
141 180
141 202
143 209
143 226
144 203
145 241
146 157
147 208
147 233
148 256
148 155
149 184
149 191
150 197
150 206
151 275
151 271
152 241
153 279
153 239
154 174
156 255
157 164
159 280
160 287
165 205
166 254
167 282
168 235
169 176
174 189
175 202
176 253
178 238
179 208
181 183
183 207
186 207
186 243
187 280
188 258
190 282
193 267
193 211
194 215
195 258
196 201
196 218
198 284
199 289
199 271
200 283
201 223
203 248
204 240
206 296
209 253
210 257
211 285
212 220
213 234
214 265
214 279
216 227
218 276
219 257
222 223
224 225
226 247
227 265
229 270
229 230
232 240
233 260
234 298
236 288
237 242
238 290
242 273
245 284
245 264
247 256
249 276
252 299
260 292
266 272
269 295
273 283
274 278
277 290
285 288
286 298
300 11
301 224
-1 -1
22.6449
