1
0 293
0 131
1 16
1 115
2 273
2 122
3 82
3 104
4 17
4 164
5 224
5 226
6 77
6 191
7 274
7 176
8 37
8 254
9 184
9 222
10 267
10 109
11 50
11 227
12 267
12 83
13 236
13 248
14 86
14 203
15 274
15 92
16 181
17 263
18 130
18 185
19 187
19 201
20 142
20 147
21 81
21 223
22 34
22 233
23 299
23 237
24 187
24 230
25 287
25 182
26 54
26 80
27 297
27 259
28 66
28 208
29 282
29 105
30 156
31 76
31 84
32 277
32 174
33 146
33 152
34 144
35 163
35 292
36 49
36 204
37 183
38 113
38 152
39 106
39 211
40 88
40 175
41 295
41 218
42 43
42 65
43 138
44 86
44 140
45 297
45 132
46 268
46 291
47 257
47 120
48 156
48 200
49 108
50 62
51 68
51 227
52 103
52 165
53 176
53 243
54 285
55 186
55 238
56 87
56 91
57 77
57 149
58 166
58 203
59 61
59 90
60 85
60 182
61 283
62 180
63 211
63 272
64 80
64 135
65 82
66 239
67 277
67 118
68 74
69 138
69 196
70 84
70 157
71 265
71 286
72 218
72 244
73 177
73 219
74 88
75 232
75 249
76 111
78 79
78 95
79 184
81 99
83 169
85 289
87 125
89 161
89 194
90 281
91 242
92 172
93 296
93 247
94 103
94 112
95 293
96 199
96 217
97 178
97 201
98 141
98 160
99 288
100 195
100 197
101 161
101 229
102 183
102 216
104 224
105 160
106 181
107 129
107 149
108 115
109 294
110 140
110 231
111 235
112 225
113 206
114 130
114 233
116 281
116 239
117 299
117 278
118 173
119 192
119 245
120 221
121 272
121 276
122 126
123 137
123 168
124 169
124 217
125 276
126 240
127 155
127 208
128 260
128 193
129 188
131 189
132 270
133 202
133 251
134 265
134 177
135 154
136 212
136 254
137 214
139 279
139 143
141 200
142 198
143 172
144 292
145 174
145 242
146 280
147 235
148 162
148 199
150 282
150 246
151 278
151 175
153 260
153 159
154 210
155 290
157 283
158 263
158 196
159 290
162 226
163 295
164 212
165 298
166 244
167 261
167 193
168 216
170 269
170 228
171 215
171 228
173 214
178 294
179 215
179 240
180 204
185 266
186 252
188 223
189 256
190 222
190 250
191 237
192 271
194 234
195 230
197 262
198 259
202 225
205 280
205 275
206 234
207 288
207 246
209 248
210 291
213 298
213 231
219 250
220 266
220 253
221 249
229 271
232 284
236 256
238 270
241 258
241 243
245 273
247 285
251 262
252 286
253 258
255 257
255 268
261 296
264 275
264 279
269 287
284 289
300 209
301 30
-1 -1
5.24466
