1
0 31
0 162
1 299
1 165
2 171
2 187
3 260
3 119
4 27
4 164
5 26
5 139
6 284
6 119
7 16
7 275
8 17
8 259
9 39
9 66
10 258
10 36
11 271
11 144
12 169
12 170
13 193
13 255
14 262
14 266
15 22
15 24
16 229
17 258
18 107
18 155
19 277
20 261
20 247
21 106
21 151
22 113
23 79
23 191
24 88
25 65
25 163
26 179
27 152
28 62
28 174
29 128
29 236
30 48
30 136
31 158
32 272
32 177
33 64
33 239
34 132
34 248
35 109
35 213
36 105
37 192
37 198
38 41
38 74
39 44
40 118
40 231
41 114
42 286
42 96
43 269
43 178
44 123
45 273
45 150
46 68
46 241
47 72
47 132
48 96
49 208
49 246
50 83
50 102
51 265
51 159
52 75
52 195
53 284
53 221
54 221
54 232
55 77
55 79
56 73
56 123
57 82
57 226
58 93
58 225
59 285
59 120
60 263
60 186
61 89
61 247
62 156
63 81
63 291
64 185
65 124
66 153
67 270
67 219
68 74
69 169
69 250
70 127
70 244
71 257
71 194
72 92
73 138
75 243
76 280
76 135
77 238
78 295
78 152
80 282
80 104
81 292
82 137
83 207
84 273
84 254
85 262
85 267
86 204
86 248
87 131
87 148
88 267
89 93
90 102
90 129
91 179
91 292
92 185
94 115
94 291
95 121
95 199
97 287
97 296
98 116
98 233
99 188
99 250
100 180
100 288
101 170
101 244
103 279
103 183
104 115
105 255
106 279
107 275
108 112
108 276
109 167
110 140
110 147
111 261
111 112
113 288
114 182
116 135
117 268
117 293
118 165
120 237
121 294
122 259
122 192
124 214
125 260
125 160
126 187
126 207
127 140
128 131
129 143
130 287
130 210
133 197
133 200
134 142
134 166
136 224
137 212
138 278
139 212
141 289
141 205
142 193
143 145
144 176
145 252
146 177
146 201
147 171
148 173
149 283
149 230
150 205
151 263
153 203
154 211
154 231
155 264
156 166
157 200
157 237
158 190
159 181
160 276
161 272
161 184
162 198
163 227
164 251
167 186
168 282
168 297
172 274
172 254
173 183
174 226
175 194
175 217
176 220
178 217
180 239
181 220
182 234
184 294
188 268
189 202
189 215
190 210
191 270
195 238
196 299
196 230
199 209
201 249
202 222
203 289
204 219
206 265
206 280
208 235
209 242
211 249
213 298
214 242
215 251
216 218
216 241
218 253
222 224
223 269
223 293
225 290
227 256
228 257
228 277
229 234
232 243
233 285
235 253
236 245
240 266
240 246
245 274
252 296
256 278
264 281
271 283
281 297
286 290
295 298
300 197
301 19
-1 -1
2.86022
