1
0 161
0 211
1 8
1 58
2 299
2 172
3 81
3 254
4 101
4 293
5 48
5 101
6 35
6 132
7 108
7 192
8 165
9 10
9 193
10 241
11 38
11 182
12 127
12 189
13 21
13 162
14 53
14 160
15 91
15 98
16 90
16 103
17 144
17 151
18 23
18 56
19 54
19 213
20 155
20 193
21 211
22 261
22 248
23 176
24 135
24 202
25 274
25 83
26 147
26 278
27 297
27 65
28 158
28 183
29 106
29 157
30 216
30 230
31 180
31 245
32 150
32 176
33 48
33 89
34 274
34 88
35 140
36 165
36 227
37 82
37 126
38 87
39 285
39 158
40 129
40 206
41 82
41 249
42 289
42 230
43 85
43 181
44 78
44 88
45 60
45 123
46 169
46 205
47 79
47 154
49 281
49 135
50 268
50 133
51 110
51 155
52 269
52 284
53 112
54 280
55 171
55 243
56 271
57 62
57 152
58 76
59 145
59 209
60 226
61 97
61 138
62 224
63 288
63 146
64 270
64 298
65 294
66 160
66 233
67 296
67 111
68 70
68 231
69 132
69 184
70 266
71 117
71 224
72 257
72 137
73 237
73 246
74 121
74 246
75 86
75 281
76 167
77 277
77 239
78 272
79 275
80 149
80 153
81 214
83 168
84 262
84 295
85 204
86 150
87 256
89 226
90 220
91 280
92 125
92 200
93 128
93 187
94 266
94 209
95 103
95 210
96 98
96 248
97 148
99 210
99 251
100 264
100 225
102 218
102 223
104 218
104 239
105 283
105 219
106 145
107 265
107 138
108 283
109 234
109 253
110 124
111 297
112 113
113 125
114 127
114 163
115 261
115 267
116 289
117 242
118 258
118 290
119 294
119 130
120 263
120 244
121 131
122 219
122 235
123 130
124 228
126 173
128 212
129 143
131 215
133 240
134 299
134 185
136 221
136 255
137 159
139 276
139 292
140 198
141 164
141 223
142 276
142 232
143 188
144 259
146 233
147 270
148 229
149 169
151 213
152 153
154 166
156 278
157 181
159 205
161 256
162 237
163 262
164 227
166 260
167 183
168 265
170 264
170 232
171 192
172 179
173 250
174 207
174 298
175 177
175 225
177 285
178 182
178 252
179 217
180 208
184 199
185 229
186 197
186 241
187 242
188 254
189 267
190 196
190 235
191 215
191 244
194 195
194 263
195 216
196 279
197 252
198 258
199 228
200 269
201 282
201 231
202 234
203 259
203 253
204 257
206 286
207 250
208 238
212 291
214 277
217 292
220 222
221 247
222 249
236 295
236 245
238 282
240 243
247 293
251 291
255 279
260 268
271 273
272 275
273 287
284 296
286 290
287 288
300 156
301 116
-1 -1
9.5889
