1
0 264
0 217
1 55
1 183
2 47
2 119
3 46
3 134
4 91
4 167
5 9
5 13
6 88
6 192
7 137
7 142
8 211
8 214
9 251
10 62
10 117
11 272
11 248
12 93
12 243
13 89
14 296
14 133
15 16
15 94
16 208
17 109
17 186
18 144
18 175
19 56
19 58
20 216
20 229
21 25
21 271
22 273
22 244
23 259
24 55
24 236
25 31
26 293
26 255
27 72
27 219
28 101
28 166
29 182
29 292
30 32
30 43
31 164
32 42
33 291
33 225
34 275
34 169
35 61
35 224
36 72
36 298
37 112
37 197
38 293
38 76
39 205
39 241
40 246
40 255
41 272
41 251
42 273
43 109
44 280
44 269
45 264
45 54
46 298
47 94
48 173
48 213
49 288
49 202
50 238
50 245
51 261
51 230
52 86
52 165
53 166
53 231
54 239
56 141
57 200
57 209
58 232
59 278
59 60
60 162
61 226
62 79
63 164
63 228
64 290
64 100
65 83
65 207
66 265
66 219
67 126
67 280
68 169
68 242
69 102
69 223
70 123
70 147
71 106
71 234
73 76
73 203
74 244
74 253
75 289
75 207
77 129
77 149
78 218
78 230
79 136
80 259
80 146
81 110
81 113
82 288
82 172
83 196
84 89
84 213
85 283
85 296
86 223
87 99
87 197
88 242
90 173
90 215
91 199
92 265
92 231
93 134
95 294
95 194
96 256
96 150
97 165
97 175
98 287
98 170
99 243
100 190
101 277
102 143
103 143
103 206
104 263
104 274
105 179
105 221
106 111
107 258
107 185
108 127
108 200
110 203
111 275
112 204
113 261
114 177
114 240
115 266
115 145
116 257
116 216
117 289
118 127
118 245
119 153
120 294
120 157
121 287
121 187
122 146
122 184
123 161
124 295
124 158
125 270
125 156
126 286
128 258
128 210
129 299
130 271
130 144
131 292
131 137
132 291
132 263
133 217
135 285
135 253
136 183
138 187
138 225
139 297
139 168
140 284
140 232
141 174
142 282
145 159
147 276
148 189
148 226
149 184
150 212
151 267
151 281
152 297
153 254
154 181
154 248
155 215
155 233
156 229
157 209
158 198
159 224
160 279
160 195
161 250
162 180
163 198
163 234
167 282
168 204
170 174
171 177
171 218
172 247
176 210
176 241
178 286
178 191
179 262
180 227
181 246
182 284
185 260
186 269
188 260
188 237
189 295
190 235
191 249
192 290
193 268
193 220
194 274
195 239
196 254
199 222
201 221
201 240
202 252
205 277
206 268
208 249
211 227
212 250
214 228
220 262
222 233
235 276
236 283
237 279
238 281
247 267
252 299
256 257
266 278
270 285
300 152
301 23
-1 -1
21.2668
