1
0 27
0 298
1 9
1 174
2 124
2 235
3 56
3 289
4 129
4 142
5 27
5 95
6 35
6 120
7 262
7 110
8 179
8 238
9 162
10 87
10 157
11 57
11 250
12 23
12 111
13 47
13 82
14 101
14 249
15 19
15 117
16 20
16 75
17 100
17 280
18 256
18 134
19 116
20 84
21 166
21 225
22 60
22 253
23 163
24 191
24 248
25 260
25 290
26 297
26 136
28 265
28 108
29 268
29 183
30 44
30 164
31 291
31 196
32 106
32 195
33 146
33 181
34 65
34 150
35 140
36 142
36 146
37 186
37 215
38 294
38 213
39 272
39 242
40 160
40 228
41 93
41 199
42 152
42 168
43 90
43 97
44 296
45 211
45 223
46 77
46 141
47 109
48 233
48 248
49 274
49 214
50 165
50 167
51 262
51 115
52 145
52 232
53 282
53 252
54 107
54 116
55 86
55 92
56 284
57 171
58 91
58 114
59 88
59 99
60 125
61 98
61 190
62 70
62 71
63 138
63 230
64 132
64 188
65 88
66 236
66 247
67 94
67 217
68 237
68 251
69 290
69 133
70 112
71 111
72 105
72 200
73 90
73 220
74 232
75 287
76 147
76 246
77 107
78 296
78 249
79 103
79 234
80 95
80 231
81 279
81 213
82 220
83 161
83 207
84 271
85 170
85 251
86 123
87 218
89 172
89 237
91 132
92 136
93 182
94 108
96 258
96 269
97 119
98 123
99 174
100 255
101 155
102 263
102 295
103 115
104 158
104 243
105 266
106 156
109 144
110 156
112 252
113 131
113 264
114 118
117 193
118 227
119 139
120 128
121 155
121 182
122 185
122 246
124 253
125 202
126 288
126 223
127 281
127 241
128 275
129 164
130 158
130 221
131 226
133 275
134 283
135 276
135 150
137 153
137 201
138 194
139 148
140 175
141 254
143 170
143 231
144 240
145 254
147 289
148 218
149 295
149 204
151 261
151 285
152 273
153 255
154 183
154 230
157 189
159 178
159 217
160 278
161 245
162 206
163 173
165 257
166 228
167 270
168 270
169 192
169 206
171 293
172 224
173 222
175 215
176 256
176 196
177 265
177 267
178 257
179 205
180 288
180 198
181 261
184 197
184 203
185 298
187 203
187 242
188 287
189 259
190 274
191 208
192 195
193 197
194 241
198 205
199 209
200 260
201 226
202 239
204 207
208 293
209 245
210 229
210 239
211 299
212 263
212 229
214 266
216 286
216 225
219 297
219 281
221 279
222 238
224 268
227 283
233 258
234 292
235 250
236 271
240 277
243 272
244 280
244 269
247 264
259 282
267 294
273 286
276 277
278 292
284 291
285 299
300 74
301 186
-1 -1
17.6763
