1
0 284
0 480
1 658
1 552
2 364
2 53
3 58
3 208
4 513
4 326
5 264
5 594
6 230
6 174
7 465
7 422
8 665
8 157
9 604
9 499
10 584
10 38
11 681
11 270
12 672
12 378
13 540
13 508
14 505
14 189
15 200
15 35
16 32
16 392
17 290
17 446
18 686
18 356
19 139
19 442
20 371
20 123
21 106
21 573
22 623
22 659
23 501
23 318
24 262
24 165
25 603
25 607
26 332
26 635
27 328
27 207
28 652
28 645
29 176
29 58
30 149
30 602
31 71
31 43
32 243
33 76
33 463
34 42
34 38
35 373
36 329
36 680
37 257
37 453
39 54
39 298
40 328
40 350
41 547
41 407
42 488
43 341
44 380
44 252
45 476
45 300
46 148
47 138
47 342
48 372
48 254
49 245
49 59
50 333
50 71
51 453
51 566
52 195
52 350
53 457
54 291
55 460
55 345
56 578
56 347
57 645
57 169
59 450
60 296
60 429
61 563
61 571
62 399
62 621
63 627
63 690
64 677
64 446
65 456
65 82
66 203
66 126
67 584
67 397
68 177
68 605
69 259
69 535
70 156
70 241
72 618
72 657
73 616
73 475
74 153
74 672
75 487
75 368
76 229
77 193
77 588
78 516
78 79
79 205
80 601
80 160
81 460
81 575
82 175
83 95
83 447
84 587
84 334
85 643
85 102
86 197
86 309
87 484
87 696
88 313
88 344
89 449
89 596
90 341
90 414
91 542
92 347
92 556
93 497
93 633
94 523
94 235
95 419
96 327
96 239
97 680
97 311
98 129
98 254
99 454
99 534
100 198
100 183
101 396
101 171
102 630
103 148
103 225
104 272
104 175
105 194
105 558
106 626
107 385
107 624
108 540
108 685
109 609
109 113
110 421
110 361
111 353
111 498
112 151
112 143
113 357
114 364
114 499
115 228
115 378
116 640
116 639
117 362
117 430
118 647
118 611
119 608
119 422
120 216
120 314
121 580
121 622
122 654
122 375
123 557
124 459
124 309
125 411
125 316
126 197
127 597
127 353
128 673
128 226
129 379
130 487
130 255
131 331
131 464
132 140
132 549
133 343
133 280
134 196
134 695
135 267
135 656
136 298
136 690
137 417
137 150
138 325
139 191
140 571
141 525
141 674
142 293
142 285
143 586
144 666
144 444
145 552
145 185
146 477
146 547
147 541
147 166
149 260
150 682
151 528
152 655
152 359
153 383
154 265
154 366
155 472
155 629
156 334
157 286
158 410
158 297
159 266
159 291
160 428
161 336
161 606
162 423
162 494
163 213
163 605
164 462
164 445
165 655
166 206
167 464
167 610
168 454
168 553
169 435
170 270
170 231
171 305
172 391
172 386
173 548
173 508
174 504
176 466
177 352
178 531
178 249
179 411
179 630
180 202
180 661
181 337
181 406
182 458
182 224
183 546
184 515
184 660
185 434
186 265
186 598
187 206
187 692
188 209
188 471
189 541
190 543
190 637
191 526
192 475
192 443
193 491
194 620
195 268
196 251
198 387
199 498
199 438
200 545
201 294
201 632
202 601
203 441
204 321
204 514
205 530
207 432
208 218
209 550
210 386
210 317
211 332
211 590
212 431
212 301
213 217
214 404
214 444
215 687
215 591
216 639
217 368
218 507
219 595
219 249
220 260
220 533
221 522
221 314
222 699
222 488
223 583
223 288
224 664
225 496
226 261
227 614
227 312
228 489
229 375
230 374
231 427
232 276
232 424
233 287
233 492
234 535
234 302
235 570
236 560
236 308
237 440
237 570
238 339
238 416
239 243
240 643
240 521
241 684
242 440
242 656
244 283
244 617
245 256
246 546
246 377
247 662
247 469
248 632
248 478
250 494
250 609
251 376
252 452
253 259
253 276
255 323
256 611
257 423
258 564
258 503
261 599
262 337
263 577
263 505
264 585
266 561
267 442
268 365
269 326
269 471
271 676
271 555
272 425
273 450
273 324
274 369
274 628
275 398
275 511
277 395
277 691
278 456
278 629
279 412
279 684
280 538
281 330
281 659
282 358
282 637
283 551
284 370
285 413
286 344
287 596
288 436
289 653
289 365
290 613
292 624
292 636
293 562
294 304
295 610
295 524
296 520
297 510
299 688
299 495
300 562
301 427
302 311
303 544
303 612
304 650
305 581
306 419
306 316
307 602
307 506
308 349
310 312
310 470
313 387
315 452
315 437
317 400
318 493
319 619
319 568
320 667
320 650
321 381
322 393
322 689
323 396
324 522
325 348
327 631
329 437
330 482
331 408
333 472
335 536
335 634
336 405
338 388
338 458
339 594
340 674
340 438
342 647
343 512
345 694
346 532
346 603
348 675
349 457
351 405
351 370
352 625
354 451
354 433
355 651
355 524
356 391
357 620
358 527
359 468
360 369
360 636
361 415
362 519
363 485
363 439
366 613
367 520
367 551
371 448
372 604
373 415
374 590
376 593
377 696
379 481
380 569
381 698
382 641
382 580
383 476
384 600
384 631
385 486
388 649
389 618
389 682
390 697
390 585
392 597
393 592
394 578
394 399
395 554
397 408
398 479
400 426
401 579
401 553
402 530
402 689
403 617
403 426
404 688
406 681
407 542
409 473
409 683
410 491
412 534
413 677
414 640
416 646
417 521
418 646
418 559
420 490
420 692
421 484
424 525
425 448
428 651
429 481
430 451
431 675
432 641
433 512
434 683
435 676
436 693
439 595
441 600
443 589
445 663
447 559
449 514
455 564
455 509
459 582
461 662
461 608
462 671
463 576
465 568
466 569
467 678
467 565
468 615
469 668
470 686
473 560
474 480
474 607
477 478
479 519
482 685
483 536
483 548
485 500
486 497
489 638
490 517
492 660
493 606
495 648
496 679
500 673
501 587
502 554
502 504
503 577
506 642
507 671
509 539
510 649
511 533
513 563
515 582
516 627
517 633
518 658
518 561
523 678
526 539
527 642
528 537
529 625
529 626
531 635
532 664
537 593
538 622
543 615
544 669
545 679
549 598
550 661
555 699
556 558
557 572
565 670
566 628
567 669
567 668
572 654
573 614
574 599
574 579
575 657
576 666
581 694
583 588
586 693
589 687
591 623
592 698
612 697
616 619
621 644
634 691
638 665
644 648
652 670
653 663
667 695
700 91
701 46
-1 -1
59.2193
