1
0 299
0 366
1 345
1 377
2 131
2 169
3 456
3 298
4 523
4 607
5 611
5 137
6 330
6 297
7 145
7 459
8 687
8 434
9 227
9 435
10 669
10 225
11 406
11 389
12 27
12 630
13 194
13 161
14 207
14 56
15 512
15 340
16 198
16 694
17 73
17 44
18 579
18 352
19 461
19 546
20 668
20 42
21 302
21 249
22 483
22 380
23 443
23 26
24 98
24 39
25 482
25 293
26 547
27 499
28 539
28 315
29 359
29 376
30 522
30 208
31 203
31 216
32 269
33 229
33 534
34 493
34 307
35 205
35 413
36 422
36 253
37 545
37 557
38 664
38 473
39 533
40 499
40 568
41 118
41 632
42 138
43 344
43 466
44 487
45 531
45 302
46 379
46 381
47 470
47 415
48 89
48 552
49 385
49 336
50 684
50 188
51 274
51 566
52 561
52 124
53 272
53 431
54 321
54 571
55 545
55 699
56 616
57 538
57 355
58 327
58 177
59 525
59 695
60 395
60 485
61 109
61 641
62 667
62 228
63 201
63 541
64 425
64 312
65 399
65 607
66 340
66 291
67 95
67 510
68 247
68 98
69 409
69 475
70 103
70 511
71 165
71 113
72 147
72 179
73 565
74 196
74 504
75 595
75 556
76 202
76 503
77 549
77 116
78 113
78 435
79 267
79 91
80 590
80 488
81 332
81 174
82 103
82 660
83 464
83 100
84 368
84 126
85 331
85 468
86 363
86 375
87 348
87 126
88 292
88 560
89 414
90 620
90 270
91 378
92 256
92 426
93 156
93 304
94 283
94 489
95 323
96 467
96 447
97 517
97 238
99 453
99 190
100 414
101 627
101 502
102 472
102 617
104 578
104 231
105 133
105 699
106 487
106 501
107 262
107 465
108 550
108 507
109 588
110 538
110 309
111 443
111 380
112 144
112 628
114 345
114 154
115 375
115 154
116 596
117 655
117 558
118 407
119 216
119 689
120 268
120 127
121 212
121 472
122 619
122 551
123 325
123 604
124 334
125 271
125 279
127 572
128 629
128 518
129 200
129 232
130 596
130 254
131 134
132 396
132 469
133 638
134 366
135 653
135 301
136 400
136 170
137 155
138 379
139 217
139 419
140 417
140 178
141 537
141 187
142 197
142 559
143 339
143 317
144 479
145 357
146 363
146 560
147 460
148 203
148 402
149 263
149 494
150 422
150 245
151 291
151 597
152 496
152 213
153 451
153 439
155 367
156 243
157 621
157 697
158 528
158 172
159 184
159 412
160 327
160 485
161 598
162 437
162 522
163 284
163 584
164 333
164 465
165 362
166 279
166 173
167 273
167 378
168 214
168 278
169 644
170 318
171 192
171 519
172 309
173 303
174 242
175 398
175 542
176 272
176 418
177 189
178 338
179 316
180 211
180 285
181 300
181 439
182 495
182 447
183 524
183 679
184 515
185 464
185 370
186 547
186 588
187 661
188 591
189 330
190 324
191 683
191 556
192 526
193 321
193 581
194 410
195 642
195 403
196 523
197 509
198 583
199 450
199 329
200 616
201 226
202 576
204 514
204 578
205 462
206 680
206 639
207 289
208 476
209 653
209 308
210 359
210 681
211 558
212 600
213 624
214 650
215 658
215 391
217 361
218 609
218 698
219 358
219 625
220 549
220 365
221 453
221 525
222 223
222 298
223 445
224 586
224 671
225 646
226 446
227 678
228 690
229 484
230 390
230 411
231 640
232 673
233 287
233 593
234 335
234 417
235 651
235 677
236 397
236 612
237 457
237 475
238 328
239 676
239 637
240 401
240 664
241 420
241 625
242 666
243 634
244 563
244 573
245 316
246 650
246 429
247 527
248 640
248 376
249 638
250 295
250 282
251 521
251 569
252 391
252 382
253 555
254 601
255 338
255 676
256 675
257 529
257 491
258 322
258 592
259 541
259 501
260 399
260 342
261 519
261 314
262 294
263 646
264 410
264 574
265 408
265 284
266 452
266 273
267 471
268 408
269 688
270 524
271 489
274 539
275 313
275 572
276 651
276 533
277 484
277 649
278 665
280 456
280 685
281 659
281 681
282 537
283 473
285 668
286 611
286 342
287 510
288 593
288 690
289 442
290 513
290 506
292 669
293 564
294 530
295 332
296 587
296 444
297 662
299 589
300 423
301 693
303 373
304 569
305 598
305 497
306 657
306 477
307 371
308 344
310 384
310 318
311 532
311 367
312 551
313 657
314 631
315 622
317 613
319 421
319 663
320 448
320 335
322 608
323 605
324 663
325 686
326 471
326 430
328 583
329 432
331 629
333 498
334 636
336 697
337 615
337 575
339 444
341 386
341 562
343 626
343 436
346 567
346 656
347 577
347 599
348 570
349 636
349 436
350 648
350 427
351 655
351 692
352 478
353 451
353 508
354 387
354 584
355 467
356 466
356 606
357 458
358 419
360 528
360 488
361 440
362 369
364 544
364 415
365 401
368 687
369 644
370 402
371 388
372 486
372 692
373 492
374 614
374 490
377 573
381 543
382 383
383 492
384 395
385 532
386 622
387 554
388 474
389 535
390 671
392 654
392 591
393 449
393 398
394 516
394 617
396 696
397 503
400 540
403 482
404 667
404 631
405 585
405 428
406 634
407 557
409 691
411 647
412 434
413 685
416 470
416 635
418 582
420 555
421 633
423 639
424 587
424 477
425 645
426 540
427 512
428 693
429 682
430 445
431 481
432 529
433 672
433 496
437 498
438 643
438 627
440 654
441 483
441 518
442 559
446 652
448 656
449 515
450 672
452 562
454 580
454 601
455 675
455 682
457 568
458 548
459 597
460 507
461 491
462 679
463 615
463 474
468 628
469 566
476 581
478 647
479 645
480 563
480 696
481 683
486 530
490 495
493 576
494 500
497 603
500 561
502 577
504 613
505 606
505 680
506 571
508 658
509 517
511 535
513 553
514 652
520 582
520 632
521 684
526 575
527 605
531 620
534 579
536 595
536 608
542 686
543 661
544 554
546 642
548 565
550 626
552 633
553 599
564 689
567 673
570 678
574 635
580 618
585 623
586 594
589 688
590 666
592 630
594 609
600 602
602 641
603 665
604 691
610 677
610 637
612 614
618 694
619 698
621 648
623 674
624 659
643 649
660 670
662 674
670 695
700 516
701 32
-1 -1
20.6035
