200 1151
0 32
0 184
0 182
0 39
0 88
0 89
0 188
1 161
1 193
1 111
1 59
1 141
1 13
2 160
2 182
2 22
2 170
2 120
2 105
2 74
2 77
2 174
2 15
3 99
3 100
3 103
3 72
3 44
3 45
3 142
3 157
3 177
3 53
3 151
3 184
3 154
3 175
3 90
4 35
4 164
4 166
4 71
4 104
4 13
4 174
4 47
4 113
4 62
4 86
4 58
4 126
5 193
5 50
5 35
5 198
5 195
5 7
5 25
5 107
5 60
5 109
5 79
6 192
6 180
6 68
6 21
6 54
6 132
6 108
6 109
6 117
7 33
7 98
7 131
7 103
7 104
7 106
7 76
7 14
7 145
7 46
7 120
7 152
7 124
7 94
7 149
8 161
8 82
8 115
8 24
8 172
8 79
9 160
9 193
9 99
9 37
9 195
9 135
9 168
10 192
10 188
10 140
10 14
11 64
11 160
11 98
11 195
11 68
11 197
11 161
11 194
11 173
11 47
11 146
11 19
11 180
11 56
11 196
12 96
12 193
12 162
12 198
12 166
12 40
12 141
12 83
12 53
12 182
12 187
12 60
12 126
12 159
13 96
13 197
13 38
13 199
13 192
13 173
13 49
13 178
13 148
13 152
14 128
14 66
14 35
14 75
14 98
14 20
14 117
14 54
14 23
14 153
14 148
15 80
15 163
15 20
15 69
15 136
15 26
15 191
15 162
15 53
16 172
16 18
16 19
16 52
16 163
16 73
16 194
16 41
16 106
16 60
16 45
17 72
17 51
17 52
17 69
17 54
18 112
18 194
18 67
18 196
18 47
18 106
18 143
18 53
18 56
18 25
18 175
18 149
19 130
19 35
19 101
19 145
19 40
19 41
19 138
19 104
19 20
19 150
19 24
19 139
19 124
19 93
19 95
20 59
20 100
20 168
20 73
20 142
20 89
20 36
20 155
20 185
20 181
21 144
21 198
21 166
21 117
21 87
21 121
21 139
21 76
21 61
21 125
22 48
22 33
22 115
22 36
22 49
22 158
23 34
23 98
23 71
23 194
23 42
23 107
23 172
23 162
23 109
23 181
23 25
23 122
23 60
24 161
24 98
24 193
24 137
24 74
24 162
24 78
24 143
24 113
24 173
24 95
25 160
25 129
25 98
25 67
25 198
25 87
25 108
25 66
25 157
25 48
25 181
25 75
25 93
25 158
26 144
26 113
26 193
26 118
26 87
26 136
26 74
27 162
27 195
27 70
27 118
27 199
27 152
27 89
27 59
27 174
27 47
28 184
28 105
28 106
28 59
28 156
28 173
28 94
28 191
29 32
29 65
29 161
29 38
29 71
29 104
29 105
29 170
29 112
29 47
29 80
29 148
29 158
30 83
30 86
30 169
30 121
30 186
30 43
30 108
30 141
30 158
30 31
31 128
31 104
31 130
31 165
31 56
31 57
31 106
31 190
32 113
32 83
32 51
32 52
32 166
32 119
32 73
32 193
32 160
33 65
33 99
33 164
33 81
33 115
33 49
33 35
33 149
33 196
33 186
33 123
33 157
34 193
34 82
34 186
34 158
34 105
34 90
34 140
34 138
34 78
34 174
35 166
35 193
35 138
35 171
35 181
35 189
35 133
36 130
36 163
36 39
36 186
36 43
36 188
36 61
36 158
37 192
37 177
37 84
37 117
37 41
37 139
37 188
37 110
38 115
38 141
38 107
38 164
38 165
38 106
38 59
38 61
38 142
39 198
39 195
39 179
39 102
39 104
39 139
39 77
39 143
39 72
39 115
39 119
39 61
40 180
40 83
40 68
40 118
40 86
40 153
40 132
40 139
40 75
41 162
41 51
41 144
41 138
41 190
41 170
41 62
41 163
42 161
42 84
42 133
42 168
42 177
42 79
43 194
43 115
43 85
43 185
43 111
44 97
44 68
44 103
44 161
44 199
44 82
44 180
44 182
44 63
44 124
44 159
45 48
45 52
45 131
45 115
45 97
45 145
45 154
45 157
45 173
46 96
46 192
46 123
46 86
46 198
46 168
46 177
46 139
46 108
46 49
46 54
46 187
47 99
47 198
47 76
47 48
47 84
47 185
47 155
47 60
48 193
48 123
48 133
48 167
48 105
48 107
48 159
48 109
48 177
48 50
48 87
48 127
48 92
48 63
49 133
49 198
49 177
49 193
49 199
49 143
49 113
49 52
50 133
50 112
50 98
50 100
50 72
50 144
50 159
50 141
50 78
50 189
50 184
50 58
50 91
50 122
50 101
51 64
51 130
51 180
51 136
51 141
51 110
51 116
51 55
51 57
51 127
52 131
52 129
52 89
52 135
52 78
52 95
53 54
53 102
53 67
53 86
53 119
53 184
53 179
53 175
53 118
53 101
54 162
54 158
54 85
54 129
54 172
54 141
55 99
55 115
55 108
55 78
56 193
56 61
56 99
56 196
56 70
56 71
56 82
56 143
56 184
56 124
56 157
57 96
57 165
57 102
57 119
57 168
57 188
57 79
58 129
58 103
58 168
58 139
58 108
58 109
58 110
58 141
58 147
58 196
58 186
58 124
58 126
59 103
59 76
59 109
59 110
59 151
59 88
59 154
59 93
60 65
60 176
60 91
61 66
61 101
61 103
61 78
61 135
61 93
61 127
62 176
62 194
62 85
62 73
62 175
62 94
62 133
63 163
63 67
63 118
63 86
63 176
63 154
63 91
63 142
64 99
64 82
64 85
64 71
64 103
64 105
64 87
64 172
65 98
65 101
65 102
65 71
65 108
65 109
65 189
65 177
65 114
65 154
66 98
66 99
66 100
66 101
66 134
66 105
66 86
66 151
66 184
66 90
66 124
66 126
67 175
67 71
67 104
67 171
67 110
67 78
68 192
68 88
68 161
68 89
68 74
68 189
68 124
69 181
69 168
69 105
69 170
69 175
69 117
69 120
69 152
69 91
69 190
69 159
70 82
70 190
70 73
70 92
70 93
70 140
71 134
71 169
71 90
71 155
71 126
72 100
72 173
72 164
72 138
72 93
72 174
72 95
73 128
73 103
73 170
73 171
73 185
73 120
73 160
73 186
73 191
74 96
74 193
74 197
74 98
74 143
74 87
74 79
74 124
75 176
75 145
75 178
75 177
75 119
75 141
75 110
76 80
76 148
76 84
76 159
76 137
76 101
76 125
77 161
77 164
77 98
77 135
77 108
77 162
77 150
77 88
77 89
77 157
77 165
78 134
78 151
78 98
78 173
78 177
78 181
78 118
78 94
79 115
79 155
79 188
79 149
80 176
80 145
80 146
80 139
80 135
80 138
80 109
81 161
81 136
81 124
81 191
81 156
81 158
81 95
82 179
82 102
82 93
82 195
83 194
83 133
83 136
83 84
83 149
83 152
83 187
83 125
84 163
84 154
84 186
84 104
84 101
85 145
85 133
85 150
85 176
85 174
86 193
86 195
86 103
86 130
86 180
86 94
86 87
86 121
86 90
86 117
87 96
87 105
87 139
87 174
87 88
87 188
88 177
88 187
88 166
88 122
88 173
89 128
89 132
89 104
89 188
89 164
89 180
89 117
89 90
89 91
89 124
90 105
90 194
90 137
90 190
91 166
91 135
91 136
91 199
91 140
91 173
91 185
91 120
91 187
92 181
92 162
92 101
92 102
92 171
92 178
92 166
93 197
93 104
93 170
93 107
93 110
93 174
93 117
93 118
93 188
95 160
95 199
95 124
95 192
95 126
95 175
96 97
96 101
96 193
96 172
96 114
96 148
97 145
97 146
97 186
97 170
97 122
97 183
97 110
98 164
98 143
98 176
98 189
99 106
99 108
99 177
99 146
99 179
99 121
100 112
100 192
100 147
100 138
100 139
100 191
101 197
101 161
101 138
101 154
101 192
102 146
102 114
102 161
102 113
102 119
102 124
102 125
103 154
103 149
103 158
104 107
104 139
104 105
104 141
105 193
105 164
105 198
105 188
105 140
105 173
105 180
105 123
105 126
106 195
106 132
106 109
106 177
106 131
106 122
107 139
107 108
107 141
107 175
107 189
107 147
107 150
107 120
107 121
107 166
108 192
108 129
108 168
108 173
108 149
108 187
109 195
109 132
109 143
109 117
109 181
110 160
110 132
110 192
110 145
110 121
111 192
111 199
111 188
111 157
111 126
112 187
113 131
113 198
113 180
113 188
113 136
114 134
114 169
114 140
114 142
114 174
114 148
114 149
114 154
114 198
114 166
115 160
115 195
115 165
115 148
115 149
115 122
115 175
116 157
116 183
116 196
116 135
116 127
116 125
116 143
117 149
117 167
117 139
117 141
117 144
117 120
117 155
118 174
118 175
118 177
118 146
118 155
119 180
119 167
119 150
119 127
120 132
120 170
120 125
120 188
120 157
120 127
121 130
121 166
121 140
121 144
121 146
121 152
121 185
122 198
122 166
122 172
122 130
122 174
123 197
123 182
123 170
123 138
123 139
123 141
124 128
124 160
124 165
124 132
124 135
125 178
125 169
125 156
125 141
125 150
126 165
126 137
126 162
126 178
126 148
126 182
127 132
127 179
127 137
127 151
127 196
127 153
128 142
128 134
128 152
129 192
129 193
129 196
129 151
129 158
130 178
130 174
131 159
132 155
133 176
133 166
133 139
133 143
133 151
134 154
134 140
135 159
135 137
135 161
136 162
136 172
137 187
137 153
137 175
138 192
138 199
138 153
139 168
139 172
139 175
139 178
139 148
140 198
140 153
140 149
141 162
141 147
141 187
142 192
142 167
142 155
143 178
144 181
144 195
144 198
144 175
144 174
145 169
145 188
146 178
146 167
146 172
147 161
148 192
148 168
148 154
148 159
149 160
149 179
149 172
149 194
149 182
150 175
150 199
150 190
151 165
151 186
151 166
151 174
152 155
152 158
152 174
153 192
153 164
153 166
154 194
154 165
156 170
156 193
158 168
158 170
158 173
158 190
158 197
159 170
159 169
160 180
161 192
161 189
161 181
161 188
162 198
162 179
162 191
163 172
164 180
165 175
165 178
165 182
167 188
167 194
168 183
169 176
170 199
170 189
171 182
171 193
172 199
172 175
173 185
173 189
176 189
179 187
180 192
180 189
181 182
182 198
182 194
183 197
184 188
184 189
185 192
186 195
187 194
187 196
188 194
190 191
191 199
192 195
