200 1242
0 112
0 120
0 72
0 186
0 59
0 125
1 179
1 118
1 150
1 73
1 170
1 140
1 165
2 97
2 166
2 169
2 25
2 172
2 142
3 48
3 161
3 146
3 139
3 179
3 22
3 169
3 137
3 90
3 11
3 154
4 198
4 98
4 165
4 166
4 8
4 41
4 106
4 184
4 17
4 82
4 85
4 56
4 24
4 159
4 92
4 94
4 31
5 64
5 132
5 21
5 118
5 56
5 107
5 150
5 117
6 148
6 133
6 166
6 89
6 137
6 25
6 91
6 95
7 168
7 123
7 184
7 71
7 31
7 73
7 107
7 135
7 175
7 158
7 95
8 193
8 98
8 134
8 177
8 105
8 199
8 130
8 77
8 16
8 113
8 18
8 186
8 182
8 151
8 122
8 59
8 154
8 31
9 33
9 40
9 73
9 183
9 13
9 114
9 20
9 62
9 41
9 186
9 188
9 158
10 32
10 144
10 23
10 137
10 169
10 79
11 128
11 34
11 100
11 37
11 199
11 104
11 171
11 111
11 145
11 114
11 182
11 121
11 69
11 101
12 96
12 98
12 40
12 137
12 139
12 45
12 142
12 177
12 84
12 30
12 58
12 186
12 158
13 97
13 69
13 166
13 40
13 76
13 46
13 44
13 114
13 117
13 86
13 87
13 181
13 95
14 68
14 165
14 182
14 199
14 168
14 90
14 27
14 186
15 112
15 49
15 50
15 123
15 147
15 179
15 193
15 73
15 91
15 110
16 160
16 147
16 121
16 154
16 188
16 170
16 189
17 64
17 33
17 165
17 137
17 138
17 192
17 173
17 176
17 87
17 24
17 58
18 144
18 191
18 195
18 196
18 37
18 77
18 110
18 80
18 180
18 78
18 184
18 155
18 126
18 133
19 144
19 129
19 130
19 69
19 199
19 72
19 105
19 141
19 62
20 119
20 170
20 39
20 159
20 61
20 143
21 80
21 65
21 179
21 84
21 189
21 129
21 120
21 122
21 154
21 69
22 115
22 51
22 52
22 118
22 38
22 124
22 60
23 32
23 160
23 155
23 132
23 166
23 38
23 41
23 119
23 108
23 174
23 79
23 143
23 163
23 148
23 55
23 47
23 61
23 159
24 32
24 101
24 142
24 141
24 110
24 77
24 46
24 86
24 153
24 143
24 62
24 117
25 131
25 84
25 117
25 152
25 147
25 108
26 64
26 68
26 69
26 136
26 92
26 173
26 79
26 49
26 86
26 47
26 124
26 63
27 116
27 148
27 84
27 185
27 182
27 105
27 36
27 122
27 87
27 183
28 112
28 33
28 50
28 148
28 170
28 43
29 51
29 158
29 120
29 124
29 94
29 47
30 96
30 177
30 83
30 148
30 53
30 70
30 103
30 56
30 187
30 75
31 64
31 129
31 66
31 67
31 196
31 107
31 140
31 130
31 50
31 84
31 149
31 55
31 52
31 91
31 124
31 183
32 187
32 101
32 136
32 137
32 174
32 79
32 50
32 83
32 84
32 117
32 150
32 186
32 175
32 170
32 190
33 161
33 35
33 105
33 75
33 78
33 48
33 85
33 73
33 191
34 191
34 155
34 133
34 71
34 104
34 137
34 141
34 46
34 151
34 63
34 124
34 61
34 127
35 197
35 68
35 37
35 189
35 122
35 91
35 44
35 186
35 111
36 97
36 197
36 113
36 138
36 135
36 143
36 80
36 49
36 84
36 62
36 184
36 126
36 159
37 164
37 101
37 198
37 178
37 104
37 171
37 44
37 45
37 185
37 154
37 159
38 144
38 75
38 151
38 95
39 163
39 149
39 103
39 57
39 94
40 96
40 131
40 137
40 170
40 77
40 46
40 145
40 44
40 127
41 182
41 103
41 145
41 75
41 76
41 45
41 111
41 49
41 115
41 173
41 137
41 154
41 124
41 167
41 63
42 176
42 161
42 146
42 83
42 132
42 183
42 60
42 47
43 195
43 147
43 179
43 70
43 140
43 146
43 177
43 82
43 83
43 148
43 90
43 94
43 191
44 167
44 104
44 105
44 77
44 79
44 144
44 114
44 148
44 142
44 54
44 87
44 184
44 156
44 69
45 65
45 164
45 134
45 75
45 147
45 158
45 54
45 87
45 179
45 118
45 62
45 95
46 198
46 101
46 70
46 141
46 142
46 177
46 115
46 87
46 154
46 91
46 130
47 128
47 161
47 195
47 133
47 193
47 73
47 109
47 176
47 191
47 63
48 64
48 130
48 100
48 103
48 104
48 106
48 77
48 158
48 112
48 50
48 147
48 117
48 182
48 56
48 93
48 126
49 157
49 81
49 181
49 118
49 113
49 192
49 106
50 80
50 196
50 110
50 115
50 148
50 122
50 127
51 168
51 130
51 178
51 86
51 135
51 120
51 153
51 124
52 130
52 141
52 77
52 175
52 176
52 177
52 180
52 181
52 55
52 89
53 96
53 164
53 148
53 101
53 184
53 153
53 187
53 154
53 62
53 95
54 80
54 81
54 194
54 85
54 129
54 154
54 158
55 64
55 97
55 98
55 67
55 69
55 173
55 112
55 177
55 116
55 124
56 59
56 70
56 106
56 171
56 187
56 155
56 124
56 126
56 85
57 129
57 84
57 101
57 156
57 199
57 123
57 151
57 174
57 63
58 69
58 167
58 71
58 77
58 175
58 176
58 148
58 149
58 90
58 157
58 159
59 80
59 71
59 100
59 176
59 124
59 110
60 168
60 83
60 131
60 103
60 104
60 92
60 74
60 158
60 77
61 97
61 132
61 138
61 177
61 181
61 184
61 63
61 126
61 159
62 165
62 98
62 69
62 168
62 196
62 89
62 122
62 63
63 129
63 186
63 94
63 136
64 97
64 66
64 140
64 141
64 157
64 178
64 115
64 84
64 117
64 188
64 93
65 135
66 193
66 136
66 138
66 141
66 93
66 81
66 178
66 188
66 189
66 126
67 160
67 132
67 118
67 198
67 137
67 170
67 76
67 77
67 82
67 84
67 150
67 127
68 193
68 162
68 101
68 138
68 75
68 172
68 80
68 81
68 185
68 125
68 133
69 96
69 162
69 146
69 122
69 76
69 110
69 154
69 113
69 114
69 150
69 140
69 117
70 96
70 137
70 176
70 145
70 146
70 153
70 157
70 191
71 163
71 165
71 105
71 78
71 79
71 187
71 73
71 125
72 99
72 198
72 135
72 73
72 138
72 113
72 146
72 85
72 169
72 123
72 94
72 159
73 136
73 134
73 97
73 75
73 157
73 104
73 83
73 149
73 185
73 156
73 125
73 158
74 160
74 193
74 180
74 85
74 185
74 154
74 187
74 92
74 173
74 165
75 160
75 163
75 138
75 151
75 109
75 80
75 141
75 179
75 157
75 176
75 186
75 125
76 162
76 134
76 140
76 190
76 120
76 187
76 126
76 133
77 112
77 179
77 140
77 106
77 99
78 128
78 164
78 168
78 170
78 160
78 140
78 82
78 110
78 141
78 144
78 174
78 88
78 89
78 122
78 188
78 189
79 129
79 98
79 91
79 142
79 83
79 181
79 123
80 161
80 155
81 134
81 103
81 168
81 132
81 172
81 98
81 173
81 151
81 121
81 186
81 135
81 95
82 132
82 167
82 108
82 143
82 176
82 187
82 121
82 155
83 97
83 98
83 198
83 136
83 149
83 151
83 152
83 93
84 133
84 106
84 173
84 145
84 116
84 88
85 197
85 129
85 105
85 183
85 140
85 145
85 151
85 120
86 136
86 186
86 166
86 87
86 107
86 189
87 118
87 124
88 192
88 161
88 195
88 165
88 134
88 173
88 176
88 146
88 149
88 183
88 120
89 192
89 161
89 98
89 133
89 135
89 194
89 106
89 141
89 191
89 138
89 165
90 162
90 116
90 171
90 136
91 198
91 101
91 107
91 143
91 166
91 174
91 182
91 152
91 124
91 102
91 126
92 161
92 166
92 104
92 156
92 108
92 178
92 177
92 146
92 115
92 100
92 123
93 167
93 156
93 193
93 108
93 109
93 189
94 96
94 134
94 140
94 173
94 111
94 177
94 185
94 199
95 193
95 175
95 168
95 174
95 112
95 114
95 151
95 123
96 97
96 197
96 199
96 109
96 150
96 155
96 157
96 165
97 115
97 167
97 108
97 174
97 180
97 117
97 185
97 154
98 193
98 164
98 103
98 170
98 107
98 146
99 104
99 100
99 117
99 145
99 123
99 190
99 111
100 129
100 166
100 103
100 144
100 140
100 195
100 181
100 182
101 130
101 167
101 169
101 146
101 150
101 182
101 125
101 159
102 193
102 179
102 135
102 103
102 122
103 112
103 197
103 140
103 174
103 115
103 113
104 160
104 162
104 195
104 152
104 190
104 165
105 108
105 122
105 143
106 193
106 162
106 135
106 171
106 110
106 148
107 160
107 161
107 169
107 167
107 172
107 114
107 197
107 121
107 154
107 118
107 126
108 195
108 171
108 140
108 112
108 180
108 150
108 176
108 155
108 190
109 156
109 196
109 153
109 124
109 190
110 160
110 130
110 146
110 136
110 168
110 171
110 154
110 120
110 175
110 122
110 138
110 190
111 162
111 131
111 139
111 150
111 141
111 189
112 128
112 132
112 140
112 167
112 177
112 180
113 177
113 114
113 153
113 132
113 155
113 185
114 181
114 165
115 176
115 124
115 153
115 159
116 144
116 122
116 199
116 173
117 165
117 134
117 170
117 160
117 172
117 121
117 122
117 124
118 132
118 196
119 187
119 133
119 135
119 120
119 196
119 186
119 199
120 130
120 148
121 133
121 145
121 141
121 148
121 183
121 186
122 126
122 191
122 130
123 191
123 151
123 137
123 156
124 133
124 168
124 194
124 175
124 184
125 180
125 163
125 167
126 189
126 154
126 188
127 192
127 148
127 133
127 190
128 177
128 180
128 181
128 199
129 177
129 180
129 159
130 158
131 192
131 148
131 197
131 166
131 153
131 186
131 190
132 135
132 179
132 170
132 197
133 180
133 136
133 186
133 157
134 145
134 173
134 158
134 153
134 159
135 195
135 172
135 174
135 182
136 149
137 147
137 176
137 179
138 199
138 151
139 177
139 149
139 199
139 188
139 186
140 142
141 193
141 164
141 199
141 170
141 174
142 188
142 171
142 198
143 188
143 191
143 158
143 159
144 198
144 185
145 178
145 146
145 150
146 192
146 188
146 172
146 194
146 152
147 191
147 188
149 196
149 150
150 179
150 151
151 192
151 161
151 155
151 194
151 178
153 198
153 165
153 189
153 157
154 197
154 174
154 187
155 187
156 176
156 190
157 173
158 166
158 177
159 169
161 196
161 181
161 187
162 176
162 179
162 186
162 174
163 165
163 191
164 199
164 197
164 170
164 187
164 172
165 171
165 173
165 183
167 168
167 181
169 171
169 179
169 172
170 191
170 181
171 192
171 193
171 183
172 192
172 187
173 192
174 187
174 175
175 176
177 186
178 192
179 197
179 185
180 185
181 188
181 190
182 184
182 191
183 195
184 196
185 198
185 191
186 193
187 192
187 188
187 189
190 198
194 198
