200 1186
0 193
0 162
0 67
0 37
0 145
0 74
0 107
0 172
0 17
0 18
0 20
0 124
1 161
1 34
1 19
1 68
1 117
1 142
1 136
1 73
1 130
1 78
2 176
2 177
2 3
2 36
2 86
2 148
2 106
2 107
2 78
3 182
3 7
3 40
3 105
3 170
3 111
3 85
3 22
3 169
3 120
3 26
3 60
3 90
3 94
4 128
4 43
4 41
4 75
4 45
4 184
4 19
4 151
4 153
4 25
4 154
4 91
4 92
4 125
5 131
5 165
5 102
5 91
5 171
5 114
5 18
5 147
5 117
5 89
5 155
5 124
5 30
6 32
6 7
6 124
6 62
6 79
6 179
6 52
6 85
6 152
6 89
6 156
6 126
7 97
7 84
7 23
7 136
7 142
8 64
8 198
8 50
8 52
8 149
8 182
8 103
8 196
8 107
8 130
9 160
9 112
9 198
9 38
9 39
9 199
9 140
9 142
9 143
9 16
9 31
9 125
9 159
10 97
10 76
10 140
10 173
10 142
10 141
10 145
10 86
10 55
10 184
10 122
10 159
11 171
11 100
11 133
11 54
11 119
11 104
11 91
11 174
11 143
12 18
12 51
12 117
12 198
12 105
12 43
12 162
13 66
13 130
13 188
13 107
13 140
13 141
13 110
13 47
13 184
13 148
13 23
13 120
13 121
13 155
13 156
14 96
14 149
14 70
14 39
14 137
14 107
14 192
14 158
14 113
14 85
14 58
14 63
14 124
14 62
14 31
15 48
15 97
15 183
15 163
15 150
15 55
15 41
15 144
15 107
15 77
15 63
16 102
16 183
16 40
16 171
16 92
16 46
17 192
17 165
17 193
17 76
17 170
17 107
17 44
17 143
17 86
17 89
17 111
18 106
18 62
18 189
18 30
18 149
18 24
18 157
18 158
18 101
19 165
19 73
19 43
19 110
19 29
19 81
19 22
19 184
19 89
19 155
19 157
20 128
20 68
20 199
20 28
20 160
20 192
20 141
20 174
20 115
20 153
20 56
20 100
20 90
20 123
20 124
20 183
20 169
21 130
21 187
21 69
21 169
21 23
21 47
21 178
21 85
21 55
21 152
21 79
21 92
22 34
22 121
22 152
22 25
22 91
22 140
22 194
22 126
23 130
23 37
23 134
23 190
23 173
23 24
23 82
23 118
23 120
23 126
23 159
24 198
24 49
24 98
24 134
24 88
24 194
24 82
24 190
24 79
25 198
25 146
25 67
25 170
25 71
25 106
25 139
25 77
25 154
26 67
26 51
26 137
26 121
26 170
26 199
26 28
27 144
27 50
27 149
27 154
27 56
27 138
27 43
27 66
27 174
28 130
28 195
28 101
28 102
28 103
28 139
28 46
28 114
28 115
28 122
28 62
29 64
29 65
29 162
29 180
29 196
29 182
29 178
29 145
29 114
29 52
29 118
29 116
29 91
30 97
30 70
30 168
30 73
30 44
30 111
30 83
30 56
30 123
30 62
30 165
31 86
31 102
31 44
31 176
31 113
31 148
31 54
31 152
31 124
31 126
32 64
32 149
32 85
32 184
32 73
32 58
32 123
32 172
32 111
33 104
33 131
33 36
33 147
34 98
34 38
34 193
34 44
34 194
34 177
34 148
34 85
34 154
34 91
34 125
34 94
34 191
35 53
35 121
35 73
35 75
35 92
35 61
36 48
36 181
36 168
36 75
36 124
36 45
36 94
36 159
37 129
37 163
37 165
37 38
37 72
37 74
37 142
37 175
37 168
37 146
37 147
37 78
38 192
38 131
38 132
38 70
38 148
38 159
39 80
39 97
39 169
39 105
39 120
39 187
40 161
40 194
40 132
40 172
40 106
40 76
40 46
40 84
40 78
40 119
40 148
40 90
40 93
41 191
41 59
41 68
41 195
41 91
41 157
42 64
42 129
42 115
42 131
42 120
42 184
42 74
42 168
42 173
42 78
42 79
43 96
43 49
43 131
43 107
43 185
43 112
43 149
44 129
44 194
44 74
44 45
44 48
44 182
44 88
44 127
45 141
45 174
45 50
45 179
45 52
45 62
45 183
45 58
45 124
45 158
46 160
46 135
46 47
46 111
46 175
46 54
46 185
46 123
46 157
47 97
47 66
47 53
47 181
47 89
47 186
47 189
47 172
48 129
48 155
48 69
48 111
48 122
48 186
48 79
49 96
49 97
49 181
49 76
49 178
49 53
49 118
49 89
49 90
49 157
49 95
50 97
50 163
50 53
50 166
50 153
50 120
51 96
51 128
51 98
51 131
51 101
51 73
51 106
51 162
51 156
51 148
51 85
51 118
51 184
51 92
51 189
52 66
52 163
52 100
52 138
52 171
52 78
52 176
52 116
52 118
52 123
52 124
52 190
52 63
53 176
53 165
53 73
53 76
53 80
53 181
53 182
53 87
53 186
54 81
54 136
54 133
54 195
54 88
54 120
54 106
55 183
55 151
55 168
55 127
55 174
55 125
55 94
56 97
56 83
56 163
56 197
56 102
56 105
56 130
56 79
56 115
56 190
56 120
56 60
57 139
57 148
57 197
57 185
57 91
57 125
58 65
58 98
58 99
58 100
58 97
58 72
58 137
58 143
58 77
58 104
58 187
58 120
58 121
58 59
58 92
58 159
59 66
59 84
59 118
59 183
59 184
59 127
60 64
60 88
60 150
60 97
60 119
60 135
60 199
61 132
61 115
61 131
61 139
61 165
61 121
61 75
61 188
61 62
61 95
62 162
62 165
62 72
62 171
62 175
62 89
63 147
63 171
63 198
63 103
63 132
63 127
63 109
64 162
64 100
64 177
64 104
64 137
64 77
64 178
64 120
65 193
65 131
65 132
65 101
65 166
65 74
65 139
65 189
65 112
65 86
65 185
65 188
65 94
66 67
66 164
66 166
66 113
66 104
66 105
66 81
66 149
67 128
67 164
67 101
67 129
67 120
67 155
67 109
68 83
68 174
68 100
68 103
68 155
68 92
68 110
68 181
69 112
69 194
69 151
69 137
69 91
69 185
69 101
70 170
70 147
70 100
70 167
70 137
70 122
70 118
70 101
71 161
71 114
71 99
71 130
71 174
72 189
72 191
72 99
72 89
72 91
72 157
72 173
73 147
73 166
73 136
73 138
73 172
73 79
73 80
73 184
73 123
74 100
74 172
74 105
74 75
74 76
74 189
74 115
74 147
74 121
74 89
74 155
74 106
74 127
75 131
75 99
75 77
75 175
75 81
75 94
75 88
75 121
76 81
76 145
76 107
76 79
76 80
76 114
76 86
76 88
76 104
76 90
76 118
76 159
77 179
77 197
77 87
77 143
78 105
78 184
78 83
78 149
78 182
78 152
78 90
78 155
78 124
78 158
78 95
79 193
79 133
79 104
79 174
79 108
79 185
79 121
79 136
80 129
80 163
80 165
80 137
80 138
80 173
80 161
80 111
80 148
80 184
80 84
81 147
81 104
81 139
81 98
81 176
81 117
81 88
81 127
82 96
82 168
82 187
82 132
82 101
82 119
82 138
82 140
82 151
83 105
83 155
83 165
84 161
84 165
84 151
84 175
84 127
85 137
85 121
85 108
85 189
86 196
86 133
86 111
86 112
86 181
86 153
86 155
87 157
87 195
87 133
87 184
87 170
87 123
87 124
88 128
88 192
88 165
88 176
88 149
89 120
89 187
89 138
89 166
90 192
90 100
90 110
90 178
90 147
90 182
90 186
91 106
91 178
91 153
91 120
92 112
92 198
92 135
92 176
92 115
92 120
92 123
92 199
93 96
93 128
93 98
93 99
93 165
93 102
93 193
93 137
93 186
93 95
93 191
94 129
94 161
94 195
94 117
94 155
94 124
94 149
95 191
95 166
95 155
95 188
96 179
96 177
96 136
96 146
96 183
96 122
97 137
97 114
97 183
97 189
98 132
98 105
98 114
98 182
98 119
98 122
98 190
99 184
99 106
99 137
99 126
100 148
100 177
101 103
101 136
101 168
101 190
102 172
102 113
102 118
102 119
102 123
102 158
103 198
103 167
103 142
103 146
103 183
103 184
103 156
103 157
104 167
104 109
104 148
104 149
104 151
104 120
104 184
105 142
105 113
105 180
105 186
105 149
106 192
106 108
106 162
106 150
106 184
107 193
107 197
107 190
108 198
108 113
108 194
108 187
108 134
108 167
108 173
108 111
109 186
110 157
110 192
110 167
110 169
110 188
110 141
111 130
111 118
111 171
111 195
111 180
111 117
111 155
112 163
112 151
112 184
112 170
113 193
113 182
113 135
113 138
113 141
113 143
113 118
113 121
113 190
114 166
114 136
114 116
114 182
114 158
115 168
115 148
115 117
115 183
115 158
116 142
116 134
116 150
116 169
116 199
116 124
116 126
117 120
118 192
118 163
118 137
118 157
119 172
119 166
119 185
119 121
120 129
120 133
120 199
120 157
120 160
120 179
121 197
121 176
121 184
122 176
122 167
122 143
122 193
122 126
122 159
123 130
123 157
123 149
123 137
123 125
124 153
124 191
125 144
125 187
125 148
125 138
126 160
126 198
126 133
126 145
126 188
127 180
127 196
127 177
127 135
128 193
128 134
128 170
128 143
128 177
128 196
128 156
129 146
129 184
130 198
130 161
130 146
130 188
130 153
130 169
131 170
131 184
132 141
132 163
132 180
132 159
133 188
133 182
134 193
134 146
134 138
134 139
134 173
134 175
135 199
135 191
135 157
136 139
136 141
136 181
136 158
137 164
137 184
137 185
138 144
138 161
138 181
139 185
139 177
139 143
140 195
140 197
140 167
141 154
141 167
141 183
142 165
143 146
143 188
143 155
143 156
144 163
144 150
144 183
144 188
145 199
145 189
146 161
146 199
146 175
146 156
147 157
147 174
148 160
148 176
148 179
148 151
149 188
150 151
150 186
151 160
151 193
151 175
151 168
151 155
152 169
152 159
152 156
152 189
153 165
153 166
153 170
153 154
153 157
153 190
154 160
154 162
154 166
154 172
154 199
155 161
155 178
157 166
157 180
157 188
158 188
159 167
159 171
159 175
159 182
159 190
160 194
160 169
160 183
160 184
161 169
161 189
162 196
162 168
162 189
162 177
162 181
162 187
163 167
163 186
164 170
166 197
166 177
166 181
167 180
167 186
168 177
168 197
168 187
169 192
169 194
170 174
170 182
171 179
172 175
174 197
174 180
174 188
175 182
175 189
176 194
177 180
178 198
178 189
179 194
179 199
179 190
180 194
180 185
181 195
181 186
182 199
182 186
184 191
185 194
185 193
186 194
186 189
186 190
187 192
187 190
188 195
192 196
