1
0 478
0 736
1 78
1 491
2 377
2 599
3 721
3 821
4 5
4 468
5 741
6 143
6 518
7 599
7 791
8 22
8 55
9 118
9 461
10 771
10 896
11 216
11 754
12 200
12 690
13 246
13 389
14 46
14 354
15 203
15 652
16 147
16 186
17 631
17 784
18 124
18 467
19 349
19 812
20 80
20 506
21 271
21 751
22 468
23 395
23 670
24 740
24 763
25 52
25 113
26 366
26 564
27 97
27 894
28 108
28 714
29 206
29 556
30 427
30 852
31 70
31 582
32 823
32 831
33 493
33 731
34 456
34 876
35 88
35 697
36 149
36 805
37 149
37 463
38 167
38 497
39 393
39 899
40 205
40 879
41 388
41 402
42 677
42 798
43 480
43 605
44 510
44 555
45 178
45 393
46 262
47 89
47 667
48 296
48 704
49 557
49 861
50 363
50 577
51 70
51 865
52 636
53 441
53 653
54 710
54 879
55 229
56 81
56 765
57 354
57 462
58 380
58 701
59 403
59 416
60 76
60 530
61 351
61 748
62 375
62 380
63 842
63 886
64 566
64 678
65 497
65 884
66 657
66 802
67 84
67 684
68 658
68 726
69 146
69 853
71 418
71 732
72 432
72 512
73 583
73 604
74 384
74 779
75 401
75 490
76 379
77 437
77 557
78 617
79 771
79 864
80 547
81 706
82 428
82 786
83 369
83 880
84 157
85 287
85 359
86 337
86 550
87 434
87 552
88 323
89 156
90 199
90 422
91 611
91 843
92 505
92 610
93 383
93 662
94 358
94 592
95 254
95 816
96 658
96 735
97 515
98 244
98 415
99 454
99 723
100 484
100 832
101 570
101 679
102 271
102 810
103 668
103 779
104 794
104 800
105 305
105 581
106 499
106 649
107 561
107 770
108 790
109 250
109 694
110 207
110 400
111 201
111 253
112 645
112 655
113 796
114 140
114 508
115 181
115 505
116 814
116 836
117 319
117 671
118 444
119 229
119 615
120 706
120 872
121 127
121 618
122 152
122 699
123 324
123 760
124 445
125 210
125 331
126 154
126 353
127 555
128 237
128 665
129 519
129 750
130 567
130 787
131 368
131 398
132 287
132 822
133 450
133 549
134 438
134 474
135 591
135 745
136 600
136 848
137 172
137 423
138 279
138 808
139 256
139 410
140 481
141 642
141 824
142 205
142 306
143 516
144 534
144 839
145 275
145 436
146 596
147 674
148 159
148 265
150 209
150 326
151 675
151 761
152 710
153 388
153 862
154 419
155 166
155 265
156 872
157 570
158 423
158 763
159 365
160 458
160 609
161 274
161 426
162 298
162 447
163 375
163 870
164 407
164 818
165 308
165 501
166 688
167 563
168 381
168 874
169 572
169 634
170 277
170 299
171 255
171 814
172 449
173 241
173 774
174 487
174 695
175 519
175 586
176 433
176 773
177 190
177 819
178 180
179 333
179 435
180 327
181 318
182 331
182 615
183 562
183 759
184 378
184 586
185 620
185 743
186 746
187 189
187 454
188 476
188 588
189 225
190 722
191 413
191 781
192 311
192 508
193 867
193 875
194 321
194 655
195 269
195 340
196 247
196 708
197 332
197 594
198 545
198 832
199 503
200 513
201 386
202 800
202 878
203 684
204 292
204 679
206 613
207 744
208 231
208 328
209 531
210 421
211 511
211 741
212 662
212 780
213 276
213 895
214 284
214 694
215 755
215 843
216 834
217 285
217 553
218 357
218 709
219 487
219 538
220 322
220 428
221 578
221 703
222 436
222 761
223 412
223 766
224 460
224 868
225 712
226 543
226 747
227 403
227 704
228 796
228 890
230 360
230 367
231 670
232 298
232 404
233 455
233 898
234 602
234 790
235 691
235 891
236 397
236 525
237 438
238 245
238 338
239 674
239 799
240 268
240 745
241 739
242 346
242 607
243 682
243 789
244 619
245 621
246 303
247 639
248 520
248 892
249 269
249 476
250 360
251 646
251 788
252 727
252 859
253 282
254 839
255 686
256 521
257 632
257 826
258 278
258 304
259 293
259 709
260 364
260 760
261 529
261 758
262 427
263 272
263 890
264 517
264 535
266 318
266 894
267 273
267 671
268 653
270 482
270 726
272 319
273 819
274 385
275 579
276 711
277 673
278 420
279 527
280 305
280 430
281 623
281 729
282 521
283 558
283 797
284 874
285 537
286 575
286 768
288 336
288 528
289 838
289 871
290 376
290 461
291 464
291 504
292 457
293 514
294 433
294 765
295 467
295 828
296 606
297 494
297 634
299 415
300 313
300 533
301 441
301 579
302 443
302 811
303 488
304 821
306 568
307 372
307 789
308 640
309 863
309 891
310 409
310 731
311 772
312 507
312 856
313 430
314 849
314 871
315 446
315 552
316 349
316 623
317 392
317 646
320 797
320 869
321 702
322 733
323 532
324 569
325 610
325 781
326 335
327 806
328 744
329 496
329 689
330 546
330 737
332 520
333 882
334 612
334 794
335 554
336 576
337 746
338 825
339 582
339 766
340 680
341 373
341 524
342 391
342 813
343 370
343 870
344 713
344 715
345 408
345 736
346 783
347 443
347 525
348 635
348 823
350 489
350 784
351 424
352 637
352 724
353 421
355 833
355 851
356 465
356 654
357 896
358 571
359 770
361 527
361 841
362 626
362 660
363 848
364 540
365 366
367 727
368 881
369 556
370 775
371 554
371 756
372 756
373 788
374 650
374 854
376 661
377 817
378 636
379 594
381 538
382 398
382 639
383 844
384 410
385 732
386 701
387 510
387 807
389 651
390 408
390 817
391 855
392 739
394 456
394 641
395 452
396 431
396 720
397 858
399 712
399 840
400 413
401 598
402 663
404 482
405 738
405 829
406 573
406 836
407 502
409 748
411 501
411 776
412 509
414 564
414 847
416 812
417 630
417 782
418 683
419 813
420 499
422 622
424 690
425 488
425 777
426 698
429 473
429 561
431 603
432 858
434 633
435 868
437 539
439 755
439 769
440 448
440 483
442 495
442 609
444 536
445 506
446 693
447 824
448 787
449 567
450 551
451 536
451 673
452 878
453 500
453 705
455 725
457 600
458 625
459 587
459 806
460 830
462 608
463 523
464 516
465 866
466 548
466 856
469 629
469 703
470 851
471 809
471 837
472 677
472 809
473 492
474 650
475 803
475 837
477 663
477 811
478 592
479 500
479 664
480 638
481 574
483 780
484 643
485 595
485 841
486 667
486 831
489 803
490 665
491 550
492 589
493 805
494 892
495 888
496 504
498 565
498 783
502 721
503 612
507 815
509 530
511 625
512 583
513 772
514 757
515 875
517 626
518 846
522 659
522 846
523 669
524 801
526 687
526 830
528 867
529 601
531 657
532 700
533 859
534 548
535 656
537 691
539 680
540 767
541 544
541 698
542 544
542 898
543 730
545 828
546 559
547 585
549 596
551 804
553 689
558 764
559 581
560 651
560 683
562 769
563 717
565 714
566 740
568 853
569 627
571 764
572 672
573 584
574 681
575 782
576 580
577 605
578 887
580 826
584 587
585 749
588 649
589 632
590 775
590 808
591 660
593 693
593 719
595 616
597 869
597 893
598 620
601 795
602 682
603 730
604 774
606 838
607 818
608 724
611 613
614 641
614 692
616 638
617 742
618 630
619 883
621 757
622 631
624 753
624 793
627 633
628 676
628 753
629 734
635 695
637 777
640 785
642 820
643 863
644 707
644 825
645 678
647 715
647 791
648 835
648 860
652 895
654 820
656 686
659 705
661 776
664 708
666 833
666 861
668 877
669 723
672 888
675 725
676 804
681 883
685 798
685 850
687 717
688 718
692 799
696 743
696 829
697 850
699 860
700 773
702 762
707 885
711 873
716 738
716 873
718 887
719 722
720 899
728 866
728 889
729 793
733 889
734 835
735 795
737 864
742 893
747 778
749 778
750 785
751 897
752 754
752 855
758 881
759 847
762 815
767 834
768 885
786 876
792 849
792 877
801 807
802 845
810 854
816 886
822 857
827 845
827 865
840 862
842 880
844 884
852 882
857 897
900 713
901 470
-1 -1
340.182
