1
0 208
0 796
1 380
1 599
2 142
2 602
3 69
3 70
4 80
4 757
5 578
5 724
6 175
6 851
7 438
7 514
8 789
8 875
9 122
9 157
10 145
10 512
11 883
12 141
12 399
13 621
13 660
14 151
14 376
15 201
15 297
16 197
16 837
17 412
17 681
18 212
18 472
19 25
19 381
20 411
20 739
21 272
21 730
22 97
22 566
23 71
23 138
24 298
24 501
25 528
26 289
26 625
27 625
27 768
28 183
28 862
29 340
29 413
30 289
30 639
31 61
31 219
32 422
32 514
33 43
33 556
34 480
34 677
35 251
35 384
36 83
36 544
37 266
37 358
38 644
38 727
39 565
39 628
40 115
40 178
41 683
41 702
42 209
42 565
43 460
44 330
44 499
45 398
45 754
46 243
46 456
47 164
47 676
48 636
48 687
49 78
49 197
50 425
50 532
51 588
51 774
52 113
52 422
53 294
53 704
54 145
54 640
55 509
55 586
56 288
56 811
57 278
57 526
58 96
58 439
59 426
59 463
60 74
60 149
61 65
62 396
62 661
63 187
63 338
64 440
64 890
65 758
66 159
66 255
67 697
67 738
68 212
68 387
69 485
70 136
71 604
72 166
72 347
73 687
73 809
74 435
75 522
75 735
76 361
76 694
77 117
77 137
78 782
79 252
79 884
80 323
81 204
81 831
82 329
82 583
83 653
84 286
84 668
85 574
85 761
86 265
86 429
87 234
87 314
88 581
88 767
89 287
89 709
90 702
90 784
91 153
91 286
92 349
92 600
93 322
93 391
94 488
94 644
95 342
95 508
96 888
97 798
98 699
98 700
99 731
99 825
100 646
100 762
101 106
101 529
102 530
102 764
103 513
103 703
104 275
104 727
105 545
105 809
106 446
107 439
107 592
108 507
108 747
109 177
109 215
110 457
110 858
111 497
111 739
112 377
112 838
113 860
114 485
114 850
115 458
116 437
116 493
117 455
118 190
118 844
119 171
119 339
120 373
120 718
121 319
121 666
122 667
123 134
123 360
124 200
124 768
125 241
125 404
126 326
126 673
127 499
127 508
128 732
128 806
129 276
129 480
130 160
130 264
131 477
131 874
132 614
132 693
133 357
133 584
134 630
135 511
135 746
136 345
137 358
138 832
139 497
139 662
140 232
140 239
141 176
142 552
143 174
143 640
144 783
144 814
146 220
146 833
147 305
147 416
148 731
148 821
149 399
150 292
150 385
151 682
152 369
152 409
153 540
154 292
154 700
155 282
155 345
156 181
156 592
157 419
158 224
158 686
159 184
160 196
161 421
161 551
162 658
162 880
163 530
163 540
164 891
165 697
165 899
166 297
167 249
167 852
168 336
168 586
169 213
169 236
170 392
170 529
171 432
172 222
172 671
173 259
173 750
174 268
175 408
176 684
177 271
178 427
179 777
179 807
180 377
180 772
181 537
182 395
182 793
183 888
184 801
185 455
185 751
186 578
186 588
187 791
188 785
188 883
189 272
189 743
190 606
191 231
191 618
192 355
192 489
193 420
193 572
194 734
194 859
195 495
195 649
196 637
198 202
198 598
199 215
199 548
200 371
201 577
202 715
203 539
203 804
204 357
205 505
205 881
206 253
206 365
207 299
207 468
208 800
209 776
210 384
210 647
211 221
211 656
213 877
214 240
214 331
216 307
216 312
217 503
217 762
218 351
218 570
219 876
220 854
221 523
222 658
223 544
223 725
224 379
225 402
225 559
226 418
226 749
227 533
227 893
228 670
228 711
229 713
229 772
230 250
230 481
231 634
232 866
233 664
233 707
234 528
235 288
235 579
236 898
237 479
237 786
238 554
239 512
240 415
241 769
242 503
242 708
243 722
244 527
244 620
245 394
245 476
246 442
246 616
247 601
247 666
248 298
248 403
249 601
250 251
252 865
253 290
254 813
254 815
255 385
256 323
256 663
257 296
257 394
258 262
258 423
259 445
260 611
260 710
261 475
261 740
262 560
263 354
263 833
264 802
265 568
266 807
267 303
267 892
268 753
269 584
269 750
270 277
270 831
271 612
273 341
273 633
274 830
274 843
275 369
276 356
277 281
278 612
279 825
279 873
280 465
280 606
281 827
282 816
283 418
283 574
284 500
284 758
285 699
285 746
287 738
290 482
291 392
291 682
293 510
293 766
294 655
295 531
295 603
296 310
299 898
300 788
300 874
301 557
301 818
302 417
302 861
303 622
304 495
304 525
305 487
306 587
306 824
307 799
308 426
308 880
309 501
309 779
310 406
311 374
311 720
312 771
313 742
313 780
314 878
315 410
315 834
316 395
316 770
317 321
317 872
318 641
318 670
319 715
320 589
320 696
321 400
322 436
324 487
324 609
325 747
325 845
326 373
327 366
327 393
328 383
328 838
329 604
330 476
331 763
332 562
332 827
333 413
333 536
334 372
334 868
335 515
335 636
336 647
337 563
337 820
338 691
339 454
340 716
341 348
342 674
343 824
343 835
344 364
344 823
346 478
346 572
347 695
348 523
349 359
350 461
350 752
351 672
352 407
352 787
353 405
353 804
354 717
355 500
356 469
359 822
360 598
361 803
362 638
362 863
363 496
363 645
364 461
365 525
366 754
367 429
367 460
368 617
368 864
370 417
370 832
371 552
372 556
374 396
375 632
375 663
376 591
378 568
378 773
379 450
380 441
381 462
382 575
382 763
383 400
386 600
386 797
387 390
388 531
388 549
389 871
389 896
390 465
391 513
393 470
397 534
397 712
398 498
401 405
401 723
402 826
403 792
404 517
406 518
407 800
408 812
409 449
410 759
411 705
412 517
414 446
414 521
415 759
416 849
419 521
420 755
421 755
423 561
424 817
424 843
425 734
427 879
428 546
428 737
430 459
430 769
431 733
431 897
432 502
433 756
433 781
434 607
434 613
435 872
436 836
437 629
438 820
440 452
441 651
442 580
443 648
443 793
444 642
444 775
445 723
447 719
447 765
448 656
448 860
449 867
450 665
451 782
451 828
452 632
453 657
453 887
454 695
456 621
457 515
458 752
459 563
462 484
463 573
464 696
464 718
466 516
466 596
467 504
467 858
468 569
469 472
470 527
471 882
471 885
473 518
473 853
474 629
474 712
475 668
477 848
478 855
479 535
481 781
482 705
483 615
483 836
484 649
486 683
486 761
488 870
489 756
490 493
490 789
491 596
491 693
492 571
492 667
494 599
494 805
496 890
498 869
502 729
504 589
505 546
506 828
506 854
507 550
509 760
510 623
511 669
516 717
519 725
519 794
520 582
520 608
522 672
524 542
524 841
526 618
532 733
533 675
534 819
535 554
536 751
537 780
538 676
538 856
539 587
541 650
541 842
542 886
543 829
543 840
545 796
547 570
547 798
548 567
549 791
550 839
551 852
553 627
553 709
555 706
555 724
557 753
558 603
558 610
559 643
560 897
561 669
562 714
564 690
564 801
566 857
567 866
569 716
571 891
573 577
575 675
576 721
576 847
579 711
580 713
581 721
582 819
583 778
585 605
585 837
590 651
590 677
591 778
593 703
593 785
594 766
594 786
595 741
595 812
597 814
597 857
602 730
605 701
607 863
608 643
609 617
610 799
611 765
613 714
614 692
615 764
616 660
619 654
619 737
620 689
622 728
623 681
624 655
624 887
626 691
626 795
627 841
628 797
630 815
631 679
631 822
633 844
634 642
635 748
635 775
637 879
638 868
639 855
641 657
645 726
646 688
648 783
650 685
652 790
652 895
653 842
654 802
659 704
659 861
661 811
662 816
664 788
665 741
671 871
673 773
674 806
678 757
678 869
679 784
680 740
680 790
684 767
685 694
686 856
688 845
689 893
690 710
692 853
698 728
698 846
701 862
706 835
707 736
708 779
719 805
720 771
722 886
726 840
729 821
732 894
735 774
736 777
742 808
743 830
744 826
744 859
745 748
745 851
749 795
760 867
770 810
776 813
787 829
792 834
794 823
803 878
808 889
810 875
817 889
818 873
839 870
846 881
847 850
848 899
849 876
864 896
865 882
877 894
884 892
885 895
900 238
901 11
-1 -1
1273.33
