1
0 399
0 19
1 362
1 559
2 588
2 542
3 648
3 153
4 162
4 58
5 290
5 579
6 68
6 79
7 561
7 478
8 96
8 101
9 688
9 463
10 42
10 373
11 432
11 255
12 644
12 201
13 19
13 570
14 179
14 72
15 52
15 185
16 171
16 668
17 355
17 592
18 372
18 554
20 458
20 302
21 272
21 51
22 457
22 156
23 236
23 375
24 226
24 195
25 192
25 407
26 81
26 380
27 422
27 104
28 164
28 359
29 649
29 364
30 640
30 191
31 566
31 599
32 577
32 562
33 98
33 587
34 258
34 432
35 181
35 601
36 129
36 174
37 118
37 361
38 215
38 292
39 65
39 508
40 430
40 655
41 384
41 259
42 179
43 620
43 604
44 620
44 612
45 278
45 317
46 265
46 689
47 483
47 411
48 280
48 77
49 72
49 574
50 544
50 659
51 97
52 496
53 505
53 310
54 669
54 79
55 530
55 654
56 338
56 661
57 379
57 126
58 263
59 301
59 305
60 421
60 344
61 207
61 240
62 291
62 140
63 676
63 421
64 334
64 696
65 82
66 449
66 572
67 378
68 461
69 697
69 281
70 142
70 306
71 211
71 608
73 651
73 427
74 416
74 671
75 433
75 698
76 97
76 286
77 543
78 460
78 207
80 516
80 191
81 231
82 85
83 391
83 665
84 377
84 396
85 451
86 395
86 315
87 491
87 309
88 106
88 187
89 398
89 343
90 167
90 255
91 489
91 340
92 204
92 203
93 423
93 590
94 131
94 459
95 458
95 270
96 607
98 439
99 593
99 537
100 128
100 425
101 636
102 263
102 596
103 538
103 110
104 300
105 424
105 244
106 413
107 322
107 389
108 518
108 120
109 388
109 124
110 166
111 147
111 223
112 119
112 341
113 128
113 147
114 131
114 342
115 289
115 579
116 186
116 506
117 626
117 227
118 464
119 170
120 287
121 684
121 216
122 180
122 447
123 601
123 153
124 176
125 338
125 470
126 218
127 456
127 638
129 241
130 296
130 690
132 621
132 444
133 676
133 614
134 699
134 575
135 267
135 332
136 336
136 216
137 363
137 264
138 456
138 534
139 467
139 146
140 331
141 336
141 413
142 244
143 636
143 511
144 641
144 602
145 302
145 436
146 692
148 341
148 520
149 264
149 172
150 513
150 635
151 235
151 505
152 354
152 190
154 311
154 157
155 449
155 618
156 588
157 465
158 651
158 404
159 261
159 425
160 293
160 409
161 576
161 427
162 583
163 214
163 506
164 225
165 236
165 223
166 685
167 242
168 282
168 205
169 658
169 199
170 372
171 447
172 553
173 440
173 185
174 567
175 560
175 626
176 675
177 552
177 623
178 603
178 335
180 504
181 467
182 516
182 297
183 612
183 600
184 576
184 389
186 320
187 400
188 325
188 193
189 480
189 361
190 466
192 308
193 680
194 679
194 298
195 273
196 385
196 578
197 214
197 220
198 583
198 241
199 358
200 693
200 245
201 225
202 546
202 555
203 315
204 557
205 615
206 431
206 312
208 691
208 490
209 455
209 459
210 552
210 240
211 573
212 261
212 682
213 438
213 662
215 684
217 597
217 378
218 406
219 488
219 246
220 639
221 519
221 625
222 390
222 577
224 550
224 371
226 294
227 469
228 308
228 628
229 392
229 441
230 680
230 605
231 554
232 424
232 567
233 357
233 304
234 643
234 683
235 670
237 672
237 635
238 647
238 334
239 598
239 632
242 364
243 448
243 435
245 482
246 403
247 252
247 382
248 475
248 580
249 402
249 478
250 431
250 597
251 490
251 498
252 543
253 668
253 428
254 272
254 607
256 686
256 586
257 539
257 573
258 514
259 348
260 373
260 510
262 415
262 485
265 652
266 357
266 294
267 301
268 327
268 500
269 527
269 280
270 369
271 331
271 347
273 546
274 545
274 311
275 522
275 367
276 582
276 625
277 673
277 657
278 284
279 550
279 541
281 619
282 323
283 653
283 655
284 657
285 382
285 462
286 675
287 347
288 417
288 665
289 603
290 366
291 526
292 457
293 624
295 493
295 532
296 627
297 584
298 533
299 417
299 631
300 697
303 481
303 406
304 411
305 622
306 698
307 610
307 495
309 633
310 510
312 482
313 525
313 419
314 414
314 604
316 499
316 393
317 652
318 440
318 445
319 483
319 365
320 545
321 370
321 662
322 419
323 587
324 513
324 536
325 518
326 451
326 426
327 524
328 548
328 462
329 401
329 563
330 595
330 694
332 409
333 488
333 473
335 523
337 529
337 629
339 660
339 664
340 407
342 379
343 619
344 400
345 556
345 557
346 633
346 474
348 584
349 465
349 370
350 410
350 429
351 544
351 663
352 616
352 699
353 355
353 681
354 479
356 391
356 430
358 605
359 491
360 672
360 529
362 527
363 376
365 408
366 643
367 476
368 402
368 623
369 420
371 679
374 500
374 507
375 511
376 512
377 418
380 629
381 472
381 569
383 484
383 394
384 515
385 598
386 674
386 631
387 578
387 692
388 480
390 415
392 606
393 495
394 646
395 696
396 453
397 450
397 650
398 547
399 537
401 522
403 690
404 507
405 503
405 439
408 497
410 640
412 561
412 634
414 568
416 670
418 613
420 645
422 622
423 460
426 548
428 472
429 526
433 617
434 593
435 497
436 615
437 547
437 592
438 515
441 496
442 659
442 508
443 667
443 501
444 446
445 551
446 639
448 591
450 476
452 602
452 649
453 685
454 581
454 674
455 509
461 563
463 539
464 664
466 564
468 609
468 654
469 606
470 549
471 517
471 678
473 691
474 650
475 494
477 688
477 502
479 600
481 642
484 638
485 646
486 572
486 621
487 489
487 585
492 535
492 589
493 533
494 628
498 695
499 562
501 658
502 530
503 681
504 677
509 609
512 611
514 667
517 595
519 586
520 585
521 581
521 553
523 528
524 590
525 693
528 559
531 536
531 540
532 653
534 689
535 666
538 695
540 683
541 641
542 682
549 555
551 656
556 596
558 645
558 574
560 565
564 616
565 594
566 570
568 637
569 694
571 673
571 642
575 648
580 611
582 666
589 678
591 618
594 644
599 661
608 630
610 686
613 647
614 627
617 630
624 669
632 663
634 671
637 687
656 677
660 687
700 434
701 67
-1 -1
5.44811
