900 12336
0 67
0 196
0 582
0 417
0 392
0 523
0 336
0 465
0 835
0 284
0 472
0 729
0 216
0 159
0 353
0 803
0 613
0 616
0 60
0 107
0 817
0 801
0 627
0 52
0 437
0 249
0 763
0 188
0 317
0 319
1 130
1 195
1 886
1 774
1 779
1 269
1 79
1 528
1 205
1 430
1 472
1 819
1 730
1 15
1 476
1 609
1 36
1 423
1 428
1 174
1 114
1 627
1 374
1 504
1 123
1 764
1 622
1 597
2 642
2 131
2 519
2 136
2 748
2 823
2 548
2 376
2 275
2 212
2 469
2 473
2 796
2 414
2 621
2 483
2 484
2 549
2 871
2 492
2 173
2 175
2 880
2 759
2 696
2 508
2 701
3 320
3 651
3 775
3 264
3 523
3 205
3 765
3 337
3 402
3 405
3 342
3 281
3 26
3 802
3 223
3 815
3 738
3 870
3 146
3 828
3 490
3 43
3 173
3 174
3 701
3 368
3 62
3 699
3 316
3 554
3 574
3 853
4 449
4 451
4 516
4 389
4 134
4 457
4 459
4 76
4 205
4 333
4 209
4 210
4 771
4 407
4 793
4 539
4 414
4 783
4 587
4 676
4 390
4 145
4 787
4 756
4 329
4 505
4 762
4 460
4 509
5 848
5 515
5 68
5 737
5 200
5 140
5 779
5 12
5 802
5 144
5 530
5 344
5 25
5 91
5 481
5 610
5 667
5 550
5 881
5 616
5 490
5 555
5 301
5 303
5 808
5 114
5 692
5 821
5 887
5 250
5 894
5 191
6 450
6 419
6 698
6 550
6 633
6 265
6 354
6 892
6 751
6 371
6 599
6 632
6 169
6 442
6 28
6 93
6 845
7 160
7 691
7 514
7 27
7 580
7 802
7 746
7 618
7 331
7 108
7 269
7 563
7 52
7 629
7 791
7 708
7 794
7 347
7 92
7 714
7 702
8 772
8 263
8 264
8 202
8 724
8 797
8 471
8 314
8 250
8 224
8 741
8 38
8 296
8 169
8 682
8 45
8 61
8 304
8 881
8 563
8 374
8 121
8 569
8 506
8 330
8 894
8 511
9 69
9 71
9 396
9 717
9 152
9 594
9 83
9 533
9 792
9 217
9 349
9 414
9 863
9 230
9 743
9 680
9 617
9 875
9 241
9 435
9 823
9 57
9 826
9 253
9 639
10 576
10 324
10 711
10 200
10 841
10 74
10 846
10 274
10 213
10 474
10 795
10 477
10 549
10 356
10 165
10 883
10 874
10 303
10 189
10 819
10 501
10 607
10 635
10 636
10 125
10 638
10 255
11 192
11 576
11 66
11 171
11 580
11 839
11 520
11 777
11 215
11 194
11 857
11 529
11 84
11 279
11 88
11 89
11 858
11 540
11 94
11 290
11 17
11 296
11 235
11 431
11 304
11 882
11 849
11 761
11 281
11 189
11 254
12 704
12 571
12 326
12 519
12 461
12 527
12 146
12 659
12 731
12 412
12 607
12 97
12 227
12 420
12 582
12 103
12 232
12 41
12 746
12 427
12 466
12 814
12 240
12 50
12 692
12 732
12 635
12 700
13 864
13 579
13 517
13 774
13 265
13 76
13 653
13 206
13 719
13 656
13 529
13 338
13 472
13 219
13 412
13 797
13 223
13 32
13 673
13 226
13 484
13 552
13 408
13 191
13 622
13 754
13 841
13 187
13 63
14 256
14 705
14 386
14 505
14 326
14 328
14 761
14 898
14 719
14 791
14 598
14 599
14 792
14 506
14 542
14 848
14 803
14 710
14 166
14 679
14 683
14 108
14 109
14 686
14 826
14 446
14 182
14 504
14 697
14 58
14 764
14 382
15 195
15 841
15 199
15 802
15 521
15 891
15 461
15 209
15 405
15 726
15 665
15 602
15 667
15 610
15 291
15 868
15 305
15 424
15 686
15 111
15 304
15 561
15 52
15 566
15 713
15 504
15 697
15 705
15 635
16 513
16 197
16 328
16 101
16 788
16 691
16 278
16 600
16 283
16 668
16 890
16 414
16 645
16 736
16 347
16 292
16 37
16 360
16 490
16 750
16 497
16 627
16 313
16 442
16 863
16 810
17 64
17 385
17 324
17 776
17 458
17 587
17 207
17 656
17 760
17 471
17 537
17 640
17 367
17 704
17 794
17 607
17 353
17 419
17 804
17 361
17 108
17 366
17 47
17 696
17 569
17 314
17 507
17 127
18 245
18 580
18 133
18 262
18 521
18 266
18 651
18 205
18 525
18 748
18 402
18 409
18 218
18 154
18 542
18 415
18 736
18 673
18 163
18 740
18 743
18 428
18 178
18 781
18 309
18 54
18 863
18 556
18 765
18 639
19 192
19 733
19 843
19 828
19 517
19 518
19 455
19 392
19 521
19 395
19 204
19 274
19 23
19 605
19 709
19 608
19 482
19 230
19 39
19 616
19 233
19 298
19 711
19 621
19 221
19 240
19 807
19 501
19 886
19 895
19 124
19 766
19 255
20 897
20 194
20 845
20 103
20 232
20 297
20 546
20 467
20 255
20 371
20 661
20 787
20 633
20 443
20 28
20 479
21 360
21 707
21 198
21 161
21 201
21 717
21 462
21 208
21 275
21 857
21 792
21 217
21 222
21 543
21 33
21 869
21 296
21 681
21 874
21 625
21 51
21 692
21 631
21 191
22 194
22 196
22 773
22 844
22 463
22 725
22 534
22 794
22 284
22 737
22 421
22 551
22 860
22 681
22 685
22 751
22 817
22 178
22 435
22 500
22 245
22 313
22 60
22 573
22 277
23 58
23 474
23 386
23 846
23 230
23 737
23 275
23 234
23 363
23 642
23 398
23 271
23 590
23 440
23 250
23 346
23 314
24 576
24 769
24 194
24 459
24 325
24 518
24 264
24 204
24 203
24 332
24 77
24 270
24 336
24 465
24 722
24 718
24 278
24 407
24 90
24 28
24 606
24 223
24 480
24 801
24 482
24 611
24 651
24 230
24 168
24 745
24 235
24 685
24 111
24 176
24 619
24 308
24 565
24 884
24 663
24 62
25 128
25 450
25 771
25 454
25 79
25 408
25 597
25 599
25 728
25 537
25 538
25 645
25 133
25 33
25 763
25 365
25 691
25 246
25 823
25 825
25 314
25 379
25 444
25 317
25 853
26 512
26 322
26 884
26 391
26 392
26 457
26 844
26 722
26 446
26 537
26 412
26 221
26 222
26 673
26 676
26 360
26 665
26 170
26 877
26 46
26 496
26 692
26 318
26 566
26 825
26 250
26 827
26 125
26 62
26 565
27 256
27 778
27 829
27 100
27 101
27 42
27 427
27 270
27 303
27 528
27 593
27 388
27 46
27 854
27 857
27 196
27 442
27 61
27 350
28 192
28 65
28 514
28 139
28 709
28 583
28 203
28 399
28 529
28 722
28 470
28 347
28 348
28 735
28 879
28 166
28 423
28 424
28 44
28 557
28 302
28 815
28 726
28 433
28 114
28 758
28 119
28 760
28 380
28 62
28 575
29 384
29 65
29 323
29 199
29 520
29 556
29 266
29 203
29 589
29 270
29 463
29 600
29 854
29 280
29 797
29 670
29 480
29 832
29 587
29 619
29 683
29 487
29 232
29 681
29 490
29 519
29 172
29 746
29 367
29 496
29 113
29 626
29 182
29 890
29 380
29 317
30 875
30 261
30 327
30 523
30 271
30 408
30 339
30 660
30 558
30 216
30 730
30 861
30 675
30 741
30 488
30 489
30 170
30 619
30 110
30 495
30 816
30 689
30 434
30 819
30 821
30 758
30 119
30 441
30 250
30 187
31 576
31 768
31 66
31 99
31 582
31 39
31 584
31 874
31 555
31 78
31 637
31 848
31 145
31 611
31 872
31 299
31 721
31 767
31 783
31 253
31 63
32 768
32 257
32 261
32 137
32 758
32 532
32 726
32 216
32 866
32 351
32 674
32 486
32 614
32 817
32 428
32 624
32 625
32 370
32 628
32 501
32 502
32 124
32 701
33 320
33 514
33 235
33 581
33 264
33 588
33 892
33 529
33 146
33 87
33 427
33 227
33 420
33 37
33 678
33 762
33 618
33 107
33 172
33 317
33 584
33 243
33 868
33 57
33 217
33 281
33 509
33 250
34 320
34 747
34 260
34 263
34 400
34 658
34 467
34 214
34 761
34 537
34 607
34 737
34 232
34 233
34 647
34 428
34 50
34 83
34 244
34 437
34 372
34 570
34 253
34 382
34 255
35 576
35 453
35 838
35 839
35 456
35 396
35 522
35 779
35 716
35 333
35 728
35 868
35 866
35 419
35 356
35 551
35 682
35 751
35 880
35 375
35 506
35 266
36 128
36 194
36 517
36 321
36 737
36 680
36 396
36 825
36 719
36 337
36 658
36 788
36 697
36 389
36 609
36 163
36 357
36 81
36 40
36 489
36 647
36 690
36 561
36 114
36 116
36 118
36 120
36 500
36 571
36 318
36 865
37 640
37 642
37 196
37 630
37 834
37 462
37 847
37 81
37 868
37 476
37 118
37 862
37 544
37 676
37 220
37 300
37 431
37 883
37 285
37 693
37 182
37 745
37 506
37 445
37 894
37 383
38 897
38 450
38 835
38 580
38 135
38 713
38 406
38 599
38 473
38 863
38 355
38 805
38 358
38 519
38 365
38 49
38 818
38 756
38 501
38 889
38 383
38 885
39 512
39 701
39 770
39 457
39 269
39 526
39 845
39 272
39 209
39 468
39 654
39 537
39 559
39 704
39 248
39 208
39 611
39 739
39 815
39 234
39 236
39 557
39 367
39 881
39 221
39 531
39 724
39 693
39 631
39 56
39 249
39 637
39 638
39 511
40 896
40 515
40 197
40 585
40 848
40 219
40 285
40 544
40 678
40 487
40 872
40 42
40 171
40 300
40 626
40 687
40 624
40 882
40 116
40 564
40 574
41 448
41 579
41 644
41 453
41 582
41 395
41 435
41 846
41 335
41 336
41 339
41 596
41 469
41 218
41 413
41 167
41 45
41 625
41 370
41 51
41 436
41 633
41 191
41 572
41 702
41 277
42 705
42 706
42 259
42 710
42 264
42 471
42 665
42 606
42 800
42 224
42 545
42 739
42 742
42 492
42 174
42 751
42 240
42 113
42 690
42 115
43 257
43 264
43 876
43 139
43 205
43 142
43 335
43 400
43 530
43 406
43 397
43 857
43 858
43 797
43 421
43 98
43 803
43 229
43 779
43 491
43 492
43 365
43 751
43 880
43 72
43 629
43 503
43 696
43 124
44 448
44 641
44 259
44 196
44 878
44 70
44 203
44 400
44 465
44 852
44 149
44 87
44 282
44 221
44 414
44 832
44 593
44 552
44 686
44 561
44 370
44 309
44 761
44 313
44 634
44 251
44 213
45 416
45 161
45 706
45 182
45 321
45 362
45 524
45 173
45 662
45 577
45 385
45 149
45 214
45 472
45 666
45 874
45 542
45 686
46 192
46 711
46 76
46 458
46 652
46 592
46 341
46 407
46 698
46 329
46 361
46 879
46 297
46 554
46 746
46 509
46 51
46 106
46 886
46 55
46 632
46 250
46 650
46 126
47 192
47 65
47 519
47 137
47 205
47 717
47 272
47 467
47 597
47 512
47 216
47 281
47 634
47 222
47 734
47 98
47 104
47 429
47 189
47 49
47 628
47 53
47 122
47 123
47 445
48 576
48 773
48 517
48 710
48 545
48 328
48 138
48 653
48 207
48 657
48 835
48 86
48 87
48 217
48 673
48 91
48 156
48 541
48 542
48 751
48 417
48 675
48 682
48 860
48 636
48 426
48 367
48 112
48 308
48 248
48 441
48 444
48 253
48 895
49 855
49 267
49 333
49 88
49 594
49 275
49 470
49 755
49 408
49 218
49 603
49 412
49 288
49 283
49 486
49 231
49 552
49 105
49 874
49 723
49 658
49 878
49 880
49 754
49 499
49 375
49 123
49 893
50 259
50 134
50 712
50 780
50 761
50 354
50 272
50 789
50 790
50 279
50 891
50 198
50 614
50 487
50 870
50 743
50 620
50 557
50 814
50 623
50 176
50 116
50 841
50 180
50 635
50 636
50 637
50 767
51 769
51 579
51 839
51 140
51 77
51 654
51 661
51 529
51 622
51 151
51 280
51 537
51 411
51 250
51 862
51 739
51 426
51 107
51 621
51 413
51 692
51 373
51 886
51 248
51 634
51 188
52 705
52 652
52 840
52 585
52 204
52 466
52 660
52 790
52 151
52 858
52 265
52 95
52 97
52 162
52 99
52 164
52 230
52 360
52 809
52 647
52 236
52 624
52 808
52 498
52 435
52 564
52 311
52 888
52 573
53 96
53 577
53 324
53 390
53 876
53 330
53 492
53 781
53 142
53 399
53 736
53 884
53 312
53 516
53 125
53 62
54 224
54 257
54 806
54 840
54 553
54 338
54 78
54 434
54 400
54 307
54 564
54 233
54 474
54 861
54 734
55 256
55 515
55 200
55 713
55 588
55 143
55 533
55 407
55 719
55 222
55 543
55 354
55 293
55 817
55 811
55 175
55 305
55 179
55 755
55 885
55 820
55 761
55 509
55 318
55 575
56 325
56 454
56 583
56 586
56 332
56 846
56 81
56 210
56 276
56 789
56 794
56 220
56 733
56 546
56 489
56 170
56 839
56 364
56 850
56 180
56 182
56 58
56 443
56 252
56 138
56 426
57 769
57 194
57 133
57 262
57 652
57 716
57 130
57 397
57 400
57 847
57 92
57 95
57 549
57 796
57 556
57 431
57 624
57 114
57 755
57 464
57 757
57 521
57 880
57 524
58 704
58 577
58 515
58 68
58 699
58 841
58 266
58 744
58 463
58 150
58 260
58 732
58 479
58 354
58 291
58 740
58 357
58 487
58 616
58 361
58 428
58 686
58 175
58 561
58 818
58 307
58 757
58 251
58 830
59 705
59 779
59 134
59 455
59 332
59 714
59 331
59 268
59 141
59 654
59 781
59 592
59 466
59 469
59 87
59 217
59 283
59 220
59 350
59 863
59 400
59 812
59 796
59 874
59 747
59 556
59 594
59 814
59 688
59 113
59 663
59 377
59 573
59 345
60 64
60 642
60 518
60 647
60 329
60 528
60 593
60 597
60 726
60 216
60 796
60 800
60 864
60 804
60 168
60 811
60 808
60 818
60 371
60 566
60 376
60 839
61 736
61 546
61 164
61 70
61 684
61 106
61 203
61 172
61 269
61 174
61 751
61 619
61 86
61 315
61 381
61 703
62 581
62 775
62 748
62 412
62 594
62 595
62 852
62 727
62 162
62 551
62 744
62 553
62 364
62 493
62 174
62 879
62 625
62 627
62 569
62 187
62 446
62 575
63 257
63 390
63 583
63 648
63 586
63 267
63 656
63 850
63 91
63 733
63 670
63 159
63 865
63 738
63 283
63 679
63 808
63 236
63 178
63 308
63 94
63 637
63 510
64 323
64 196
64 261
64 72
64 394
64 75
64 77
64 707
64 213
64 87
64 88
64 412
64 849
64 415
64 228
64 679
64 600
64 348
64 874
64 556
64 110
64 560
64 264
64 114
64 116
64 821
64 760
64 697
64 316
64 191
65 512
65 765
65 390
65 712
65 761
65 780
65 655
65 207
65 401
65 83
65 405
65 217
65 344
65 559
65 851
65 143
65 604
65 861
65 481
65 483
65 676
65 710
65 860
65 684
65 690
65 176
65 91
65 611
65 755
65 617
65 527
65 189
65 255
66 385
66 797
66 391
66 457
66 266
66 141
66 462
66 81
66 467
66 405
66 408
66 219
66 732
66 605
66 414
66 354
66 763
66 551
66 490
66 728
66 557
66 876
66 559
66 755
66 372
66 182
66 607
66 252
66 778
67 96
67 99
67 503
67 262
67 295
67 311
67 813
67 206
67 743
67 417
67 277
67 87
67 88
67 631
67 817
67 351
68 897
68 833
68 263
68 648
68 716
68 118
68 469
68 377
68 344
68 413
68 517
68 352
68 737
68 546
68 438
68 519
68 555
68 880
68 758
68 121
68 633
68 378
69 643
69 581
69 775
69 329
69 396
69 397
69 464
69 211
69 666
69 348
69 606
69 261
69 848
69 419
69 165
69 615
69 744
69 428
69 627
69 631
69 314
70 256
70 129
70 565
70 329
70 75
70 269
70 207
70 83
70 148
70 561
70 406
70 271
70 624
70 354
70 167
70 168
70 551
70 103
70 237
70 240
70 360
70 510
70 585
70 639
70 445
70 190
70 511
71 512
71 608
71 749
71 822
71 102
71 871
71 586
71 139
71 684
71 269
71 811
71 499
71 241
71 595
71 211
71 852
71 563
71 681
71 888
71 378
72 652
72 99
72 453
72 802
72 556
72 330
72 483
72 114
72 175
72 144
72 242
72 83
72 725
72 633
72 408
72 537
72 463
72 850
72 382
73 544
73 898
73 859
73 548
73 694
73 678
73 625
73 742
73 270
73 239
73 879
73 248
73 774
73 885
73 534
73 600
73 441
73 698
73 271
73 189
73 510
74 836
74 133
74 175
74 147
74 84
74 213
74 854
74 727
74 495
74 709
74 866
74 803
74 485
74 679
74 617
74 362
74 815
74 180
74 373
74 633
74 767
75 448
75 578
75 644
75 517
75 449
75 848
75 600
75 346
75 157
75 645
75 100
75 646
75 102
75 453
75 299
75 753
75 690
75 883
75 308
75 479
75 637
75 455
76 450
76 875
76 709
76 838
76 338
76 546
76 148
76 750
76 726
76 279
76 346
76 667
76 508
76 158
76 479
76 160
76 354
76 571
76 872
76 105
76 491
76 812
76 733
76 287
76 499
76 606
76 505
76 570
76 315
76 377
76 253
76 702
76 383
77 704
77 459
77 365
77 336
77 849
77 146
77 87
77 420
77 358
77 170
77 747
77 620
77 173
77 174
77 559
77 177
77 242
77 181
77 574
78 449
78 452
78 647
78 142
78 847
78 592
78 597
78 347
78 673
78 162
78 315
78 177
78 873
78 236
78 434
78 816
78 305
78 270
78 435
78 118
78 568
78 511
78 382
78 341
79 128
79 772
79 453
79 327
79 148
79 405
79 219
79 541
79 544
79 673
79 866
79 291
79 870
79 360
79 298
79 110
79 437
79 313
79 763
79 411
80 544
80 385
80 355
80 389
80 102
80 296
80 265
80 620
80 636
80 399
80 688
80 113
80 818
80 371
80 468
80 856
80 569
80 411
80 252
80 611
81 512
81 449
81 261
81 211
81 392
81 650
81 665
81 144
81 594
81 339
81 468
81 661
81 342
81 599
81 344
81 89
81 859
81 890
81 101
81 528
81 230
81 561
81 617
81 363
81 300
81 433
81 243
81 698
81 315
81 124
81 253
81 446
81 575
82 544
82 872
82 84
82 646
82 598
82 520
82 516
82 347
82 300
82 125
82 254
83 642
83 587
83 310
83 641
83 267
83 143
83 530
83 84
83 601
83 217
83 363
83 352
83 678
83 359
83 488
83 234
83 107
83 813
83 367
83 565
83 566
83 701
84 833
84 646
84 897
84 137
84 203
84 814
84 213
84 150
84 480
84 161
84 685
84 110
84 497
84 181
84 505
84 786
84 266
84 85
85 352
85 669
85 895
85 261
85 295
85 660
85 522
85 621
85 270
85 174
85 592
85 689
85 274
85 179
85 181
85 407
85 377
85 399
85 349
85 709
86 193
86 895
86 774
86 650
86 823
86 206
86 806
86 91
86 861
86 95
86 545
86 549
86 358
86 745
86 746
86 873
86 671
86 165
86 637
86 127
87 769
87 565
87 597
87 684
87 823
87 268
87 462
87 693
87 466
87 99
87 405
87 790
87 280
87 804
87 668
87 898
87 610
87 419
87 763
87 167
87 647
87 301
87 177
87 436
87 501
87 566
87 695
87 184
87 628
87 634
87 636
87 766
87 191
88 385
88 450
88 261
88 521
88 650
88 270
88 720
88 403
88 462
88 817
88 837
88 832
88 673
88 830
88 677
88 715
88 487
88 688
88 618
88 231
88 432
88 369
88 245
88 634
88 571
88 190
89 256
89 384
89 261
89 584
89 841
89 398
89 143
89 656
89 210
89 211
89 854
89 92
89 801
89 484
89 550
89 231
89 617
89 815
89 758
89 759
89 633
89 574
90 386
90 451
90 517
90 458
90 269
90 721
90 722
90 659
90 148
90 723
90 855
90 858
90 477
90 158
90 866
90 355
90 106
90 555
90 428
90 177
90 790
90 627
90 500
90 437
90 707
90 122
90 253
90 255
91 704
91 107
91 454
91 716
91 266
91 587
91 524
91 141
91 462
91 401
91 466
91 213
91 599
91 857
91 156
91 542
91 102
91 593
91 424
91 361
91 299
91 174
91 628
91 757
91 681
91 824
91 889
92 513
92 837
92 198
92 237
92 274
92 213
92 534
92 343
92 536
92 346
92 414
92 805
92 106
92 839
92 173
92 366
92 240
92 178
92 567
92 760
92 754
92 828
92 574
93 256
93 196
93 133
93 396
93 462
93 405
93 697
93 260
93 221
93 542
93 688
93 162
93 262
93 807
93 752
93 252
93 828
93 493
93 751
93 624
93 626
93 371
93 249
93 379
93 444
93 189
93 446
94 832
94 513
94 390
94 329
94 394
94 141
94 209
94 338
94 597
94 731
94 672
94 418
94 421
94 232
94 426
94 811
94 492
94 562
94 496
94 370
94 649
94 249
94 186
94 766
95 448
95 832
95 197
95 582
95 455
95 887
95 588
95 593
95 595
95 403
95 149
95 214
95 896
95 217
95 538
95 156
95 286
95 133
95 354
95 548
95 421
95 681
95 199
95 647
95 726
95 563
95 180
95 565
95 311
95 317
96 385
96 130
96 644
96 490
96 641
96 202
96 501
96 141
96 465
96 723
96 668
96 734
96 161
96 226
96 294
96 167
96 424
96 169
96 618
96 359
96 125
96 629
96 522
96 510
97 128
97 384
97 98
97 519
97 556
97 586
97 620
97 258
97 621
97 819
97 885
97 728
97 250
97 879
97 767
98 128
98 898
98 353
98 458
98 848
98 721
98 609
98 536
98 860
98 221
98 158
98 735
98 676
98 572
98 874
98 748
98 561
98 821
98 823
98 825
98 763
98 636
98 801
99 386
99 269
99 399
99 272
99 643
99 539
99 669
99 898
99 720
99 667
99 484
99 687
99 579
99 467
99 707
99 739
99 436
99 835
99 189
99 319
100 257
100 773
100 198
100 648
100 587
100 524
100 718
100 596
100 217
100 670
100 544
100 674
100 803
100 804
100 423
100 340
100 174
100 815
100 306
100 823
100 148
100 191
100 700
100 445
100 575
101 512
101 733
101 150
101 812
101 206
101 470
101 856
101 858
101 540
101 186
101 671
101 864
101 477
101 807
101 809
101 172
101 760
101 303
101 503
101 248
101 569
101 506
101 543
101 573
101 190
101 191
102 512
102 450
102 776
102 330
102 589
102 877
102 144
102 210
102 419
102 152
102 481
102 163
102 617
102 199
102 749
102 558
102 815
102 434
102 820
102 118
102 183
102 696
102 441
102 122
102 188
103 129
103 837
103 841
103 465
103 530
103 867
103 216
103 409
103 154
103 346
103 477
103 478
103 159
103 544
103 225
103 419
103 326
103 604
103 810
103 563
103 244
103 312
103 506
103 699
103 573
104 129
104 770
104 453
104 199
104 587
104 610
104 781
104 149
104 411
104 796
104 221
104 799
104 162
104 356
104 805
104 487
104 391
104 773
104 887
104 223
104 253
104 319
105 448
105 320
105 843
105 645
105 832
105 391
105 168
105 584
105 266
105 225
105 750
105 272
105 626
105 311
105 636
106 132
106 389
106 327
106 520
106 714
106 268
106 781
106 270
106 847
106 720
106 785
106 595
106 660
106 726
106 284
106 453
106 228
106 424
106 170
106 876
106 621
106 790
106 692
106 565
106 248
106 569
106 764
106 382
106 693
107 320
107 707
107 709
107 737
107 311
107 143
107 271
107 854
107 410
107 411
107 154
107 286
107 159
107 288
107 230
107 295
107 809
107 362
107 427
107 366
107 692
107 693
107 375
107 633
108 387
108 694
108 458
108 461
108 526
108 464
108 850
108 227
108 532
108 663
108 409
108 222
108 352
108 866
108 611
108 721
108 199
108 109
108 625
108 370
108 438
108 462
108 122
109 385
109 866
109 326
109 359
109 521
109 301
109 496
109 308
109 206
109 246
109 471
109 536
109 633
109 667
109 380
109 670
109 895
110 352
110 738
110 771
110 766
110 330
110 876
110 461
110 270
110 173
110 208
110 849
110 702
110 512
110 344
110 537
110 637
111 320
111 768
111 518
111 520
111 857
111 207
111 408
111 850
111 596
111 343
111 281
111 399
111 540
111 413
111 262
111 875
111 432
111 648
111 563
111 884
111 247
111 440
111 505
111 253
111 510
112 129
112 518
112 263
112 392
112 841
112 718
112 655
112 657
112 850
112 403
112 413
112 481
112 290
112 291
112 681
112 301
112 627
112 308
112 889
112 698
112 867
112 255
113 512
113 705
113 387
113 132
113 261
113 897
113 520
113 393
113 394
113 810
113 268
113 846
113 837
113 401
113 789
113 215
113 559
113 881
113 427
113 351
113 864
113 225
113 871
113 233
113 555
113 685
113 303
113 712
113 562
113 758
113 888
113 761
113 892
113 189
114 514
114 841
114 756
114 587
114 527
114 852
114 740
114 795
114 606
114 351
114 164
114 421
114 821
114 300
114 494
114 456
114 179
114 692
114 629
114 700
114 319
115 224
115 512
115 642
115 870
115 417
115 616
115 508
115 554
115 871
115 808
115 866
115 591
115 304
115 368
115 791
115 874
115 153
115 639
115 348
115 287
116 192
116 772
116 518
116 520
116 649
116 202
116 781
116 440
116 797
116 791
116 605
116 610
116 326
116 841
116 876
116 429
116 622
116 157
116 563
116 628
116 183
116 696
116 570
116 891
117 279
117 832
117 451
117 388
117 200
117 203
117 140
117 655
117 760
117 835
117 149
117 727
117 538
117 220
117 606
117 544
117 162
117 867
117 241
117 871
117 622
117 880
117 433
117 754
117 376
117 506
117 151
117 445
118 758
118 326
118 648
118 823
118 780
118 333
118 591
118 710
118 465
118 661
118 342
118 772
118 798
118 581
118 743
118 170
118 494
118 303
118 502
118 631
118 761
118 789
119 194
119 646
119 339
119 825
119 876
119 237
119 878
119 402
119 179
119 788
119 574
119 470
119 343
119 852
119 819
119 506
119 571
120 385
120 578
120 132
120 325
120 646
120 520
120 842
120 395
120 781
120 206
120 528
120 785
120 850
120 467
120 276
120 469
120 185
120 475
120 784
120 347
120 871
120 746
120 172
120 749
120 175
120 880
120 339
120 121
121 705
121 389
121 134
121 711
121 584
121 778
121 781
121 272
121 724
121 215
121 772
121 606
121 864
121 612
121 613
121 872
121 875
121 752
121 788
121 760
121 569
121 250
121 829
121 510
122 512
122 576
122 706
122 519
122 393
122 733
122 269
122 845
122 594
122 788
122 725
122 471
122 349
122 608
122 353
122 610
122 869
122 730
122 808
122 499
122 564
122 757
122 701
122 510
123 512
123 194
123 516
123 202
123 258
123 655
123 529
123 402
123 468
123 535
123 280
123 580
123 794
123 314
123 606
123 832
123 417
123 236
123 814
123 368
123 349
123 634
124 449
124 898
124 620
124 715
124 204
124 397
124 590
124 333
124 466
124 474
124 605
124 881
124 290
124 740
124 614
124 561
124 427
124 172
124 241
124 690
124 820
124 757
124 707
124 313
124 821
125 704
125 581
125 456
125 137
125 458
125 463
125 757
125 276
125 533
125 755
125 283
125 413
125 734
125 227
125 167
125 574
125 682
125 469
125 629
125 803
125 895
125 700
125 638
126 833
126 259
126 589
126 334
126 207
126 720
126 146
126 468
126 282
126 348
126 286
126 544
126 163
126 614
126 424
126 298
126 493
126 624
126 503
126 634
126 763
126 573
126 254
127 480
127 449
127 482
127 214
127 556
127 170
127 236
127 466
127 399
127 338
127 756
127 792
127 313
127 824
127 608
127 735
128 578
128 264
128 841
128 770
128 270
128 401
128 721
128 398
128 726
128 218
128 795
128 606
128 870
128 359
128 300
128 392
128 307
128 374
128 827
128 830
129 384
129 706
129 771
129 650
129 834
129 782
129 209
129 275
129 441
129 623
129 798
129 288
129 615
129 431
129 497
129 756
129 630
129 631
129 440
129 505
129 827
129 636
129 842
130 603
130 547
130 710
130 327
130 715
130 847
130 496
130 775
130 178
130 211
130 661
130 633
130 472
130 219
130 316
131 324
131 325
131 390
131 583
131 648
131 183
131 269
131 656
131 337
131 594
131 275
131 408
131 601
131 286
131 222
131 645
131 736
131 545
131 675
131 231
131 424
131 810
131 875
131 239
131 712
131 595
131 542
131 439
131 569
131 445
132 354
132 875
132 420
132 133
132 391
132 363
132 492
132 752
132 472
132 180
132 245
132 823
132 665
132 659
132 574
132 222
133 641
133 134
133 673
133 200
133 201
133 592
133 785
133 725
133 861
133 849
133 543
133 545
133 738
133 774
133 487
133 616
133 700
133 170
133 711
133 304
133 624
133 392
133 818
133 308
133 775
133 696
133 636
133 234
133 895
134 704
134 769
134 515
134 327
134 392
134 715
134 889
134 146
134 470
134 377
134 536
134 292
134 538
134 667
134 477
134 795
134 612
134 421
134 422
134 300
134 686
134 432
134 760
135 737
135 505
135 486
135 809
135 550
135 365
135 369
135 402
135 611
135 773
135 503
135 312
135 537
135 715
135 191
136 200
136 589
136 527
136 336
136 465
136 217
136 728
136 345
136 669
136 544
136 865
136 482
136 472
136 209
136 296
136 489
136 745
136 622
136 840
136 781
136 361
136 441
136 316
136 319
137 834
137 837
137 609
137 648
137 716
137 787
137 217
137 735
137 417
137 675
137 164
137 552
137 618
137 366
137 371
137 756
137 504
137 820
137 378
137 575
137 554
137 446
137 637
138 353
138 386
138 795
138 421
138 231
138 600
138 220
138 843
138 785
138 365
138 497
138 738
138 673
138 379
138 444
138 510
139 705
139 578
139 195
139 694
139 328
139 523
139 205
139 526
139 655
139 531
139 855
139 414
139 159
139 352
139 507
139 804
139 657
139 491
139 236
139 630
139 635
139 252
139 829
139 319
140 452
140 197
140 204
140 652
140 590
140 337
140 275
140 341
140 663
140 600
140 412
140 604
140 669
140 351
140 740
140 744
140 169
140 747
140 813
140 885
140 524
140 191
141 577
141 387
141 645
141 897
141 328
141 652
141 898
141 719
141 657
141 152
141 858
141 221
141 709
141 163
141 612
141 869
141 561
141 243
141 286
141 823
141 765
141 437
142 782
142 515
142 391
142 716
142 588
142 338
142 341
142 885
142 239
142 541
142 737
142 485
142 487
142 616
142 811
142 682
142 623
142 370
142 692
142 181
142 187
142 188
142 829
143 579
143 709
143 396
143 528
143 345
143 534
143 343
143 218
143 219
143 477
143 353
143 610
143 795
143 486
143 168
143 880
143 689
143 854
143 153
143 186
143 638
144 736
144 514
144 580
144 545
144 393
144 207
144 592
144 786
144 820
144 855
144 731
144 608
144 161
144 355
144 485
144 620
144 878
144 500
144 886
144 713
144 756
144 379
145 450
145 619
145 581
145 391
145 403
145 147
145 724
145 661
145 214
145 279
145 408
145 771
145 730
145 220
145 605
145 291
145 164
145 230
145 295
145 583
145 300
145 301
145 371
145 823
145 760
145 698
145 571
145 316
145 509
145 319
146 256
146 324
146 261
146 583
146 457
146 557
146 529
146 471
146 536
146 201
146 155
146 478
146 352
146 482
146 795
146 804
146 393
146 427
146 364
146 365
146 754
146 628
146 265
146 826
146 460
147 868
147 295
147 231
147 205
147 239
147 722
147 467
147 469
147 758
147 241
147 786
147 829
147 606
148 705
148 258
148 355
148 197
148 295
148 356
148 490
148 519
148 560
148 276
148 665
148 249
148 540
148 794
148 784
148 607
149 256
149 449
149 197
149 710
149 455
149 520
149 650
149 715
149 658
149 278
149 664
149 538
149 796
149 221
149 478
149 608
149 481
149 705
149 420
149 864
149 359
149 743
149 628
149 698
149 699
149 444
149 801
149 638
150 576
150 258
150 876
150 847
150 658
150 851
150 788
150 281
150 794
150 283
150 154
150 805
150 865
150 739
150 612
150 359
150 231
150 858
150 564
150 885
150 758
150 504
150 212
150 863
150 511
151 871
151 864
151 779
151 452
151 897
151 737
151 203
151 397
151 528
151 401
151 723
151 691
151 406
151 472
151 216
151 157
151 352
151 289
151 549
151 743
151 296
151 361
151 299
151 622
151 856
151 183
151 311
151 189
152 768
152 554
152 167
152 393
152 298
152 587
152 842
152 750
152 593
152 466
152 467
152 436
152 342
152 153
152 154
152 540
152 426
152 446
153 704
153 769
153 651
153 334
153 344
153 533
153 860
153 797
153 352
153 232
153 489
153 234
153 826
153 620
153 173
153 559
153 817
153 307
153 885
153 633
153 634
153 426
154 256
154 384
154 643
154 325
154 865
154 842
154 247
154 780
154 590
154 591
154 464
154 401
154 789
154 601
154 344
154 473
154 883
154 861
154 222
154 848
154 866
154 294
154 554
154 880
154 179
154 628
154 438
154 311
154 185
154 618
154 702
155 513
155 454
155 746
155 202
155 588
155 334
155 658
155 785
155 402
155 659
155 430
155 475
155 477
155 547
155 871
155 680
155 426
155 299
155 174
155 751
155 305
155 882
155 851
155 372
155 675
155 310
155 186
155 379
155 316
155 701
155 894
155 447
156 289
156 421
156 577
156 456
156 859
156 171
156 751
156 895
156 675
156 596
156 661
156 891
156 624
156 683
156 251
156 572
156 797
157 736
157 708
157 438
157 838
157 769
157 301
157 627
157 772
157 591
157 604
157 285
157 288
157 801
157 847
157 355
157 614
157 234
157 811
157 365
157 430
157 751
157 369
157 563
157 180
157 502
157 506
157 252
157 382
158 641
158 258
158 387
158 877
158 326
158 689
158 424
158 524
158 302
158 653
158 749
158 200
158 274
158 867
158 526
158 719
158 636
158 686
159 256
159 206
159 719
159 407
159 879
159 285
159 231
159 290
159 419
159 230
159 806
159 169
159 743
159 369
159 179
159 437
159 440
160 322
160 707
160 662
160 714
160 395
160 226
160 526
160 272
160 722
160 835
160 784
160 405
160 598
160 538
160 543
160 736
160 545
160 162
160 229
160 294
160 779
160 491
160 176
160 564
160 528
160 439
160 638
161 832
161 896
161 324
161 724
161 327
161 396
161 589
161 594
161 340
161 662
161 516
161 794
161 687
161 415
161 417
161 612
161 616
161 363
161 364
161 367
161 817
161 371
161 308
161 246
161 376
161 865
162 384
162 566
162 198
162 775
162 715
162 591
162 710
162 849
162 278
162 344
162 473
162 346
162 283
162 284
162 225
162 163
162 740
162 613
162 766
162 617
162 361
162 239
162 438
162 503
162 377
162 796
162 190
163 263
163 273
163 791
163 484
163 866
163 862
163 229
163 355
163 166
163 360
163 839
163 684
163 881
163 691
163 630
163 376
163 764
163 317
163 639
164 323
164 836
164 390
164 263
164 584
164 203
164 716
164 397
164 338
164 660
164 725
164 790
164 536
164 281
164 474
164 431
164 604
164 607
164 739
164 230
164 486
164 795
164 364
164 749
164 430
164 495
164 756
164 329
164 308
164 762
164 638
165 256
165 320
165 769
165 779
165 845
165 785
165 530
165 340
165 536
165 410
165 475
165 476
165 221
165 283
165 295
165 490
165 619
165 814
165 687
165 756
165 822
165 692
165 890
165 810
165 254
166 768
166 642
166 779
166 838
166 775
166 393
166 459
166 272
166 338
166 547
166 600
166 538
166 798
166 223
166 736
166 353
166 296
166 235
166 237
166 304
166 882
166 435
166 247
166 720
166 765
166 894
166 383
167 441
167 258
167 388
167 581
167 519
167 328
167 395
167 332
167 322
167 463
167 528
167 355
167 212
167 534
167 601
167 668
167 734
167 572
167 419
167 227
167 486
167 358
167 241
167 490
167 237
167 302
167 369
167 178
167 741
167 788
167 276
167 882
167 252
167 689
168 655
168 836
168 295
168 860
168 269
168 495
168 241
168 561
168 887
168 281
168 286
169 259
169 388
169 199
169 841
169 398
169 173
169 343
169 472
169 858
169 219
169 353
169 677
169 679
169 234
169 647
169 620
169 301
169 328
169 499
169 629
169 696
169 569
169 636
170 832
170 706
170 779
170 392
170 841
170 202
170 567
170 332
170 401
170 658
170 843
170 724
170 405
170 856
170 411
170 868
170 806
170 617
170 809
170 824
170 307
170 222
170 631
170 633
170 764
171 385
171 450
171 835
171 311
171 321
171 584
171 458
171 652
171 514
171 846
171 848
171 530
171 724
171 213
171 761
171 792
171 605
171 549
171 550
171 489
171 681
171 376
171 569
171 661
172 518
172 647
172 329
172 526
172 406
172 791
172 664
172 473
172 677
172 800
172 418
172 292
172 424
172 349
172 253
172 894
172 381
172 313
172 413
173 512
173 617
173 183
173 208
173 786
173 323
173 468
173 601
173 413
173 479
173 419
173 227
173 364
173 687
173 724
173 702
173 489
173 852
173 596
173 891
173 318
174 390
174 327
174 795
174 330
174 891
174 271
174 451
174 215
174 478
174 222
174 479
174 734
174 315
174 894
174 828
174 811
174 365
174 178
174 819
174 181
174 443
174 572
174 639
175 710
175 202
175 204
175 834
175 879
175 722
175 723
175 660
175 855
175 829
175 475
175 287
175 417
175 411
175 741
175 810
175 240
175 430
175 303
175 624
175 241
175 564
175 496
175 645
175 699
175 381
175 382
175 767
176 704
176 196
176 848
176 865
176 791
176 271
176 784
176 286
176 547
176 761
176 399
176 220
176 669
176 606
176 353
176 355
176 740
176 616
176 796
176 810
176 367
176 688
176 497
176 496
176 219
176 313
176 830
177 320
177 257
177 733
177 773
177 326
177 842
177 652
177 335
177 273
177 339
177 600
177 815
177 477
177 669
177 422
177 488
177 554
177 427
177 813
177 303
177 250
177 380
177 829
178 192
178 384
178 235
178 388
178 647
178 521
178 714
178 270
178 448
178 413
178 881
178 481
178 610
178 742
178 678
178 860
178 810
178 363
178 882
178 367
178 624
178 775
178 690
178 371
178 309
178 852
178 596
178 507
178 816
178 253
179 770
179 708
179 839
179 398
179 337
179 850
179 276
179 856
179 667
179 348
179 414
179 219
179 679
179 232
179 813
179 815
179 499
179 636
179 446
180 770
180 758
180 262
180 893
180 456
180 716
180 205
180 532
180 686
180 260
180 859
180 225
180 226
180 867
180 198
180 818
180 361
180 302
180 303
180 434
180 691
180 310
180 852
180 507
180 189
180 446
180 895
181 704
181 642
181 771
181 390
181 456
181 887
181 271
181 852
181 667
181 350
181 351
181 480
181 802
181 554
181 747
181 364
181 813
181 623
181 183
181 632
181 825
181 826
182 579
182 509
182 841
182 619
182 194
182 208
182 879
182 882
182 787
182 622
182 246
182 527
182 351
182 732
182 421
183 441
183 516
183 833
183 460
183 396
183 614
183 590
183 845
183 658
183 852
183 718
183 409
183 282
183 286
183 289
183 739
183 613
183 679
183 362
183 556
183 701
183 563
183 372
183 438
183 313
183 693
184 640
184 836
184 773
184 264
184 522
184 587
184 268
184 655
184 721
184 402
184 622
184 600
184 668
184 607
184 295
184 618
184 685
184 430
184 751
184 625
184 313
184 437
184 694
184 632
184 249
184 316
184 266
185 192
185 256
185 195
185 613
185 790
185 682
185 427
185 781
185 573
185 688
185 273
185 384
185 820
185 341
185 214
185 763
185 218
185 853
186 384
186 768
186 643
186 644
186 709
186 456
186 521
186 781
186 530
186 596
186 302
186 884
186 603
186 736
186 355
186 230
186 488
186 617
186 238
186 689
186 629
186 756
186 635
186 765
187 450
187 580
187 777
187 778
187 716
187 525
187 720
187 657
187 254
187 472
187 667
187 728
187 353
187 742
187 359
187 553
187 745
187 364
187 304
187 190
187 502
187 247
187 314
187 639
188 653
188 451
188 229
188 876
188 707
188 557
188 623
188 340
188 789
188 502
188 408
188 564
188 773
188 348
188 221
188 638
188 701
189 516
189 390
189 321
189 795
189 842
189 367
189 668
189 541
189 554
189 430
189 755
189 245
189 568
189 266
189 572
189 445
189 702
190 475
190 231
190 810
190 551
190 626
190 600
190 402
190 307
190 661
190 834
190 538
190 572
191 896
191 258
191 324
191 197
191 844
191 265
191 266
191 791
191 470
191 664
191 860
191 547
191 806
191 232
191 362
191 754
191 816
191 370
191 777
191 818
191 380
191 831
192 450
192 566
192 682
192 649
192 813
192 336
192 470
192 857
192 217
192 218
192 751
192 861
192 581
192 226
192 805
192 806
192 615
192 554
192 807
192 236
192 500
192 304
192 310
192 827
192 252
192 573
193 320
193 771
193 262
193 714
193 205
193 721
193 786
193 277
193 472
193 414
193 675
193 742
193 297
193 362
193 235
193 496
193 248
193 313
193 827
193 829
193 853
194 640
194 258
194 630
194 392
194 393
194 459
194 462
194 851
194 484
194 282
194 348
194 607
194 672
194 353
194 423
194 680
194 554
194 556
194 877
194 879
194 726
194 872
194 306
194 436
194 572
194 637
194 383
195 448
195 389
195 202
195 204
195 728
195 852
195 857
195 280
195 473
195 640
195 286
195 799
195 482
195 849
195 687
195 433
195 818
195 307
195 885
195 374
195 765
195 575
196 519
196 300
196 332
196 654
196 718
196 880
196 290
196 875
196 563
196 820
196 823
196 460
196 524
196 575
197 811
197 261
197 394
197 843
197 269
197 782
197 655
197 469
197 826
197 601
197 221
197 736
197 227
197 845
197 423
197 232
197 679
197 556
197 557
197 430
197 369
197 852
197 698
197 703
198 752
198 259
198 886
198 806
198 776
198 458
198 844
198 336
198 276
198 406
198 695
198 568
198 313
198 507
199 832
199 258
199 454
199 332
199 386
199 846
199 726
199 527
199 861
199 669
199 606
199 735
199 801
199 559
199 560
199 809
199 376
199 382
200 384
200 672
200 322
200 579
200 580
200 897
200 332
200 642
200 339
200 708
200 600
200 548
200 606
200 541
200 224
200 292
200 870
200 615
200 872
200 425
200 618
200 556
200 621
200 413
200 840
200 308
200 309
200 888
200 505
200 575
200 380
200 714
200 574
201 874
201 580
201 776
201 648
201 364
201 458
201 333
201 654
201 852
201 853
201 431
201 732
201 478
201 224
201 609
201 739
201 297
201 682
201 684
201 274
201 303
201 712
201 754
201 885
201 312
201 890
201 234
201 639
202 257
202 260
202 709
202 300
202 842
202 717
202 723
202 345
202 280
202 473
202 605
202 773
202 491
202 492
202 496
202 434
202 694
202 841
202 244
202 894
202 831
203 517
203 263
203 712
203 457
203 589
203 846
203 429
203 402
203 213
203 420
203 666
203 347
203 351
203 608
203 291
203 677
203 732
203 210
203 701
203 840
203 247
203 283
203 572
204 580
204 775
204 840
204 586
204 270
204 272
204 765
204 725
204 732
204 735
204 739
204 677
204 742
204 814
204 888
204 306
204 499
204 760
204 317
204 830
205 898
205 262
205 777
205 653
205 272
205 277
205 472
205 601
205 737
205 361
205 880
205 565
205 312
205 377
205 835
205 251
205 894
205 895
206 514
206 517
206 586
206 786
206 403
206 825
206 664
206 771
206 719
206 285
206 224
206 865
206 482
206 806
206 630
206 239
206 624
206 758
206 434
206 627
206 756
206 502
206 690
206 313
207 323
207 263
207 329
207 333
207 335
207 387
207 596
207 563
207 471
207 408
207 216
207 734
207 287
207 353
207 803
207 614
207 593
207 892
207 807
207 813
207 307
207 435
207 510
207 504
207 441
207 737
207 444
207 445
208 451
208 456
208 589
208 718
208 663
208 796
208 866
208 865
208 610
208 781
208 743
208 620
208 493
208 445
208 560
208 627
208 894
208 375
208 763
208 381
208 510
208 511
209 439
209 397
209 593
209 787
209 404
209 215
209 631
209 527
209 477
209 553
209 487
209 818
209 308
209 886
209 361
209 632
209 505
209 252
209 831
210 258
210 591
210 336
210 788
210 341
210 410
210 731
210 799
210 283
210 873
210 811
210 749
210 302
210 881
210 563
210 439
210 371
210 766
210 853
211 256
211 772
211 712
211 393
211 866
211 591
211 401
211 216
211 283
211 415
211 418
211 519
211 743
211 432
211 565
211 375
211 570
211 699
211 701
212 256
212 417
212 643
212 840
212 263
212 655
212 240
212 851
212 659
212 784
212 638
212 438
212 695
212 505
212 218
212 318
212 881
213 769
213 325
213 391
213 588
213 460
213 334
213 777
213 470
213 728
213 605
213 289
213 231
213 490
213 621
213 558
213 879
213 306
213 500
213 695
213 636
213 319
214 864
214 513
214 515
214 676
214 646
214 689
214 393
214 810
214 876
214 302
214 771
214 610
214 585
214 222
215 320
215 259
215 452
215 341
215 841
215 272
215 277
215 857
215 280
215 299
215 538
215 395
215 799
215 417
215 866
215 742
215 785
215 233
215 363
215 812
215 246
215 617
215 568
215 442
215 763
215 894
215 511
216 898
216 356
216 481
216 263
216 585
216 682
216 242
216 468
216 408
216 532
216 851
216 887
217 450
217 387
217 256
217 271
217 765
217 786
217 579
217 532
217 726
217 640
217 738
217 763
217 585
217 296
217 238
217 751
217 312
217 637
218 322
218 640
218 273
218 456
218 871
218 738
218 469
218 506
218 769
218 890
218 734
218 255
219 644
219 581
219 748
219 458
219 523
219 396
219 398
219 337
219 846
219 601
219 655
219 817
219 799
219 864
219 688
219 419
219 485
219 721
219 362
219 428
219 621
219 686
219 239
219 488
219 373
219 617
219 761
219 501
220 706
220 609
220 268
220 614
220 399
220 532
220 405
220 598
220 599
220 666
220 475
220 669
220 545
220 547
220 486
220 826
220 882
220 788
220 442
221 642
221 851
221 586
221 461
221 788
221 410
221 773
221 794
221 691
221 683
221 878
221 637
221 433
221 659
221 629
221 759
221 249
221 698
221 763
221 394
222 641
222 645
222 725
222 736
222 399
222 848
222 644
222 660
222 469
222 279
222 792
222 388
222 687
222 284
222 414
222 351
222 608
222 481
222 803
222 485
222 614
222 604
222 364
222 410
222 310
222 761
222 698
222 666
223 320
223 760
223 452
223 645
223 231
223 648
223 494
223 840
223 305
223 774
223 782
223 246
223 770
223 350
223 639
224 324
224 455
224 388
224 856
224 531
224 598
224 279
224 664
224 729
224 367
224 348
224 839
224 813
224 239
224 841
224 825
225 453
225 397
225 681
225 402
225 532
225 470
225 602
225 667
225 542
225 352
225 355
225 742
225 810
225 432
225 243
225 745
225 633
225 831
226 500
226 293
226 257
226 296
226 364
226 394
226 321
226 365
226 338
226 626
226 310
226 823
226 372
226 251
226 380
226 885
227 320
227 701
227 603
227 451
227 737
227 586
227 834
227 526
227 591
227 272
227 878
227 599
227 664
227 794
227 475
227 547
227 614
227 554
227 366
227 303
227 369
227 568
227 656
227 573
228 449
228 864
228 293
228 422
228 545
228 521
228 522
228 429
228 621
228 816
228 785
228 563
228 794
228 672
228 252
228 554
228 702
228 677
229 545
229 715
229 844
229 599
229 459
229 812
229 430
229 272
229 723
229 654
229 567
229 249
229 890
229 842
229 735
230 393
230 645
230 262
230 458
230 438
230 671
230 231
230 858
230 830
231 586
231 267
231 333
231 493
231 728
231 338
231 644
231 350
231 804
231 295
231 424
231 237
231 853
231 307
231 500
231 756
231 566
231 628
231 444
231 522
231 533
232 832
232 257
232 763
232 842
232 395
232 783
232 848
232 339
232 800
232 419
232 549
232 806
232 808
232 681
232 362
232 683
232 556
232 240
232 501
232 311
232 888
232 724
232 890
232 699
233 545
233 355
233 747
233 299
233 663
233 386
233 430
233 624
233 270
233 792
233 479
233 764
233 574
233 351
234 579
234 861
234 456
234 272
234 873
234 277
234 792
234 623
234 348
234 477
234 606
234 325
234 290
234 777
234 366
234 367
234 500
234 629
234 566
234 745
234 632
234 756
234 508
235 256
235 579
235 266
235 591
235 465
235 540
235 677
235 426
235 236
235 304
235 497
235 432
235 822
235 752
235 637
235 536
236 769
236 578
236 299
236 780
236 760
236 726
236 855
236 475
236 673
236 896
236 859
236 613
236 360
236 828
236 684
236 366
236 817
236 504
236 698
236 572
237 717
237 844
237 685
237 622
237 527
237 536
237 861
237 731
237 349
237 703
238 769
238 455
238 522
238 674
238 462
238 465
238 658
238 789
238 345
238 730
238 859
238 348
238 478
238 479
238 482
238 612
238 357
238 401
238 745
238 618
238 492
238 809
238 688
238 439
238 697
238 833
238 831
239 705
239 325
239 519
239 268
239 337
239 532
239 410
239 796
239 797
239 645
239 240
239 569
239 251
239 405
240 799
240 391
240 329
240 330
240 823
240 781
240 270
240 657
240 722
240 339
240 405
240 726
240 280
240 607
240 741
240 585
240 732
240 427
240 300
240 856
240 521
240 276
240 869
240 319
240 426
240 341
241 857
241 450
241 391
241 778
241 695
241 781
241 526
241 785
241 275
241 789
241 535
241 856
241 537
241 420
241 358
241 422
241 295
241 685
241 649
241 880
241 807
241 500
241 585
241 825
241 281
241 766
241 757
242 387
242 325
242 776
242 329
242 465
242 403
242 340
242 563
242 849
242 793
242 538
242 602
242 542
242 863
242 482
242 869
242 807
242 296
242 425
242 300
242 494
242 815
242 882
242 307
243 290
243 899
243 552
243 522
243 711
243 257
243 686
243 369
243 368
243 758
243 439
243 472
243 505
243 312
244 513
244 520
244 585
244 716
244 802
244 399
244 721
244 855
244 868
244 751
244 414
244 543
244 419
244 292
244 293
244 364
244 431
244 712
244 627
244 564
244 823
244 317
245 706
245 771
245 325
245 265
245 729
245 761
245 332
245 770
245 398
245 751
245 432
245 531
245 275
245 535
245 281
246 449
246 642
246 772
246 310
246 265
246 877
246 401
246 530
246 534
246 599
246 856
246 795
246 870
246 743
246 362
246 623
246 889
246 316
246 702
247 737
247 674
247 619
247 849
247 328
247 652
247 770
247 654
247 399
247 400
247 830
247 739
247 725
247 470
247 602
247 410
248 706
248 388
248 645
248 779
248 853
248 279
248 536
248 473
248 611
248 420
248 486
248 751
248 501
248 696
248 249
248 315
248 868
249 450
249 773
249 328
249 843
249 780
249 269
249 336
249 660
249 494
249 409
249 283
249 287
249 868
249 366
249 413
249 562
249 734
250 385
250 744
250 609
250 842
250 267
250 653
250 889
250 786
250 854
250 343
250 476
250 413
250 544
250 552
250 688
250 497
250 693
250 759
250 762
250 893
250 702
251 640
251 642
251 647
251 466
251 597
251 791
251 858
251 607
251 737
251 550
251 488
251 301
251 368
251 884
251 693
251 889
251 830
252 833
252 392
252 330
252 716
252 642
252 551
252 655
252 400
252 340
252 341
252 278
252 484
252 602
252 800
252 896
252 634
252 421
252 297
252 427
252 556
252 621
252 558
252 520
252 499
252 628
252 761
252 570
252 597
253 832
253 769
253 771
253 452
253 389
253 587
253 396
253 877
253 402
253 899
253 708
253 411
253 477
253 862
253 539
253 357
253 294
253 360
253 745
253 874
253 460
253 429
253 686
253 631
253 888
253 316
253 510
254 832
254 389
254 391
254 712
254 329
254 332
254 463
254 472
254 527
254 476
254 798
254 816
254 628
254 310
254 376
254 506
254 572
255 704
255 839
255 267
255 332
255 461
255 848
255 593
255 533
255 791
255 600
255 550
255 876
255 815
255 497
255 884
255 695
255 404
255 701
255 853
256 513
256 450
256 651
256 326
256 711
256 587
256 780
256 418
256 606
256 416
256 290
256 487
256 626
256 434
256 307
256 891
256 894
257 608
257 451
257 580
257 652
257 674
257 654
257 784
257 708
257 538
257 795
257 477
257 491
257 864
257 298
257 751
257 316
257 383
258 320
258 708
258 458
258 847
258 592
258 657
258 561
258 534
258 279
258 612
258 860
258 605
258 478
258 352
258 610
258 356
258 357
258 808
258 740
258 685
258 497
258 499
258 789
258 828
258 650
258 819
259 577
259 708
259 261
259 458
259 888
259 772
259 347
259 361
259 477
259 607
259 423
259 621
259 797
259 757
259 375
259 376
259 746
259 895
260 897
260 642
260 899
260 646
260 865
260 712
260 779
260 332
260 269
260 846
260 592
260 664
260 795
260 412
260 289
260 612
260 294
260 689
260 306
260 696
260 508
260 701
260 382
261 263
261 665
261 729
261 333
261 527
261 840
261 531
261 342
261 409
261 591
261 796
261 417
261 680
261 298
261 749
261 370
261 437
261 609
261 735
261 574
262 578
262 285
262 326
262 399
262 849
262 594
262 755
262 417
262 838
262 426
262 619
262 816
262 817
262 691
262 503
262 377
262 318
263 896
263 715
263 582
263 483
263 276
263 803
263 480
263 752
263 744
263 425
263 620
263 424
263 824
263 829
263 638
264 774
264 641
264 457
264 522
264 651
264 658
264 603
264 542
264 880
264 352
264 610
264 795
264 496
264 882
264 307
264 490
264 702
265 385
265 863
265 325
265 648
265 471
265 858
265 286
265 606
265 581
265 800
265 870
265 619
265 495
265 776
265 370
265 501
265 761
265 764
265 510
266 765
266 405
266 328
266 714
266 599
266 334
266 527
266 627
266 270
266 569
266 283
266 794
266 348
266 368
266 482
266 404
266 890
266 302
266 445
266 304
266 456
266 371
266 310
266 361
266 276
266 318
267 836
267 630
267 326
267 525
267 710
267 433
267 774
267 725
267 536
267 785
267 286
267 741
267 288
267 353
267 804
267 421
267 636
267 553
267 426
267 364
267 365
267 431
267 752
267 437
267 566
267 503
267 444
268 449
268 322
268 388
268 328
268 457
268 330
268 523
268 460
268 463
268 662
268 539
268 797
268 488
268 617
268 812
268 496
268 584
268 649
268 698
268 444
269 576
269 459
269 528
269 387
269 724
269 601
269 802
269 390
269 617
269 623
269 817
269 818
269 315
270 771
270 650
270 647
270 776
270 457
270 887
270 845
270 754
270 636
270 879
270 681
270 492
270 797
270 498
270 372
270 505
270 508
270 381
270 830
271 384
271 451
271 729
271 695
271 850
271 860
271 543
271 880
271 547
271 356
271 582
271 679
271 680
271 811
271 554
271 556
271 495
271 629
271 822
271 585
271 569
271 874
272 770
272 828
272 716
272 550
272 526
272 397
272 528
272 785
272 277
272 689
272 399
272 719
272 491
272 556
272 625
272 821
272 777
272 636
272 638
273 777
273 844
273 592
273 337
273 355
273 276
273 725
273 728
273 345
273 826
273 414
273 485
273 864
273 290
273 741
273 294
273 807
273 498
273 339
273 798
273 677
273 789
273 701
273 830
273 575
274 577
274 644
274 390
274 779
274 591
274 710
274 786
274 788
274 536
274 283
274 606
274 357
274 557
274 787
274 820
274 826
274 508
274 317
275 588
275 577
275 329
275 545
275 589
275 719
275 277
275 406
275 857
275 538
275 797
275 414
275 351
275 734
275 289
275 420
275 426
275 679
275 562
275 694
275 632
276 736
276 874
276 711
276 327
276 825
276 808
276 592
276 850
276 622
276 598
276 793
276 669
276 420
276 552
276 426
276 551
276 772
276 621
276 430
276 561
276 626
276 372
276 374
276 724
276 573
277 841
277 458
277 459
277 402
277 535
277 667
277 508
277 670
277 735
277 734
277 400
277 723
277 369
277 627
277 702
277 760
277 442
277 700
277 885
278 576
278 496
278 811
278 457
278 727
278 898
278 657
278 693
278 560
278 745
278 762
278 831
278 669
278 405
279 320
279 512
279 582
279 519
279 395
279 717
279 845
279 405
279 854
279 727
279 896
279 793
279 474
279 411
279 687
279 798
279 677
279 425
279 775
279 622
279 367
279 435
279 502
279 503
279 825
279 892
279 447
280 832
280 772
280 325
280 774
280 776
280 719
280 656
280 338
280 595
280 853
280 792
280 282
280 541
280 670
280 389
280 880
280 422
280 818
280 629
280 502
280 887
280 889
280 379
281 769
281 642
281 516
281 598
281 582
281 775
281 584
281 808
281 464
281 657
281 595
281 472
281 324
281 540
281 861
281 670
281 867
281 426
281 752
281 433
281 436
281 829
281 766
281 629
282 387
282 519
282 840
282 463
282 600
282 402
282 534
282 538
282 315
283 768
283 848
283 772
283 392
283 290
283 721
283 725
283 346
283 802
283 474
283 357
283 800
283 656
283 602
283 550
283 366
283 824
283 820
283 632
283 313
283 377
284 513
284 451
284 583
284 695
284 589
284 462
284 696
284 532
284 472
284 538
284 539
284 607
284 547
284 676
284 359
284 368
284 856
284 563
284 631
284 312
284 701
285 483
285 837
285 776
285 393
285 554
285 363
285 716
285 549
285 613
285 616
285 466
285 883
285 807
285 379
285 715
286 512
286 832
286 695
286 585
286 401
286 530
286 535
286 539
286 348
286 733
286 459
286 738
286 806
286 860
286 426
286 777
286 815
286 625
286 702
287 288
287 783
287 578
287 387
287 676
287 748
287 678
287 359
287 795
287 348
287 652
287 772
287 601
287 347
287 412
287 777
288 512
288 899
288 740
288 776
288 874
288 621
288 527
288 336
288 371
288 574
288 755
288 346
288 860
288 318
288 491
289 513
289 839
289 520
289 652
289 664
289 687
289 543
289 803
289 423
289 743
289 303
289 752
289 433
289 306
289 438
289 380
289 445
290 322
290 771
290 390
290 461
290 621
290 656
290 719
290 706
290 601
290 478
290 483
290 326
290 316
290 363
290 556
290 557
290 494
290 613
290 749
290 882
290 757
291 832
291 449
291 834
291 835
291 417
291 394
291 898
291 402
291 560
291 598
291 745
291 860
291 823
291 297
291 299
291 492
291 366
291 303
291 368
291 305
291 819
291 567
291 315
292 896
292 322
292 771
292 437
292 653
292 333
292 720
292 658
292 790
292 335
292 615
292 554
292 818
292 309
292 826
292 746
292 383
293 384
293 800
293 710
293 648
293 467
293 404
293 814
293 857
293 608
293 422
293 294
293 874
293 620
293 813
293 366
293 624
293 376
293 762
294 450
294 491
294 773
294 449
294 791
294 642
294 462
294 470
294 535
294 602
294 898
294 610
294 811
294 747
294 557
294 693
294 509
295 320
295 578
295 453
295 332
295 335
295 790
295 407
295 538
295 731
295 348
295 794
295 491
295 480
295 674
295 553
295 618
295 428
295 899
295 558
295 752
295 754
295 693
295 569
295 508
296 641
296 779
296 886
296 774
296 847
296 400
296 657
296 531
296 545
296 610
296 484
296 747
296 429
296 496
296 659
296 308
296 758
296 439
296 633
296 571
296 381
296 725
297 704
297 706
297 771
297 329
297 458
297 526
297 662
297 792
297 678
297 753
297 508
297 682
297 555
297 300
297 365
297 561
297 372
297 364
297 428
298 898
298 710
298 492
298 396
298 846
298 466
298 532
298 347
298 620
298 483
298 358
298 812
298 751
298 439
298 596
298 317
298 703
299 502
299 300
299 396
299 853
299 860
299 802
299 486
299 620
299 830
299 690
299 758
299 489
299 634
299 829
299 639
300 765
300 716
300 487
300 730
300 349
300 869
300 738
300 355
300 489
300 698
300 858
300 495
300 552
300 423
300 699
300 764
300 586
301 416
301 676
301 689
301 875
301 501
301 693
301 537
301 892
301 671
302 875
302 517
302 711
302 785
302 611
302 546
302 483
302 486
302 617
302 874
302 555
302 899
302 750
302 787
302 564
302 764
302 766
302 796
303 832
303 705
303 525
303 655
303 406
303 881
303 352
303 421
303 845
303 433
303 362
303 493
303 581
303 567
303 697
303 394
303 894
304 641
304 750
304 653
304 593
304 740
304 856
304 680
304 781
304 611
304 548
304 678
304 552
304 809
304 555
304 686
304 880
304 305
304 306
304 651
304 439
304 631
304 313
304 683
304 444
304 821
305 480
305 522
305 402
305 597
305 729
305 736
305 863
305 416
305 423
305 872
305 429
305 623
305 308
305 695
305 633
306 718
306 899
306 517
306 454
306 456
306 706
306 462
306 749
306 337
306 660
306 665
306 420
306 863
306 489
306 428
306 685
306 495
306 648
306 372
306 630
306 567
306 824
307 650
307 590
307 343
307 655
307 353
307 547
307 745
307 620
307 413
307 817
307 692
307 566
307 506
307 827
308 323
308 582
308 552
308 330
308 712
308 744
308 813
308 855
308 497
308 534
308 793
308 612
308 439
308 413
308 738
308 425
308 509
308 371
308 630
308 311
308 624
308 394
308 894
309 452
309 837
309 710
309 456
309 777
309 460
309 435
309 334
309 589
309 848
309 593
309 728
309 601
309 667
309 547
309 746
309 875
309 816
309 499
309 439
309 440
309 571
309 509
309 819
310 437
310 397
310 463
310 343
310 792
310 612
310 794
310 740
310 556
310 434
310 723
310 542
310 888
310 441
310 639
311 848
311 553
311 843
311 335
311 542
311 687
311 469
311 852
311 667
311 509
311 459
312 449
312 522
312 590
312 722
312 467
312 724
312 870
312 726
312 315
312 741
312 358
312 540
312 624
312 531
312 694
312 570
312 571
313 320
313 655
313 453
313 833
313 456
313 843
313 525
313 632
313 467
313 469
313 540
313 797
313 542
313 352
313 738
313 732
313 873
313 392
313 434
313 564
313 894
313 639
313 654
314 579
314 836
314 774
314 775
314 407
314 591
314 400
314 515
314 823
314 536
314 416
314 420
314 745
314 556
314 584
314 434
314 500
314 439
314 572
315 323
315 655
315 467
315 660
315 475
315 736
315 614
315 745
315 691
315 557
315 686
315 531
315 437
315 635
315 885
316 772
316 327
316 823
316 514
316 399
316 707
316 533
316 704
316 719
316 608
316 783
316 358
316 657
316 816
316 734
316 375
316 504
316 638
317 320
317 706
317 329
317 331
317 335
317 659
317 344
317 608
317 420
317 741
317 436
317 692
317 757
317 886
317 382
318 385
318 513
318 714
318 459
318 842
318 653
318 621
318 848
318 774
318 539
318 860
318 485
318 550
318 871
318 618
318 701
318 502
318 568
318 362
319 706
319 580
319 710
319 661
319 739
319 855
319 792
319 861
319 679
319 488
319 431
319 510
319 853
320 710
320 417
320 840
320 546
320 398
320 781
320 765
320 721
320 387
320 823
320 771
320 831
320 477
320 420
320 366
320 369
320 449
320 694
320 617
320 543
320 634
320 415
320 383
321 704
321 451
321 616
321 366
321 721
321 658
321 531
321 875
321 793
321 603
321 830
322 672
322 453
322 329
322 704
322 335
322 808
322 468
322 698
322 553
322 824
322 380
322 350
322 865
323 387
323 586
323 394
323 843
323 461
323 527
323 733
323 445
323 607
323 847
323 615
323 431
323 753
323 374
323 505
323 890
323 509
324 576
324 865
324 456
324 461
324 717
324 757
324 860
324 542
324 616
324 682
324 466
324 368
324 631
324 440
324 835
324 554
325 898
325 582
325 782
325 659
325 798
325 739
325 356
325 748
325 884
325 376
325 867
325 765
325 894
326 449
326 758
326 840
326 585
326 400
326 408
326 787
326 852
326 791
326 664
326 753
326 704
326 416
326 481
326 872
326 844
326 747
326 369
326 627
326 862
326 697
327 897
327 521
327 717
327 531
327 750
327 537
327 667
327 873
327 491
327 748
327 435
327 632
327 490
328 384
328 391
328 527
328 474
328 545
328 867
328 805
328 358
328 371
328 436
328 501
328 374
328 720
328 574
328 693
329 448
329 577
329 397
329 681
329 856
329 799
329 624
329 420
329 677
329 811
329 366
329 628
329 565
329 425
329 888
329 863
330 706
330 456
330 720
330 593
330 850
330 343
330 600
330 796
330 413
330 671
330 689
330 688
330 755
330 725
331 896
331 419
331 580
331 582
331 714
331 860
331 522
331 527
331 432
331 850
331 436
331 413
331 412
331 490
331 766
332 701
332 770
332 427
332 618
332 831
332 648
332 781
332 554
332 471
332 410
332 346
332 673
332 419
332 681
332 625
332 437
332 784
332 378
332 445
333 897
333 642
333 518
333 526
333 785
333 535
333 537
333 347
333 860
333 423
333 494
333 498
333 885
333 377
333 831
334 448
334 834
334 395
334 454
334 713
334 459
334 899
334 532
334 662
334 604
334 826
334 799
334 803
334 612
334 870
334 807
334 617
334 683
334 752
334 433
334 695
334 570
334 700
335 579
335 773
335 456
335 397
335 654
335 785
335 578
335 474
335 845
335 874
335 499
335 885
335 807
335 441
335 378
335 766
336 578
336 452
336 705
336 781
336 480
336 407
336 665
336 410
336 347
336 668
336 542
336 783
336 795
336 806
336 747
336 850
336 815
336 840
336 445
337 896
337 769
337 898
337 843
337 461
337 499
337 658
337 579
337 537
337 346
337 614
337 872
337 689
337 504
337 703
338 449
338 580
338 822
338 646
338 648
338 665
338 474
338 860
338 425
338 362
338 428
338 637
338 432
338 818
338 436
338 570
338 443
338 426
339 449
339 515
339 583
339 844
339 650
339 842
339 850
339 814
339 342
339 727
339 879
339 607
339 481
339 587
339 675
339 424
339 871
339 558
339 872
339 499
339 438
339 439
339 570
339 863
339 865
339 445
339 831
340 518
340 360
340 683
340 466
340 878
340 399
340 689
340 883
340 854
340 662
340 380
340 495
340 421
341 811
341 518
341 865
341 396
341 848
341 792
341 722
341 404
341 344
341 667
341 605
341 815
341 411
341 807
341 872
341 619
341 751
341 503
341 767
341 377
342 448
342 550
342 689
342 425
342 428
342 431
342 720
342 794
342 655
342 780
342 837
342 606
342 575
343 513
343 514
343 516
343 645
343 588
343 655
343 526
343 464
343 708
343 475
343 351
343 737
343 677
343 742
343 615
343 552
343 816
343 757
343 505
343 703
344 597
344 784
344 867
344 665
344 763
344 804
344 683
344 364
344 560
344 433
344 500
344 378
344 558
344 767
344 446
344 703
345 704
345 774
345 457
345 397
345 750
345 537
345 349
345 414
345 611
345 357
345 871
345 808
345 368
345 497
345 631
345 842
346 544
346 578
346 405
346 600
346 477
346 737
346 615
346 425
346 743
346 880
346 564
346 681
346 504
346 889
346 701
346 446
347 644
347 518
347 515
347 856
347 795
347 416
347 675
347 356
347 753
347 391
347 876
347 658
347 369
347 690
347 787
347 629
347 507
347 383
348 736
348 737
348 898
348 526
348 558
348 819
348 479
348 609
348 636
348 423
348 498
348 565
348 380
348 447
349 833
349 645
349 456
349 650
349 779
349 782
349 399
349 823
349 531
349 463
349 475
349 541
349 734
349 731
349 806
349 871
349 552
349 617
349 477
349 403
349 854
349 565
349 829
350 832
350 750
350 515
350 667
350 806
350 896
350 824
350 813
350 654
350 495
350 528
350 466
350 536
350 413
350 830
351 800
351 516
351 517
351 775
351 463
351 850
351 669
351 543
351 483
351 835
351 363
351 818
351 645
351 499
351 696
351 377
351 634
351 709
351 637
351 821
352 771
352 777
352 778
352 661
352 789
352 602
352 477
352 741
352 485
352 550
352 679
352 405
352 362
352 619
352 392
352 434
352 567
352 634
352 637
352 533
353 640
353 517
353 701
353 795
353 461
353 739
353 578
353 729
353 591
353 414
353 415
353 804
353 867
353 686
353 559
353 432
353 840
353 862
353 543
353 650
353 383
354 450
354 675
354 807
354 649
354 393
354 471
354 581
354 781
354 465
354 739
354 772
354 669
355 673
355 648
355 650
355 375
355 499
355 427
355 679
355 435
355 565
355 439
355 889
355 637
356 391
356 462
356 528
356 547
356 750
356 755
356 664
356 802
356 366
356 751
356 499
356 724
356 634
356 508
356 586
356 510
357 776
357 484
357 719
357 483
357 854
357 857
357 730
357 796
357 799
357 738
357 547
357 870
357 620
357 753
357 629
357 827
358 514
358 647
358 777
358 439
358 594
358 539
358 834
358 610
358 805
358 752
358 841
358 507
358 893
359 451
359 644
359 470
359 361
359 650
359 587
359 533
359 781
359 576
359 601
359 683
359 447
360 896
360 515
360 586
360 724
360 734
360 866
360 612
360 552
360 622
360 369
360 690
360 507
360 394
360 638
361 832
361 403
361 408
361 851
361 603
361 849
361 544
361 490
361 683
361 817
361 370
361 723
361 862
361 894
362 448
362 667
362 645
362 705
362 429
362 471
362 793
362 410
362 602
362 547
362 763
362 686
362 488
362 500
362 889
362 575
363 832
363 896
363 579
363 646
363 393
363 720
363 658
363 869
363 452
363 603
363 803
363 612
363 710
363 827
363 680
363 745
363 558
363 873
363 808
363 498
363 691
363 628
363 713
363 372
363 835
363 818
364 578
364 389
364 774
364 456
364 651
364 523
364 780
364 781
364 847
364 784
364 596
364 539
364 834
364 856
364 886
364 376
364 765
364 565
365 525
365 592
365 851
365 662
365 728
365 606
365 678
365 431
365 883
365 439
365 638
366 748
366 459
366 844
366 462
366 783
366 464
366 544
366 536
366 793
366 541
366 576
366 549
366 416
366 367
366 880
366 547
366 882
366 442
366 639
366 447
367 641
367 394
367 523
367 781
367 686
367 537
367 616
367 626
367 883
367 695
367 810
368 620
368 838
368 457
368 771
368 468
368 755
368 425
368 683
368 748
368 558
368 374
368 441
368 639
369 768
369 776
369 524
369 525
369 621
369 657
369 402
369 663
369 729
369 482
369 810
369 557
369 878
369 559
369 432
369 722
369 411
369 475
370 512
370 386
370 899
370 392
370 663
370 657
370 466
370 878
370 599
370 559
370 495
370 543
370 876
370 434
370 628
370 761
370 442
371 642
371 707
371 588
371 834
371 607
371 553
371 809
371 689
371 564
371 521
371 400
372 448
372 491
372 517
372 711
372 651
372 591
372 664
372 667
372 607
372 892
372 680
372 622
372 687
372 881
372 819
372 437
372 826
372 828
373 480
373 859
373 485
373 422
373 711
373 883
373 550
373 876
373 877
373 462
373 466
373 643
373 758
373 692
373 730
373 443
373 541
374 839
374 662
374 408
374 665
374 666
374 859
374 861
374 735
374 610
374 806
374 809
374 620
374 531
374 696
374 377
374 383
374 447
375 385
375 386
375 581
375 648
375 651
375 591
375 857
375 537
375 604
375 481
375 802
375 747
375 688
375 626
375 887
375 835
375 700
375 574
376 640
376 840
376 843
376 844
376 850
376 541
376 837
376 420
376 424
376 618
376 750
376 561
376 691
376 695
376 378
376 891
376 382
377 720
377 530
377 736
377 417
377 419
377 429
377 829
377 881
377 568
377 813
377 381
377 894
378 890
378 677
378 664
378 875
378 461
378 408
378 824
378 567
378 474
378 797
378 837
379 544
379 549
379 553
379 573
379 756
379 405
379 762
379 860
379 798
379 693
380 828
380 396
380 650
380 460
380 530
380 607
380 668
380 622
380 625
380 435
380 786
380 763
380 572
381 653
381 464
381 450
381 739
381 552
381 456
381 567
381 386
381 501
381 505
381 527
381 508
381 574
382 899
382 389
382 394
382 727
382 460
382 663
382 793
382 415
382 809
382 624
382 776
382 498
382 506
382 507
382 554
382 735
383 737
383 712
383 770
383 467
383 476
383 479
383 544
383 493
383 613
383 752
383 609
383 699
384 832
384 580
384 713
384 522
384 418
384 784
384 851
384 799
384 544
384 845
384 748
384 691
384 573
385 705
385 643
385 851
385 660
385 527
385 481
385 804
385 871
385 748
385 498
385 875
385 444
386 448
386 705
386 836
386 781
386 595
386 534
386 794
386 859
386 685
386 431
386 500
386 439
387 640
387 748
387 646
387 705
387 520
387 393
387 588
387 468
387 534
387 864
387 801
387 546
387 868
387 873
387 685
387 430
387 883
387 506
387 765
388 774
388 583
388 883
388 856
388 739
388 600
388 409
388 412
388 419
388 552
388 816
388 755
388 699
388 444
388 637
389 773
389 585
389 653
389 719
389 592
389 728
389 788
389 727
389 603
389 671
389 795
389 679
389 743
389 562
389 852
389 656
389 764
389 703
390 780
390 467
390 599
390 875
390 667
390 774
390 872
390 811
390 432
390 753
390 630
390 573
390 702
391 768
391 457
391 522
391 759
391 719
391 720
391 530
391 724
391 598
391 516
391 730
391 688
391 610
391 420
391 849
391 424
391 823
391 758
391 695
391 752
392 651
392 655
392 660
392 853
392 854
392 855
392 601
392 860
392 799
392 866
392 667
392 484
392 646
392 552
392 492
392 750
392 823
393 449
393 486
393 778
393 843
393 535
393 857
393 542
393 685
393 694
394 577
394 782
394 776
394 585
394 462
394 592
394 531
394 596
394 597
394 598
394 472
394 478
394 489
394 746
394 754
394 632
394 827
395 416
395 579
395 517
395 648
395 649
395 778
395 888
395 406
395 417
395 419
395 804
395 814
395 840
395 690
395 765
396 737
396 525
396 660
396 410
396 668
396 741
396 872
396 438
396 852
396 788
397 641
397 836
397 545
397 462
397 661
397 420
397 668
397 423
397 496
397 690
397 564
397 886
397 713
397 888
397 511
398 516
398 705
398 456
398 650
398 594
398 851
398 539
398 704
398 797
398 622
398 562
398 824
398 634
398 636
398 829
399 669
399 452
399 714
399 469
399 740
399 870
399 490
399 875
399 492
399 689
399 889
400 641
400 705
400 759
400 653
400 504
400 851
400 596
400 726
400 727
400 547
400 613
400 632
400 533
401 635
401 485
401 887
401 647
401 823
401 493
401 784
401 526
401 604
401 554
402 709
402 842
402 655
402 895
402 536
402 783
402 677
402 619
402 701
402 561
402 820
402 443
402 865
403 529
403 846
403 884
403 868
403 411
403 657
403 699
403 862
403 549
403 423
403 686
403 415
403 565
403 504
403 596
403 635
403 831
404 450
404 895
404 708
404 524
404 722
404 723
404 789
404 730
404 795
404 506
404 478
404 737
404 482
404 806
404 878
404 751
404 628
404 630
404 762
404 635
404 605
405 669
405 693
405 514
405 530
405 757
405 789
405 804
405 671
405 766
405 699
405 420
405 422
405 488
405 617
405 556
405 767
405 818
405 501
405 825
405 700
405 638
405 565
406 627
406 449
406 863
406 513
406 873
406 723
406 699
406 667
406 446
406 639
407 811
407 518
407 737
407 522
407 461
407 526
407 847
407 601
407 442
407 479
407 545
407 743
407 558
407 765
407 560
407 752
407 563
407 569
407 828
407 445
408 513
408 773
408 897
408 712
408 514
408 786
408 813
408 561
408 685
408 496
408 856
408 627
408 657
408 882
408 765
409 706
409 456
409 780
409 659
409 532
409 864
409 865
409 611
409 678
409 619
409 557
409 624
409 871
409 501
409 895
409 636
409 638
409 757
410 704
410 832
410 708
410 520
410 725
410 414
410 862
410 617
410 850
410 438
410 777
410 571
411 878
411 648
411 521
411 810
411 793
411 435
411 462
411 840
411 473
411 495
411 734
411 677
411 425
411 558
411 627
411 567
411 763
411 767
412 513
412 468
412 538
412 800
412 485
412 678
412 487
412 490
412 684
412 700
412 524
413 704
413 651
413 710
413 893
413 713
413 721
413 595
413 531
413 516
413 644
413 606
413 753
414 643
414 788
414 474
414 796
414 491
414 631
415 713
415 680
415 652
415 490
415 429
415 878
415 754
415 821
415 630
415 599
415 673
415 595
416 571
416 781
416 492
416 882
416 851
416 469
416 503
416 824
416 572
416 634
416 863
417 520
417 586
417 718
417 579
417 879
417 459
417 715
417 808
417 809
417 648
417 496
417 739
418 859
418 517
418 705
418 843
418 812
418 845
418 660
418 755
418 891
418 763
419 448
419 697
419 463
419 656
419 838
419 853
419 890
419 891
419 540
419 817
419 608
419 847
419 421
419 732
419 490
419 750
419 861
419 552
419 439
419 631
419 634
419 443
419 575
420 898
420 843
420 470
420 860
420 421
420 424
420 777
420 821
420 649
420 635
421 448
421 576
421 579
421 589
421 784
421 731
421 483
421 679
421 622
421 693
421 574
422 448
422 579
422 454
422 585
422 774
422 664
422 817
422 739
422 679
422 745
422 618
422 491
422 556
422 861
422 884
422 886
422 829
423 525
423 850
423 675
423 689
423 808
423 562
423 435
423 825
423 570
423 893
424 608
424 646
424 649
424 792
424 537
424 669
424 612
424 774
424 892
424 494
424 816
424 498
424 830
424 769
424 767
425 896
425 427
425 458
425 843
425 659
425 533
425 864
425 815
425 809
425 747
425 876
425 558
425 687
425 520
425 841
425 440
425 569
426 599
426 651
426 455
426 876
426 458
426 440
426 598
426 604
426 601
426 672
426 746
426 492
426 786
426 498
426 697
426 634
427 539
427 707
427 709
427 840
427 728
427 536
427 601
427 480
427 806
427 685
427 750
427 827
427 574
428 459
428 524
428 598
428 473
428 734
428 481
428 551
428 797
428 634
428 766
429 641
429 588
429 527
429 720
429 818
429 821
429 756
429 791
429 607
429 764
429 719
430 774
430 577
430 520
430 648
430 846
430 719
430 855
430 559
430 671
430 672
430 554
430 561
430 442
430 891
430 444
430 446
431 648
431 514
431 834
431 477
431 444
431 776
431 818
431 567
431 890
431 764
432 515
432 650
432 524
432 710
432 536
432 602
432 540
432 479
432 455
432 487
432 745
432 810
432 722
432 814
432 502
432 720
433 792
433 641
433 780
433 748
433 857
433 698
433 879
433 826
433 501
434 577
434 733
434 454
434 583
434 649
434 736
434 531
434 576
434 605
434 442
434 646
434 679
434 892
434 811
434 556
434 882
434 694
434 887
434 696
434 769
435 579
435 461
435 529
435 595
435 788
435 657
435 602
435 591
435 736
435 801
435 610
435 549
435 683
435 563
435 886
435 823
435 824
435 500
435 738
436 576
436 708
436 524
436 656
436 467
436 602
436 731
436 860
436 607
436 869
436 871
436 622
436 879
436 500
436 565
436 489
436 762
436 863
436 700
436 445
437 706
437 724
437 802
437 716
437 656
437 787
437 660
437 731
437 670
437 867
437 679
437 468
437 560
437 628
437 886
437 509
437 895
438 896
438 844
438 650
438 653
438 717
438 464
438 791
438 543
438 617
438 798
438 621
438 498
438 693
438 503
439 577
439 643
439 648
439 468
439 726
439 755
439 793
439 478
439 607
439 688
439 748
439 561
439 632
439 511
439 764
439 554
439 501
440 455
440 456
440 842
440 674
440 802
440 528
440 888
440 659
440 538
440 667
440 751
440 610
440 603
440 806
440 486
440 689
440 493
440 648
440 739
440 824
441 518
441 897
441 850
441 855
441 591
441 605
441 517
441 610
441 488
441 682
441 679
441 894
441 630
441 649
441 889
441 446
442 643
442 777
442 533
442 825
442 719
442 592
442 593
442 531
442 791
442 875
442 602
442 799
442 480
442 615
442 746
442 871
442 620
442 751
442 569
442 763
443 512
443 833
443 869
443 584
443 501
443 533
443 557
443 784
443 497
443 755
443 827
443 892
443 712
443 511
444 640
444 449
444 718
444 804
444 783
444 864
444 482
444 484
444 684
444 626
444 692
444 575
445 518
445 517
445 712
445 461
445 473
445 733
445 805
445 842
445 690
445 499
445 886
445 823
445 632
445 699
445 892
445 565
446 708
446 581
446 844
446 848
446 596
446 558
446 633
446 884
446 801
446 697
446 846
446 556
446 817
446 565
446 888
446 632
446 533
447 674
447 580
447 646
447 586
447 747
447 770
447 721
447 658
447 857
447 476
447 510
447 799
448 640
448 710
448 775
448 776
448 842
448 514
448 849
448 774
448 843
448 663
448 606
448 481
448 548
448 749
448 565
448 568
448 682
449 844
449 610
449 535
449 536
449 537
449 732
449 736
449 546
449 485
449 568
449 490
449 499
449 628
449 504
449 699
449 509
450 451
450 840
450 486
450 715
450 874
450 782
450 803
450 686
450 507
450 804
450 681
450 682
450 749
450 494
450 624
450 563
450 566
450 745
450 891
451 763
451 776
451 675
451 843
451 659
451 558
451 790
451 665
451 541
451 607
451 732
451 796
451 668
451 807
451 881
451 818
451 691
451 502
451 823
451 569
451 543
452 875
452 711
452 456
452 524
452 849
452 722
452 724
452 727
452 729
452 474
452 860
452 858
452 482
452 611
452 872
452 828
452 554
452 815
452 881
452 823
452 894
452 703
453 832
453 580
453 650
453 578
453 658
453 661
453 599
453 729
453 795
453 866
453 811
453 627
453 565
453 819
453 693
454 705
454 769
454 776
454 651
454 515
454 483
454 659
454 470
454 474
454 668
454 865
455 514
455 710
455 521
455 842
455 563
455 879
455 745
455 494
455 873
455 561
455 627
455 565
455 631
455 702
456 576
456 669
456 674
456 583
456 535
456 461
456 580
456 644
456 718
456 539
456 741
456 481
456 482
456 677
456 552
456 692
456 703
456 541
457 778
457 529
457 644
457 795
457 478
457 737
457 802
457 740
457 622
457 559
457 762
457 638
458 768
458 641
458 748
458 590
458 659
458 532
458 472
458 605
458 870
458 797
458 565
458 707
458 632
458 788
458 894
459 833
459 518
459 545
459 522
459 593
459 604
459 653
459 745
459 883
459 820
459 885
459 824
459 761
459 828
459 701
459 575
460 676
460 736
460 546
460 830
460 870
460 778
460 501
460 866
460 693
460 499
460 571
461 576
461 768
461 645
461 521
461 715
461 526
461 465
461 466
461 798
461 793
461 667
461 540
461 670
461 672
461 619
461 499
461 693
461 585
461 766
462 878
462 520
462 663
462 547
462 789
462 740
462 730
462 476
462 734
462 815
462 749
462 669
462 758
463 769
463 715
463 721
463 467
463 789
463 600
463 677
463 556
463 569
464 514
464 740
464 518
464 775
464 744
464 534
464 710
464 498
464 564
464 540
465 514
465 579
465 775
465 471
465 782
465 738
465 476
465 606
465 609
465 487
465 684
465 889
465 762
465 763
465 801
466 895
466 763
466 786
466 532
466 869
466 549
466 683
466 814
466 755
466 822
467 708
467 569
467 535
467 857
467 613
467 801
467 486
467 689
467 552
467 553
467 561
467 562
467 766
467 638
468 781
468 590
468 655
468 806
468 526
468 853
468 537
468 890
468 542
468 549
468 550
468 872
468 618
468 878
468 625
468 627
468 506
468 700
468 693
469 814
469 583
469 521
469 588
469 782
469 784
469 696
469 789
469 854
469 667
469 645
469 803
469 679
469 750
469 709
469 564
469 503
469 703
470 707
470 580
470 590
470 784
470 771
470 811
470 750
470 571
470 765
471 666
471 606
471 607
471 481
471 483
471 743
471 621
471 879
471 648
471 478
471 886
471 510
472 837
472 841
472 587
472 563
472 595
472 531
472 659
472 661
472 481
472 613
472 657
472 584
472 500
472 833
472 705
473 768
473 832
473 647
473 714
473 522
473 844
473 655
473 853
473 503
473 870
473 554
473 878
473 816
473 502
473 713
473 760
473 763
474 707
474 647
474 672
474 779
474 617
474 621
474 499
474 745
475 832
475 592
475 819
475 541
475 849
475 677
475 487
475 808
475 871
475 878
475 688
475 563
475 823
475 568
475 638
476 706
476 708
476 599
476 652
476 834
476 655
476 663
476 870
476 620
476 754
476 627
476 628
476 888
476 697
476 607
477 841
477 844
477 579
477 854
477 608
477 559
477 701
477 832
477 643
477 504
477 570
477 508
478 576
478 704
478 644
478 645
478 600
478 789
478 616
478 619
478 634
478 703
479 770
479 584
479 715
479 781
479 663
479 666
479 730
479 862
479 736
479 623
479 763
479 622
480 705
480 655
480 558
480 726
480 868
480 736
480 592
480 616
480 746
480 890
480 750
480 894
481 604
481 837
481 713
481 620
481 840
481 697
481 827
481 701
482 578
482 710
482 772
482 857
482 601
482 753
482 732
482 735
482 867
482 678
482 615
482 680
482 873
482 688
482 884
482 891
483 643
483 522
483 863
483 590
483 793
483 859
483 540
483 668
483 684
483 562
483 804
483 641
483 763
483 508
483 701
483 833
484 647
484 842
484 671
484 865
484 678
484 554
484 747
484 496
484 753
484 690
484 787
484 565
484 567
484 698
484 574
485 835
485 897
485 712
485 715
485 716
485 655
485 887
485 599
485 670
485 545
485 610
485 830
485 872
485 681
485 881
485 498
485 809
485 891
485 507
486 834
486 718
486 721
486 878
486 730
486 883
486 668
486 803
486 743
486 755
486 777
486 698
486 511
487 707
487 586
487 593
487 600
487 742
487 743
487 882
487 627
487 700
487 765
488 583
488 651
488 787
488 802
488 881
488 872
488 883
488 758
488 887
488 568
488 829
489 577
489 738
489 538
489 546
489 549
489 870
489 627
489 626
489 566
489 824
489 830
490 650
490 654
490 849
490 867
490 538
490 719
490 779
490 679
490 556
490 560
490 508
490 831
491 640
491 555
491 781
491 659
491 539
491 736
491 673
491 612
491 553
491 623
491 823
491 698
491 508
491 783
492 897
492 725
492 527
492 799
492 545
492 626
492 819
492 564
492 822
492 697
493 544
493 800
493 550
493 563
493 789
493 607
493 559
493 865
494 899
494 874
494 876
494 626
494 872
494 789
494 722
495 641
495 812
495 712
495 650
495 810
495 789
495 676
495 605
495 798
495 682
495 506
495 892
495 702
496 644
496 654
496 787
496 601
496 751
496 800
496 618
496 840
496 882
496 560
496 778
496 638
497 895
497 751
497 673
497 546
497 611
497 806
497 680
497 559
497 754
497 760
498 708
498 808
498 658
498 718
498 698
498 671
498 681
498 814
498 689
498 627
498 631
498 570
499 600
499 655
499 826
499 717
499 550
499 647
499 711
499 830
499 511
500 672
500 773
500 777
500 714
500 588
500 802
500 719
500 855
500 783
500 704
500 608
500 677
500 616
500 509
501 576
501 642
501 651
501 631
501 770
501 845
501 531
501 534
501 862
501 677
501 748
501 825
502 580
502 895
502 854
502 727
502 730
502 673
502 678
502 779
502 623
502 753
502 875
502 715
503 708
503 717
503 526
503 847
503 600
503 862
503 742
503 809
503 684
503 820
503 569
504 523
504 850
504 660
504 669
504 678
504 551
504 681
504 555
504 624
504 871
504 630
504 823
504 827
505 773
505 697
505 842
505 759
505 840
505 531
505 535
505 608
505 683
505 614
505 619
505 750
505 689
505 761
505 890
505 573
506 711
506 850
506 533
506 825
506 731
506 671
506 672
506 868
506 552
506 814
506 752
506 763
506 508
506 895
507 839
507 520
507 521
507 721
507 532
507 746
507 556
507 622
507 883
507 695
507 829
507 575
508 576
508 833
508 835
508 581
508 526
508 725
508 545
508 802
508 658
508 561
508 639
509 609
509 527
509 530
509 534
509 885
509 729
509 673
509 870
509 822
510 655
510 659
510 533
510 798
510 806
510 556
510 749
510 703
510 570
510 638
511 603
511 651
511 780
511 729
512 855
512 563
512 608
512 682
512 833
513 585
513 548
513 623
513 624
513 690
513 628
513 757
513 566
513 809
513 636
513 816
514 878
514 840
514 851
514 660
514 538
514 541
514 682
514 877
514 686
514 724
515 839
515 823
515 595
515 661
515 666
515 539
515 676
515 615
515 679
515 687
515 763
516 645
516 791
516 717
516 525
516 723
516 654
516 604
516 547
516 804
516 618
516 622
516 868
517 782
517 837
517 584
517 889
517 718
517 726
517 825
517 664
517 665
517 731
517 870
517 754
517 765
517 851
517 760
517 831
518 833
518 579
518 708
518 591
518 529
518 532
518 624
518 672
518 592
518 802
518 817
518 756
518 632
518 637
519 643
519 647
519 777
519 590
519 783
519 658
519 847
519 802
519 868
519 807
519 876
519 530
519 624
519 753
519 690
519 885
519 688
519 865
520 642
520 772
520 594
520 539
520 604
520 607
520 864
520 804
520 741
520 557
520 688
520 630
520 826
521 578
521 585
521 843
521 846
521 726
521 535
521 591
521 570
521 688
521 803
521 812
522 576
522 770
522 528
522 726
522 612
522 733
522 798
522 738
522 742
522 810
522 711
522 879
522 756
522 759
523 716
523 878
523 753
523 664
523 526
523 600
523 786
523 766
523 569
523 858
524 832
524 646
524 654
524 735
524 865
524 866
524 622
524 691
524 885
524 596
524 703
525 769
525 582
525 657
525 788
525 534
525 792
525 852
525 795
525 543
525 555
525 568
525 697
526 642
526 723
526 794
526 605
526 668
526 742
526 618
526 752
526 561
526 630
526 699
527 768
527 774
527 718
527 727
527 785
527 645
527 547
527 625
527 814
527 756
527 565
528 646
528 572
528 792
528 771
528 852
528 586
529 838
529 724
529 809
529 536
529 799
530 653
530 654
530 656
530 737
530 553
530 711
530 815
531 779
531 757
531 680
531 800
531 735
531 545
531 610
531 803
531 746
531 620
531 625
531 787
531 842
531 574
532 837
532 839
532 648
532 663
532 852
532 597
532 853
532 606
532 763
532 678
532 614
532 622
532 729
532 565
532 890
532 636
532 618
532 734
533 811
533 580
533 774
533 779
533 725
533 855
533 889
533 573
534 708
534 726
534 842
534 735
534 744
534 873
534 871
534 686
534 623
534 880
534 631
534 575
535 772
535 773
535 631
535 536
535 860
535 801
535 614
535 814
535 755
535 567
535 763
535 700
535 821
536 694
536 648
536 713
536 610
536 803
536 854
536 797
536 799
536 800
536 673
536 739
536 876
536 553
536 556
536 678
536 819
536 658
536 637
537 709
537 583
537 590
537 807
537 595
537 662
537 584
537 726
537 758
537 705
537 699
538 748
538 578
538 792
538 606
538 556
538 689
538 697
538 829
539 590
539 840
539 869
539 825
539 550
539 872
539 558
539 759
539 632
539 761
539 573
540 768
540 585
540 824
540 599
540 795
540 762
540 608
540 737
540 555
540 877
540 560
540 656
540 831
541 896
541 839
541 578
541 707
541 857
541 667
541 880
541 675
541 627
541 761
542 790
542 588
542 772
542 729
542 803
542 615
542 762
542 748
542 724
542 592
542 698
543 786
543 773
543 667
543 698
543 551
543 681
543 686
543 677
543 691
543 570
543 635
543 636
543 574
543 639
544 640
544 841
544 705
544 593
544 726
544 657
544 860
544 666
544 849
544 736
544 766
544 563
544 631
545 768
545 705
545 898
545 855
545 605
545 862
545 700
545 823
545 697
545 766
546 583
546 712
546 781
546 847
546 760
546 899
546 600
546 602
546 859
546 805
546 608
546 549
546 614
546 785
546 871
546 681
546 571
546 892
546 638
546 767
547 771
547 678
547 846
547 596
547 622
547 662
547 599
547 851
547 719
547 738
547 556
547 687
547 826
547 639
547 682
548 646
548 705
548 879
548 562
548 883
548 564
548 693
548 820
548 762
548 795
549 769
549 833
549 587
549 719
549 784
549 851
549 603
549 611
549 890
549 809
549 697
549 698
549 637
550 770
550 683
550 648
550 827
550 655
550 722
550 872
550 618
550 626
550 788
551 576
551 644
551 646
551 775
551 648
551 841
551 587
551 716
551 792
551 852
551 625
551 628
551 825
552 704
552 701
552 834
552 647
552 716
552 718
552 856
552 848
552 824
552 600
552 814
552 713
552 696
552 596
552 702
553 576
553 608
553 806
553 847
553 862
553 896
553 570
554 768
554 656
554 799
554 672
554 808
554 681
554 745
554 620
554 815
554 696
554 825
554 826
554 622
555 705
555 584
555 590
555 750
555 663
555 826
555 733
555 734
555 865
555 611
555 559
555 564
555 887
555 762
555 639
556 642
556 664
556 853
556 689
556 795
556 658
556 559
556 786
556 691
557 706
557 846
557 597
557 598
557 889
557 826
557 672
557 744
557 700
557 558
557 688
557 722
557 762
557 571
557 622
558 897
558 583
558 779
558 849
558 855
558 793
558 851
558 830
558 632
558 637
559 640
559 773
559 583
559 712
559 715
559 722
559 706
559 665
559 753
559 800
559 739
559 678
559 880
559 723
559 827
559 574
560 770
560 778
560 604
560 688
560 743
560 619
560 621
560 886
560 826
560 829
561 800
561 592
561 725
561 727
561 672
561 678
561 743
561 826
561 882
561 822
561 706
561 894
561 895
562 646
562 682
562 853
562 725
562 564
562 788
562 856
562 708
562 765
562 703
563 769
563 663
563 721
563 612
563 884
563 832
563 896
563 617
563 836
563 572
563 702
564 832
564 608
564 706
564 770
564 836
564 715
564 665
564 762
564 735
564 806
564 693
564 696
564 891
565 611
565 773
565 829
565 691
565 609
565 871
565 605
565 885
565 632
566 709
566 648
566 777
566 661
566 806
566 619
566 880
566 759
566 697
567 704
567 773
567 646
567 840
567 675
567 661
567 741
567 678
567 867
567 825
567 709
568 707
568 839
568 883
568 651
568 596
568 728
568 796
568 606
568 815
568 806
568 614
568 878
568 691
568 637
569 800
569 770
569 839
569 725
569 741
569 672
569 843
569 866
569 584
570 576
570 578
570 715
570 852
570 755
570 787
570 601
570 602
570 611
570 873
570 797
570 759
571 642
571 845
571 722
571 660
571 804
571 865
571 818
571 631
571 637
572 736
572 580
572 801
572 892
572 660
572 599
572 856
572 766
572 893
572 703
573 726
573 713
573 654
573 785
573 665
573 606
573 702
573 864
573 801
573 687
573 693
574 582
574 586
574 716
574 653
574 657
574 870
574 794
574 733
574 862
574 867
574 796
574 615
574 843
574 778
574 632
574 689
575 704
575 710
575 722
575 856
575 721
575 797
575 677
575 790
575 637
576 704
576 843
576 802
576 894
576 767
577 898
577 585
577 784
577 664
577 835
577 742
577 777
577 692
577 638
578 641
578 787
578 854
578 675
578 797
578 880
578 691
578 735
578 765
578 894
579 667
579 769
579 722
579 611
579 674
579 804
579 828
579 895
580 840
580 800
580 892
580 821
580 777
580 829
580 766
581 705
581 673
581 780
581 757
581 671
581 611
581 874
581 896
581 709
581 627
581 762
581 629
582 802
582 827
582 633
582 648
582 844
582 767
583 706
583 892
583 666
583 883
583 604
583 858
583 737
583 740
583 615
583 824
583 685
583 691
583 617
583 895
583 850
583 722
584 710
584 673
584 631
584 698
584 798
584 749
584 773
584 697
585 657
585 594
585 853
585 603
585 709
585 689
585 760
585 893
586 644
586 778
586 723
586 729
586 861
586 818
586 639
587 640
587 841
587 592
587 857
587 600
587 612
587 735
587 681
587 685
587 887
587 889
587 703
588 756
588 839
588 617
588 665
588 851
588 765
589 822
589 804
589 673
589 604
589 662
589 598
589 592
589 825
589 666
589 897
590 899
590 645
590 779
590 726
590 730
590 746
590 635
590 891
591 886
591 661
591 666
591 679
591 794
591 659
591 757
591 767
592 800
592 843
592 685
592 595
592 738
592 891
592 874
592 883
592 693
592 830
593 897
593 646
593 748
593 803
593 661
593 599
593 666
593 869
593 746
593 815
593 823
593 895
594 801
594 790
594 600
594 740
594 678
594 621
594 750
594 894
594 632
595 705
595 717
595 660
595 723
595 665
595 603
595 669
595 879
595 868
595 735
595 747
595 684
595 631
596 834
596 866
596 846
596 721
596 729
596 608
596 673
596 720
596 813
596 823
596 700
596 767
597 724
597 855
597 886
597 733
598 771
598 645
598 720
598 849
598 791
598 600
598 733
598 607
598 878
598 764
598 874
599 875
599 748
599 715
599 658
599 854
599 666
599 865
599 683
599 684
599 622
599 851
599 893
599 766
600 801
600 653
600 788
600 727
600 792
600 667
600 609
600 746
600 798
600 758
600 764
601 710
601 843
601 854
601 728
601 645
601 813
601 878
601 840
602 723
602 804
602 805
602 744
602 826
602 812
602 639
603 880
603 615
603 647
603 720
603 786
603 852
603 702
604 780
604 842
604 781
604 850
604 751
604 796
604 733
604 741
604 806
604 679
604 647
604 840
605 644
605 656
605 725
605 642
605 885
605 794
605 743
605 638
606 814
606 831
606 725
606 815
606 860
606 608
606 741
606 680
606 892
606 884
606 700
606 703
607 781
607 897
607 650
607 839
607 759
607 868
607 801
607 870
607 743
607 823
607 888
607 756
607 637
608 829
608 889
608 613
608 689
609 772
609 778
609 843
609 610
609 850
609 664
609 822
609 764
610 832
610 716
610 870
610 668
610 734
610 748
610 749
610 820
611 723
611 858
611 682
611 695
611 763
612 648
612 649
612 659
612 750
612 755
612 875
612 665
612 668
612 861
612 616
612 720
613 712
613 649
613 842
613 665
613 664
613 729
613 794
613 869
613 742
613 747
613 841
613 751
613 880
613 625
614 812
614 887
614 659
614 670
614 673
614 732
614 619
614 748
614 824
614 632
615 644
615 725
615 857
615 669
615 645
615 629
615 635
616 729
616 645
616 736
616 805
616 846
616 747
616 890
616 625
617 844
617 717
617 780
617 816
617 675
617 742
617 785
617 730
617 688
617 746
617 832
618 661
618 742
618 727
618 670
618 620
618 752
618 853
619 800
619 746
619 711
619 889
619 806
619 726
619 633
619 841
619 679
619 682
619 686
619 699
620 838
620 780
620 851
620 866
620 742
620 679
620 711
620 753
620 756
620 894
620 624
620 819
620 865
621 832
621 837
621 648
621 792
621 798
621 891
621 743
621 700
621 747
621 750
621 873
621 631
621 827
622 835
622 710
622 839
622 852
622 800
622 801
622 679
622 660
622 880
622 626
622 823
622 765
622 693
623 770
623 776
623 777
623 784
623 898
623 753
623 873
623 627
624 733
624 722
624 861
624 777
624 891
624 703
625 769
625 892
625 792
625 795
625 860
625 803
625 874
625 819
625 762
625 725
626 642
626 773
626 721
626 658
626 858
626 799
626 822
626 766
626 703
627 770
627 814
627 772
627 799
627 792
627 659
627 684
627 629
627 694
627 660
627 709
628 648
628 714
628 881
628 723
628 797
628 671
628 676
628 805
628 753
628 807
628 833
628 820
629 861
629 750
629 751
629 817
629 693
630 641
630 843
630 724
630 860
630 866
630 873
630 876
631 675
631 716
631 783
631 858
631 863
631 737
631 862
631 870
631 647
631 754
631 693
632 898
632 773
632 866
632 655
632 728
632 863
632 864
632 815
632 847
632 637
632 753
632 755
632 692
632 891
632 828
633 651
633 776
633 783
633 728
633 730
633 797
633 885
633 824
633 895
634 835
634 641
634 776
634 660
634 742
634 681
634 700
634 840
635 863
635 841
635 845
635 727
635 740
635 733
635 675
635 806
635 749
635 821
635 828
635 829
636 832
636 787
636 741
636 839
636 862
636 698
637 799
637 646
637 667
637 870
637 808
637 762
637 777
637 830
638 646
638 658
638 726
638 735
638 739
638 812
638 830
638 882
638 884
638 757
638 713
638 761
638 863
639 768
639 848
639 739
639 856
639 859
640 772
640 711
640 714
640 719
640 656
640 895
640 665
640 828
640 765
640 766
640 703
641 780
641 849
641 789
641 668
641 817
641 747
641 760
641 830
642 843
642 837
642 840
642 659
642 828
642 817
642 700
643 808
643 871
643 718
643 894
643 709
644 783
644 723
644 654
644 737
644 695
645 802
645 649
645 658
645 717
645 781
645 722
645 690
645 886
646 647
646 659
646 721
646 794
646 870
647 832
647 791
647 655
647 847
647 807
647 691
647 775
647 757
647 822
647 888
648 840
648 751
648 837
648 668
648 816
649 833
649 711
649 848
649 665
649 798
649 897
649 784
649 692
650 768
650 715
650 661
650 892
650 743
650 812
650 709
651 728
651 788
651 666
651 805
651 685
651 878
651 838
652 863
652 673
652 713
652 779
652 722
652 867
652 814
652 662
652 739
652 812
652 696
652 712
653 785
653 726
653 730
653 830
653 824
653 764
654 708
654 864
654 871
654 684
654 765
655 898
655 780
655 825
655 673
655 849
655 662
655 884
656 710
656 778
656 715
656 847
656 665
656 671
656 677
656 743
656 809
657 705
657 868
657 892
657 723
657 693
658 713
658 714
658 722
658 803
658 878
658 870
658 744
658 888
658 891
658 882
659 787
659 871
660 768
660 802
660 849
660 860
660 757
660 673
660 747
660 823
661 705
661 875
661 847
661 798
661 740
661 828
661 862
661 700
662 771
662 666
662 719
662 869
662 683
662 890
662 703
662 701
662 831
663 778
663 781
663 848
663 827
663 741
663 724
663 700
664 715
664 672
664 779
664 870
664 811
664 816
664 894
664 690
664 830
664 702
665 710
665 801
665 787
665 785
665 812
665 723
665 821
665 713
665 761
665 838
666 713
666 899
666 795
666 681
666 880
666 755
667 891
667 888
667 835
667 889
667 734
667 761
668 706
668 705
668 675
668 880
668 816
668 757
668 695
669 790
669 747
669 755
669 884
669 821
669 697
669 893
670 769
670 897
670 840
670 857
670 681
670 847
671 838
671 812
671 844
671 781
671 726
671 862
671 805
671 745
671 684
671 821
671 754
671 828
671 714
672 898
672 727
672 719
672 864
672 738
672 811
672 748
672 694
672 697
672 699
672 828
672 682
673 748
673 838
673 723
673 751
673 758
673 760
673 762
674 874
674 807
674 848
674 786
674 884
674 861
675 845
675 867
675 814
676 845
676 712
676 779
676 744
676 834
677 763
677 714
677 789
677 729
677 685
677 820
677 699
677 828
678 835
678 797
678 758
678 838
678 730
678 794
678 826
678 891
679 839
679 812
679 875
679 692
679 707
679 696
680 871
680 763
680 775
680 802
680 846
680 794
680 703
681 716
681 738
681 846
681 751
681 755
681 756
681 694
681 887
681 766
682 875
682 838
682 761
682 728
682 768
682 685
682 759
683 798
683 751
683 690
683 763
683 764
684 774
684 844
684 845
684 866
684 811
684 775
684 822
685 843
685 734
685 801
685 892
686 790
686 770
686 826
686 847
686 702
687 776
687 797
687 734
687 899
687 853
688 706
688 850
688 788
688 789
688 745
688 818
688 801
689 704
689 871
689 812
689 781
689 696
689 809
689 810
690 832
690 834
690 772
690 725
690 858
690 737
690 742
690 886
690 887
690 875
691 715
691 805
691 870
691 721
691 881
691 883
692 787
692 894
693 704
693 877
693 838
693 876
693 719
693 856
693 732
693 748
693 871
694 845
694 791
694 796
694 887
694 740
694 741
694 814
694 828
695 782
695 895
695 720
695 805
695 846
695 755
695 756
696 768
696 775
696 719
696 857
696 738
696 820
697 733
697 747
697 772
697 814
697 782
697 854
697 791
697 859
697 745
697 711
697 824
697 764
697 789
698 843
698 788
698 816
698 838
699 782
699 790
699 776
699 779
699 720
699 798
699 742
699 888
700 705
700 707
700 710
700 897
700 823
700 822
701 774
701 781
701 852
701 727
701 870
701 812
701 880
701 894
701 829
702 886
702 848
702 856
702 804
702 751
702 739
702 712
703 882
703 820
703 790
703 789
704 885
704 854
704 844
704 718
704 853
704 818
704 883
705 832
705 733
705 879
705 783
705 752
705 887
705 852
706 832
706 824
706 749
706 849
706 888
706 738
707 727
707 729
707 827
708 782
708 814
708 829
709 866
709 873
709 767
710 743
710 850
710 782
710 738
711 721
711 797
711 773
711 873
711 820
711 763
712 778
712 878
712 761
712 827
712 842
712 810
712 750
712 805
713 771
713 841
713 784
713 793
714 888
714 728
715 755
715 850
715 770
715 859
715 743
715 829
716 844
716 719
716 823
716 729
716 755
716 888
717 877
717 785
717 790
717 732
717 862
717 863
717 873
717 767
719 816
719 895
720 896
720 782
720 742
720 884
720 831
721 851
721 776
721 891
721 850
721 787
721 804
721 740
721 867
721 817
721 724
721 829
722 855
722 761
722 771
722 862
722 803
722 817
722 874
722 766
723 768
723 822
723 795
723 729
723 889
723 789
724 726
724 870
724 883
724 885
725 896
725 844
725 727
725 840
725 850
725 856
725 750
725 757
726 776
726 855
726 887
726 783
726 784
726 802
726 832
726 877
727 800
727 770
727 859
727 797
727 868
728 860
728 862
728 773
728 894
728 752
728 884
728 830
729 840
729 780
729 731
729 847
729 806
729 877
729 822
729 826
730 771
730 788
730 784
730 862
730 810
730 873
730 892
731 832
731 846
731 785
731 782
731 860
731 796
731 807
731 883
731 885
732 832
732 865
732 827
732 848
733 780
733 879
733 817
733 829
733 862
734 768
734 800
734 858
734 876
734 889
734 826
734 894
735 832
735 843
735 772
735 847
735 855
735 859
735 739
735 871
735 824
735 810
736 865
736 845
736 793
736 802
736 867
736 885
737 811
737 828
737 743
737 810
738 839
738 780
738 829
738 755
738 808
738 751
739 779
739 802
739 810
739 797
739 798
739 864
739 870
739 872
739 884
740 800
740 899
740 779
740 868
740 742
740 745
741 897
741 850
741 891
741 868
741 742
741 849
741 763
741 766
742 874
742 850
742 793
742 862
742 809
742 829
743 854
743 862
743 797
743 888
743 830
744 830
744 838
744 877
744 847
744 766
744 882
744 764
745 897
745 827
745 852
745 811
745 754
745 820
745 865
746 832
746 833
746 780
746 866
746 805
746 849
746 861
746 762
746 826
747 769
747 781
747 821
747 753
747 775
747 828
748 777
748 844
748 821
748 800
748 798
748 886
749 853
749 865
749 821
749 886
749 827
750 825
750 889
750 814
750 754
750 830
750 763
750 850
750 766
751 781
751 879
751 832
751 796
752 777
752 844
752 825
752 784
752 791
752 878
752 807
752 871
752 884
753 882
753 820
753 765
753 767
754 854
754 819
754 822
754 889
755 795
755 801
755 803
755 816
756 895
756 787
756 826
756 893
756 758
756 888
756 882
757 780
757 790
757 865
757 762
757 875
757 813
757 851
758 866
758 877
759 801
759 791
759 866
759 772
759 843
759 877
760 773
760 793
760 878
760 892
761 770
761 793
761 823
761 791
761 805
762 833
762 834
762 898
762 787
762 883
762 800
762 807
762 871
762 767
763 857
763 855
763 873
764 779
764 850
764 788
764 861
764 816
764 881
764 888
764 892
765 844
765 792
765 789
765 827
766 878
766 772
766 795
766 877
766 874
766 767
767 840
767 782
767 791
767 885
767 893
768 799
768 771
769 834
769 871
769 809
769 829
769 856
769 820
769 799
770 855
770 870
770 875
770 818
771 899
771 774
771 862
771 852
771 897
771 819
772 834
772 850
772 893
773 868
773 806
773 881
773 828
774 842
774 852
774 794
774 890
774 864
774 896
774 813
774 884
774 824
775 890
775 805
776 799
776 871
776 884
776 894
776 778
776 895
777 898
777 798
777 811
778 822
779 862
779 793
780 827
780 868
780 811
780 890
780 799
781 803
782 899
782 818
782 829
782 894
783 875
783 805
783 841
783 881
784 847
784 866
784 871
784 882
784 820
784 894
785 806
785 889
786 798
786 804
786 820
786 788
788 823
788 865
789 844
789 809
790 838
790 839
790 895
790 835
790 797
790 870
791 856
791 794
791 862
791 802
791 888
791 830
792 899
792 800
793 832
793 870
793 871
793 891
794 888
794 882
794 842
795 827
796 880
796 875
797 896
797 856
797 863
797 804
797 806
797 860
797 877
797 881
798 812
798 867
798 884
798 825
799 863
799 801
799 889
799 892
800 854
800 861
800 871
801 802
801 871
801 850
802 889
802 892
802 811
802 816
802 818
802 831
803 897
803 846
803 857
803 860
804 818
804 853
805 846
805 852
806 843
806 830
806 893
807 852
807 812
807 889
808 876
808 822
810 899
811 842
811 858
811 837
811 890
812 847
812 825
813 842
813 857
814 834
814 843
814 883
815 851
816 832
816 835
817 889
817 869
817 868
817 877
817 825
819 840
819 866
819 883
819 827
821 853
821 883
823 836
823 863
823 841
824 864
824 844
824 867
824 898
826 849
826 842
826 843
826 870
826 885
827 846
827 839
830 862
831 851
832 852
832 880
833 850
835 880
835 869
835 890
835 874
836 843
836 837
836 899
837 839
837 863
837 882
838 844
839 865
839 858
840 884
840 892
841 844
841 875
843 878
843 870
844 884
844 892
845 879
846 870
849 859
849 877
852 869
853 864
854 895
855 862
855 863
857 874
858 865
859 885
861 883
864 876
865 897
865 899
866 887
866 891
867 886
868 870
868 882
869 886
869 875
869 884
870 899
870 894
871 890
873 877
874 889
874 887
876 899
876 892
877 883
879 892
881 897
881 883
886 899
888 892
890 892
892 897
893 897
