57
0 208
0 145
1 299
1 265
2 196
2 54
3 50
3 274
4 137
4 59
6 133
6 238
8 179
8 255
9 232
9 55
10 157
10 229
11 98
11 142
12 36
12 70
13 28
14 185
14 119
15 225
15 230
16 196
17 26
17 175
18 248
18 39
19 152
19 41
20 206
21 168
21 230
22 233
22 83
25 57
25 75
26 96
27 193
27 71
28 67
29 116
29 286
30 120
30 37
31 283
32 53
32 183
33 234
34 184
34 162
37 115
38 204
38 135
39 263
40 48
41 55
42 241
42 227
43 198
44 295
45 144
45 192
46 218
47 88
47 228
48 111
49 182
50 86
51 284
51 293
53 169
54 134
56 132
57 277
59 91
60 181
60 286
61 229
62 227
62 124
63 245
64 208
64 149
65 190
65 265
66 128
66 73
67 156
69 272
69 117
70 260
72 193
72 281
73 171
74 187
74 219
75 292
76 188
76 164
77 140
77 103
79 219
79 165
80 174
82 257
82 178
83 207
84 240
84 264
85 256
85 214
86 104
87 287
89 249
89 178
91 126
92 147
92 243
93 169
95 299
95 185
96 139
97 138
97 267
98 295
99 141
99 262
102 112
102 170
103 126
104 189
106 258
106 163
107 206
108 128
108 215
110 152
111 220
112 242
113 269
113 239
114 266
115 260
116 217
117 191
118 289
118 211
119 145
120 132
121 291
121 257
122 250
124 289
125 267
125 263
130 297
130 291
133 170
134 288
135 199
136 204
136 238
137 285
138 247
139 166
141 176
142 215
143 220
143 262
144 218
146 249
146 237
147 194
148 242
148 155
149 275
150 195
153 180
154 221
156 217
157 202
159 245
161 163
161 243
162 190
164 203
165 191
167 176
167 294
168 236
172 212
172 293
173 250
174 224
175 231
177 216
177 288
179 259
181 247
183 203
186 209
186 273
187 254
188 235
189 269
195 277
197 284
197 276
198 248
199 266
200 283
201 282
202 246
205 264
207 256
209 251
210 216
210 228
211 246
212 268
213 290
213 244
222 285
223 294
226 254
226 287
231 279
232 290
234 271
235 240
251 276
255 279
258 259
261 296
270 275
272 298
274 297
292 298
300 5
300 7
300 13
300 23
300 24
300 33
300 35
300 40
300 52
300 56
300 58
300 61
300 68
300 71
300 78
300 81
300 88
300 90
300 93
300 94
300 100
300 101
300 105
300 109
300 110
300 114
300 122
300 123
300 127
300 129
300 131
300 151
300 153
300 155
300 158
300 159
300 160
300 166
300 171
300 182
300 192
300 194
300 200
300 214
300 224
300 233
300 236
300 237
300 244
300 252
300 253
300 268
300 270
300 278
300 280
300 281
300 296
301 5
301 7
301 16
301 20
301 23
301 24
301 31
301 35
301 36
301 43
301 44
301 46
301 49
301 52
301 58
301 63
301 68
301 78
301 80
301 81
301 87
301 90
301 94
301 100
301 101
301 105
301 107
301 109
301 123
301 127
301 129
301 131
301 140
301 150
301 151
301 154
301 158
301 160
301 173
301 180
301 184
301 201
301 205
301 221
301 222
301 223
301 225
301 239
301 241
301 252
301 253
301 261
301 271
301 273
301 278
301 280
301 282
-1 -1
0.012626
