48
0 16
1 210
1 103
2 203
2 243
3 204
3 62
4 291
4 158
5 220
5 30
6 177
6 189
7 42
7 244
8 16
8 166
9 26
9 67
10 238
11 27
12 273
12 244
13 163
13 220
14 115
15 240
15 140
17 212
17 219
18 236
18 182
20 163
20 261
21 286
21 146
22 136
22 76
23 84
23 253
24 284
24 150
25 89
25 43
26 128
27 56
28 201
28 147
29 139
30 127
31 88
31 130
32 52
32 135
33 197
33 229
34 187
34 191
36 295
37 226
38 46
39 56
39 192
41 235
41 207
42 262
43 182
44 161
44 209
45 199
45 119
46 174
47 138
47 117
48 243
48 118
49 117
50 113
50 298
51 192
51 127
52 292
53 156
53 253
54 114
55 270
57 134
58 198
59 211
59 215
60 260
60 124
61 263
62 70
63 118
64 79
65 273
66 252
67 247
68 297
69 132
69 120
70 93
71 129
71 213
73 131
74 186
74 292
75 186
75 204
76 281
77 289
77 89
78 240
78 171
79 155
80 160
80 198
81 160
82 256
83 200
84 172
85 288
86 216
86 172
87 171
87 94
88 225
90 115
90 227
91 251
93 236
94 259
96 232
96 107
97 211
97 218
98 177
99 294
100 288
100 110
101 134
102 197
102 205
104 189
104 279
105 266
106 170
106 282
107 257
108 225
109 254
110 193
111 239
111 166
112 290
112 150
113 256
114 178
116 162
116 223
120 222
121 280
122 194
122 242
123 185
124 145
125 200
125 205
128 157
129 230
130 223
131 261
133 264
133 179
136 188
137 218
137 164
139 195
141 221
141 183
142 190
143 176
143 277
144 250
145 168
146 154
147 216
148 149
149 280
151 252
151 159
152 293
153 157
153 175
154 270
155 213
156 229
158 296
159 276
161 190
162 219
167 217
169 233
169 258
170 180
173 178
173 268
174 267
175 285
179 193
180 272
181 185
181 222
183 282
184 228
188 203
191 259
195 208
196 209
196 239
199 249
201 202
206 250
206 271
207 228
210 254
212 285
217 245
221 258
226 231
227 255
231 297
232 294
234 293
235 281
238 269
241 276
241 287
242 296
248 260
249 274
251 275
257 262
263 275
264 298
266 295
267 271
272 290
274 299
277 299
289 291
300 0
300 11
300 19
300 29
300 35
300 38
300 40
300 49
300 57
300 63
300 65
300 68
300 72
300 82
300 92
300 95
300 99
300 103
300 105
300 108
300 109
300 121
300 123
300 126
300 132
300 138
300 140
300 144
300 148
300 165
300 168
300 184
300 194
300 202
300 214
300 215
300 224
300 233
300 237
300 245
300 246
300 247
300 265
300 278
300 283
300 284
300 286
300 287
301 10
301 14
301 19
301 35
301 36
301 37
301 40
301 54
301 55
301 58
301 61
301 64
301 66
301 72
301 73
301 81
301 83
301 85
301 91
301 92
301 95
301 98
301 101
301 119
301 126
301 135
301 142
301 152
301 164
301 165
301 167
301 176
301 187
301 208
301 214
301 224
301 230
301 234
301 237
301 246
301 248
301 255
301 265
301 268
301 269
301 278
301 279
301 283
-1 -1
0.01227
