36
0 515
0 595
1 590
1 440
2 628
2 681
3 524
4 476
5 674
5 688
6 629
6 643
7 530
7 531
8 552
9 531
9 465
10 660
10 370
11 603
11 381
12 528
13 547
13 592
14 546
14 448
15 690
15 460
16 535
16 640
17 564
18 525
19 512
19 562
20 607
21 513
21 374
22 430
22 491
23 593
23 596
24 539
25 635
25 382
26 650
26 463
27 513
27 449
28 674
28 682
29 539
29 665
30 563
30 641
31 601
31 509
32 538
32 407
33 561
33 497
34 522
34 372
35 618
35 378
36 639
37 575
37 464
38 512
38 557
39 529
39 699
40 668
40 698
41 663
41 487
42 556
42 418
43 516
43 419
44 617
44 402
45 578
45 455
46 645
46 647
47 554
47 566
48 690
48 473
49 386
49 453
50 413
50 423
51 534
51 632
52 632
52 456
53 397
54 471
55 627
56 467
56 494
57 383
58 520
58 649
59 524
59 670
60 551
61 572
61 398
62 655
62 412
63 573
63 656
64 577
64 429
65 378
65 485
66 565
66 454
67 556
67 624
68 646
68 480
69 530
69 606
70 451
70 466
71 535
71 638
72 607
72 696
73 631
73 484
74 603
74 666
75 431
75 441
76 555
76 399
77 604
77 439
78 397
79 597
80 442
80 483
81 533
81 481
82 544
82 631
83 548
83 654
84 574
84 630
85 637
85 440
86 651
87 687
87 697
88 536
88 643
89 670
89 434
90 564
90 583
91 436
92 545
93 526
93 374
94 434
94 442
95 373
95 380
96 662
96 392
97 626
97 474
98 633
98 492
99 387
99 462
100 655
100 686
101 622
101 683
102 425
102 432
103 561
103 671
104 527
104 437
105 599
106 459
106 500
107 566
108 453
109 527
109 689
110 664
110 667
111 657
111 479
112 675
113 587
113 605
114 371
114 387
115 590
115 406
116 521
116 412
117 536
117 682
118 553
119 437
119 450
120 637
120 375
121 695
122 479
122 509
123 611
123 395
124 430
124 473
125 569
125 486
126 571
126 435
127 614
128 602
128 656
129 534
129 433
130 565
131 409
132 548
132 589
133 537
133 581
134 626
134 394
135 560
135 575
136 621
136 503
137 669
137 691
138 462
138 470
139 540
139 673
140 609
140 471
141 540
141 568
142 630
142 373
143 623
143 508
144 484
145 422
145 445
146 580
146 477
147 657
147 426
148 609
148 408
149 620
149 408
150 594
151 505
152 521
153 604
153 658
154 544
154 368
155 676
155 504
156 526
156 433
157 694
157 424
158 369
158 384
159 495
159 499
160 450
161 494
162 662
162 388
163 594
163 600
164 677
165 644
165 390
166 391
166 469
167 644
167 406
168 699
168 423
169 569
169 574
170 605
171 520
171 560
172 528
172 498
173 617
173 416
174 436
174 478
175 685
175 376
176 621
176 684
177 383
177 415
178 693
178 419
179 576
179 614
180 687
180 391
181 562
181 659
182 525
183 602
183 688
184 649
184 493
185 641
185 425
186 546
186 426
187 411
187 416
188 517
188 599
189 559
189 480
190 582
190 432
191 567
191 505
192 429
193 481
194 401
195 486
196 376
196 477
197 549
197 407
198 447
198 496
199 427
199 475
200 375
200 472
201 464
201 468
202 522
202 616
203 601
203 490
204 654
205 370
205 435
206 510
207 619
207 506
208 404
209 579
209 584
210 523
210 487
211 413
211 482
212 600
212 679
213 514
213 396
214 586
215 392
215 417
216 578
216 443
217 608
217 390
218 618
218 653
219 382
219 410
220 642
220 692
221 633
221 377
222 698
222 438
223 579
223 697
224 385
224 415
225 582
225 610
226 640
226 664
227 580
227 667
228 647
228 683
229 553
229 675
230 563
230 672
231 586
232 635
232 511
233 666
233 409
234 589
234 472
235 400
236 451
236 461
237 591
237 652
238 467
238 482
239 610
239 495
240 619
240 694
241 558
241 608
242 629
242 498
243 570
243 455
244 625
245 661
245 672
246 628
246 676
247 386
248 549
248 616
249 394
249 490
250 389
250 411
251 517
251 456
252 625
252 671
253 558
253 476
254 585
254 452
255 447
255 511
256 650
256 689
257 393
257 457
258 681
258 368
259 568
259 461
260 669
260 404
261 371
261 377
262 497
263 543
263 508
264 475
265 685
265 428
266 636
267 550
267 468
268 598
268 431
269 454
269 474
270 693
270 507
271 571
272 452
272 466
273 519
274 518
274 581
275 659
275 427
276 567
276 421
277 645
277 446
278 660
278 485
279 627
279 668
280 532
280 458
281 587
281 401
282 695
282 400
283 478
284 663
284 403
285 677
285 393
286 372
286 443
287 420
287 459
288 634
288 410
289 555
289 379
290 489
291 502
292 552
292 648
293 541
293 463
294 542
294 545
295 533
295 550
296 570
296 613
297 519
297 379
298 593
298 615
299 622
299 457
300 585
300 384
301 551
301 684
302 665
302 499
303 444
303 449
304 612
305 538
306 469
306 489
307 542
307 402
308 652
308 673
309 572
309 648
310 465
311 612
312 424
312 460
313 557
313 615
314 414
315 398
315 502
316 516
316 678
317 583
317 444
318 692
318 506
319 595
319 446
320 501
321 696
321 385
322 518
322 653
323 577
324 529
324 639
325 458
325 488
326 396
327 439
327 491
328 613
328 624
329 559
329 507
330 483
330 493
331 389
331 422
332 501
333 620
333 441
334 532
334 503
335 588
335 380
336 547
336 584
337 588
337 488
338 642
338 405
339 634
340 679
340 381
341 554
342 523
342 537
343 573
343 492
344 678
344 445
345 543
345 470
346 606
346 686
347 680
348 597
348 405
349 500
350 541
350 395
351 591
351 510
352 651
352 418
353 623
353 658
354 414
354 448
355 638
355 496
356 596
356 646
357 576
357 420
358 636
358 421
359 388
359 403
360 514
360 428
361 680
361 417
362 399
362 504
363 515
363 369
364 598
364 661
365 592
365 691
366 611
367 438
700 4
700 8
700 17
700 24
700 36
700 54
700 55
700 57
700 79
700 86
700 105
700 107
700 118
700 121
700 127
700 144
700 150
700 152
700 160
700 164
700 170
700 192
700 193
700 194
700 208
700 231
700 235
700 244
700 290
700 304
700 310
700 332
700 339
700 347
700 349
700 367
701 3
701 12
701 18
701 20
701 53
701 60
701 78
701 91
701 92
701 108
701 112
701 130
701 131
701 151
701 161
701 182
701 195
701 204
701 206
701 214
701 247
701 262
701 264
701 266
701 271
701 273
701 283
701 291
701 305
701 311
701 314
701 320
701 323
701 326
701 341
701 366
-1 -1
1.11538
