122
0 515
1 638
2 580
4 455
5 510
6 582
6 645
7 686
7 698
8 447
8 498
9 602
9 415
10 432
11 658
11 466
12 514
13 614
13 431
14 439
15 697
16 525
16 411
17 412
18 596
19 598
19 671
20 576
20 590
21 538
21 471
22 635
22 661
23 619
24 456
24 503
25 667
25 506
26 698
27 584
28 559
29 541
29 623
30 584
30 693
31 609
32 591
32 445
33 625
33 439
34 513
34 556
35 517
36 413
37 529
37 414
38 512
38 575
39 456
40 524
40 429
41 553
41 572
43 504
44 655
45 419
46 610
46 424
47 546
47 696
48 643
49 516
49 633
50 616
50 459
51 535
51 452
52 558
53 490
54 457
54 494
55 435
56 653
58 510
59 621
59 495
60 613
60 626
61 541
62 597
62 468
63 622
63 508
64 552
64 437
65 518
65 670
66 560
66 657
67 573
67 626
68 545
68 566
69 522
69 478
70 689
70 446
71 691
71 417
72 582
72 428
73 547
75 629
76 685
77 546
78 567
79 507
81 576
81 659
82 532
83 551
84 690
85 588
85 672
86 523
86 444
87 524
87 499
89 571
89 611
90 641
91 566
92 681
93 544
93 575
94 651
94 679
95 557
95 652
96 639
96 445
97 441
97 461
98 458
98 497
100 656
100 473
101 427
101 437
102 523
102 452
103 551
103 481
104 605
105 554
106 589
107 531
107 616
108 416
109 672
110 642
111 568
111 658
113 573
114 555
114 426
115 631
115 434
116 623
117 600
118 580
118 694
119 611
119 421
120 538
121 571
122 420
122 482
123 618
123 668
124 447
126 604
126 493
127 449
127 461
128 539
130 451
131 639
131 426
132 621
133 450
134 542
135 508
137 699
137 429
138 581
138 586
139 527
139 561
140 418
140 505
142 597
142 607
144 666
145 480
146 483
147 482
147 488
148 570
149 547
150 514
150 535
151 527
151 617
152 622
152 492
153 489
154 636
154 670
155 648
156 525
157 676
157 501
158 557
158 469
159 545
159 490
160 601
160 671
161 414
161 486
162 662
163 600
163 467
164 679
164 481
165 585
165 642
166 502
167 593
168 561
168 624
170 601
170 618
171 686
173 567
173 433
174 413
174 507
175 521
176 480
177 550
178 526
179 422
179 463
180 673
182 449
183 485
184 570
185 467
186 588
187 663
187 692
188 607
188 610
189 612
190 516
191 533
192 593
193 521
193 683
194 518
194 434
195 531
195 416
198 665
198 680
199 519
200 674
201 563
201 444
202 668
202 491
203 550
203 411
204 520
205 583
205 470
206 423
206 474
207 599
207 638
208 660
208 499
209 542
210 569
211 464
211 479
212 540
212 565
213 632
214 471
214 505
215 605
216 534
216 427
217 558
218 577
219 563
219 594
220 676
220 472
221 677
222 688
222 500
223 594
223 657
224 412
225 648
226 644
227 659
228 446
229 423
230 477
231 569
232 664
232 424
233 583
233 646
234 662
235 627
236 543
236 629
238 438
238 484
239 432
239 462
240 615
240 650
241 654
241 491
242 564
242 625
243 628
244 475
245 496
246 574
247 590
248 572
249 628
249 630
250 435
251 660
251 678
252 448
252 509
253 479
253 493
254 438
255 536
255 465
256 431
257 606
257 693
259 478
260 450
261 497
262 612
262 428
263 579
264 684
265 519
266 613
266 443
267 517
267 568
268 599
269 585
270 675
271 556
271 430
272 684
273 520
273 421
275 469
275 484
276 559
276 690
277 592
277 603
278 598
278 457
279 564
279 695
280 526
280 418
281 699
283 587
283 463
284 609
284 506
285 637
285 643
287 677
287 436
288 578
288 649
289 608
290 680
290 448
293 555
294 515
294 441
295 685
295 485
296 537
296 453
297 624
298 633
298 636
299 615
299 486
300 689
301 666
301 451
302 458
302 492
303 464
304 530
304 688
305 592
306 511
307 530
307 503
308 675
308 692
310 565
310 459
311 627
312 509
313 477
314 640
315 595
316 581
316 619
317 498
318 674
319 654
319 511
320 544
321 436
322 488
323 528
323 577
324 504
325 653
326 466
327 529
327 473
328 649
329 681
329 420
330 606
330 663
331 532
331 474
332 620
332 687
333 553
333 454
334 470
334 495
335 591
335 455
336 465
337 549
338 678
338 683
339 608
340 453
341 554
341 641
342 632
342 673
343 691
344 539
344 687
345 665
346 496
347 522
347 443
348 650
349 552
349 460
350 696
351 617
352 442
354 661
354 442
356 664
357 578
357 500
358 513
359 462
360 602
360 634
361 655
362 534
362 695
363 579
364 512
364 637
365 417
366 422
367 549
367 634
368 630
368 483
369 682
370 644
371 440
371 487
373 645
373 697
374 620
375 476
376 425
377 596
377 415
378 640
378 694
379 574
379 419
380 652
380 487
382 560
383 586
384 425
385 604
385 430
386 548
386 667
387 533
388 537
389 595
389 646
390 476
391 562
392 440
393 536
393 489
394 454
394 472
395 433
395 475
396 502
397 647
397 460
398 540
399 543
399 494
400 682
401 587
401 468
402 651
402 501
403 528
404 548
404 669
405 635
406 614
407 656
407 669
408 589
408 631
409 647
410 562
410 603
700 3
700 12
700 14
700 17
700 18
700 23
700 26
700 27
700 28
700 31
700 42
700 43
700 44
700 45
700 52
700 57
700 58
700 61
700 74
700 75
700 76
700 78
700 79
700 80
700 83
700 88
700 90
700 92
700 99
700 105
700 106
700 108
700 112
700 113
700 116
700 117
700 125
700 128
700 129
700 130
700 136
700 141
700 143
700 145
700 146
700 149
700 153
700 156
700 162
700 166
700 167
700 169
700 171
700 172
700 176
700 177
700 178
700 180
700 181
700 182
700 184
700 192
700 196
700 197
700 215
700 217
700 218
700 221
700 225
700 227
700 228
700 229
700 234
700 235
700 237
700 243
700 244
700 245
700 247
700 248
700 256
700 258
700 260
700 261
700 265
700 268
700 274
700 282
700 286
700 289
700 291
700 292
700 293
700 306
700 309
700 312
700 313
700 315
700 317
700 318
700 321
700 322
700 328
700 339
700 345
700 346
700 351
700 353
700 355
700 359
700 361
700 370
700 372
700 375
700 376
700 381
700 387
700 388
700 392
700 403
700 406
700 409
701 0
701 1
701 2
701 3
701 4
701 5
701 10
701 15
701 35
701 36
701 39
701 42
701 48
701 53
701 55
701 56
701 57
701 73
701 74
701 77
701 80
701 82
701 84
701 88
701 91
701 99
701 104
701 109
701 110
701 112
701 120
701 121
701 124
701 125
701 129
701 132
701 133
701 134
701 135
701 136
701 141
701 143
701 144
701 148
701 155
701 169
701 172
701 175
701 181
701 183
701 185
701 186
701 189
701 190
701 191
701 196
701 197
701 199
701 200
701 204
701 209
701 210
701 213
701 224
701 226
701 230
701 231
701 237
701 246
701 250
701 254
701 258
701 259
701 263
701 264
701 269
701 270
701 272
701 274
701 281
701 282
701 286
701 291
701 292
701 297
701 300
701 303
701 305
701 309
701 311
701 314
701 320
701 324
701 325
701 326
701 336
701 337
701 340
701 343
701 348
701 350
701 352
701 353
701 355
701 356
701 358
701 363
701 365
701 366
701 369
701 372
701 374
701 381
701 382
701 383
701 384
701 390
701 391
701 396
701 398
701 400
701 405
-1 -1
2.53611
