500 3743
0 44
0 73
0 82
0 101
0 141
0 193
0 287
0 390
0 418
0 448
0 463
0 480
1 72
1 81
1 110
1 214
1 221
1 293
1 300
1 318
1 338
1 391
1 400
1 475
1 480
1 494
2 10
2 126
2 226
2 254
2 330
2 343
2 395
2 430
2 441
2 449
2 462
2 492
3 21
3 55
3 57
3 68
3 82
3 105
3 217
3 229
3 251
3 333
3 336
3 352
3 354
3 419
3 433
3 435
3 464
3 465
4 73
4 104
4 137
4 177
4 212
4 216
4 259
4 266
4 272
4 343
4 346
4 407
4 408
4 416
4 435
4 440
4 453
4 471
5 14
5 22
5 26
5 41
5 72
5 93
5 123
5 206
5 299
5 381
5 385
5 420
5 433
5 466
5 467
6 37
6 127
6 151
6 162
6 165
6 176
6 259
6 271
6 274
6 299
6 300
6 312
6 359
6 414
6 422
6 438
7 10
7 16
7 29
7 70
7 109
7 117
7 123
7 147
7 163
7 185
7 207
7 216
7 218
7 222
7 244
7 249
7 276
7 293
7 410
7 429
7 461
8 66
8 68
8 120
8 168
8 244
8 256
8 402
8 432
8 466
8 474
9 23
9 92
9 105
9 112
9 115
9 119
9 131
9 132
9 189
9 220
9 264
9 286
9 320
9 340
9 372
9 376
9 413
9 432
9 439
9 465
9 467
9 480
9 498
10 38
10 73
10 131
10 139
10 146
10 220
10 225
10 251
10 259
10 268
10 271
10 278
10 296
10 300
10 341
10 416
10 483
11 25
11 119
11 122
11 128
11 190
11 212
11 362
11 403
11 440
11 462
12 65
12 104
12 130
12 139
12 162
12 192
12 201
12 214
12 231
12 255
12 315
12 317
12 371
12 389
12 406
12 445
13 22
13 170
13 205
13 247
13 320
13 322
13 332
13 372
13 381
13 398
13 442
14 78
14 115
14 151
14 180
14 242
14 286
14 345
14 346
14 373
14 391
14 395
14 413
14 449
14 478
15 41
15 76
15 117
15 165
15 185
15 261
15 295
15 327
15 337
15 339
15 382
15 446
16 42
16 97
16 108
16 171
16 183
16 211
16 242
16 255
16 350
16 442
16 469
16 494
16 495
17 41
17 81
17 95
17 109
17 158
17 167
17 189
17 212
17 216
17 217
17 247
17 255
17 281
17 310
17 368
17 424
18 79
18 116
18 149
18 279
18 364
18 386
18 388
18 402
18 444
18 482
18 485
18 490
19 25
19 26
19 36
19 114
19 162
19 225
19 273
19 294
19 409
20 41
20 46
20 60
20 91
20 120
20 130
20 140
20 152
20 177
20 182
20 262
20 266
20 292
20 333
20 370
20 396
20 440
20 444
21 48
21 54
21 63
21 77
21 85
21 128
21 154
21 181
21 208
21 254
21 256
21 354
21 371
21 390
21 392
21 417
21 474
21 489
21 497
22 45
22 84
22 91
22 117
22 122
22 209
22 229
22 296
22 364
22 383
22 408
22 412
22 415
22 467
23 43
23 123
23 158
23 210
23 286
23 293
23 301
23 313
23 321
23 358
23 363
23 439
23 445
23 476
24 28
24 62
24 66
24 67
24 75
24 87
24 120
24 126
24 140
24 261
24 268
24 295
24 298
24 353
24 429
24 454
25 39
25 58
25 119
25 144
25 187
25 205
25 237
25 297
25 319
25 360
25 392
25 398
25 491
26 27
26 30
26 83
26 132
26 183
26 268
26 293
26 300
26 326
26 336
26 340
26 377
26 419
26 445
26 476
26 481
26 482
27 72
27 82
27 113
27 127
27 200
27 237
27 248
27 299
27 351
27 382
27 387
27 464
28 33
28 117
28 198
28 205
28 215
28 220
28 234
28 290
28 305
28 319
28 411
28 444
28 465
28 475
29 48
29 51
29 77
29 85
29 90
29 91
29 132
29 169
29 261
29 371
29 388
29 405
29 471
30 64
30 76
30 83
30 86
30 165
30 183
30 229
30 242
30 267
30 276
30 277
30 327
30 407
30 429
30 441
30 459
31 187
31 204
31 211
31 244
31 261
31 265
31 293
31 313
31 325
31 331
31 437
31 450
31 456
32 87
32 98
32 119
32 154
32 207
32 246
32 261
32 270
32 289
32 363
32 376
32 382
32 396
32 456
32 479
32 487
32 495
33 46
33 47
33 56
33 89
33 94
33 167
33 175
33 177
33 190
33 253
33 266
33 274
33 306
33 333
33 355
33 363
33 476
34 60
34 65
34 76
34 92
34 101
34 102
34 173
34 224
34 304
34 396
34 426
34 461
34 482
35 125
35 137
35 147
35 154
35 178
35 185
35 208
35 212
35 227
35 234
35 239
35 245
35 250
35 263
35 280
35 297
35 341
35 397
35 457
36 114
36 118
36 218
36 242
36 300
36 336
36 357
36 386
36 417
37 49
37 87
37 101
37 205
37 281
37 321
37 361
37 377
37 385
37 405
38 69
38 78
38 142
38 145
38 146
38 267
38 272
38 298
38 305
38 338
38 391
38 410
39 72
39 95
39 129
39 169
39 183
39 208
39 238
39 255
39 298
39 304
39 308
39 370
39 376
39 463
40 45
40 105
40 112
40 120
40 191
40 200
40 217
40 230
40 327
40 337
40 358
40 416
40 459
40 490
40 498
41 42
41 77
41 106
41 107
41 137
41 169
41 207
41 215
41 233
41 272
41 301
41 329
41 330
41 360
41 397
41 399
41 491
42 60
42 67
42 71
42 142
42 156
42 206
42 222
42 308
42 312
42 322
42 352
42 407
42 451
43 68
43 152
43 172
43 194
43 203
43 223
43 235
43 262
43 279
43 289
43 353
43 393
43 419
43 442
43 465
43 470
43 476
44 101
44 118
44 162
44 170
44 185
44 191
44 192
44 303
44 309
44 460
45 58
45 60
45 65
45 142
45 148
45 149
45 215
45 239
45 278
45 416
45 456
45 477
45 495
46 99
46 121
46 312
46 325
46 400
46 468
47 60
47 74
47 145
47 152
47 160
47 171
47 194
47 200
47 204
47 247
47 293
47 295
47 329
47 334
47 394
47 441
47 470
47 479
47 490
48 77
48 85
48 99
48 135
48 165
48 229
48 270
48 364
48 402
48 412
48 416
48 454
48 487
48 495
49 102
49 104
49 146
49 162
49 169
49 211
49 217
49 268
49 300
49 308
49 319
49 333
49 345
49 346
49 380
49 381
49 406
49 495
50 105
50 164
50 173
50 241
50 286
50 333
50 355
50 356
50 359
50 415
50 426
50 434
50 456
50 457
50 483
51 77
51 113
51 148
51 254
51 288
51 293
51 306
51 400
51 473
51 491
51 492
52 73
52 85
52 91
52 92
52 106
52 107
52 219
52 257
52 266
52 389
52 399
52 418
52 423
52 427
52 470
53 80
53 94
53 99
53 139
53 145
53 151
53 160
53 181
53 194
53 313
53 351
53 360
53 369
53 382
53 426
53 463
53 470
53 490
54 76
54 78
54 99
54 131
54 156
54 162
54 168
54 215
54 244
54 252
54 278
54 279
54 289
54 293
54 312
54 333
54 410
54 423
54 434
55 218
55 289
55 327
55 350
55 399
55 450
55 494
56 59
56 100
56 140
56 257
56 282
56 287
56 360
56 374
56 408
56 416
57 138
57 156
57 164
57 190
57 218
57 273
57 344
57 354
57 372
57 377
57 387
57 407
57 433
57 496
57 497
58 67
58 142
58 169
58 197
58 205
58 219
58 221
58 224
58 226
58 234
58 244
58 285
58 291
58 297
58 331
58 332
58 460
59 67
59 82
59 113
59 154
59 186
59 239
59 240
59 289
59 294
59 303
59 332
59 345
59 352
59 378
59 438
59 476
59 491
60 78
60 120
60 125
60 156
60 191
60 205
60 249
60 266
60 286
60 322
60 371
60 411
60 450
60 462
60 474
60 484
61 92
61 126
61 242
61 345
61 398
61 400
61 423
61 442
61 471
62 85
62 123
62 126
62 150
62 154
62 259
62 288
62 363
62 407
62 423
62 437
62 443
62 447
62 458
62 493
63 69
63 200
63 225
63 234
63 304
63 415
63 432
63 436
63 438
63 468
64 75
64 90
64 112
64 140
64 189
64 284
64 330
64 364
64 372
64 444
64 450
64 456
64 476
65 68
65 91
65 111
65 128
65 140
65 170
65 182
65 268
65 317
65 392
65 413
65 483
66 79
66 135
66 155
66 220
66 241
66 260
66 276
66 327
66 370
66 408
66 409
66 412
66 437
66 479
67 89
67 111
67 152
67 192
67 200
67 225
67 235
67 256
67 261
67 335
67 345
67 357
67 368
67 397
67 402
67 415
67 429
67 458
67 466
67 481
68 94
68 108
68 122
68 156
68 162
68 164
68 184
68 190
68 261
68 292
68 343
68 414
68 427
68 432
69 112
69 138
69 139
69 186
69 202
69 217
69 218
69 226
69 326
69 345
69 433
69 442
69 464
70 103
70 173
70 292
70 305
70 398
70 411
70 420
70 423
70 434
70 451
71 188
71 273
71 292
71 325
71 344
71 368
71 409
71 449
71 451
71 470
72 118
72 141
72 159
72 219
72 225
72 240
72 299
72 345
72 399
72 411
72 453
72 462
73 125
73 154
73 180
73 188
73 201
73 207
73 211
73 290
73 318
73 319
73 347
73 444
73 476
74 80
74 121
74 143
74 212
74 234
74 286
74 355
74 373
74 397
74 399
74 471
74 482
75 106
75 123
75 148
75 211
75 213
75 233
75 306
75 309
75 344
75 345
75 360
75 378
75 414
75 439
76 182
76 230
76 242
76 308
76 376
76 396
76 461
77 96
77 105
77 136
77 146
77 159
77 205
77 273
77 310
77 329
77 343
77 356
77 415
77 470
78 87
78 102
78 118
78 183
78 189
78 243
78 278
78 294
78 295
78 358
78 420
78 447
78 458
78 480
78 496
79 111
79 159
79 161
79 190
79 245
79 268
79 294
79 313
79 392
79 403
79 409
79 420
79 476
80 175
80 196
80 230
80 262
80 273
80 343
80 346
80 410
80 420
80 458
80 464
81 94
81 113
81 154
81 164
81 184
81 212
81 218
81 261
81 276
81 390
81 423
81 425
81 464
82 129
82 137
82 165
82 186
82 212
82 238
82 256
82 285
82 289
82 290
82 298
82 313
82 321
82 344
82 411
82 437
83 88
83 103
83 108
83 190
83 212
83 221
83 338
83 447
83 480
83 484
83 491
84 86
84 90
84 93
84 136
84 152
84 194
84 227
84 243
84 247
84 269
84 298
84 307
84 365
84 407
84 412
84 475
85 89
85 94
85 129
85 153
85 239
85 286
85 287
85 354
85 359
85 371
85 386
85 423
85 437
85 445
86 136
86 157
86 165
86 191
86 193
86 299
86 310
86 328
86 331
86 363
86 396
86 403
86 422
86 475
87 116
87 167
87 179
87 253
87 267
87 301
87 340
87 370
87 400
87 412
87 413
87 414
87 461
88 100
88 131
88 192
88 213
88 266
88 315
88 356
88 435
88 468
88 482
89 117
89 206
89 288
89 295
89 311
89 360
89 408
89 417
89 432
89 463
89 471
90 116
90 122
90 198
90 229
90 272
90 327
90 391
90 453
90 474
90 493
91 117
91 124
91 155
91 188
91 253
91 336
91 344
91 356
91 379
91 410
91 471
91 494
92 121
92 137
92 165
92 169
92 311
92 343
92 417
92 425
92 460
92 488
92 499
93 118
93 184
93 249
93 288
93 291
93 292
93 301
93 307
93 311
93 323
93 377
93 384
93 446
93 449
93 471
93 487
94 99
94 167
94 243
94 274
94 287
94 353
94 366
94 439
95 113
95 151
95 172
95 185
95 193
95 252
95 299
95 312
95 321
95 334
96 127
96 161
96 184
96 185
96 224
96 239
96 283
96 307
96 394
96 399
96 436
96 444
96 490
97 110
97 111
97 112
97 129
97 183
97 188
97 199
97 208
97 224
97 234
97 280
97 292
97 321
97 390
97 418
97 455
97 470
97 477
98 133
98 297
98 299
98 326
98 336
98 372
98 393
98 405
98 439
99 133
99 190
99 232
99 272
99 319
99 421
99 431
99 487
99 498
100 106
100 117
100 151
100 221
100 251
100 258
100 267
100 294
100 300
100 344
100 383
100 427
100 450
100 471
100 491
101 170
101 187
101 257
101 322
101 358
101 359
101 375
101 395
101 405
101 449
101 490
102 105
102 114
102 144
102 206
102 210
102 247
102 303
102 367
102 438
103 123
103 136
103 210
103 248
103 249
103 309
103 386
103 391
103 408
104 133
104 139
104 142
104 148
104 151
104 188
104 200
104 228
104 265
104 319
104 347
104 374
104 377
104 378
104 433
104 443
104 474
104 488
105 107
105 123
105 124
105 142
105 143
105 163
105 166
105 232
105 243
105 281
105 354
105 497
106 107
106 114
106 141
106 171
106 184
106 198
106 259
106 266
106 288
106 301
106 354
106 365
106 392
106 398
106 403
106 429
106 453
106 463
107 121
107 133
107 158
107 192
107 216
107 294
107 330
107 349
107 412
107 418
107 432
107 479
108 113
108 132
108 155
108 166
108 174
108 191
108 275
108 382
108 396
108 407
108 416
108 438
108 446
108 456
108 492
109 143
109 177
109 182
109 204
109 217
109 265
109 266
109 301
109 344
109 349
109 481
109 498
110 112
110 147
110 158
110 196
110 221
110 267
110 276
110 291
110 295
110 304
110 382
110 402
110 464
110 486
111 153
111 258
111 268
111 270
111 276
111 282
111 290
111 298
111 338
111 365
111 366
111 415
111 418
111 439
111 446
111 478
112 123
112 151
112 181
112 214
112 226
112 227
112 250
112 293
112 329
112 344
112 353
112 364
112 492
113 203
113 339
113 351
113 386
113 422
113 456
113 469
114 126
114 132
114 227
114 234
114 246
114 287
114 337
114 361
114 378
114 386
114 392
114 418
114 434
114 489
115 159
115 177
115 180
115 263
115 293
115 328
115 336
115 373
115 382
115 414
115 439
115 456
115 482
116 142
116 159
116 161
116 214
116 228
116 355
116 366
116 464
117 174
117 177
117 181
117 200
117 204
117 243
117 296
117 297
117 325
117 355
117 362
117 383
118 138
118 147
118 183
118 240
118 285
118 302
118 328
118 362
118 372
118 384
118 390
118 429
118 435
118 465
119 224
119 277
119 292
119 305
119 319
119 375
119 430
119 470
119 483
120 205
120 251
120 294
120 317
120 331
120 351
120 393
120 430
120 488
120 493
121 126
121 134
121 242
121 278
121 330
121 355
121 411
121 425
121 441
122 144
122 147
122 155
122 171
122 175
122 384
122 421
122 436
122 462
122 465
122 475
122 476
122 495
123 157
123 226
123 258
123 264
123 272
123 288
123 319
123 397
123 414
123 421
123 442
123 475
123 477
124 133
124 227
124 240
124 284
124 297
124 368
124 423
124 437
124 448
125 171
125 221
125 222
125 255
125 364
125 402
125 426
125 462
125 466
126 129
126 256
126 260
126 262
126 415
126 438
126 439
126 467
126 490
127 141
127 184
127 234
127 272
127 291
127 320
127 332
127 382
127 463
128 151
128 194
128 226
128 245
128 309
128 401
128 438
129 201
129 202
129 248
129 254
129 292
129 308
129 313
129 334
129 386
129 394
129 411
129 439
129 454
129 485
129 498
130 131
130 146
130 191
130 208
130 212
130 246
130 373
130 437
130 443
131 162
131 193
131 232
131 237
131 271
131 298
131 310
131 333
131 428
131 493
132 141
132 156
132 158
132 190
132 193
132 209
132 332
132 381
132 424
132 446
133 177
133 238
133 257
133 261
133 304
133 326
133 391
133 482
133 489
133 493
134 138
134 139
134 150
134 170
134 224
134 397
134 425
134 429
134 454
134 497
135 184
135 255
135 258
135 291
135 309
135 387
135 400
135 408
135 412
135 420
135 428
135 448
135 452
135 477
135 496
136 141
136 203
136 209
136 237
136 260
136 276
136 281
136 344
136 372
136 411
136 413
136 439
137 169
137 203
137 234
137 269
137 305
137 381
137 410
137 457
137 465
137 468
137 470
138 158
138 239
138 247
138 291
138 358
138 459
139 156
139 314
139 358
139 368
139 375
139 443
139 466
140 151
140 168
140 202
140 203
140 247
140 296
140 301
140 320
140 352
140 383
140 396
140 466
140 481
140 491
141 221
141 298
141 365
141 387
141 403
141 408
141 412
141 446
141 483
142 155
142 157
142 289
142 319
142 347
142 374
142 411
143 145
143 172
143 227
143 229
143 235
143 239
143 249
143 286
143 350
143 368
143 372
143 389
143 405
143 409
143 426
143 449
143 459
143 479
143 480
144 201
144 226
144 232
144 285
144 304
144 392
144 469
144 483
145 173
145 195
145 231
145 252
145 301
145 302
145 336
145 357
145 360
145 374
145 447
145 453
145 496
146 151
146 243
146 275
146 281
146 305
146 315
146 329
146 360
146 384
146 392
146 426
147 241
147 283
147 309
147 322
147 327
147 340
147 410
147 469
148 168
148 184
148 189
148 337
148 352
148 369
148 372
148 405
148 416
149 163
149 165
149 230
149 252
149 257
149 265
149 348
149 381
149 405
149 487
149 493
150 189
150 201
150 227
150 233
150 260
150 347
150 369
150 378
150 430
150 447
150 462
150 490
151 183
151 217
151 223
151 239
151 320
151 375
151 408
151 451
151 475
151 487
152 240
152 262
152 368
152 375
152 402
152 428
152 452
152 480
153 165
153 167
153 181
153 213
153 247
153 284
153 311
153 320
153 334
153 345
153 437
153 456
153 477
154 174
154 176
154 303
154 362
154 391
154 413
154 441
154 464
154 484
155 193
155 195
155 196
155 198
155 210
155 226
155 238
155 269
155 342
155 380
155 415
155 435
155 482
156 180
156 191
156 198
156 229
156 258
156 266
156 281
156 355
156 437
156 454
156 485
157 213
157 218
157 222
157 234
157 302
157 314
157 383
158 210
158 214
158 271
158 346
158 373
158 381
158 397
158 398
158 428
158 433
159 160
159 204
159 213
159 217
159 240
159 295
159 307
159 317
159 371
159 385
159 397
159 400
159 401
159 463
160 211
160 236
160 357
160 381
160 386
160 397
160 431
160 447
160 482
160 497
161 189
161 201
161 215
161 228
161 260
161 285
161 331
161 403
161 436
161 448
161 458
161 487
161 491
162 246
162 290
162 356
162 363
162 367
163 191
163 217
163 275
163 318
163 346
163 351
163 362
163 383
163 458
164 173
164 202
164 296
164 303
164 319
164 326
164 341
164 360
164 404
164 427
165 236
165 253
165 292
165 326
165 343
165 355
165 377
165 463
165 464
166 247
166 332
166 340
166 358
166 377
166 384
166 481
167 169
167 214
167 252
167 274
167 288
167 293
167 320
167 361
167 377
167 403
167 420
167 448
168 182
168 220
168 288
168 323
168 409
168 412
168 453
168 460
168 467
168 496
169 264
169 308
169 315
169 356
169 366
169 398
169 441
169 442
169 452
169 456
170 204
170 241
170 277
170 309
170 341
170 358
170 370
170 410
170 421
170 442
170 449
170 462
171 174
171 196
171 228
171 252
171 258
171 320
171 391
172 213
172 249
172 328
172 347
172 368
172 477
172 489
173 175
173 184
173 190
173 196
173 229
173 266
173 268
173 291
173 334
173 384
173 433
173 444
173 449
173 476
173 496
174 186
174 196
174 208
174 209
174 311
174 363
174 365
174 383
174 393
174 441
174 469
174 475
175 200
175 284
175 288
175 293
175 331
175 366
175 419
175 436
175 482
175 494
176 177
176 183
176 188
176 193
176 196
176 221
176 397
176 426
176 446
176 457
176 460
176 466
176 493
176 499
177 183
177 227
177 232
177 273
177 306
177 321
177 347
177 446
177 478
178 181
178 211
178 250
178 274
178 434
178 467
179 180
179 194
179 221
179 235
179 316
179 341
179 342
179 356
179 362
179 372
180 181
180 197
180 356
180 449
180 457
180 479
181 218
181 257
181 283
181 288
181 304
181 406
181 440
181 463
182 209
182 219
182 221
182 233
182 240
182 322
182 335
182 386
182 399
182 407
182 458
182 483
182 493
183 259
183 262
183 321
183 358
183 396
183 471
183 496
184 199
184 276
184 321
184 341
184 359
184 408
185 202
185 234
185 305
185 326
185 405
185 417
185 484
186 226
186 258
186 278
186 359
186 388
186 486
187 233
187 253
187 299
187 300
187 333
187 348
187 414
187 416
187 484
188 238
188 259
188 319
188 334
188 358
188 413
188 416
188 436
188 445
188 484
189 193
189 209
189 297
189 342
189 352
189 357
189 426
189 451
189 456
190 224
190 264
190 273
190 278
190 303
190 311
190 313
190 317
190 332
190 333
190 380
190 384
190 421
191 225
191 248
191 261
191 289
191 380
191 431
191 453
191 456
191 484
192 251
192 259
192 294
192 403
192 422
192 429
192 489
193 232
193 403
193 409
193 438
193 445
193 447
194 217
194 237
194 263
194 306
194 308
194 343
194 390
194 411
194 424
194 451
195 219
195 232
195 341
196 219
196 232
196 277
196 324
196 331
196 360
196 391
196 440
196 447
197 203
197 261
197 265
197 277
197 290
197 354
197 372
197 387
197 404
197 411
197 444
197 453
197 455
198 209
198 218
198 226
198 228
198 231
198 303
198 351
198 402
198 469
198 481
199 239
199 252
199 279
199 319
199 324
199 341
199 443
199 464
199 466
199 482
200 252
200 259
200 350
200 377
200 380
200 481
200 488
201 219
201 282
201 295
201 307
201 360
201 370
201 428
201 462
201 471
201 478
202 236
202 264
202 304
202 322
202 334
202 349
202 384
202 425
202 442
202 490
202 493
203 207
203 297
203 319
203 407
203 410
203 437
204 260
204 310
204 320
204 332
204 339
204 346
204 353
204 376
204 377
204 388
205 302
205 384
205 401
205 423
205 467
205 473
205 480
206 216
206 224
206 294
206 329
206 342
206 352
206 370
206 391
206 422
207 208
207 219
207 242
207 249
207 281
207 331
207 343
207 434
207 480
207 494
208 214
208 257
208 261
208 270
208 374
208 416
208 419
209 312
209 404
209 440
209 456
210 266
210 280
210 288
210 312
210 319
210 371
210 410
210 497
211 247
211 273
211 381
211 398
211 425
211 454
212 241
212 254
212 296
212 377
212 456
212 463
212 486
213 226
213 251
213 339
213 363
213 376
213 380
213 389
213 401
213 461
214 292
214 309
214 315
214 327
214 350
214 363
214 409
214 436
214 464
214 482
214 496
215 217
215 279
215 300
215 325
215 369
215 376
215 427
215 441
216 231
216 272
216 282
216 330
216 333
216 336
216 344
216 374
216 495
217 255
217 314
217 324
217 336
217 339
217 388
217 410
217 425
217 442
217 448
217 464
217 469
217 474
217 477
218 292
218 308
218 344
218 345
218 346
218 428
218 433
218 478
219 298
219 322
219 327
219 340
219 438
219 459
219 464
219 472
220 226
220 247
220 264
220 293
220 295
220 328
220 342
220 399
220 424
220 450
220 463
220 472
220 476
220 481
221 253
221 270
221 301
221 309
221 344
221 351
221 395
221 439
221 461
222 248
222 270
222 321
222 386
222 398
222 425
222 443
222 450
222 483
223 224
223 302
223 303
223 318
223 437
223 451
224 245
224 300
224 305
224 317
224 331
224 364
224 396
224 397
224 424
224 478
224 489
225 227
225 260
225 307
225 333
225 381
225 399
225 416
225 468
226 241
226 250
226 290
226 360
226 361
226 374
226 379
226 429
226 456
226 475
227 257
227 351
227 369
227 381
227 445
227 459
228 234
228 255
228 314
228 436
228 450
228 490
229 277
229 308
229 311
229 328
229 343
229 354
229 383
229 418
229 435
229 441
229 454
230 297
230 308
230 407
230 448
230 467
230 482
230 488
230 489
231 260
231 295
231 312
231 353
231 360
231 418
231 437
231 470
231 472
231 478
232 259
232 302
232 381
232 392
232 398
232 404
232 422
232 451
232 462
233 240
233 247
233 290
233 395
233 402
233 407
233 469
233 478
233 493
234 253
234 331
234 350
234 365
234 383
234 420
234 457
234 498
235 328
235 337
235 429
236 243
236 254
236 277
236 354
236 363
236 451
236 472
236 482
236 490
237 244
237 264
237 280
237 371
237 388
237 398
237 401
237 422
237 479
237 498
238 258
238 261
238 279
238 319
238 332
238 336
238 359
238 460
238 489
239 288
239 330
239 337
239 366
239 419
239 429
240 255
240 297
240 341
240 376
240 413
240 485
240 499
241 252
241 281
241 306
241 365
241 395
241 406
241 419
241 447
241 483
241 493
242 244
242 262
242 275
242 402
242 458
242 461
243 262
243 275
243 318
243 355
243 359
243 392
243 423
244 248
244 260
244 283
244 298
244 302
244 340
244 346
244 385
244 413
244 456
244 463
245 261
245 274
245 299
245 318
245 355
245 390
245 407
246 298
246 312
246 319
246 328
246 341
246 360
246 415
246 458
246 459
247 286
247 339
247 371
247 460
247 494
248 264
248 282
248 321
248 324
248 368
248 399
248 433
249 278
249 383
249 385
249 401
249 452
249 463
249 480
250 286
250 330
250 349
250 359
250 376
250 391
250 403
250 411
250 414
250 427
250 431
250 443
250 460
250 479
251 279
251 344
251 369
251 396
251 415
251 457
251 470
251 473
251 499
252 258
252 299
252 301
252 352
252 366
252 435
252 484
253 257
253 287
253 306
253 312
253 313
253 322
253 454
253 464
254 274
254 288
254 299
254 317
254 349
254 359
254 452
254 467
254 471
254 496
255 296
255 297
255 330
255 339
255 340
255 358
255 394
255 432
256 295
256 299
256 338
256 341
256 354
256 368
256 389
256 400
256 406
256 417
256 421
256 468
257 278
257 319
257 378
257 457
257 462
257 467
257 495
257 496
258 260
258 334
258 353
258 371
258 395
258 409
259 312
259 370
259 395
259 426
259 458
260 274
260 281
260 296
260 312
260 333
260 347
260 356
260 360
260 374
260 443
260 445
260 492
261 271
261 319
261 325
261 326
261 372
261 412
261 468
262 358
262 365
262 367
262 371
262 391
262 442
263 294
263 318
263 335
263 381
263 383
263 451
263 464
264 307
264 348
264 426
264 456
264 468
264 476
265 346
265 356
265 459
265 463
265 464
265 467
265 476
266 343
266 365
266 423
266 429
266 452
266 469
266 471
266 488
267 338
267 372
267 409
267 423
267 441
267 446
267 466
268 358
268 408
268 426
269 279
269 286
269 354
269 393
269 405
269 471
269 480
270 284
270 303
270 334
270 340
270 387
270 403
270 420
270 472
270 485
271 277
271 311
271 328
271 347
271 373
271 383
271 433
271 452
271 498
272 273
272 307
272 423
272 489
273 314
273 403
273 436
273 445
273 452
274 307
274 335
274 363
274 365
274 403
274 425
274 446
274 454
275 327
275 377
275 389
275 424
275 432
275 463
275 473
276 286
276 351
276 357
276 362
276 383
276 386
276 401
276 467
277 327
277 377
277 411
277 415
277 436
277 437
277 454
278 286
278 299
278 323
278 331
278 363
278 366
278 414
278 423
278 449
278 462
279 322
279 374
279 376
279 398
279 412
279 424
279 434
279 455
279 470
280 287
280 295
280 341
281 290
281 301
281 319
281 341
281 350
281 360
281 477
281 482
282 404
282 411
282 424
282 425
282 428
282 437
282 438
282 469
282 471
282 479
282 489
283 393
283 406
283 442
283 463
283 476
283 486
284 294
284 315
284 355
284 366
284 422
284 452
284 453
284 462
284 470
284 493
285 307
285 318
285 332
285 441
285 450
286 327
286 348
286 358
286 394
286 416
286 436
286 441
287 341
287 444
287 485
287 487
288 300
288 313
288 338
288 353
288 370
288 374
288 404
288 419
288 421
289 371
289 396
289 410
289 419
290 302
290 330
290 349
290 400
290 427
290 431
291 377
291 409
292 341
292 380
292 401
292 448
292 473
293 297
293 322
293 366
293 488
294 342
294 425
294 455
294 484
294 486
295 304
295 345
295 370
295 446
295 448
296 324
296 327
296 329
296 362
296 390
296 400
296 483
297 304
297 313
297 326
297 333
297 453
298 302
298 309
298 349
298 360
298 413
298 416
298 425
298 433
298 459
299 360
299 364
299 386
299 388
299 410
299 464
300 336
300 339
300 401
300 423
300 461
300 491
301 314
302 343
302 368
302 375
302 377
302 425
302 438
303 314
303 338
304 342
304 366
304 381
305 405
305 468
305 473
306 310
306 316
306 325
306 331
306 401
306 404
306 410
306 431
306 440
306 481
306 489
307 322
307 335
307 340
307 382
307 387
307 410
308 311
308 335
308 353
308 357
308 399
308 404
308 455
309 378
309 427
310 316
310 331
310 334
310 421
310 435
310 456
311 325
311 350
311 418
311 419
311 493
312 322
312 420
312 489
313 323
313 360
313 382
313 388
313 389
313 396
313 403
313 409
313 447
313 458
313 461
314 319
314 324
314 370
314 377
314 380
314 387
314 423
314 425
315 387
315 414
315 452
315 498
316 339
316 350
316 361
316 437
317 329
317 378
318 354
318 408
318 441
318 456
319 365
319 404
319 434
319 457
319 458
319 462
319 485
319 488
320 410
320 413
320 414
320 415
320 418
320 423
320 442
320 455
320 464
321 427
321 468
321 483
321 486
322 326
322 409
322 489
323 424
323 454
323 457
323 483
324 381
324 429
324 488
325 331
325 339
325 351
325 373
325 396
325 417
325 445
325 454
326 354
326 363
326 482
327 331
327 405
327 439
327 492
328 355
328 440
328 452
328 494
328 495
329 333
329 352
329 373
329 381
329 418
329 440
329 452
329 461
329 468
330 434
330 446
330 485
330 489
331 360
331 448
331 458
331 460
332 376
332 429
332 465
333 390
333 416
334 342
334 356
334 374
334 396
335 347
335 349
335 388
335 400
335 463
335 486
335 492
336 351
336 355
336 384
336 390
336 411
337 342
337 352
337 369
337 388
337 413
337 419
337 438
337 491
338 341
339 360
339 407
340 343
340 402
340 433
340 442
340 465
340 467
341 366
341 371
341 374
341 379
341 406
341 425
341 448
341 462
342 407
342 409
342 416
342 427
342 428
343 453
343 456
343 477
343 493
344 361
344 399
344 407
344 410
344 411
344 416
344 476
344 486
344 498
345 385
345 428
345 476
345 478
345 496
346 360
346 369
346 382
346 458
346 474
346 494
347 362
347 385
347 407
347 446
347 454
348 417
348 473
348 498
349 444
349 463
349 465
350 355
350 381
351 369
351 387
351 458
351 476
351 479
352 387
352 401
352 404
352 405
352 432
352 478
352 481
352 492
352 498
353 398
353 406
354 358
354 469
355 358
355 443
355 462
355 463
356 396
356 464
356 466
356 492
357 394
357 400
357 401
357 426
357 434
358 404
358 431
358 442
358 456
359 361
359 378
359 460
360 421
360 422
360 492
361 397
361 448
361 487
362 440
362 489
363 368
363 378
363 417
363 448
363 471
364 419
364 443
364 460
364 489
364 498
365 366
365 399
365 411
365 414
365 474
366 472
366 493
367 388
367 429
367 454
367 455
367 481
367 487
368 429
368 442
368 459
368 472
369 407
369 414
369 464
369 472
370 379
370 414
370 439
370 457
370 493
370 495
371 380
371 409
371 442
371 449
371 496
372 375
372 431
372 470
373 380
373 478
373 484
374 447
374 483
374 485
375 382
375 403
375 413
375 435
375 460
376 390
376 393
376 404
376 437
376 461
377 408
377 444
377 471
377 475
377 477
378 396
378 444
378 457
379 389
379 421
380 388
380 417
380 429
380 490
381 419
381 420
381 466
382 398
383 405
383 421
383 480
384 432
384 435
384 487
384 491
385 433
385 446
385 473
385 476
386 422
386 484
387 410
387 428
387 459
388 459
389 431
389 473
390 391
390 393
390 409
390 438
390 457
390 465
391 428
391 440
391 457
391 463
391 476
392 407
392 428
393 466
393 474
393 479
393 495
394 460
394 481
395 423
395 462
395 464
395 488
395 499
396 460
396 463
396 470
397 451
397 480
398 437
398 470
398 473
398 496
399 407
400 414
400 447
400 448
401 413
401 456
401 492
402 469
402 470
402 477
403 447
403 485
404 412
404 419
404 421
404 445
405 410
405 455
405 471
405 484
406 411
406 412
406 468
406 470
406 489
407 426
407 458
407 492
409 416
409 418
409 428
409 451
409 460
409 466
410 411
410 415
410 458
410 464
412 493
413 422
413 446
413 447
414 441
415 416
416 468
417 456
417 489
418 432
418 493
419 444
420 455
421 432
421 472
421 482
421 498
422 482
423 431
423 436
423 493
424 471
424 478
425 432
425 455
425 489
426 427
426 474
427 442
427 477
428 496
430 457
430 460
430 467
430 490
430 498
431 480
432 448
432 469
432 479
433 450
434 459
434 468
435 453
435 479
435 489
436 445
436 477
437 499
439 448
441 445
442 445
442 452
442 460
442 475
442 497
443 455
443 467
443 469
445 486
446 476
446 484
448 459
450 476
451 481
451 487
452 471
452 499
453 494
453 495
453 496
455 470
455 475
455 484
458 472
460 467
460 488
461 486
464 472
464 492
465 482
466 472
466 484
466 486
467 469
467 470
468 482
468 494
469 476
469 486
472 480
473 480
473 485
473 486
474 495
475 481
478 483
478 487
481 496
481 499
482 489
484 489
489 497
490 497
494 498
