1
0 13
0 572
1 228
1 456
2 63
2 289
3 200
3 210
4 328
4 653
5 279
5 468
6 354
6 621
7 443
7 458
8 106
8 777
9 732
9 749
10 93
10 188
11 108
11 544
12 165
12 597
13 276
14 28
14 503
15 81
15 468
16 146
16 288
17 115
17 736
18 336
18 796
19 59
19 692
20 666
20 724
21 361
21 726
22 154
22 374
23 305
23 491
24 402
24 406
25 652
25 727
26 331
26 657
27 94
27 566
28 141
29 419
29 536
30 71
30 791
31 448
31 718
32 238
32 445
33 166
33 714
34 367
34 424
35 189
35 557
36 609
36 730
37 266
37 550
38 399
38 567
39 520
39 680
40 105
40 546
41 245
41 258
42 262
42 264
43 122
43 423
44 171
44 784
45 247
45 553
46 270
46 457
47 167
47 332
48 422
49 661
49 727
50 627
50 773
51 220
51 257
52 110
52 251
53 58
53 73
54 184
54 602
55 413
55 512
56 586
56 641
57 171
57 205
58 610
59 555
60 196
60 573
61 364
61 589
62 338
62 390
63 224
64 133
64 444
65 86
65 370
66 618
66 739
67 77
67 428
68 280
68 460
69 123
69 356
70 339
70 511
71 410
72 400
72 682
73 78
74 276
74 334
75 135
75 733
76 211
76 420
77 433
78 518
79 471
79 534
80 290
80 705
81 189
82 206
82 711
83 132
83 718
84 543
84 545
85 253
85 562
86 428
87 109
87 753
88 130
88 310
89 646
89 734
90 494
90 601
91 116
91 163
92 330
92 346
93 729
94 769
95 283
95 667
96 200
96 324
97 388
97 770
98 181
98 717
99 117
99 181
100 264
100 376
101 225
101 425
102 247
102 486
103 251
103 663
104 452
104 480
105 368
106 796
107 470
107 593
108 462
109 758
110 625
111 788
111 793
112 582
112 707
113 390
113 404
114 525
114 589
115 371
116 720
117 647
118 704
118 728
119 513
119 666
120 362
120 554
121 363
121 585
122 241
123 415
124 539
124 574
125 213
125 480
126 307
126 683
127 296
127 315
128 226
128 788
129 154
129 764
130 650
131 243
131 386
132 135
133 448
134 167
134 446
136 432
136 451
137 191
137 197
138 541
138 613
139 400
139 630
140 371
140 747
141 430
142 381
142 725
143 593
143 633
144 367
144 403
145 211
145 235
146 521
147 316
147 655
148 558
148 699
149 688
149 737
150 343
150 675
151 254
151 664
152 170
152 236
153 545
153 645
155 598
155 642
156 535
156 540
157 601
157 638
158 160
158 203
159 369
159 798
160 412
161 377
161 614
162 436
162 591
163 557
164 353
164 417
165 286
166 246
168 370
168 461
169 325
169 495
172 282
172 295
173 304
173 758
174 185
174 539
175 710
175 774
176 372
176 611
177 417
177 518
178 449
178 698
179 217
179 773
180 398
180 757
182 391
182 493
183 696
183 708
184 432
185 187
186 210
186 499
187 667
188 317
190 287
190 756
191 271
192 340
192 398
193 261
193 360
194 504
194 779
195 297
195 683
196 272
197 305
198 335
198 547
199 352
199 583
201 514
201 542
202 520
202 577
203 327
204 284
204 590
205 608
206 517
207 229
207 491
208 342
208 615
209 232
209 506
212 496
212 594
213 351
214 337
214 765
215 423
215 680
216 405
216 464
217 243
218 454
218 485
219 298
219 406
220 342
221 223
221 684
222 711
222 768
223 401
224 710
225 685
226 636
227 346
227 596
228 447
229 270
230 249
230 256
231 237
231 670
232 289
233 534
233 600
234 349
234 549
235 585
236 690
237 304
238 587
239 323
239 577
240 591
240 619
241 753
242 382
242 590
244 485
244 650
245 412
246 459
248 452
248 463
249 254
250 504
250 658
252 497
252 660
253 333
255 326
255 607
256 790
257 778
258 312
259 316
259 626
260 281
260 325
261 695
262 703
263 271
263 544
265 442
265 700
266 508
267 395
267 766
268 475
268 552
269 689
269 714
272 300
273 507
273 730
274 321
274 438
275 285
275 639
277 394
277 481
278 509
278 653
279 414
280 721
281 733
282 467
283 527
284 559
285 495
286 551
287 786
288 477
290 425
291 628
291 738
292 383
292 431
293 502
293 604
294 437
294 478
295 526
296 530
297 486
298 606
299 453
299 619
300 521
301 339
301 510
302 517
302 777
303 596
303 674
306 356
306 681
307 597
308 677
308 717
309 411
309 613
310 625
311 433
311 612
312 592
313 546
313 689
314 570
314 754
315 766
317 547
318 440
318 484
319 439
319 638
320 570
320 785
321 662
322 605
322 752
323 489
324 442
326 516
327 378
328 341
329 497
329 669
330 563
331 648
332 418
333 631
334 665
335 584
336 682
337 723
338 587
340 774
341 657
343 646
344 407
344 623
345 416
345 487
347 380
347 445
348 456
348 792
349 756
350 556
350 654
351 473
352 723
353 674
354 595
355 529
355 599
357 519
357 616
358 507
358 555
359 640
359 671
360 776
361 783
362 649
363 623
364 771
365 429
365 566
366 385
366 473
368 490
369 664
372 744
373 706
373 754
374 592
375 464
375 698
376 548
377 685
378 489
379 523
379 531
380 421
381 571
382 633
383 467
384 508
384 696
385 389
386 454
387 560
387 708
388 675
389 525
391 763
392 611
392 629
393 510
393 671
394 751
395 799
396 515
396 603
397 651
397 694
399 574
401 697
402 405
403 704
404 702
407 575
408 558
408 637
409 536
409 725
410 538
411 434
413 624
414 487
415 762
416 420
418 627
419 435
421 447
422 483
424 715
426 662
426 783
427 481
427 628
429 781
430 644
431 770
434 644
435 759
436 712
437 634
438 743
439 781
440 654
441 581
441 602
443 472
444 702
446 635
449 533
450 575
450 755
451 472
453 782
455 668
455 767
457 561
458 678
459 707
460 762
461 537
462 690
463 492
465 735
465 752
466 493
466 743
469 496
469 543
470 532
471 522
474 615
474 687
475 588
476 760
476 761
477 565
478 582
479 701
479 737
482 488
482 549
483 643
484 498
488 713
490 604
492 531
494 735
498 699
499 655
500 620
500 780
501 747
501 765
502 519
503 736
505 741
505 742
506 669
509 686
511 799
512 640
513 775
514 786
515 548
516 572
522 789
523 542
524 586
524 608
526 740
527 609
528 686
528 720
529 684
530 552
532 632
533 769
535 551
537 673
538 764
540 568
541 728
550 791
553 626
554 578
556 750
559 793
560 746
561 782
562 622
563 716
564 668
564 676
565 578
567 647
568 676
569 580
569 663
571 641
573 672
576 584
576 792
579 731
579 795
580 670
581 744
583 642
588 687
594 709
595 629
598 797
599 636
600 790
603 694
605 612
606 732
607 794
610 630
614 661
616 775
617 749
617 757
618 705
620 784
621 634
622 715
624 648
631 745
632 721
635 760
637 660
639 763
643 692
645 750
649 771
651 722
652 734
656 665
656 712
658 739
659 679
659 740
672 716
673 695
677 767
678 746
679 759
681 738
688 798
691 726
691 772
693 700
693 795
697 789
701 787
703 761
706 742
709 794
713 772
719 724
719 785
722 731
729 779
741 748
745 787
748 755
751 778
768 776
780 797
800 48
801 170
-1 -1
7.97232
