1
0 61
0 407
1 377
1 436
2 29
2 361
3 159
3 311
4 75
4 273
5 236
5 378
6 81
6 162
7 48
7 425
8 17
8 429
9 53
9 474
10 176
10 203
11 138
11 307
12 488
13 16
13 146
14 95
14 173
15 275
15 485
16 68
17 383
18 126
18 345
19 38
19 390
20 261
20 280
21 286
21 341
22 301
22 469
23 133
23 337
24 243
24 477
25 46
25 50
26 86
26 367
27 39
27 320
28 129
28 434
29 465
30 63
30 438
31 104
31 239
32 419
32 486
33 174
33 309
34 95
34 426
35 290
35 312
36 278
36 418
37 394
37 497
38 75
39 481
40 122
40 190
41 148
41 376
42 91
42 253
43 249
43 357
44 73
44 468
45 66
45 281
46 322
47 90
47 135
48 476
49 314
49 457
50 297
51 109
51 208
52 83
52 285
53 168
54 57
54 63
55 91
55 403
56 350
56 495
57 144
58 415
58 435
59 169
59 181
60 65
60 494
61 70
62 354
62 359
64 136
64 482
65 428
66 274
67 337
67 355
68 417
69 294
69 411
70 273
71 135
71 193
72 260
72 366
73 462
74 248
74 442
76 278
76 461
77 195
77 356
78 96
78 104
79 165
79 198
80 362
80 466
81 194
82 405
82 450
83 265
84 108
84 483
85 270
85 291
86 186
87 109
87 247
88 319
88 339
89 210
89 393
90 185
92 381
92 465
93 123
93 246
94 219
94 499
96 231
97 295
97 329
98 110
98 333
99 140
99 213
100 206
100 433
101 161
101 317
102 143
102 410
103 294
103 492
105 127
105 461
106 153
106 386
107 117
107 371
108 188
110 296
111 222
111 225
112 188
112 317
113 120
113 322
114 199
114 249
115 125
115 225
116 399
116 459
117 378
118 282
118 490
119 229
119 336
120 458
121 150
121 372
122 263
123 190
124 206
124 387
125 205
126 470
127 255
128 236
128 257
129 223
130 334
130 426
131 404
131 410
132 201
132 392
133 430
134 276
134 453
136 215
137 464
137 482
138 145
139 321
139 448
140 365
141 197
141 227
142 419
142 480
143 298
144 476
145 372
146 475
147 381
147 443
148 252
149 240
149 316
150 191
151 160
151 262
152 323
152 405
153 279
154 171
154 472
155 191
155 456
156 260
156 331
157 349
157 379
158 328
158 389
159 270
160 398
161 480
162 164
163 217
163 409
164 373
165 269
166 254
166 347
167 189
167 262
168 472
169 455
170 338
170 416
171 467
172 182
172 224
173 455
174 310
175 388
175 438
176 344
177 371
177 468
178 427
178 499
179 449
179 489
180 454
180 473
181 446
182 325
183 237
183 427
184 401
184 457
185 429
186 258
187 259
187 412
189 349
192 380
192 460
193 214
194 292
195 421
196 239
196 402
197 336
198 284
199 399
200 207
200 212
201 356
202 283
202 423
203 406
204 422
204 475
205 390
207 274
208 231
209 259
209 421
210 305
211 297
211 299
212 348
213 285
214 415
215 289
216 364
216 449
217 315
218 219
218 359
220 300
220 492
221 290
221 451
222 484
223 414
224 365
226 302
226 369
227 277
228 229
228 409
230 272
230 367
232 282
232 304
233 267
233 306
234 244
234 360
235 251
235 471
237 330
238 386
238 496
240 315
241 355
241 377
242 276
242 445
243 304
244 493
245 320
245 375
246 383
247 277
248 413
250 312
250 485
251 330
252 420
253 473
254 316
255 467
256 258
256 264
257 412
261 295
263 454
264 269
265 477
266 382
267 382
268 351
268 428
271 397
271 440
272 459
275 288
279 440
280 291
281 292
283 370
284 436
286 408
287 310
287 374
288 464
289 350
293 326
293 342
296 470
298 396
299 462
300 344
301 498
302 346
303 325
303 431
305 308
306 380
307 441
308 444
309 397
311 324
313 432
313 497
314 389
318 398
318 453
319 434
321 342
323 332
324 363
326 491
327 335
327 339
328 414
329 358
331 418
332 334
333 439
335 387
338 430
340 363
340 471
341 437
343 352
343 483
345 450
346 431
347 452
348 425
351 353
352 487
353 495
354 391
357 368
358 435
360 395
361 402
362 385
364 490
366 433
368 479
369 424
370 444
373 420
374 458
375 404
376 441
379 478
384 448
384 466
385 394
388 446
391 439
392 445
393 496
395 460
396 400
400 479
401 478
403 442
406 491
407 481
408 488
411 447
413 452
416 432
417 469
422 486
423 443
424 451
437 474
447 487
456 489
463 484
463 494
493 498
500 266
501 12
-1 -1
5.07392
