1
0 49
0 80
1 20
1 292
2 149
2 204
3 106
3 125
4 174
4 186
5 52
5 255
6 154
6 234
7 114
7 173
8 132
8 181
9 184
9 299
10 60
10 298
11 18
11 41
12 288
12 175
13 263
13 25
14 259
14 153
15 212
15 249
16 52
17 259
17 93
18 116
19 137
19 192
20 67
21 63
21 188
22 99
22 242
23 96
23 179
24 33
24 161
25 37
26 105
26 299
27 127
27 140
28 273
28 123
29 202
29 251
30 128
30 138
31 148
31 223
32 119
32 186
33 270
34 40
34 88
35 172
35 241
36 70
36 142
37 145
38 225
38 274
39 43
39 187
40 86
41 182
42 267
42 226
43 120
44 100
44 226
45 74
45 177
46 270
46 202
47 141
47 217
48 284
48 190
49 252
50 97
50 129
51 106
51 203
53 107
53 219
54 281
54 237
55 133
55 236
56 116
56 222
57 113
57 152
58 262
58 163
59 291
59 111
60 171
61 89
61 144
62 167
62 246
63 126
64 263
64 158
65 122
65 169
66 143
66 154
67 109
68 78
68 235
69 151
69 189
70 85
71 204
71 235
72 84
72 125
73 107
73 223
74 215
75 85
75 243
76 276
76 246
77 261
77 234
78 221
79 291
79 82
80 197
81 126
81 210
82 178
83 136
83 194
84 180
86 150
87 296
87 255
88 169
89 276
90 153
90 230
91 93
91 231
92 134
92 160
94 112
94 254
95 99
95 184
96 210
97 272
98 232
98 244
100 250
101 160
101 168
102 268
102 252
103 142
103 215
104 216
104 245
105 162
108 114
108 254
109 162
110 195
110 219
111 212
112 178
113 297
115 140
115 236
117 284
117 196
118 292
118 130
119 238
120 145
121 286
121 293
122 183
123 247
124 295
124 296
127 150
128 188
129 172
130 193
131 290
131 241
132 260
133 185
134 139
135 260
135 166
136 258
137 253
138 201
139 163
141 272
143 199
144 271
146 262
146 155
147 229
147 238
148 190
149 211
151 250
152 249
155 174
156 177
156 207
157 265
158 268
159 201
159 206
161 209
164 285
164 247
165 170
165 253
166 258
167 198
168 264
170 222
171 224
173 279
175 280
176 277
176 278
179 248
180 228
181 243
182 239
183 227
185 218
187 269
189 294
191 205
191 233
192 283
193 257
194 288
195 289
196 198
197 220
199 240
200 240
200 251
203 265
205 269
206 282
207 231
208 283
208 287
209 273
211 225
213 278
213 228
214 244
214 248
216 233
217 275
218 277
220 266
221 298
224 261
227 289
229 286
230 239
232 256
237 297
242 275
245 264
256 257
266 280
267 274
271 294
279 295
281 287
282 293
285 290
300 16
301 157
-1 -1
35.4184
