1
0 24
0 294
1 7
1 13
2 14
2 45
3 120
3 160
4 163
4 204
5 83
5 200
6 141
6 237
7 93
8 167
8 177
9 138
9 156
10 125
10 210
11 118
11 121
12 74
12 174
13 38
14 281
15 144
15 186
16 33
16 203
17 209
17 244
18 101
18 165
19 134
19 231
20 119
20 174
21 168
21 231
22 27
22 267
23 196
23 214
24 121
25 139
25 189
26 201
26 247
27 142
28 290
28 201
29 264
29 43
30 75
30 227
31 185
31 252
32 86
32 175
33 271
34 193
34 212
35 108
35 282
36 147
36 168
37 149
37 180
38 115
39 272
39 234
40 124
40 221
41 60
41 218
42 129
42 156
43 152
44 92
44 245
45 119
46 110
46 192
47 273
47 196
48 68
48 91
49 147
49 290
50 286
50 138
51 164
51 166
52 82
52 97
53 131
53 193
54 257
54 223
55 287
55 243
56 113
56 130
57 72
57 217
58 159
58 247
59 141
59 251
60 258
61 127
61 172
62 143
62 177
63 107
63 131
64 173
64 244
65 90
65 205
66 277
66 210
67 260
67 220
68 187
69 120
69 270
70 289
70 142
71 87
71 130
72 123
73 198
73 208
74 76
75 283
76 186
77 136
77 221
78 85
78 233
79 265
79 197
80 179
80 215
81 256
81 111
82 159
83 261
84 299
84 230
85 275
86 284
87 273
88 91
88 250
89 249
89 255
90 117
92 206
93 207
94 117
94 155
95 267
95 161
96 128
96 225
97 232
98 99
98 164
99 134
100 224
100 235
101 288
102 114
102 225
103 271
103 223
104 293
104 122
105 296
105 232
106 260
106 153
107 175
108 150
109 291
109 136
110 183
111 295
112 296
112 114
113 215
115 281
116 279
116 298
118 295
122 188
123 222
124 216
125 158
126 240
126 297
127 227
128 199
129 199
132 269
132 226
133 149
133 207
135 286
135 191
137 256
137 258
139 176
140 266
140 157
143 148
144 236
145 188
145 224
146 233
146 240
148 163
150 264
151 292
151 274
152 241
153 282
154 262
154 230
155 236
157 195
158 198
160 242
161 218
162 265
165 278
166 222
167 187
169 229
169 239
170 181
170 226
171 270
171 276
172 184
173 279
176 299
178 259
178 269
179 228
180 285
181 292
182 238
182 248
183 239
184 189
185 202
190 262
190 216
191 245
194 214
194 255
195 284
197 272
200 246
202 209
203 298
204 266
205 274
206 276
208 249
211 242
211 254
212 280
213 261
213 219
217 246
219 253
220 235
228 259
229 277
234 268
237 285
238 250
241 263
243 254
248 275
251 280
252 288
253 291
257 294
263 278
268 287
283 289
293 297
300 192
301 162
-1 -1
73.7792
