3
0 36
0 54
1 70
1 77
2 44
2 15
3 49
3 58
4 43
4 18
5 83
5 27
6 19
6 47
7 80
7 39
8 18
8 89
9 94
9 54
10 24
10 53
11 59
11 78
12 98
12 93
13 85
13 61
14 97
14 22
15 33
16 59
16 72
17 88
17 62
19 77
20 81
20 51
21 32
21 38
22 23
23 73
24 83
25 57
25 46
26 50
27 72
28 40
28 84
29 33
29 31
30 48
30 88
31 89
32 66
34 81
34 60
35 96
35 45
36 37
37 42
38 68
40 91
41 96
41 82
42 64
43 69
44 50
45 94
46 73
47 86
48 91
49 70
51 66
52 75
52 78
53 61
55 99
55 69
56 76
56 57
58 87
60 67
62 76
63 74
63 79
64 98
65 93
65 71
67 84
68 90
71 90
74 95
75 95
79 99
80 82
85 87
100 39
100 86
100 92
101 26
101 92
101 97
-1 -1
0.022885
