2
0 81
0 56
1 85
1 86
2 65
2 78
3 90
3 91
4 7
4 28
5 60
5 77
6 32
6 26
7 37
8 76
8 29
9 52
9 84
10 52
10 23
11 49
11 39
12 38
12 22
13 88
13 59
14 28
14 69
15 68
15 53
16 66
16 56
18 89
18 45
19 73
19 36
20 33
20 96
21 51
21 74
22 37
23 82
24 75
24 62
25 84
25 71
26 39
27 81
27 91
29 40
30 97
30 95
31 57
31 79
32 83
33 58
34 44
34 70
35 43
35 54
36 74
38 94
40 47
41 80
41 89
42 64
42 48
43 55
44 48
45 53
46 73
46 77
47 86
49 50
50 66
54 65
55 72
57 63
58 61
59 60
61 92
62 67
63 75
67 78
68 76
69 72
70 96
71 97
79 80
82 90
83 92
85 98
87 99
87 93
88 99
93 94
95 98
100 17
100 64
101 17
101 51
-1 -1
0.049878
