1
0 94
0 55
1 51
1 59
2 59
2 25
3 10
3 43
4 77
4 95
5 52
5 21
6 32
6 66
7 48
7 62
8 16
8 15
9 98
9 72
10 54
11 53
11 61
12 48
12 69
13 18
13 42
14 44
14 87
15 91
16 19
17 65
17 90
18 91
19 39
20 30
20 79
21 85
22 72
22 60
23 35
23 89
24 99
24 97
25 27
26 63
26 47
27 57
28 58
28 45
29 34
29 37
30 40
31 96
31 45
32 69
33 98
33 86
34 76
35 70
36 56
36 94
37 67
38 73
39 40
41 52
41 56
42 66
43 50
44 73
46 70
46 81
47 97
49 84
49 76
50 82
51 61
53 93
54 90
55 88
57 75
58 74
60 89
62 81
63 64
64 75
65 68
68 85
71 95
71 93
74 78
77 88
78 83
79 99
80 84
80 86
82 92
83 92
87 96
100 38
101 67
-1 -1
0.065867
