1
0 173
0 563
1 35
1 564
2 123
2 540
3 276
3 786
4 498
4 670
5 169
5 488
6 152
6 412
7 59
7 140
8 424
8 754
9 196
9 242
10 638
10 708
11 36
11 107
12 121
12 638
13 102
13 364
14 341
14 474
15 367
15 619
16 437
16 560
17 160
17 681
18 542
18 728
19 118
19 513
20 47
20 566
21 401
21 648
22 99
22 258
23 483
23 706
24 477
24 538
25 513
25 655
26 144
26 305
27 188
27 550
28 158
28 206
29 161
29 722
30 342
30 725
31 489
31 627
32 649
32 754
33 497
33 697
34 95
34 136
35 141
36 46
37 180
37 698
38 371
38 488
39 295
39 530
40 92
40 149
41 76
41 277
42 61
42 235
43 303
43 658
44 680
44 701
45 56
45 142
46 524
47 230
48 429
48 662
49 464
49 657
50 76
50 528
51 310
51 605
52 644
52 664
53 116
53 239
54 415
54 725
55 293
55 678
56 292
57 229
57 445
58 778
59 252
60 210
60 462
61 90
62 189
62 356
63 348
63 534
64 131
64 558
65 73
65 446
66 191
66 756
67 257
67 577
68 529
68 611
69 220
69 275
70 427
70 520
71 236
71 726
72 535
72 637
73 127
74 391
74 723
75 166
75 451
77 426
77 518
78 209
78 219
79 164
79 506
80 316
80 594
81 295
81 458
82 593
82 606
83 184
83 473
84 338
84 371
85 255
85 406
86 331
86 745
87 193
87 736
88 190
88 686
89 733
89 753
90 788
91 264
91 469
92 211
93 282
93 365
94 164
94 418
95 314
96 224
96 405
97 220
97 287
98 109
98 597
99 762
100 669
100 772
101 251
101 794
102 630
103 369
103 673
104 106
104 385
105 370
105 764
106 746
107 377
108 170
108 432
109 143
110 122
110 394
111 743
111 778
112 139
112 643
113 154
113 432
114 292
114 559
115 400
115 543
116 376
117 589
117 651
118 228
119 330
119 345
120 440
120 662
121 584
122 386
123 290
124 320
124 532
125 351
125 759
126 255
126 396
127 449
128 434
128 755
129 337
129 475
130 225
130 732
131 554
132 633
132 798
133 166
133 523
134 165
134 213
135 251
135 634
136 400
137 562
137 724
138 516
138 618
139 313
140 206
141 423
142 172
143 744
144 584
145 316
145 353
146 336
146 516
147 247
147 388
148 577
148 682
149 150
150 592
151 556
151 602
152 514
153 279
153 661
154 737
155 389
155 677
156 291
156 700
157 159
157 780
158 330
159 184
160 596
161 363
162 664
162 771
163 523
163 765
165 656
167 203
167 399
168 670
168 738
169 561
170 544
171 210
171 579
172 533
173 297
174 238
174 463
175 240
175 633
176 484
176 667
177 646
177 755
178 683
178 697
179 465
179 782
180 681
181 588
181 663
182 216
182 796
183 557
183 693
185 420
185 636
186 501
186 503
187 228
187 393
188 777
189 468
190 769
191 243
192 476
192 537
193 384
194 195
194 613
195 569
196 249
197 368
197 651
198 226
198 289
199 315
199 519
200 685
200 793
201 493
201 646
202 203
202 377
204 237
204 362
205 279
205 450
207 362
207 549
208 398
208 687
209 335
211 342
212 443
212 675
213 467
214 355
214 631
215 332
215 626
216 732
217 425
217 459
218 715
218 730
219 318
221 300
221 567
222 401
222 453
223 511
223 797
224 438
225 676
226 409
227 337
227 555
229 536
230 454
231 353
231 675
232 262
232 780
233 384
233 691
234 611
234 742
235 478
236 607
237 679
238 558
239 455
240 595
241 542
241 720
242 583
243 704
244 360
244 571
245 352
245 791
246 418
246 779
247 338
248 374
248 793
249 798
250 257
250 486
252 757
253 291
253 781
254 265
254 528
256 568
256 665
258 632
259 471
259 734
260 461
260 708
261 320
261 413
262 519
263 333
263 452
264 363
265 574
266 419
266 442
267 613
267 621
268 541
268 595
269 366
269 396
270 404
270 571
271 495
271 505
272 280
272 770
273 299
273 614
274 623
274 773
275 282
276 753
277 587
278 731
278 740
280 285
281 490
281 537
283 468
283 787
284 415
284 616
285 314
286 422
286 461
287 750
288 615
288 789
289 525
290 476
293 441
294 412
294 573
296 451
296 702
297 607
298 474
298 503
299 541
300 420
301 350
301 767
302 373
302 790
303 544
304 471
304 654
305 761
306 491
306 747
307 444
307 679
308 327
308 631
309 526
309 593
310 459
311 599
311 794
312 381
312 487
313 532
315 764
317 373
317 674
318 507
319 411
319 507
321 350
321 733
322 550
322 688
323 343
323 552
324 628
324 719
325 439
325 596
326 366
326 779
327 695
328 458
328 776
329 340
329 346
331 589
332 773
333 625
334 641
334 721
335 603
336 762
339 477
339 565
340 713
341 357
343 711
344 403
344 466
345 505
346 576
347 372
347 479
348 410
349 414
349 426
351 475
352 375
354 700
354 784
355 727
356 695
357 707
358 722
358 799
359 385
359 789
360 590
361 489
361 494
364 626
365 659
367 635
368 684
369 501
370 448
372 527
374 522
375 622
376 699
378 549
378 710
379 391
379 421
380 568
380 570
381 620
382 441
382 653
383 388
383 590
386 652
387 539
387 557
389 493
390 392
390 647
392 520
393 609
394 653
395 582
395 659
397 624
397 797
398 772
399 433
402 439
402 456
403 784
404 727
405 465
406 676
407 448
407 601
408 666
408 758
409 680
410 731
411 783
413 713
414 485
416 604
416 610
417 470
417 795
419 428
421 445
422 561
423 464
424 506
425 435
427 483
428 540
429 499
430 650
430 718
431 533
431 643
433 785
434 486
435 569
436 547
436 629
437 692
438 683
440 763
442 554
443 608
444 576
446 535
447 580
447 599
449 703
450 500
452 617
453 767
454 684
455 674
457 703
457 730
460 716
460 796
462 640
463 572
466 709
467 480
469 656
470 649
472 598
472 658
473 508
478 748
479 545
480 575
481 538
481 717
482 521
482 647
484 636
485 712
487 582
490 795
491 768
492 548
492 705
494 737
495 723
496 648
496 775
497 608
498 705
499 781
500 714
502 760
502 783
504 663
504 685
508 635
509 641
509 645
510 559
510 788
511 694
512 531
512 682
514 715
515 639
515 706
517 545
517 671
518 752
521 688
522 601
524 750
525 551
526 565
527 578
529 570
530 747
531 744
534 634
536 583
539 771
543 637
546 600
546 757
547 592
548 586
551 691
552 698
553 585
553 745
555 602
556 694
560 720
562 721
563 564
566 645
567 749
572 660
573 734
574 726
575 617
578 763
579 661
580 650
581 591
581 669
585 689
586 768
587 632
588 701
591 717
594 758
597 660
598 751
600 761
603 609
604 776
605 741
606 707
610 619
612 719
612 759
614 671
615 657
616 655
618 751
620 710
621 644
622 739
623 687
624 714
625 712
627 774
628 787
629 792
630 711
639 640
642 692
642 718
652 743
654 766
665 749
666 742
667 765
668 696
668 756
672 735
672 785
673 709
677 760
678 702
686 716
689 799
690 786
690 790
693 775
696 735
699 766
704 792
724 729
728 748
729 774
736 746
738 740
739 770
741 769
752 782
777 791
800 58
801 456
-1 -1
25.3833
