700 9786
0 77
0 79
0 86
0 95
0 116
0 150
0 167
0 217
0 232
0 236
0 249
0 285
0 317
0 323
0 344
0 375
0 384
0 440
0 479
0 505
0 506
0 547
0 584
0 621
0 636
0 680
1 24
1 48
1 61
1 66
1 108
1 111
1 116
1 157
1 186
1 223
1 229
1 237
1 290
1 318
1 331
1 384
1 412
1 421
1 426
1 448
1 459
1 474
1 502
1 552
1 560
1 642
1 674
2 26
2 68
2 92
2 104
2 122
2 164
2 166
2 170
2 182
2 197
2 235
2 273
2 277
2 278
2 292
2 326
2 347
2 380
2 440
2 492
2 519
2 533
2 534
2 545
2 659
2 680
3 21
3 170
3 176
3 221
3 237
3 284
3 332
3 399
3 484
3 517
3 531
3 538
3 554
3 578
3 635
3 645
3 679
3 685
4 24
4 40
4 42
4 78
4 94
4 112
4 155
4 156
4 162
4 233
4 237
4 248
4 264
4 272
4 282
4 320
4 328
4 341
4 399
4 422
4 428
4 430
4 448
4 455
4 458
4 463
4 474
4 498
4 531
4 555
4 572
4 581
4 651
4 694
5 25
5 37
5 40
5 43
5 55
5 107
5 133
5 152
5 188
5 222
5 225
5 285
5 363
5 403
5 407
5 419
5 423
5 436
5 457
5 497
5 510
5 516
5 526
5 553
5 561
5 579
6 10
6 73
6 75
6 93
6 108
6 179
6 210
6 258
6 278
6 426
6 464
6 479
6 502
6 514
6 517
6 533
6 555
6 631
6 659
6 660
7 17
7 26
7 27
7 40
7 67
7 80
7 81
7 87
7 153
7 194
7 214
7 316
7 317
7 333
7 345
7 347
7 367
7 372
7 378
7 465
7 479
7 481
7 486
7 495
7 519
7 531
7 541
7 674
7 693
8 9
8 54
8 92
8 104
8 161
8 165
8 170
8 181
8 191
8 247
8 264
8 365
8 378
8 411
8 419
8 422
8 429
8 436
8 439
8 472
8 499
8 501
8 533
8 549
8 573
8 586
8 599
8 619
8 682
8 685
9 14
9 29
9 34
9 87
9 114
9 156
9 166
9 403
9 405
9 410
9 445
9 530
9 594
9 637
9 661
9 680
9 681
10 59
10 80
10 106
10 111
10 120
10 192
10 194
10 218
10 333
10 395
10 481
10 527
10 585
10 632
10 677
10 697
11 58
11 66
11 132
11 135
11 139
11 174
11 191
11 214
11 242
11 260
11 290
11 294
11 324
11 325
11 341
11 351
11 391
11 436
11 481
11 536
11 552
11 575
11 625
12 23
12 35
12 52
12 55
12 56
12 124
12 166
12 237
12 275
12 284
12 307
12 320
12 328
12 329
12 345
12 347
12 409
12 416
12 426
12 438
12 581
12 634
12 644
13 79
13 91
13 107
13 112
13 224
13 257
13 264
13 287
13 292
13 298
13 301
13 333
13 351
13 378
13 385
13 397
13 520
13 529
13 595
13 605
13 606
13 622
13 632
13 663
14 66
14 105
14 134
14 169
14 189
14 232
14 268
14 279
14 285
14 286
14 304
14 323
14 372
14 379
14 380
14 463
14 465
14 474
14 477
14 530
14 559
14 564
14 586
14 605
14 628
14 630
14 634
14 672
15 28
15 68
15 80
15 143
15 164
15 187
15 207
15 225
15 281
15 298
15 315
15 339
15 342
15 352
15 421
15 445
15 473
15 509
15 545
15 564
15 570
15 610
15 629
15 632
15 649
15 676
15 681
15 689
16 35
16 48
16 56
16 94
16 95
16 107
16 115
16 125
16 133
16 135
16 211
16 282
16 323
16 327
16 345
16 393
16 405
16 421
16 443
16 460
16 477
16 488
16 505
16 543
16 546
16 594
16 645
16 655
16 667
16 671
16 673
17 25
17 33
17 86
17 118
17 157
17 169
17 228
17 242
17 244
17 248
17 301
17 376
17 378
17 408
17 420
17 461
17 522
17 533
17 554
17 568
17 599
17 634
17 670
18 28
18 77
18 91
18 97
18 106
18 113
18 115
18 131
18 140
18 177
18 199
18 222
18 228
18 255
18 276
18 280
18 286
18 320
18 334
18 420
18 425
18 469
18 480
18 494
18 534
18 553
18 571
18 575
18 578
18 588
18 626
18 630
18 653
18 691
18 694
19 65
19 88
19 100
19 106
19 131
19 144
19 188
19 189
19 205
19 219
19 228
19 272
19 293
19 353
19 382
19 408
19 432
19 518
19 529
19 561
19 580
19 583
19 605
19 662
19 690
20 24
20 33
20 50
20 199
20 283
20 309
20 327
20 358
20 370
20 375
20 382
20 481
20 500
20 505
20 511
20 537
20 546
20 603
20 614
20 640
20 647
20 670
20 693
20 696
21 23
21 46
21 49
21 75
21 88
21 102
21 122
21 221
21 252
21 271
21 295
21 316
21 354
21 384
21 400
21 404
21 406
21 454
21 476
21 491
21 503
21 504
21 561
21 601
21 603
21 606
21 611
21 635
21 660
21 666
21 694
22 59
22 106
22 117
22 174
22 264
22 321
22 341
22 379
22 464
22 510
22 527
22 541
22 584
22 586
22 617
22 640
22 667
23 45
23 60
23 148
23 174
23 219
23 221
23 227
23 229
23 232
23 286
23 296
23 298
23 309
23 334
23 341
23 364
23 366
23 398
23 426
23 429
23 447
23 449
23 451
23 457
23 472
23 484
23 499
23 512
23 545
23 546
23 556
23 594
23 662
24 38
24 94
24 154
24 190
24 214
24 288
24 294
24 296
24 350
24 391
24 432
24 435
24 437
24 492
24 524
24 527
24 547
24 582
24 590
24 612
24 664
24 675
25 52
25 82
25 83
25 119
25 137
25 156
25 169
25 204
25 208
25 238
25 259
25 311
25 363
25 369
25 373
25 388
25 420
25 421
25 450
25 452
25 455
25 502
25 503
25 519
25 520
25 587
25 599
25 607
25 608
25 616
25 647
25 687
26 32
26 46
26 57
26 95
26 100
26 137
26 148
26 154
26 172
26 182
26 212
26 236
26 274
26 281
26 297
26 307
26 355
26 356
26 357
26 370
26 373
26 420
26 425
26 448
26 471
26 474
26 514
26 597
26 616
26 617
26 619
26 628
26 629
26 630
26 638
26 647
26 676
26 685
26 699
27 78
27 82
27 126
27 127
27 164
27 196
27 198
27 230
27 286
27 299
27 315
27 317
27 335
27 341
27 354
27 355
27 373
27 424
27 461
27 478
27 492
27 500
27 520
27 546
27 552
27 558
27 591
27 610
27 619
27 625
27 647
27 655
27 665
27 670
27 671
27 696
27 697
27 699
28 35
28 37
28 42
28 43
28 45
28 51
28 67
28 91
28 108
28 128
28 139
28 140
28 164
28 188
28 216
28 245
28 256
28 258
28 305
28 313
28 338
28 347
28 360
28 395
28 416
28 429
28 471
28 530
28 535
28 545
28 556
28 604
28 611
28 613
28 618
28 629
28 656
28 682
29 40
29 43
29 44
29 53
29 69
29 83
29 90
29 93
29 132
29 179
29 228
29 258
29 293
29 299
29 314
29 327
29 332
29 342
29 362
29 431
29 436
29 443
29 469
29 492
29 534
29 543
29 567
29 569
29 651
29 661
30 58
30 86
30 136
30 153
30 219
30 244
30 278
30 305
30 345
30 355
30 356
30 373
30 385
30 438
30 443
30 486
30 524
30 543
30 558
30 587
30 640
30 649
30 664
30 678
30 695
31 74
31 79
31 90
31 94
31 114
31 136
31 158
31 209
31 211
31 213
31 279
31 298
31 302
31 344
31 366
31 393
31 397
31 405
31 479
31 491
31 521
31 553
31 554
31 555
31 562
31 569
31 637
31 652
31 670
32 38
32 51
32 53
32 92
32 102
32 112
32 124
32 129
32 139
32 140
32 146
32 147
32 159
32 177
32 185
32 190
32 209
32 251
32 299
32 309
32 326
32 343
32 378
32 393
32 397
32 418
32 445
32 448
32 484
32 518
32 533
32 542
32 607
32 623
32 663
32 668
32 680
32 695
33 58
33 84
33 95
33 103
33 112
33 113
33 130
33 137
33 140
33 215
33 223
33 258
33 284
33 309
33 346
33 347
33 355
33 369
33 379
33 394
33 403
33 433
33 517
33 524
33 555
33 596
33 653
33 694
34 38
34 58
34 98
34 114
34 159
34 161
34 185
34 207
34 245
34 261
34 284
34 289
34 300
34 338
34 357
34 388
34 396
34 436
34 458
34 459
34 465
34 518
34 527
34 653
34 654
34 660
34 666
34 679
35 45
35 162
35 175
35 180
35 236
35 247
35 267
35 279
35 282
35 365
35 372
35 377
35 397
35 413
35 486
35 488
35 572
35 625
35 627
35 640
35 651
35 658
35 670
35 680
35 683
36 70
36 83
36 139
36 206
36 208
36 210
36 277
36 312
36 331
36 371
36 372
36 401
36 410
36 434
36 442
36 460
36 517
36 520
36 526
36 532
36 536
36 599
36 618
36 625
36 634
36 638
36 643
36 684
37 55
37 87
37 107
37 112
37 122
37 135
37 147
37 151
37 203
37 213
37 226
37 270
37 277
37 280
37 321
37 330
37 335
37 378
37 400
37 405
37 431
37 434
37 446
37 451
37 485
37 514
37 534
37 561
37 605
37 619
37 634
37 635
37 657
37 666
38 42
38 45
38 67
38 89
38 90
38 92
38 117
38 120
38 124
38 133
38 149
38 151
38 158
38 159
38 163
38 174
38 196
38 210
38 470
38 488
38 517
38 520
38 534
38 547
38 575
38 577
38 586
38 606
38 611
38 692
38 694
39 40
39 43
39 75
39 82
39 157
39 161
39 179
39 185
39 235
39 264
39 283
39 293
39 325
39 337
39 342
39 356
39 377
39 420
39 441
39 461
39 492
39 503
39 538
39 572
39 599
39 628
39 654
39 657
39 679
40 50
40 83
40 139
40 186
40 191
40 194
40 225
40 232
40 235
40 274
40 289
40 308
40 317
40 321
40 354
40 383
40 409
40 471
40 489
40 508
40 557
40 561
40 663
40 672
40 673
40 682
41 72
41 87
41 91
41 92
41 112
41 131
41 140
41 151
41 156
41 180
41 201
41 206
41 228
41 242
41 319
41 333
41 394
41 417
41 432
41 452
41 554
41 624
41 631
41 639
42 46
42 90
42 97
42 134
42 195
42 202
42 211
42 214
42 224
42 235
42 238
42 290
42 310
42 330
42 334
42 349
42 438
42 542
42 579
42 591
42 594
42 650
43 65
43 69
43 90
43 110
43 180
43 188
43 227
43 260
43 264
43 279
43 286
43 300
43 316
43 333
43 391
43 398
43 417
43 461
43 522
43 523
43 580
43 607
43 620
43 640
43 643
43 676
43 679
43 682
43 687
44 129
44 267
44 294
44 327
44 352
44 362
44 407
44 408
44 420
44 447
44 455
44 462
44 500
44 524
44 575
44 606
44 617
44 641
44 667
44 673
45 64
45 77
45 83
45 119
45 177
45 189
45 197
45 204
45 210
45 216
45 240
45 324
45 347
45 373
45 386
45 419
45 442
45 445
45 514
45 530
45 541
45 551
45 556
45 572
45 576
45 590
45 594
45 643
45 656
45 658
45 692
46 71
46 161
46 188
46 211
46 213
46 222
46 223
46 246
46 301
46 302
46 359
46 401
46 452
46 484
46 570
46 637
47 56
47 100
47 167
47 184
47 191
47 222
47 252
47 269
47 271
47 277
47 318
47 319
47 321
47 366
47 378
47 385
47 420
47 466
47 489
47 493
47 528
47 532
47 621
47 629
47 631
47 637
48 67
48 86
48 96
48 98
48 141
48 142
48 156
48 163
48 171
48 172
48 194
48 222
48 247
48 248
48 267
48 295
48 310
48 314
48 320
48 349
48 358
48 383
48 395
48 410
48 415
48 439
48 477
48 489
48 496
48 556
48 581
48 592
48 674
48 677
49 78
49 87
49 96
49 175
49 201
49 223
49 230
49 277
49 307
49 354
49 371
49 394
49 419
49 436
49 444
49 456
49 466
49 556
49 595
49 613
49 614
50 61
50 63
50 65
50 98
50 107
50 118
50 140
50 161
50 189
50 249
50 253
50 271
50 282
50 292
50 297
50 307
50 387
50 399
50 426
50 494
50 538
50 540
50 557
50 571
50 581
50 612
50 656
50 662
50 672
50 678
50 680
51 55
51 59
51 63
51 84
51 92
51 127
51 165
51 167
51 169
51 201
51 210
51 222
51 321
51 374
51 411
51 470
51 481
51 483
51 583
51 618
51 625
51 628
51 633
51 660
51 691
52 57
52 60
52 87
52 96
52 117
52 123
52 181
52 194
52 196
52 206
52 207
52 215
52 221
52 329
52 340
52 349
52 354
52 374
52 378
52 388
52 410
52 437
52 449
52 453
52 467
52 478
52 533
52 539
52 571
52 577
52 579
52 603
53 65
53 75
53 80
53 117
53 118
53 128
53 155
53 157
53 179
53 189
53 273
53 282
53 327
53 331
53 358
53 409
53 410
53 454
53 470
53 484
53 512
53 526
53 575
53 579
53 614
53 620
53 627
53 648
53 663
53 670
53 697
54 112
54 128
54 136
54 149
54 164
54 172
54 182
54 191
54 209
54 238
54 257
54 268
54 325
54 371
54 382
54 426
54 428
54 456
54 460
54 477
54 488
54 492
54 493
54 497
54 505
54 536
54 537
54 539
54 555
54 601
54 605
54 616
54 641
54 695
54 698
55 109
55 147
55 160
55 164
55 165
55 166
55 231
55 295
55 355
55 385
55 407
55 457
55 464
55 465
55 466
55 521
55 556
56 111
56 120
56 159
56 169
56 213
56 218
56 243
56 262
56 270
56 295
56 351
56 355
56 361
56 385
56 409
56 424
56 435
56 454
56 503
56 508
56 569
56 575
56 580
56 592
56 614
56 624
56 627
56 674
57 77
57 135
57 179
57 180
57 199
57 203
57 285
57 294
57 295
57 303
57 328
57 347
57 373
57 393
57 415
57 452
57 454
57 470
57 476
57 490
57 498
57 523
57 525
57 557
57 606
57 675
58 157
58 168
58 179
58 217
58 283
58 316
58 341
58 365
58 404
58 413
58 414
58 456
58 464
58 472
58 476
58 526
58 581
58 592
58 606
58 684
58 691
59 60
59 69
59 133
59 213
59 287
59 300
59 308
59 324
59 331
59 336
59 348
59 358
59 359
59 379
59 421
59 464
59 485
59 505
59 506
59 538
59 542
59 543
59 558
59 564
59 609
59 610
59 636
59 675
59 680
60 137
60 183
60 191
60 201
60 212
60 223
60 231
60 238
60 268
60 271
60 303
60 379
60 382
60 383
60 421
60 425
60 444
60 467
60 495
60 639
60 665
61 66
61 83
61 89
61 98
61 131
61 149
61 183
61 191
61 210
61 211
61 226
61 245
61 258
61 275
61 294
61 335
61 356
61 370
61 390
61 400
61 410
61 418
61 435
61 508
61 512
61 532
61 539
61 540
61 561
61 570
61 573
61 579
61 615
61 632
61 633
61 634
61 648
61 660
62 137
62 145
62 148
62 149
62 190
62 212
62 231
62 243
62 298
62 316
62 317
62 346
62 390
62 403
62 472
62 518
62 554
62 574
62 589
62 615
63 88
63 108
63 149
63 159
63 208
63 236
63 253
63 285
63 312
63 358
63 359
63 385
63 415
63 476
63 512
63 548
63 556
63 664
63 683
64 75
64 80
64 95
64 132
64 211
64 246
64 249
64 298
64 315
64 368
64 415
64 424
64 438
64 439
64 497
64 543
64 641
64 645
64 649
64 656
64 673
64 675
65 135
65 151
65 155
65 170
65 250
65 265
65 271
65 278
65 294
65 376
65 426
65 446
65 450
65 529
65 570
65 601
65 655
65 665
65 682
66 123
66 143
66 174
66 197
66 199
66 318
66 335
66 361
66 406
66 437
66 452
66 460
66 474
66 523
66 544
66 577
66 580
66 582
66 641
66 645
66 646
66 663
66 666
66 669
66 671
66 678
66 685
66 697
67 145
67 158
67 165
67 187
67 266
67 269
67 296
67 314
67 317
67 324
67 357
67 359
67 361
67 371
67 399
67 422
67 454
67 474
67 513
67 556
67 569
67 572
67 594
67 642
67 649
67 651
67 697
68 81
68 106
68 181
68 211
68 237
68 239
68 240
68 263
68 267
68 326
68 345
68 404
68 422
68 441
68 459
68 502
68 517
68 534
68 557
68 578
68 580
68 582
68 646
68 649
68 654
69 85
69 132
69 159
69 165
69 173
69 174
69 185
69 209
69 288
69 308
69 322
69 345
69 374
69 428
69 458
69 480
69 506
69 522
69 528
69 532
69 562
69 568
69 572
69 600
69 621
69 630
69 650
70 76
70 119
70 132
70 145
70 155
70 206
70 218
70 293
70 301
70 313
70 320
70 367
70 395
70 418
70 467
70 519
70 531
70 540
70 608
70 610
70 659
70 671
70 673
71 112
71 142
71 146
71 147
71 166
71 172
71 178
71 190
71 217
71 247
71 262
71 290
71 298
71 322
71 345
71 347
71 372
71 405
71 444
71 451
71 452
71 477
71 517
71 556
71 596
71 612
71 664
71 693
72 107
72 134
72 150
72 154
72 160
72 184
72 196
72 197
72 211
72 233
72 241
72 246
72 248
72 255
72 264
72 319
72 370
72 385
72 402
72 407
72 411
72 449
72 476
72 510
72 523
72 605
72 666
72 677
72 693
72 694
73 94
73 100
73 119
73 148
73 157
73 167
73 201
73 204
73 222
73 236
73 313
73 332
73 383
73 386
73 394
73 398
73 399
73 412
73 419
73 429
73 434
73 443
73 445
73 453
73 499
73 514
73 534
73 562
73 568
73 579
73 638
74 98
74 126
74 130
74 174
74 192
74 230
74 331
74 352
74 354
74 358
74 362
74 421
74 438
74 461
74 481
74 492
74 501
74 521
74 533
74 543
74 546
74 558
74 602
74 637
74 683
74 692
75 77
75 100
75 114
75 118
75 138
75 153
75 172
75 224
75 237
75 270
75 272
75 280
75 294
75 313
75 347
75 382
75 402
75 408
75 412
75 421
75 427
75 473
75 498
75 509
75 527
75 535
75 563
75 600
75 648
75 669
75 680
75 684
76 105
76 136
76 151
76 197
76 220
76 270
76 390
76 398
76 475
76 527
76 536
76 541
76 572
76 626
76 681
76 684
76 695
77 92
77 146
77 154
77 159
77 168
77 180
77 213
77 226
77 227
77 230
77 244
77 273
77 306
77 309
77 310
77 313
77 393
77 396
77 397
77 400
77 427
77 459
77 470
77 477
77 481
77 482
77 526
77 549
77 575
77 602
77 629
77 648
77 670
77 690
78 94
78 95
78 117
78 139
78 140
78 144
78 154
78 167
78 189
78 207
78 208
78 228
78 270
78 313
78 332
78 333
78 356
78 357
78 405
78 407
78 408
78 436
78 437
78 467
78 487
78 518
78 559
78 572
78 576
78 577
78 592
78 664
79 80
79 95
79 219
79 258
79 282
79 326
79 349
79 362
79 387
79 390
79 438
79 458
79 464
79 481
79 522
79 577
79 582
79 593
79 613
79 626
79 643
79 668
80 175
80 177
80 270
80 317
80 414
80 416
80 422
80 445
80 465
80 480
80 487
80 495
80 520
80 526
80 618
80 647
80 657
81 99
81 106
81 192
81 250
81 262
81 271
81 357
81 382
81 393
81 420
81 473
81 477
81 497
81 504
81 567
81 594
81 596
81 644
81 650
81 654
81 663
81 678
81 695
82 160
82 176
82 207
82 226
82 243
82 253
82 297
82 349
82 409
82 454
82 469
82 473
82 493
82 541
82 555
82 556
82 559
82 587
82 641
82 650
82 658
82 695
83 85
83 87
83 122
83 128
83 213
83 217
83 231
83 235
83 306
83 340
83 392
83 399
83 402
83 414
83 441
83 457
83 487
83 499
83 510
83 512
83 538
83 595
83 609
83 617
83 667
83 698
84 89
84 98
84 100
84 131
84 146
84 168
84 175
84 196
84 256
84 275
84 283
84 296
84 323
84 332
84 343
84 346
84 395
84 430
84 436
84 449
84 450
84 454
84 473
84 506
84 508
84 513
84 526
84 530
84 575
84 603
84 630
84 691
84 694
85 155
85 183
85 242
85 273
85 275
85 366
85 385
85 402
85 448
85 517
85 541
85 627
85 646
86 100
86 160
86 265
86 280
86 302
86 307
86 314
86 357
86 433
86 437
86 439
86 450
86 476
86 490
86 495
86 550
86 555
86 632
86 635
86 640
86 650
87 91
87 101
87 198
87 201
87 202
87 228
87 266
87 268
87 325
87 422
87 491
87 512
87 522
87 559
87 582
87 622
87 652
87 663
87 690
88 128
88 134
88 140
88 149
88 221
88 235
88 395
88 407
88 418
88 440
88 449
88 464
88 509
88 544
88 553
88 603
88 622
88 636
88 652
88 669
88 691
89 104
89 106
89 142
89 201
89 234
89 235
89 277
89 278
89 296
89 332
89 375
89 390
89 395
89 415
89 453
89 459
89 493
89 539
89 593
89 626
89 629
89 674
90 102
90 112
90 118
90 147
90 184
90 188
90 192
90 196
90 197
90 198
90 291
90 470
90 482
90 483
90 486
90 503
90 504
90 568
90 590
90 596
90 604
90 632
91 98
91 114
91 134
91 163
91 179
91 188
91 193
91 219
91 302
91 313
91 327
91 386
91 389
91 390
91 394
91 417
91 483
91 497
91 504
91 544
91 550
91 572
91 619
91 620
91 694
92 153
92 156
92 160
92 280
92 333
92 397
92 405
92 443
92 515
92 545
92 568
92 582
92 595
92 642
92 646
92 655
92 663
92 686
93 105
93 126
93 144
93 149
93 152
93 165
93 237
93 342
93 361
93 370
93 398
93 407
93 410
93 446
93 469
93 476
93 491
93 531
93 534
93 562
93 565
93 589
93 596
93 607
93 625
94 139
94 169
94 220
94 227
94 230
94 235
94 280
94 290
94 308
94 367
94 398
94 455
94 464
94 466
94 499
94 515
94 528
94 541
94 545
94 554
94 567
94 577
94 639
94 652
94 665
94 668
94 695
95 107
95 122
95 134
95 140
95 163
95 208
95 244
95 262
95 287
95 314
95 342
95 350
95 411
95 430
95 450
95 458
95 471
95 475
95 486
95 506
95 522
95 524
95 529
95 536
95 550
95 583
95 638
95 653
95 686
95 693
96 99
96 119
96 123
96 137
96 142
96 153
96 172
96 180
96 185
96 210
96 236
96 241
96 255
96 267
96 291
96 300
96 337
96 364
96 368
96 377
96 380
96 400
96 417
96 466
96 471
96 488
96 513
96 517
96 518
96 522
96 524
96 529
96 542
96 572
96 584
96 602
96 655
96 674
96 693
96 695
97 108
97 165
97 166
97 172
97 217
97 238
97 250
97 251
97 280
97 283
97 291
97 310
97 345
97 361
97 370
97 395
97 406
97 446
97 456
97 458
97 478
97 486
97 487
97 525
97 537
97 561
97 562
97 602
97 604
97 620
97 680
97 696
98 101
98 102
98 110
98 150
98 179
98 183
98 188
98 204
98 228
98 238
98 258
98 349
98 362
98 391
98 415
98 423
98 439
98 485
98 497
98 595
98 623
98 648
98 665
98 681
99 167
99 174
99 179
99 256
99 314
99 332
99 421
99 505
99 506
99 515
99 516
99 548
99 560
99 581
99 614
99 657
99 682
100 174
100 179
100 181
100 205
100 306
100 334
100 370
100 398
100 423
100 440
100 447
100 525
100 543
100 554
100 562
100 578
100 644
100 645
101 136
101 142
101 161
101 173
101 257
101 262
101 280
101 309
101 333
101 344
101 391
101 453
101 459
101 521
101 590
101 593
101 631
101 648
101 678
102 105
102 106
102 120
102 121
102 132
102 138
102 139
102 261
102 340
102 479
102 501
102 511
102 624
102 659
103 105
103 114
103 141
103 151
103 155
103 201
103 266
103 275
103 277
103 280
103 300
103 309
103 376
103 384
103 445
103 474
103 482
103 495
103 513
103 517
103 537
103 541
103 556
103 565
103 621
103 623
103 648
103 663
103 670
103 688
104 106
104 118
104 143
104 169
104 175
104 181
104 229
104 232
104 239
104 256
104 260
104 281
104 295
104 296
104 300
104 303
104 314
104 340
104 346
104 383
104 421
104 492
104 517
104 576
104 636
104 642
104 695
105 124
105 190
105 242
105 257
105 263
105 277
105 311
105 332
105 419
105 447
105 476
105 486
105 500
105 517
105 526
105 531
105 612
105 642
105 679
105 686
106 119
106 123
106 163
106 206
106 224
106 238
106 266
106 295
106 298
106 314
106 333
106 356
106 422
106 433
106 435
106 472
106 636
106 642
106 654
106 671
107 120
107 124
107 213
107 223
107 249
107 262
107 269
107 306
107 334
107 338
107 357
107 394
107 489
107 513
107 527
107 597
107 673
108 163
108 248
108 271
108 302
108 312
108 350
108 351
108 373
108 398
108 407
108 434
108 448
108 453
108 457
108 469
108 498
108 511
108 532
108 536
108 578
108 600
108 662
108 699
109 123
109 127
109 192
109 194
109 195
109 203
109 231
109 233
109 302
109 316
109 317
109 333
109 346
109 371
109 380
109 527
109 536
109 570
109 608
109 661
109 683
109 698
110 135
110 201
110 268
110 276
110 296
110 300
110 302
110 384
110 413
110 422
110 439
110 461
110 485
110 502
110 551
110 563
110 566
110 569
110 605
110 610
110 640
110 657
110 661
110 671
110 687
111 130
111 133
111 143
111 178
111 187
111 195
111 200
111 272
111 282
111 285
111 352
111 436
111 459
111 503
111 521
111 539
111 543
111 619
111 625
111 633
111 647
111 652
111 661
112 116
112 125
112 162
112 178
112 192
112 221
112 246
112 252
112 259
112 271
112 287
112 296
112 345
112 400
112 456
112 495
112 510
112 535
112 619
112 665
113 169
113 193
113 226
113 227
113 301
113 317
113 360
113 478
113 485
113 527
113 529
113 542
113 586
113 616
113 633
113 659
113 665
113 693
114 138
114 156
114 157
114 163
114 177
114 200
114 224
114 227
114 235
114 265
114 275
114 289
114 299
114 346
114 368
114 375
114 420
114 429
114 456
114 458
114 467
114 471
114 517
114 522
114 567
114 612
114 632
114 685
114 690
115 130
115 140
115 144
115 151
115 168
115 169
115 181
115 237
115 239
115 306
115 316
115 318
115 320
115 336
115 371
115 379
115 489
115 564
115 599
115 601
115 614
115 616
115 624
115 681
115 685
116 135
116 158
116 279
116 288
116 297
116 344
116 354
116 366
116 383
116 424
116 452
116 523
116 526
116 541
116 545
116 550
116 571
116 595
116 610
116 612
116 635
116 677
116 683
117 122
117 167
117 188
117 194
117 239
117 280
117 357
117 404
117 412
117 430
117 470
117 497
117 499
117 538
117 617
117 662
117 664
117 674
117 690
117 695
118 132
118 152
118 153
118 164
118 210
118 242
118 276
118 298
118 303
118 316
118 318
118 356
118 377
118 381
118 418
118 419
118 473
118 482
118 543
118 611
118 621
118 623
118 635
118 662
118 668
119 156
119 162
119 208
119 231
119 250
119 295
119 315
119 329
119 346
119 377
119 392
119 416
119 438
119 439
119 453
119 462
119 496
119 502
119 504
119 543
119 572
119 576
119 582
119 611
119 624
119 644
119 655
119 656
119 657
119 683
120 122
120 124
120 137
120 145
120 171
120 181
120 211
120 236
120 245
120 260
120 332
120 373
120 377
120 382
120 421
120 486
120 507
120 550
120 560
120 575
120 633
121 141
121 159
121 163
121 203
121 219
121 230
121 310
121 326
121 372
121 382
121 423
121 444
121 454
121 494
121 516
121 518
121 520
121 521
121 572
121 592
121 627
121 693
122 141
122 179
122 195
122 216
122 218
122 314
122 359
122 392
122 396
122 417
122 492
122 507
122 526
122 547
122 563
122 582
122 590
122 607
122 635
123 164
123 167
123 191
123 337
123 345
123 399
123 417
123 469
123 498
123 564
123 574
123 583
123 594
123 610
123 630
123 680
124 166
124 194
124 224
124 229
124 290
124 298
124 323
124 327
124 405
124 454
124 457
124 461
124 465
124 497
124 499
124 516
124 550
124 564
124 615
124 650
124 651
124 656
124 666
124 692
124 696
125 156
125 191
125 214
125 223
125 309
125 324
125 381
125 396
125 410
125 417
125 432
125 439
125 451
125 476
125 552
125 590
125 592
125 666
125 673
125 677
126 128
126 164
126 216
126 240
126 251
126 259
126 270
126 298
126 346
126 353
126 378
126 384
126 400
126 427
126 439
126 475
126 501
126 544
126 545
126 549
126 623
126 627
126 632
126 652
126 667
127 144
127 160
127 174
127 178
127 185
127 207
127 223
127 235
127 236
127 246
127 261
127 267
127 283
127 288
127 295
127 358
127 398
127 429
127 442
127 453
127 464
127 477
127 482
127 494
127 516
127 523
127 528
127 535
127 537
127 619
128 142
128 145
128 147
128 148
128 165
128 171
128 176
128 179
128 232
128 244
128 245
128 251
128 263
128 266
128 267
128 277
128 280
128 308
128 318
128 341
128 355
128 367
128 375
128 409
128 439
128 441
128 479
128 498
128 511
128 512
128 550
128 563
128 582
128 583
128 608
128 641
128 659
128 674
128 679
129 138
129 179
129 259
129 260
129 302
129 311
129 316
129 379
129 411
129 424
129 439
129 483
129 497
129 512
129 519
129 521
129 526
129 562
129 569
129 579
129 581
129 585
129 588
129 652
129 668
129 670
129 672
129 687
130 232
130 235
130 243
130 283
130 289
130 329
130 394
130 395
130 406
130 420
130 445
130 469
130 520
130 541
130 621
130 649
130 651
130 678
131 132
131 162
131 178
131 188
131 222
131 320
131 323
131 327
131 367
131 443
131 447
131 453
131 462
131 511
131 529
131 536
131 575
131 604
131 615
131 646
131 670
132 135
132 139
132 150
132 196
132 215
132 222
132 224
132 277
132 298
132 302
132 314
132 376
132 386
132 387
132 408
132 415
132 422
132 431
132 444
132 483
132 490
132 540
132 567
132 599
132 608
132 610
132 685
133 205
133 210
133 239
133 250
133 273
133 283
133 386
133 389
133 390
133 490
133 509
133 577
133 599
133 635
133 641
133 679
133 689
134 161
134 167
134 217
134 255
134 295
134 315
134 317
134 331
134 374
134 379
134 385
134 406
134 465
134 485
134 496
134 500
134 502
134 512
134 532
134 545
134 685
134 686
134 697
135 136
135 153
135 185
135 205
135 211
135 226
135 245
135 269
135 301
135 304
135 320
135 323
135 333
135 356
135 361
135 381
135 394
135 418
135 420
135 427
135 453
135 461
135 477
135 491
135 514
135 537
135 542
135 543
135 583
135 586
135 661
135 674
135 677
135 690
136 154
136 180
136 213
136 216
136 241
136 248
136 262
136 274
136 348
136 354
136 358
136 362
136 386
136 410
136 421
136 422
136 463
136 467
136 520
136 521
136 530
136 536
136 547
136 552
136 569
136 582
136 596
136 605
137 181
137 197
137 220
137 268
137 306
137 310
137 321
137 322
137 371
137 377
137 422
137 468
137 525
137 528
137 545
137 554
137 558
137 560
137 600
137 614
137 642
137 678
137 686
138 193
138 206
138 231
138 267
138 340
138 360
138 373
138 379
138 434
138 437
138 466
138 545
138 580
138 582
138 646
138 657
138 663
138 689
139 215
139 220
139 222
139 251
139 309
139 329
139 413
139 543
139 596
139 606
139 628
139 635
139 637
139 665
139 678
139 680
140 182
140 193
140 201
140 225
140 251
140 431
140 469
140 474
140 521
140 536
140 577
140 578
140 594
140 626
140 627
140 638
140 639
140 647
140 652
140 681
140 685
140 690
140 694
141 185
141 200
141 203
141 244
141 293
141 308
141 321
141 323
141 359
141 378
141 380
141 404
141 454
141 455
141 466
141 479
141 481
141 483
141 485
141 519
141 538
141 563
141 576
141 591
141 602
141 606
141 610
141 631
141 643
141 671
141 675
141 679
141 693
142 183
142 192
142 193
142 198
142 216
142 258
142 324
142 327
142 331
142 336
142 368
142 377
142 388
142 393
142 399
142 419
142 426
142 456
142 498
142 529
142 577
142 584
142 593
142 616
142 643
142 651
143 147
143 159
143 168
143 190
143 191
143 204
143 236
143 256
143 283
143 298
143 300
143 311
143 359
143 409
143 425
143 455
143 523
143 524
143 528
143 529
143 570
143 581
143 610
143 623
143 693
144 155
144 159
144 171
144 178
144 186
144 191
144 193
144 225
144 248
144 270
144 324
144 366
144 375
144 384
144 390
144 418
144 468
144 475
144 493
144 503
144 552
144 559
144 606
144 616
144 634
144 676
144 688
144 690
145 203
145 241
145 271
145 318
145 321
145 332
145 348
145 383
145 393
145 486
145 533
145 537
145 587
145 646
145 667
146 152
146 155
146 191
146 195
146 251
146 262
146 368
146 398
146 409
146 426
146 467
146 515
146 525
146 536
146 585
146 595
146 602
146 630
146 668
146 684
146 690
146 691
147 152
147 176
147 198
147 256
147 260
147 288
147 306
147 308
147 314
147 363
147 382
147 390
147 393
147 396
147 420
147 440
147 441
147 448
147 449
147 453
147 472
147 478
147 577
147 578
147 673
148 174
148 221
148 231
148 263
148 281
148 287
148 300
148 330
148 374
148 385
148 396
148 445
148 452
148 457
148 483
148 499
148 512
148 514
148 576
148 590
148 647
148 668
148 677
148 687
149 170
149 214
149 241
149 251
149 253
149 260
149 274
149 333
149 373
149 468
149 483
149 507
149 530
149 555
149 618
149 640
149 656
149 657
149 679
149 694
150 152
150 193
150 214
150 260
150 280
150 307
150 415
150 420
150 443
150 468
150 474
150 483
150 496
150 529
150 533
150 567
150 574
150 577
150 581
150 620
150 624
150 692
151 171
151 228
151 270
151 284
151 314
151 352
151 382
151 396
151 406
151 434
151 489
151 544
151 574
151 615
151 616
151 637
151 640
151 649
151 697
152 163
152 182
152 190
152 197
152 218
152 256
152 259
152 269
152 280
152 339
152 375
152 406
152 414
152 482
152 485
152 504
152 512
152 668
152 680
152 683
152 688
153 198
153 222
153 289
153 291
153 315
153 331
153 334
153 342
153 356
153 379
153 411
153 422
153 445
153 452
153 456
153 482
153 492
153 519
153 546
153 550
153 552
153 556
153 575
153 633
153 650
153 657
153 695
154 158
154 170
154 195
154 244
154 285
154 304
154 305
154 322
154 325
154 333
154 334
154 337
154 349
154 395
154 426
154 497
154 517
154 531
154 542
154 565
154 573
154 575
154 632
154 643
154 648
154 658
155 188
155 205
155 215
155 237
155 247
155 353
155 360
155 364
155 376
155 396
155 421
155 434
155 476
155 508
155 531
155 550
155 556
155 580
155 612
155 643
155 683
155 686
155 693
156 266
156 269
156 274
156 277
156 287
156 299
156 303
156 338
156 345
156 375
156 385
156 403
156 460
156 491
156 534
156 536
156 549
156 556
156 591
156 646
156 648
156 682
157 183
157 240
157 242
157 273
157 281
157 286
157 366
157 467
157 474
157 538
157 548
157 589
157 607
157 613
157 625
157 685
158 194
158 196
158 298
158 315
158 324
158 346
158 392
158 420
158 422
158 527
158 542
158 554
158 568
158 594
158 608
158 612
158 620
158 629
158 651
158 672
158 695
159 193
159 271
159 307
159 319
159 357
159 375
159 496
159 521
159 545
159 549
159 554
159 575
159 588
159 602
159 615
159 636
159 645
159 671
159 676
159 678
160 186
160 189
160 191
160 240
160 286
160 294
160 307
160 328
160 329
160 337
160 345
160 367
160 520
160 556
160 571
160 609
160 617
160 635
160 644
160 658
160 679
160 689
160 691
161 180
161 195
161 214
161 248
161 269
161 272
161 317
161 322
161 361
161 362
161 374
161 402
161 407
161 418
161 427
161 452
161 465
161 474
161 480
161 485
161 491
161 495
161 513
161 521
161 534
161 593
161 601
161 652
161 664
162 170
162 179
162 194
162 205
162 217
162 232
162 247
162 310
162 314
162 317
162 351
162 377
162 423
162 451
162 492
162 515
162 522
162 540
162 552
162 601
162 613
162 652
162 653
162 668
162 682
163 207
163 209
163 214
163 253
163 259
163 270
163 285
163 305
163 336
163 356
163 401
163 417
163 434
163 479
163 602
163 609
163 615
163 627
163 629
163 633
163 662
163 680
163 682
163 694
164 180
164 195
164 213
164 259
164 268
164 325
164 329
164 330
164 341
164 362
164 413
164 473
164 487
164 531
164 553
164 555
164 592
164 597
164 611
164 663
164 675
164 689
165 182
165 196
165 203
165 213
165 216
165 222
165 231
165 237
165 265
165 303
165 327
165 346
165 352
165 374
165 386
165 445
165 481
165 498
165 511
165 520
165 525
165 549
165 587
165 621
165 623
165 629
166 171
166 186
166 194
166 215
166 266
166 280
166 286
166 288
166 302
166 309
166 316
166 327
166 353
166 384
166 408
166 416
166 418
166 432
166 457
166 501
166 581
166 600
166 614
166 626
166 687
167 222
167 264
167 319
167 356
167 407
167 415
167 455
167 458
167 526
167 549
167 558
167 605
167 651
167 681
167 690
168 202
168 203
168 224
168 256
168 258
168 261
168 276
168 283
168 296
168 302
168 431
168 455
168 463
168 468
168 495
168 499
168 535
168 549
168 559
168 561
168 564
168 571
168 579
168 632
168 634
168 647
168 659
168 676
169 184
169 197
169 221
169 258
169 263
169 288
169 301
169 316
169 334
169 355
169 359
169 365
169 414
169 440
169 442
169 499
169 518
169 535
169 546
169 547
169 552
169 626
169 628
169 643
169 648
169 653
169 688
170 193
170 216
170 224
170 247
170 248
170 251
170 259
170 284
170 318
170 349
170 355
170 415
170 427
170 484
170 489
170 496
170 507
170 522
170 546
170 580
170 644
170 669
170 682
171 189
171 229
171 290
171 315
171 328
171 377
171 384
171 387
171 394
171 436
171 437
171 442
171 461
171 481
171 498
171 504
171 515
171 527
171 555
171 570
171 586
171 629
171 655
171 674
172 198
172 211
172 224
172 244
172 261
172 306
172 373
172 445
172 446
172 447
172 460
172 482
172 501
172 508
172 527
172 668
172 686
173 192
173 206
173 208
173 237
173 240
173 253
173 256
173 273
173 280
173 305
173 306
173 319
173 349
173 361
173 371
173 386
173 457
173 484
173 584
173 601
173 602
173 630
173 660
173 674
173 693
174 184
174 203
174 228
174 233
174 304
174 370
174 388
174 393
174 399
174 439
174 550
174 567
174 571
174 578
174 657
174 659
174 685
174 689
175 228
175 244
175 258
175 260
175 267
175 386
175 442
175 451
175 508
175 547
175 549
175 570
175 641
175 647
175 680
175 681
176 181
176 257
176 286
176 300
176 367
176 376
176 381
176 408
176 413
176 415
176 450
176 476
176 487
176 518
176 554
176 571
176 604
176 616
176 624
176 626
176 628
176 672
177 220
177 221
177 223
177 249
177 266
177 296
177 306
177 316
177 343
177 360
177 376
177 378
177 405
177 417
177 427
177 435
177 466
177 496
177 517
177 534
177 588
177 591
177 596
177 639
177 647
177 658
177 684
178 248
178 281
178 318
178 336
178 340
178 342
178 352
178 367
178 400
178 412
178 454
178 461
178 472
178 490
178 529
178 542
178 556
178 566
178 592
178 595
178 629
178 648
178 679
179 181
179 198
179 203
179 222
179 324
179 351
179 393
179 395
179 410
179 423
179 433
179 465
179 475
179 558
179 569
179 629
179 634
179 638
179 649
179 666
180 266
180 286
180 289
180 299
180 306
180 322
180 329
180 340
180 353
180 371
180 390
180 413
180 432
180 500
180 526
180 538
180 540
180 586
180 696
181 203
181 204
181 209
181 299
181 352
181 427
181 438
181 502
181 503
181 518
181 532
181 534
181 629
182 201
182 213
182 241
182 262
182 264
182 279
182 283
182 308
182 332
182 388
182 416
182 428
182 477
182 486
182 489
182 519
182 533
182 548
182 563
182 581
182 584
182 591
182 611
182 644
183 194
183 211
183 257
183 337
183 371
183 410
183 429
183 439
183 460
183 532
183 561
183 580
183 594
183 614
183 619
183 643
183 653
183 656
183 659
183 664
183 685
183 689
184 253
184 267
184 279
184 332
184 371
184 372
184 381
184 383
184 393
184 421
184 427
184 436
184 453
184 474
184 478
184 546
184 579
184 670
184 674
184 683
185 190
185 194
185 200
185 215
185 273
185 292
185 296
185 405
185 464
185 496
185 503
185 545
185 583
185 592
185 618
185 647
185 653
185 662
185 677
186 251
186 266
186 346
186 349
186 416
186 426
186 428
186 464
186 478
186 481
186 522
186 568
186 576
186 589
186 657
186 691
186 693
187 194
187 199
187 242
187 251
187 287
187 382
187 417
187 459
187 462
187 465
187 466
187 473
187 490
187 494
187 519
187 527
187 543
187 569
187 594
187 608
187 609
187 624
187 630
187 657
188 239
188 244
188 335
188 345
188 354
188 429
188 458
188 535
188 549
188 563
188 570
188 599
188 626
188 661
188 669
188 677
189 206
189 250
189 304
189 305
189 309
189 317
189 362
189 391
189 406
189 420
189 435
189 445
189 475
189 484
189 485
189 508
189 548
189 550
189 565
189 590
189 594
189 604
189 607
189 609
189 627
189 663
189 670
189 677
190 196
190 212
190 232
190 253
190 292
190 293
190 306
190 328
190 344
190 350
190 356
190 374
190 387
190 396
190 421
190 472
190 611
190 646
190 681
191 284
191 325
191 333
191 345
191 469
191 508
191 519
191 542
191 567
191 588
191 593
191 597
191 623
191 631
191 636
191 645
192 208
192 215
192 273
192 296
192 340
192 383
192 408
192 419
192 421
192 466
192 536
192 571
192 623
192 660
193 224
193 232
193 248
193 255
193 257
193 280
193 384
193 411
193 414
193 426
193 430
193 432
193 479
193 525
193 544
193 556
193 566
193 587
193 591
193 613
193 635
193 686
193 692
194 195
194 248
194 251
194 256
194 282
194 295
194 338
194 368
194 382
194 395
194 407
194 411
194 477
194 487
194 522
194 531
194 689
195 217
195 220
195 275
195 277
195 302
195 367
195 372
195 383
195 400
195 455
195 498
195 509
195 537
195 540
195 546
195 552
195 607
195 622
195 694
196 199
196 226
196 277
196 301
196 395
196 428
196 429
196 433
196 438
196 494
196 518
196 546
196 578
196 615
196 628
196 687
197 217
197 235
197 268
197 289
197 341
197 350
197 458
197 559
197 598
197 636
197 661
198 297
198 328
198 351
198 401
198 419
198 439
198 469
198 487
198 489
198 547
198 554
198 620
198 642
198 643
198 688
199 256
199 265
199 306
199 368
199 406
199 439
199 456
199 465
199 486
199 574
199 600
199 672
199 677
199 684
200 226
200 251
200 268
200 291
200 303
200 324
200 327
200 330
200 378
200 387
200 416
200 464
200 504
200 509
200 524
200 543
200 570
200 586
200 595
200 615
200 657
200 690
200 694
200 699
201 225
201 320
201 344
201 346
201 361
201 393
201 417
201 425
201 461
201 467
201 481
201 486
201 517
201 531
201 541
201 597
201 619
201 657
201 658
202 219
202 240
202 247
202 260
202 282
202 286
202 340
202 353
202 374
202 377
202 378
202 383
202 388
202 454
202 465
202 471
202 481
202 498
202 521
202 547
202 590
202 606
202 620
202 631
202 658
202 660
202 690
203 253
203 257
203 260
203 285
203 296
203 298
203 366
203 375
203 400
203 412
203 432
203 461
203 497
203 501
203 539
203 565
203 627
203 652
203 677
203 684
204 230
204 237
204 312
204 319
204 333
204 360
204 365
204 374
204 380
204 406
204 424
204 464
204 511
204 528
204 529
204 569
204 624
204 662
204 674
204 685
205 212
205 219
205 290
205 335
205 336
205 423
205 441
205 467
205 485
205 495
205 576
205 584
205 591
205 598
205 623
206 239
206 273
206 285
206 311
206 323
206 349
206 354
206 429
206 445
206 454
206 490
206 517
206 528
206 541
206 610
206 626
207 226
207 318
207 321
207 342
207 380
207 395
207 444
207 487
207 523
207 533
207 586
207 622
207 628
207 632
207 668
207 692
208 258
208 281
208 317
208 324
208 348
208 356
208 385
208 387
208 404
208 418
208 440
208 448
208 449
208 460
208 573
208 603
208 607
208 642
208 681
209 265
209 286
209 295
209 316
209 367
209 394
209 425
209 435
209 522
209 552
209 557
209 559
209 564
210 288
210 290
210 292
210 293
210 331
210 395
210 403
210 416
210 479
210 503
210 586
210 599
210 609
210 639
210 643
210 682
211 232
211 235
211 257
211 258
211 273
211 288
211 332
211 372
211 380
211 393
211 395
211 446
211 455
211 569
211 596
211 599
211 655
211 656
211 697
212 218
212 235
212 239
212 286
212 287
212 321
212 364
212 418
212 425
212 435
212 449
212 465
212 466
212 490
212 492
212 509
212 519
212 534
212 610
212 671
213 215
213 237
213 238
213 246
213 252
213 268
213 319
213 326
213 337
213 357
213 405
213 421
213 447
213 494
213 497
213 525
213 551
213 555
213 562
213 568
213 606
213 630
213 653
213 656
214 223
214 243
214 284
214 297
214 347
214 378
214 398
214 483
214 496
214 503
214 522
214 532
214 590
214 592
214 631
214 647
214 651
214 665
215 220
215 222
215 224
215 304
215 329
215 363
215 368
215 473
215 482
215 522
215 529
215 535
215 539
215 547
215 633
215 694
216 217
216 331
216 348
216 357
216 382
216 414
216 417
216 421
216 458
216 468
216 479
216 506
216 515
216 532
216 539
216 548
216 633
217 270
217 279
217 351
217 397
217 401
217 434
217 454
217 542
217 579
217 602
217 675
218 267
218 287
218 304
218 349
218 385
218 399
218 427
218 449
218 464
218 475
218 512
218 528
218 555
218 564
218 607
218 612
218 617
218 652
218 666
218 669
219 251
219 267
219 275
219 282
219 304
219 320
219 352
219 399
219 412
219 450
219 493
219 513
219 514
219 549
219 555
219 574
219 586
219 589
219 632
219 682
220 277
220 296
220 299
220 345
220 368
220 373
220 374
220 436
220 571
220 586
220 604
220 606
220 635
220 687
220 696
221 250
221 257
221 287
221 307
221 314
221 344
221 378
221 424
221 433
221 584
221 592
221 603
221 614
221 668
221 671
221 691
222 225
222 298
222 325
222 377
222 379
222 382
222 437
222 496
222 525
222 540
222 545
222 586
222 600
222 612
222 623
222 667
223 243
223 258
223 295
223 364
223 402
223 403
223 441
223 447
223 451
223 467
223 480
223 489
223 506
223 529
223 531
223 532
223 545
223 621
223 624
223 672
224 232
224 248
224 264
224 285
224 288
224 304
224 317
224 319
224 325
224 337
224 347
224 358
224 359
224 362
224 402
224 422
224 440
224 562
224 563
224 573
224 578
224 605
224 606
224 622
224 626
224 670
224 688
224 691
225 233
225 249
225 275
225 294
225 301
225 305
225 308
225 351
225 358
225 361
225 385
225 388
225 399
225 436
225 448
225 462
225 471
225 540
225 542
225 546
225 547
225 552
225 562
225 566
225 570
225 629
225 665
225 667
226 288
226 330
226 384
226 406
226 489
226 568
226 573
226 575
226 601
226 611
226 622
226 633
226 661
226 676
226 682
227 305
227 318
227 331
227 341
227 391
227 418
227 426
227 447
227 452
227 467
227 470
227 479
227 486
227 492
227 587
227 641
227 645
227 676
228 254
228 305
228 387
228 448
228 484
228 488
228 518
228 520
228 525
228 541
228 563
228 579
228 608
228 628
229 252
229 276
229 296
229 306
229 331
229 368
229 377
229 394
229 464
229 531
229 640
229 680
230 253
230 262
230 270
230 351
230 360
230 397
230 516
230 552
230 563
230 564
230 594
230 656
230 658
230 665
230 668
231 241
231 246
231 250
231 253
231 256
231 335
231 342
231 348
231 372
231 375
231 382
231 409
231 413
231 433
231 498
231 549
231 582
231 610
231 611
231 644
231 651
231 658
232 237
232 242
232 282
232 287
232 339
232 384
232 386
232 509
232 554
232 571
232 576
232 587
232 588
232 636
232 638
232 650
232 677
232 681
232 686
233 236
233 261
233 268
233 283
233 284
233 291
233 313
233 320
233 359
233 365
233 405
233 434
233 445
233 533
233 538
233 541
233 551
233 596
233 600
234 243
234 379
234 387
234 423
234 424
234 439
234 446
234 485
234 492
234 499
234 506
234 564
234 662
234 671
234 683
235 282
235 298
235 327
235 386
235 478
235 551
235 599
235 611
235 618
235 625
235 670
235 687
235 699
236 240
236 291
236 295
236 302
236 308
236 309
236 313
236 322
236 407
236 416
236 448
236 454
236 480
236 490
236 511
236 512
236 588
236 589
236 637
236 654
236 656
236 663
236 688
237 279
237 318
237 337
237 369
237 372
237 397
237 403
237 419
237 476
237 478
237 502
237 509
237 513
237 515
237 518
237 531
237 559
237 580
237 597
237 608
237 610
237 620
237 675
237 698
238 279
238 302
238 326
238 355
238 364
238 387
238 481
238 486
238 488
238 490
238 496
238 505
238 506
238 512
238 517
238 534
238 625
238 657
238 698
239 242
239 247
239 318
239 350
239 364
239 368
239 380
239 396
239 402
239 406
239 426
239 430
239 462
239 473
239 567
239 588
239 592
239 620
239 636
239 639
239 695
240 241
240 258
240 262
240 274
240 281
240 286
240 327
240 334
240 415
240 426
240 443
240 447
240 456
240 468
240 483
240 514
240 533
240 553
240 578
240 596
240 666
241 264
241 274
241 275
241 299
241 300
241 358
241 363
241 370
241 376
241 382
241 392
241 451
241 495
241 557
241 559
241 585
241 591
241 610
241 637
241 639
241 651
241 664
242 363
242 428
242 442
242 444
242 481
242 488
242 579
242 630
242 659
243 290
243 292
243 303
243 345
243 370
243 375
243 380
243 394
243 406
243 423
243 459
243 503
243 519
243 537
243 545
243 561
243 589
243 653
243 661
243 662
244 247
244 356
244 428
244 452
244 518
244 559
244 600
244 659
244 677
245 281
245 299
245 354
245 357
245 378
245 419
245 426
245 431
245 446
245 508
245 518
245 604
245 613
245 639
245 641
245 651
245 653
245 664
245 666
245 669
245 699
246 287
246 313
246 433
246 442
246 460
246 486
246 512
246 514
246 520
246 524
246 554
246 594
246 604
246 618
246 669
246 672
247 253
247 270
247 297
247 305
247 311
247 320
247 348
247 384
247 387
247 412
247 520
247 538
247 602
247 622
247 638
247 640
247 642
247 647
247 690
248 269
248 361
248 377
248 412
248 415
248 416
248 429
248 433
248 487
248 546
248 576
248 656
249 304
249 308
249 342
249 362
249 363
249 378
249 389
249 422
249 439
249 454
249 489
249 510
249 551
249 559
249 606
249 624
249 643
249 650
250 258
250 287
250 288
250 334
250 335
250 344
250 361
250 386
250 405
250 452
250 471
250 486
250 493
250 494
250 534
250 562
250 602
250 614
250 635
250 658
250 671
251 272
251 346
251 348
251 362
251 373
251 377
251 407
251 409
251 439
251 502
251 520
251 525
251 591
251 609
251 621
251 640
251 647
251 692
252 283
252 342
252 398
252 407
252 412
252 435
252 441
252 448
252 470
252 476
252 487
252 626
252 628
252 644
252 659
252 678
252 685
253 254
253 264
253 287
253 300
253 326
253 330
253 339
253 388
253 397
253 405
253 457
253 469
253 506
253 580
253 615
253 621
253 635
253 648
253 678
254 261
254 273
254 301
254 309
254 340
254 341
254 348
254 362
254 385
254 390
254 404
254 420
254 452
254 476
254 490
254 511
254 566
254 588
254 653
254 665
254 679
254 693
255 275
255 311
255 347
255 351
255 395
255 406
255 463
255 544
255 632
255 676
255 692
256 287
256 346
256 361
256 482
256 490
256 508
256 523
256 529
256 537
256 550
256 582
256 611
256 655
257 261
257 263
257 266
257 267
257 281
257 334
257 345
257 346
257 347
257 354
257 448
257 460
257 491
257 495
257 544
257 649
258 261
258 287
258 295
258 308
258 323
258 327
258 330
258 358
258 388
258 423
258 448
258 498
258 511
258 560
258 590
258 595
258 606
258 630
258 695
258 697
259 270
259 278
259 330
259 345
259 348
259 357
259 370
259 399
259 458
259 474
259 522
259 535
259 571
259 580
259 598
259 601
260 294
260 296
260 343
260 349
260 356
260 385
260 410
260 414
260 421
260 467
260 472
260 503
260 530
260 534
260 562
260 597
260 617
260 623
260 629
260 644
260 645
260 656
260 658
260 675
261 290
261 305
261 323
261 381
261 389
261 394
261 395
261 400
261 457
261 460
261 488
261 501
261 511
261 518
261 528
261 544
261 557
261 560
261 589
261 639
261 650
261 670
262 270
262 301
262 347
262 358
262 391
262 483
262 506
262 508
262 546
262 564
262 593
262 603
262 648
262 656
262 670
262 676
263 304
263 311
263 344
263 355
263 359
263 371
263 391
263 420
263 425
263 475
263 491
263 524
263 536
263 555
263 576
263 587
263 596
263 617
263 627
263 633
263 650
263 659
264 265
264 292
264 300
264 309
264 370
264 387
264 450
264 462
264 472
264 505
264 566
264 593
264 673
265 282
265 348
265 353
265 357
265 425
265 439
265 463
265 467
265 485
265 487
265 499
265 544
265 553
265 600
265 646
265 678
266 367
266 404
266 457
266 465
266 504
266 511
266 513
266 544
266 547
266 563
266 567
266 576
266 577
266 578
266 610
266 618
266 633
266 637
266 641
266 655
266 658
266 669
266 682
267 278
267 288
267 332
267 359
267 374
267 411
267 412
267 416
267 417
267 432
267 435
267 471
267 532
267 587
267 590
267 598
267 610
267 690
268 272
268 274
268 310
268 311
268 351
268 362
268 383
268 436
268 461
268 481
268 509
268 523
268 543
268 559
268 647
268 653
268 656
268 671
268 685
269 351
269 404
269 405
269 407
269 430
269 446
269 487
269 595
269 602
269 616
269 679
269 693
270 283
270 293
270 324
270 341
270 342
270 355
270 372
270 388
270 422
270 443
270 480
270 486
270 510
270 520
270 542
270 574
270 581
271 327
271 346
271 374
271 389
271 479
271 498
271 501
271 507
271 535
271 552
271 563
271 574
271 612
271 642
271 650
271 666
271 673
271 678
271 688
271 695
272 306
272 323
272 325
272 386
272 393
272 394
272 409
272 411
272 422
272 443
272 461
272 465
272 474
272 509
272 518
272 601
272 621
272 623
272 624
272 690
273 288
273 290
273 365
273 376
273 379
273 409
273 417
273 422
273 437
273 440
273 481
273 512
273 561
273 566
273 569
273 573
273 579
273 580
273 601
273 621
273 626
273 677
274 281
274 306
274 330
274 333
274 340
274 409
274 424
274 448
274 452
274 474
274 484
274 500
274 516
274 548
274 551
274 555
274 560
274 603
274 604
274 620
274 643
274 669
274 674
274 676
275 291
275 346
275 357
275 392
275 408
275 446
275 528
275 540
275 541
275 565
275 598
275 603
275 616
275 640
275 641
275 645
275 685
276 281
276 338
276 419
276 455
276 467
276 475
276 519
276 534
276 549
276 623
276 633
277 293
277 302
277 341
277 347
277 353
277 358
277 366
277 372
277 397
277 466
277 499
277 532
277 565
277 574
277 585
277 655
277 698
278 279
278 290
278 294
278 306
278 331
278 332
278 352
278 512
278 514
278 531
278 551
278 576
278 579
278 616
278 628
278 663
278 691
279 284
279 289
279 308
279 331
279 366
279 371
279 385
279 400
279 467
279 471
279 477
279 491
279 521
279 569
279 611
279 625
279 627
279 640
279 673
279 691
280 313
280 326
280 340
280 350
280 391
280 408
280 461
280 469
280 481
280 482
280 487
280 544
280 547
280 553
280 611
280 645
280 695
281 309
281 334
281 369
281 391
281 410
281 417
281 419
281 444
281 460
281 468
281 505
281 521
281 552
281 615
281 643
281 668
281 693
282 283
282 298
282 312
282 342
282 379
282 409
282 418
282 427
282 469
282 516
282 537
282 568
282 572
282 579
282 594
282 653
282 665
283 383
283 494
283 511
283 527
283 528
283 599
283 603
283 628
283 633
283 636
283 669
283 679
283 681
283 699
284 303
284 317
284 326
284 327
284 346
284 371
284 386
284 431
284 462
284 464
284 482
284 493
284 499
284 517
284 560
284 643
285 289
285 388
285 402
285 408
285 446
285 463
285 510
285 515
285 552
285 598
285 610
285 631
285 657
285 662
285 691
286 350
286 357
286 390
286 402
286 403
286 418
286 435
286 446
286 450
286 451
286 539
286 571
286 587
286 661
286 679
287 303
287 362
287 422
287 490
287 495
287 505
287 509
287 524
287 544
287 578
287 610
287 616
288 309
288 317
288 320
288 336
288 338
288 344
288 348
288 355
288 405
288 406
288 408
288 432
288 479
288 544
288 568
288 593
288 597
288 603
288 627
288 698
289 321
289 334
289 358
289 380
289 403
289 433
289 434
289 486
289 508
289 509
289 519
289 528
289 537
289 572
289 573
289 575
289 584
289 598
289 610
289 667
289 679
290 299
290 317
290 322
290 335
290 336
290 341
290 458
290 493
290 538
290 546
290 557
290 634
290 649
290 651
290 659
290 663
290 664
290 679
291 312
291 405
291 462
291 501
291 518
291 557
291 559
291 600
291 620
291 623
291 661
291 697
292 301
292 309
292 312
292 317
292 379
292 381
292 384
292 406
292 418
292 434
292 455
292 462
292 511
292 526
292 567
292 601
292 630
292 648
292 694
293 309
293 359
293 362
293 397
293 411
293 459
293 482
293 543
293 546
293 551
293 579
293 582
293 635
293 654
294 446
294 506
294 509
294 516
294 541
294 543
294 571
294 583
294 637
294 656
294 678
294 681
295 316
295 325
295 357
295 365
295 380
295 383
295 387
295 428
295 435
295 441
295 457
295 482
295 484
295 520
295 523
295 554
295 556
295 565
295 574
296 340
296 348
296 403
296 435
296 455
296 462
296 501
296 503
296 512
296 530
296 569
296 604
296 628
296 637
296 675
296 678
296 685
297 371
297 379
297 403
297 441
297 442
297 447
297 456
297 487
297 496
297 520
297 526
297 601
297 602
297 607
297 621
297 636
297 678
298 314
298 325
298 364
298 366
298 408
298 415
298 438
298 497
298 595
298 602
298 609
298 651
298 661
298 674
298 680
299 338
299 343
299 348
299 349
299 365
299 373
299 427
299 445
299 452
299 455
299 475
299 518
299 519
299 526
299 552
299 560
299 572
299 591
299 621
299 658
299 671
299 682
300 310
300 328
300 354
300 366
300 402
300 451
300 452
300 549
300 640
300 687
300 694
301 319
301 397
301 477
301 482
301 498
301 505
301 510
301 535
301 545
301 558
301 623
301 660
301 668
301 694
302 388
302 389
302 409
302 420
302 423
302 457
302 467
302 472
302 493
302 542
302 549
302 581
302 609
302 649
302 656
302 695
303 393
303 397
303 408
303 431
303 482
303 490
303 556
303 587
303 597
303 644
304 317
304 339
304 343
304 411
304 416
304 424
304 502
304 544
304 546
304 591
304 688
304 689
305 338
305 342
305 353
305 412
305 483
305 511
305 535
305 551
305 583
305 593
305 640
305 645
305 662
305 673
305 690
305 697
306 317
306 337
306 375
306 379
306 445
306 466
306 473
306 488
306 524
306 554
306 563
306 565
306 587
306 595
306 605
306 612
306 631
306 654
306 655
306 661
306 688
306 693
306 695
307 312
307 339
307 357
307 408
307 446
307 455
307 526
307 539
307 574
307 595
307 600
307 638
307 676
308 312
308 313
308 358
308 367
308 386
308 393
308 410
308 423
308 446
308 464
308 475
308 491
308 495
308 496
308 501
308 570
308 608
308 686
308 692
308 693
308 699
309 353
309 359
309 372
309 416
309 425
309 602
309 608
309 630
309 633
309 635
309 653
309 683
310 318
310 328
310 356
310 380
310 391
310 396
310 411
310 414
310 416
310 451
310 458
310 498
310 519
310 584
310 607
310 648
310 689
311 322
311 350
311 371
311 448
311 487
311 490
311 502
311 530
311 564
311 587
311 616
311 623
311 653
311 656
311 676
312 322
312 340
312 382
312 399
312 401
312 419
312 458
312 476
312 496
312 505
312 512
312 525
312 535
312 593
312 647
312 666
312 671
313 346
313 416
313 442
313 443
313 465
313 486
313 509
313 538
313 609
313 687
314 346
314 356
314 377
314 404
314 415
314 416
314 446
314 455
314 469
314 477
314 481
314 497
314 534
314 566
314 587
314 601
314 606
314 643
314 649
314 653
315 336
315 397
315 411
315 441
315 448
315 542
315 553
315 561
315 566
315 575
315 579
315 582
315 605
315 638
315 658
315 665
315 687
315 698
316 343
316 360
316 397
316 409
316 412
316 446
316 523
316 534
316 540
316 542
316 555
316 573
316 576
316 601
316 671
316 685
317 332
317 364
317 366
317 373
317 379
317 411
317 478
317 495
317 517
317 589
317 660
317 662
318 342
318 370
318 384
318 453
318 456
318 489
318 491
318 493
318 495
318 497
318 500
318 614
318 645
318 647
318 669
318 671
318 681
319 324
319 360
319 388
319 396
319 405
319 422
319 437
319 453
319 473
319 500
319 506
319 513
319 544
319 626
319 698
320 326
320 376
320 383
320 436
320 456
320 514
320 554
320 557
320 565
320 575
320 593
320 597
320 639
320 690
321 353
321 397
321 464
321 469
321 505
321 570
321 575
321 651
321 663
321 672
322 333
322 346
322 355
322 357
322 362
322 382
322 387
322 391
322 431
322 458
322 493
322 537
322 539
322 599
322 613
322 628
322 633
322 660
322 679
323 386
323 389
323 412
323 466
323 498
323 501
323 520
323 529
323 570
323 573
323 578
323 646
323 686
324 341
324 377
324 382
324 470
324 474
324 531
324 555
324 558
324 569
324 597
324 608
324 640
324 644
324 670
324 689
325 345
325 347
325 370
325 390
325 399
325 413
325 419
325 454
325 495
325 536
325 576
325 602
325 606
325 612
326 339
326 354
326 383
326 393
326 416
326 482
326 504
326 517
326 530
326 538
326 565
326 615
326 651
326 655
326 664
327 334
327 365
327 366
327 375
327 444
327 467
327 503
327 511
327 528
327 532
327 562
327 596
328 333
328 353
328 374
328 394
328 408
328 471
328 473
328 499
328 572
328 573
328 576
328 581
328 584
328 608
328 622
328 646
328 647
328 657
328 677
328 680
328 690
329 340
329 354
329 360
329 366
329 378
329 416
329 422
329 463
329 464
329 470
329 489
329 524
329 528
329 529
329 532
329 540
329 545
329 611
329 619
329 624
329 627
329 634
329 635
329 667
329 670
329 672
329 686
330 334
330 355
330 381
330 392
330 413
330 448
330 467
330 506
330 529
330 552
330 567
330 620
330 626
330 632
330 655
330 658
330 662
330 680
330 699
331 371
331 386
331 416
331 426
331 469
331 529
331 545
331 568
331 581
331 599
331 699
332 418
332 473
332 491
332 496
332 504
332 513
332 535
332 608
332 657
332 661
332 675
332 689
333 336
333 363
333 400
333 422
333 437
333 485
333 488
333 505
333 511
333 656
333 690
333 697
334 342
334 346
334 349
334 350
334 355
334 356
334 359
334 384
334 413
334 437
334 445
334 482
334 512
334 549
334 552
334 595
334 612
334 668
334 694
334 699
335 344
335 409
335 454
335 490
335 507
335 515
335 519
335 537
335 586
335 632
335 690
336 400
336 438
336 446
336 451
336 506
336 510
336 548
336 579
336 608
336 677
336 685
337 392
337 405
337 439
337 442
337 473
337 484
337 491
337 519
337 542
337 572
337 640
337 657
337 675
337 677
338 367
338 396
338 399
338 400
338 427
338 437
338 455
338 466
338 492
338 578
338 589
338 618
338 633
338 685
339 347
339 400
339 451
339 526
339 563
339 585
339 620
339 652
339 682
339 683
339 697
340 341
340 353
340 373
340 386
340 440
340 452
340 478
340 517
340 575
340 578
340 592
340 617
340 633
340 653
341 394
341 402
341 454
341 461
341 472
341 473
341 491
341 496
341 551
341 557
341 570
341 579
341 592
341 599
341 614
341 623
341 680
341 681
341 693
342 363
342 373
342 413
342 434
342 455
342 462
342 471
342 484
342 541
342 556
342 560
342 601
342 686
342 690
343 360
343 376
343 414
343 439
343 440
343 448
343 469
343 514
343 608
343 610
343 662
344 372
344 404
344 407
344 508
344 518
344 528
344 566
344 570
344 585
344 598
344 644
344 657
344 668
344 675
345 352
345 354
345 373
345 416
345 418
345 449
345 458
345 460
345 505
345 584
345 613
345 627
346 386
346 422
346 466
346 509
346 523
346 542
346 591
346 599
346 625
346 661
346 668
347 353
347 376
347 391
347 399
347 415
347 479
347 485
347 487
347 504
347 506
347 511
347 544
347 563
347 653
348 349
348 357
348 377
348 423
348 456
348 477
348 484
348 489
348 509
348 528
348 653
348 660
348 662
348 675
349 351
349 359
349 370
349 420
349 435
349 467
349 474
349 499
349 515
349 525
349 533
349 615
349 652
349 695
349 699
350 357
350 362
350 403
350 406
350 432
350 442
350 474
350 475
350 504
350 519
350 602
350 637
350 661
350 674
351 360
351 384
351 387
351 392
351 417
351 475
351 504
351 524
351 639
351 642
352 374
352 419
352 455
352 461
352 472
352 480
352 491
352 529
352 531
352 546
352 555
352 556
352 580
352 581
352 598
352 639
352 655
352 657
352 663
352 685
352 697
353 355
353 371
353 388
353 399
353 405
353 409
353 444
353 497
353 498
353 522
353 535
353 559
353 594
353 596
353 598
353 617
353 628
353 658
354 376
354 402
354 413
354 430
354 438
354 561
354 588
354 613
354 616
354 634
354 683
355 361
355 398
355 410
355 451
355 460
355 497
355 523
355 524
355 549
355 588
355 607
355 671
355 696
356 369
356 466
356 475
356 569
356 571
356 581
356 583
357 365
357 368
357 382
357 393
357 400
357 418
357 484
357 500
357 555
357 575
357 613
357 627
357 646
357 671
357 681
357 689
358 393
358 439
358 505
358 525
358 541
358 542
358 551
358 612
358 625
358 635
358 650
358 659
358 661
359 361
359 370
359 447
359 448
359 483
359 507
359 539
359 572
359 579
359 617
359 620
359 623
359 629
359 656
360 377
360 382
360 387
360 416
360 460
360 462
360 480
360 527
360 536
360 544
360 545
360 549
360 557
360 563
360 580
360 662
361 363
361 383
361 468
361 483
361 520
361 662
361 664
361 680
361 682
361 686
361 687
362 417
362 423
362 448
362 453
362 462
362 554
362 617
362 679
362 688
362 692
363 373
363 433
363 444
363 454
363 475
363 508
363 522
363 535
363 554
363 555
363 559
363 563
363 567
363 591
363 614
363 616
363 638
363 652
363 663
363 665
363 685
363 690
363 696
364 374
364 387
364 388
364 443
364 464
364 499
364 522
364 558
364 560
364 601
364 602
364 603
364 631
364 656
364 665
364 678
365 375
365 419
365 482
365 552
365 573
365 595
365 699
366 376
366 444
366 446
366 502
366 507
366 511
366 560
366 570
366 601
366 678
367 384
367 442
367 451
367 459
367 504
367 518
367 535
367 539
367 605
367 636
367 654
367 677
367 678
368 385
368 387
368 454
368 504
368 548
368 551
368 609
368 619
368 641
368 672
369 388
369 402
369 408
369 409
369 422
369 453
369 480
369 507
369 612
369 619
369 621
369 626
369 661
369 679
370 376
370 394
370 407
370 429
370 440
370 513
370 549
370 583
370 622
370 638
370 658
370 661
370 675
371 397
371 429
371 445
371 455
371 460
371 479
371 511
371 514
371 556
371 583
371 622
371 633
371 686
371 689
372 388
372 389
372 411
372 425
372 490
372 514
372 528
372 536
372 569
372 589
372 614
372 620
372 654
373 405
373 458
373 490
373 518
373 534
373 547
373 551
373 630
374 410
374 430
374 439
374 468
374 470
374 494
374 510
374 545
374 609
374 626
374 640
374 654
374 684
375 380
375 384
375 405
375 412
375 439
375 459
375 501
375 579
375 600
375 621
375 631
375 695
376 378
376 389
376 390
376 391
376 412
376 489
376 492
376 521
376 550
376 561
376 588
376 640
376 651
376 698
377 383
377 488
377 511
377 522
377 540
377 543
377 571
377 646
378 380
378 391
378 412
378 420
378 422
378 447
378 452
378 488
378 513
378 525
378 537
378 554
378 568
378 577
378 588
378 590
378 601
378 632
378 692
379 386
379 390
379 414
379 417
379 419
379 512
379 519
379 556
379 632
379 645
379 653
379 680
380 383
380 393
380 397
380 407
380 413
380 420
380 445
380 466
380 479
380 531
380 546
380 549
380 550
380 572
380 608
380 613
380 651
380 660
380 684
381 393
381 416
381 446
381 455
381 515
381 578
381 629
381 665
382 421
382 446
382 461
382 485
382 503
382 523
382 557
382 613
382 617
382 620
382 630
382 648
383 384
383 389
383 393
383 435
383 454
383 484
383 486
383 503
383 507
383 528
383 535
383 630
383 682
383 685
383 687
383 699
384 392
384 393
384 401
384 436
384 482
384 485
384 540
384 562
384 577
384 622
384 623
384 650
384 651
384 654
385 408
385 410
385 451
385 471
385 496
385 501
385 514
385 515
385 535
385 564
385 573
385 584
385 602
385 607
385 681
385 692
385 698
386 407
386 494
386 497
386 556
386 585
386 601
386 612
386 649
386 692
387 454
387 472
387 494
387 517
387 526
387 547
387 550
387 557
387 558
387 581
387 610
387 625
387 640
387 674
388 397
388 451
388 457
388 459
388 463
388 487
388 497
388 525
388 530
388 538
388 596
388 605
388 607
388 627
388 658
389 391
389 419
389 456
389 459
389 471
389 485
389 531
389 543
389 557
389 567
389 607
389 637
389 659
389 675
390 435
390 489
390 494
390 516
390 520
390 522
390 542
391 398
391 426
391 445
391 455
391 472
391 501
391 514
391 571
391 579
391 622
391 693
392 397
392 422
392 437
392 462
392 472
392 479
392 504
392 508
392 541
392 543
392 557
392 586
392 615
392 628
392 692
392 693
393 416
393 428
393 587
394 466
394 511
394 516
394 540
394 543
394 549
394 586
394 613
394 662
394 679
394 689
394 693
395 397
395 438
395 441
395 480
395 489
395 511
395 518
395 524
395 553
395 634
395 654
396 409
396 439
396 452
396 479
396 517
396 519
396 547
396 581
396 626
396 634
396 637
397 405
397 438
397 453
397 472
397 481
397 554
397 574
397 594
397 605
397 624
397 695
398 414
398 449
398 481
398 497
398 510
398 551
398 611
398 622
398 632
398 666
398 682
398 698
399 423
399 426
399 429
399 476
399 498
399 513
399 523
399 570
399 574
399 597
399 648
399 679
400 468
400 518
400 524
400 543
400 560
400 573
400 576
400 590
400 601
400 612
400 625
400 691
401 411
401 423
401 431
401 436
401 439
401 441
401 451
401 487
401 528
401 614
402 410
402 421
402 433
402 455
402 469
402 563
402 579
402 659
402 674
402 684
402 695
403 404
403 411
403 430
403 454
403 474
403 532
403 571
403 677
403 689
404 410
404 434
404 442
404 496
404 502
404 516
404 521
404 543
404 579
404 589
404 599
404 604
404 667
404 686
405 436
405 439
405 455
405 475
405 484
405 517
405 663
405 685
405 689
405 692
406 452
406 459
406 495
406 535
406 554
406 559
406 578
406 608
406 640
406 651
406 665
406 671
406 674
406 691
407 416
407 440
407 449
407 471
407 476
407 550
407 654
407 661
407 664
408 419
408 425
408 439
408 442
408 469
408 583
408 591
408 597
408 611
408 616
408 646
408 654
408 684
409 428
409 432
409 444
409 445
409 539
409 586
409 600
409 638
409 674
409 679
410 411
410 451
410 456
410 457
410 467
410 513
410 574
410 584
410 607
410 608
410 613
410 624
410 687
410 699
411 420
411 429
411 442
411 453
411 458
411 466
411 511
411 515
411 588
411 592
411 608
411 623
411 624
411 686
412 431
412 446
412 449
412 450
412 453
412 491
412 494
412 514
412 534
412 540
412 553
412 557
412 595
412 600
412 636
412 675
413 416
413 431
413 452
413 488
413 521
413 530
413 532
413 541
413 552
413 559
413 566
413 581
413 602
413 604
413 616
413 639
413 687
413 696
413 697
414 421
414 460
414 463
414 474
414 479
414 495
414 567
414 584
414 610
414 639
414 641
415 437
415 445
415 468
415 484
415 490
415 508
415 547
415 590
415 592
415 600
415 605
416 417
416 442
416 457
416 599
416 637
416 654
416 676
416 694
417 466
417 492
417 494
417 515
417 525
417 553
417 564
417 621
417 624
417 635
417 643
417 660
417 682
417 696
418 421
418 518
418 520
418 606
418 614
418 629
418 647
418 673
419 467
419 472
419 525
419 584
419 611
419 697
420 458
420 464
420 469
420 528
420 544
420 572
420 601
420 673
420 698
421 436
421 467
421 547
421 556
421 591
421 612
421 625
421 629
421 661
422 426
422 441
422 456
422 464
422 471
422 483
422 505
422 546
422 591
422 630
422 647
422 651
422 673
422 677
423 434
423 456
423 473
423 477
423 509
423 512
423 514
423 530
423 556
423 586
423 613
423 617
423 628
423 648
423 652
423 695
424 436
424 446
424 458
424 463
424 470
424 502
424 523
424 524
424 526
424 529
424 574
424 582
424 587
424 592
424 600
424 622
424 626
424 645
424 657
424 662
424 675
424 683
425 499
425 512
425 526
425 539
425 562
425 581
425 594
425 607
425 613
425 624
425 636
425 699
426 527
426 542
426 547
426 557
426 565
426 597
426 621
426 628
426 662
426 675
427 459
427 476
427 479
427 490
427 494
427 559
427 578
427 588
427 594
427 595
427 637
427 683
428 442
428 472
428 502
428 508
428 520
428 525
428 553
428 574
428 579
428 609
428 617
428 657
428 664
428 677
429 468
429 469
429 496
429 502
429 649
429 652
429 673
429 698
430 435
430 486
430 502
430 524
430 551
430 589
430 617
430 630
430 648
430 692
431 523
431 532
431 536
431 544
431 582
431 592
431 602
431 634
431 656
431 665
431 668
432 481
432 492
432 549
432 575
432 578
432 585
432 640
432 656
432 675
432 685
433 444
433 445
433 473
433 474
433 545
433 557
433 581
433 625
433 630
433 632
433 683
433 699
434 467
434 513
434 519
434 559
434 561
434 575
434 596
434 611
434 614
434 670
435 464
435 466
435 522
435 580
435 602
435 611
435 645
435 647
435 648
435 675
436 442
436 474
436 479
436 493
436 560
436 612
436 616
436 661
436 688
436 698
437 446
437 457
437 470
437 489
437 535
437 615
437 634
437 660
437 690
438 490
438 529
438 548
438 549
438 554
438 565
438 582
438 594
438 595
438 616
438 657
439 454
439 480
439 657
440 465
440 466
440 472
440 502
440 503
440 504
440 505
440 520
440 535
440 567
440 588
440 604
440 619
440 628
440 629
440 635
440 638
440 664
440 670
440 679
440 680
441 511
441 534
441 539
441 558
441 601
441 610
441 624
441 671
441 678
442 468
442 481
442 587
442 596
442 603
442 619
442 623
442 645
443 479
443 481
443 484
443 507
443 517
443 523
443 533
443 571
443 662
443 699
444 457
444 511
444 556
444 635
444 637
444 675
445 463
445 479
445 493
445 554
445 559
445 565
445 605
445 611
445 619
445 636
445 653
445 679
445 688
446 473
446 494
446 496
446 506
446 551
446 594
446 599
446 600
446 604
446 606
447 460
447 524
447 532
447 550
447 567
447 579
447 618
447 666
448 461
448 469
448 542
448 543
448 544
448 563
448 581
448 589
448 593
448 657
448 696
449 478
449 484
449 490
449 510
449 575
449 590
449 598
449 600
449 628
449 631
449 646
449 676
450 468
450 489
450 507
450 515
450 530
450 540
450 589
450 593
450 625
450 663
450 685
451 453
451 460
451 485
451 506
451 511
451 532
451 567
451 633
451 693
452 503
452 536
452 541
452 551
452 579
452 601
452 621
452 658
453 462
453 495
453 500
453 528
453 548
453 571
453 582
453 610
453 660
453 680
454 520
454 562
454 566
454 591
454 611
454 618
454 655
454 665
454 673
454 677
454 681
455 463
455 482
455 519
455 525
455 574
455 591
455 635
455 650
455 681
456 484
456 495
456 542
456 543
456 546
456 587
456 616
456 655
456 662
456 666
456 671
456 680
457 460
457 490
457 510
457 599
457 627
457 681
457 697
457 698
458 462
458 486
458 504
458 517
458 531
458 533
458 561
458 562
458 572
458 613
458 634
458 635
458 653
458 660
458 663
458 677
458 693
459 463
459 466
459 471
459 476
459 477
459 510
459 516
459 521
459 531
459 566
459 570
459 578
459 586
459 590
459 683
459 688
459 693
460 552
460 558
460 573
460 575
460 600
460 649
460 682
460 683
461 470
461 510
461 519
461 528
461 550
462 489
462 510
462 514
462 534
462 539
462 581
462 645
462 648
462 672
462 684
463 472
463 480
463 542
463 601
463 621
463 639
463 652
463 667
463 684
463 686
464 478
464 494
464 539
464 545
464 546
464 581
464 611
464 618
464 630
464 665
465 483
465 509
465 551
465 553
465 644
465 645
465 683
466 503
466 527
466 531
466 547
466 596
466 644
466 679
466 686
467 485
467 646
467 650
467 658
467 665
467 685
468 470
468 492
468 506
468 508
468 564
468 607
468 611
468 632
468 633
468 665
468 689
468 695
469 499
469 518
469 525
469 527
469 558
469 599
469 617
469 631
469 646
469 680
470 479
470 501
470 509
470 521
470 530
470 620
470 628
470 654
471 486
471 533
471 553
471 572
471 622
471 626
471 666
471 693
471 694
472 501
472 534
472 550
472 586
472 613
472 618
472 672
473 497
473 560
473 606
473 682
474 506
474 523
474 567
474 576
474 584
474 588
474 606
474 614
474 621
474 623
474 671
474 672
474 675
474 681
475 476
475 482
475 541
475 591
475 643
475 671
475 684
476 478
476 488
476 495
476 512
476 585
476 620
476 632
476 669
476 671
476 684
476 691
476 693
477 506
477 515
477 521
477 568
477 572
477 657
477 680
477 684
477 688
478 479
478 480
478 492
478 502
478 525
478 552
478 563
478 574
478 578
478 583
478 606
478 611
478 618
478 626
478 642
478 648
478 652
478 673
478 688
479 512
479 583
479 584
479 589
479 606
479 644
479 681
479 692
480 501
480 519
480 526
480 534
480 549
480 551
480 565
480 593
480 624
480 631
480 651
481 506
481 507
481 524
481 532
481 548
481 616
481 676
482 509
482 532
482 537
482 540
482 564
482 591
482 609
482 620
482 634
482 648
483 497
483 501
483 503
483 513
483 514
483 534
483 572
483 601
483 634
483 658
484 509
484 515
484 546
484 554
484 558
484 597
484 601
484 659
484 660
485 494
485 508
485 520
485 525
485 528
485 537
485 546
485 631
485 674
486 504
486 522
486 525
486 528
486 537
486 546
486 589
486 597
486 611
486 619
486 667
486 698
487 505
487 509
487 533
487 574
487 687
488 490
488 565
488 614
488 623
488 699
489 492
489 523
489 543
489 559
489 591
489 621
489 642
489 647
489 652
489 655
489 681
490 520
490 568
490 628
490 660
490 673
491 518
491 537
491 594
491 611
491 646
491 679
491 688
491 693
492 529
492 539
492 544
492 556
492 592
493 508
493 606
493 621
493 623
493 638
493 690
493 699
494 522
494 617
494 684
494 689
494 698
495 503
495 550
495 577
495 586
495 645
497 510
497 517
497 522
497 525
497 553
497 566
497 578
497 595
497 619
497 630
497 653
498 509
498 528
498 533
498 573
498 578
498 609
498 631
498 651
498 653
498 661
498 662
498 691
498 699
499 525
499 559
499 580
499 602
499 606
499 637
499 656
499 684
500 597
500 602
500 609
500 644
500 648
500 662
501 535
501 543
501 567
501 582
501 622
502 611
502 622
502 648
502 681
503 527
503 538
503 570
503 594
503 597
503 600
503 631
503 639
503 660
503 671
503 695
504 506
504 514
504 538
504 606
504 621
504 634
504 676
505 515
505 530
505 541
505 565
505 569
505 591
505 594
505 604
505 609
505 666
505 668
506 526
506 563
506 581
506 612
506 641
506 648
506 665
506 671
506 682
507 522
507 590
507 594
507 603
507 661
507 664
508 521
508 562
508 580
508 609
508 624
508 653
508 660
508 679
508 680
509 554
509 557
509 563
509 575
509 577
509 578
509 584
509 588
509 591
509 625
509 630
509 697
510 513
510 548
510 607
510 608
510 648
510 657
510 688
510 692
511 616
511 663
511 691
512 538
512 551
512 591
512 619
512 670
512 682
513 518
513 532
513 566
513 580
513 612
514 518
514 546
514 570
514 604
514 625
514 651
515 523
515 524
515 532
515 535
515 538
515 578
515 615
515 659
515 668
515 670
516 567
516 581
516 591
516 597
516 609
516 653
516 658
516 669
516 687
517 538
517 587
517 603
517 604
517 623
517 642
517 672
518 529
518 597
518 644
518 660
518 666
518 674
518 687
518 691
518 694
519 551
519 567
519 580
519 588
519 602
519 610
519 613
519 624
520 566
520 571
520 595
520 607
520 614
520 626
520 643
520 654
520 658
520 660
520 697
521 554
521 561
521 571
521 599
521 631
521 636
521 643
521 660
521 664
521 680
522 525
522 619
522 657
522 663
522 698
523 530
523 537
523 578
523 600
523 618
523 620
523 631
523 644
523 649
523 672
523 676
523 684
524 588
524 612
524 619
524 685
525 526
525 561
525 622
525 639
525 659
525 683
526 539
526 550
526 558
526 601
526 640
526 666
526 675
526 683
526 685
526 690
526 691
526 693
527 529
527 532
527 541
527 547
527 559
527 565
527 571
528 540
528 595
528 640
528 657
528 659
529 553
529 574
529 576
529 600
529 605
529 616
529 651
529 666
530 532
530 533
530 535
530 572
530 587
530 589
530 591
530 603
530 643
530 653
530 660
530 682
531 599
531 616
531 697
532 535
532 571
532 586
532 593
532 598
532 599
532 636
532 642
532 655
532 667
533 588
533 633
534 631
535 553
535 579
535 585
535 627
535 652
535 660
535 672
535 682
536 540
536 588
536 600
536 611
536 631
536 653
537 580
537 594
537 601
537 619
537 662
537 676
537 684
538 553
538 559
538 596
538 651
538 679
538 688
539 563
539 599
539 604
539 605
539 615
539 649
539 670
540 574
540 653
540 688
541 571
541 577
541 598
541 610
541 613
541 631
541 648
541 667
541 674
541 677
541 682
541 690
542 548
542 552
542 571
542 601
542 605
542 663
542 669
543 565
543 573
543 575
543 590
543 613
543 634
543 659
544 555
544 606
544 623
544 624
544 631
544 634
544 671
544 673
544 686
545 563
545 631
546 572
546 625
546 631
546 633
546 692
546 697
547 579
547 602
547 603
547 616
547 617
547 629
547 659
548 579
548 619
548 626
548 644
549 610
549 634
549 650
549 651
549 663
549 680
549 699
550 580
550 618
550 641
550 645
550 683
550 699
551 561
551 596
551 599
551 615
551 629
551 655
551 659
551 672
551 699
552 595
552 663
553 561
553 645
553 674
554 572
554 641
554 670
555 570
555 590
555 609
555 616
555 644
555 675
555 676
556 561
556 563
556 587
556 588
556 642
556 655
556 684
556 698
557 574
557 582
557 603
557 604
557 619
557 642
558 595
558 598
558 633
558 669
558 672
558 679
558 682
558 683
559 607
559 618
559 650
559 652
559 692
560 573
560 580
560 614
560 615
560 640
560 670
560 686
560 697
561 562
561 567
561 580
561 621
561 658
561 659
561 675
561 677
562 585
562 595
562 614
563 579
563 628
563 632
563 637
563 647
563 669
563 670
563 674
563 682
564 608
564 640
564 678
565 608
565 616
565 623
565 667
565 679
566 604
566 644
566 658
566 663
566 686
566 693
566 694
567 614
567 631
567 648
567 653
567 674
567 688
568 611
568 621
568 645
568 658
568 693
569 575
569 609
569 649
569 662
569 667
569 687
570 582
570 602
570 658
570 679
571 576
571 654
571 665
571 669
571 677
571 696
572 586
572 639
573 613
573 639
573 642
573 648
573 651
574 594
574 604
574 608
574 609
574 658
574 664
575 598
575 599
575 610
575 615
575 623
575 663
575 665
575 676
576 659
577 634
577 689
577 691
577 695
577 696
578 606
578 620
578 630
578 633
578 639
578 649
578 673
579 618
579 620
579 621
580 584
580 615
580 627
580 633
580 635
581 592
581 597
581 614
581 634
581 635
581 637
581 684
582 584
582 591
582 630
582 687
582 693
582 695
583 621
583 626
583 630
583 676
583 678
584 665
584 692
586 593
586 612
586 632
586 665
586 671
587 599
587 600
587 610
587 628
587 663
587 673
588 590
588 599
588 632
588 637
588 644
588 652
588 677
589 598
589 613
589 622
589 657
589 667
589 682
590 636
590 655
590 679
591 603
591 613
591 617
591 624
591 656
591 694
592 619
592 625
592 641
592 696
593 633
593 691
594 633
594 697
595 675
595 699
596 685
597 645
597 651
597 652
597 686
597 695
598 608
598 634
598 645
598 663
598 675
598 680
598 686
599 606
599 612
600 606
601 657
602 618
602 633
602 641
602 643
602 645
602 697
603 641
603 661
603 675
603 698
604 625
604 633
604 641
604 666
604 671
604 675
604 678
605 627
605 677
605 685
606 639
606 657
606 675
607 657
607 680
608 618
608 628
608 632
609 684
609 692
610 684
611 615
611 662
611 676
611 677
611 686
612 614
612 619
612 622
612 625
612 668
613 658
614 639
614 665
614 687
614 692
615 618
615 622
616 646
616 652
616 680
617 673
617 684
618 621
618 634
618 640
618 672
618 699
619 692
620 643
621 631
621 646
621 650
621 665
621 692
622 625
622 653
622 671
622 687
623 649
623 669
623 690
624 629
624 640
624 647
624 665
624 667
625 630
625 662
626 678
626 690
627 644
627 646
628 674
628 677
628 682
628 683
629 675
629 687
629 691
629 693
630 649
630 653
630 672
632 635
632 640
632 649
632 673
633 677
633 689
635 663
635 665
635 672
635 673
635 697
636 663
636 666
637 643
637 652
637 675
638 643
638 647
638 653
638 679
638 698
639 648
639 663
639 670
640 664
640 678
641 659
646 683
646 698
647 649
647 681
648 661
648 685
648 687
648 691
649 674
650 681
650 694
650 697
651 675
651 684
651 689
651 696
652 657
652 662
652 692
654 694
655 676
655 680
655 685
655 688
657 668
659 681
659 697
660 666
660 677
660 685
660 696
661 672
661 675
661 685
661 688
663 678
663 685
664 676
664 699
665 688
666 689
666 695
666 698
667 685
672 684
672 688
674 678
674 688
674 699
675 676
676 690
678 695
687 691
687 696
688 690
689 699
690 694
695 699
