1
0 96
0 286
1 21
1 47
2 38
2 80
3 291
3 308
4 29
4 378
5 287
5 298
6 159
6 364
7 108
7 261
8 273
8 363
9 172
9 201
10 90
10 137
11 151
11 187
12 129
12 157
13 223
13 325
14 124
14 202
15 99
15 228
16 61
16 110
17 69
17 120
18 112
18 230
19 63
19 256
20 269
20 334
21 359
22 225
22 396
23 96
23 174
24 154
24 295
25 289
25 324
26 75
26 360
27 131
27 280
28 68
28 383
29 81
30 97
30 242
31 173
31 399
32 381
32 382
33 135
33 389
34 41
34 347
35 285
35 346
36 79
36 138
37 251
37 305
38 128
39 251
39 373
40 105
40 340
41 197
42 44
42 116
43 301
43 392
44 294
45 63
45 180
46 169
46 274
47 243
48 72
48 76
49 195
49 200
50 160
50 380
51 88
51 312
52 74
52 398
53 374
53 377
54 132
54 234
55 62
55 205
56 234
56 361
57 60
57 77
58 241
58 363
59 337
59 395
60 390
61 362
62 174
64 95
64 397
65 188
65 298
66 196
66 374
67 206
67 393
68 185
69 163
70 83
70 220
71 277
71 305
72 381
73 127
73 153
74 349
75 296
76 303
77 357
78 127
78 236
79 89
80 189
81 175
82 220
82 333
83 353
84 190
84 359
85 184
85 375
86 355
86 369
87 170
87 310
88 147
89 306
90 100
91 121
91 209
92 318
92 373
93 317
93 336
94 170
94 370
95 219
97 237
98 128
98 348
99 275
100 361
101 130
101 157
102 179
102 329
103 391
103 393
104 132
104 235
105 344
106 126
106 177
107 299
107 364
108 224
109 154
109 312
110 310
111 229
111 253
112 189
113 166
113 231
114 138
114 165
115 164
115 389
116 151
117 323
117 396
118 209
118 215
119 130
119 294
120 239
121 273
122 153
122 300
123 267
123 394
124 212
125 340
125 352
126 351
129 266
131 139
133 158
133 317
134 216
134 264
135 335
136 158
136 297
137 259
139 247
140 265
140 355
141 262
141 383
142 161
142 302
143 288
143 293
144 258
144 284
145 198
145 279
146 201
146 314
147 284
148 206
148 313
149 160
149 362
150 260
150 297
152 211
152 326
155 230
155 292
156 214
156 277
159 356
161 272
162 172
162 321
163 328
164 354
165 180
166 318
167 213
167 290
168 252
168 372
169 365
171 186
171 198
173 304
175 309
176 231
176 322
177 368
178 179
178 377
181 315
181 358
182 217
182 286
183 233
183 275
184 285
185 353
186 385
187 282
188 268
190 326
191 281
191 301
192 296
192 352
193 257
193 304
194 211
194 308
195 203
196 345
197 226
199 281
199 371
200 345
202 395
203 229
204 255
204 336
205 384
207 227
207 343
208 252
208 391
210 278
210 282
212 287
213 356
214 311
215 217
216 375
218 241
218 306
219 240
221 240
221 263
222 264
222 280
223 349
224 311
225 250
226 244
227 271
228 399
232 254
232 357
233 323
235 351
236 339
237 382
238 246
238 315
239 293
242 385
243 343
244 262
245 261
245 320
246 376
247 384
248 366
248 398
249 267
249 319
250 300
253 388
254 292
255 344
256 320
257 327
258 338
259 397
260 337
265 387
266 386
268 386
269 350
270 324
270 370
271 341
272 309
274 276
276 332
278 283
279 350
283 367
288 348
289 330
290 334
291 388
295 369
299 376
302 379
303 322
307 342
307 372
313 392
314 339
316 319
316 366
321 367
325 358
327 368
328 332
329 333
330 387
331 335
331 347
338 365
341 360
342 378
346 390
354 380
379 394
400 263
401 371
-1 -1
13.8223
