800 3196
0 95
0 266
0 333
0 334
0 371
0 412
0 701
1 43
1 62
1 71
1 157
1 461
1 634
1 769
2 106
2 198
2 199
2 207
2 261
2 314
2 427
2 660
3 31
3 140
3 195
3 209
3 269
3 552
3 585
3 594
3 699
3 765
3 767
4 83
4 90
4 93
4 132
4 144
4 289
4 360
4 368
4 372
4 374
4 607
4 610
4 698
4 743
5 87
5 123
5 180
5 212
6 38
6 84
6 119
6 191
6 242
6 425
6 520
6 584
6 700
6 736
7 30
7 48
7 127
7 170
7 235
7 412
7 611
7 791
8 11
8 154
8 218
8 243
8 354
8 412
8 594
8 749
8 781
9 220
9 270
9 346
9 564
9 726
10 328
10 467
10 490
10 628
10 631
11 30
11 38
11 246
11 366
11 472
11 485
11 539
11 646
11 681
11 728
12 356
13 43
13 51
13 114
13 447
13 505
13 575
13 592
13 747
14 279
14 331
14 336
14 411
14 550
14 696
15 125
15 232
15 267
15 275
15 565
15 592
15 699
16 186
16 523
16 584
17 78
17 92
17 272
17 386
17 562
17 577
17 594
17 750
18 30
18 140
18 631
18 666
18 681
18 798
19 120
19 193
19 275
19 399
19 422
19 463
19 494
19 559
19 642
20 52
20 59
20 63
20 106
20 282
20 286
20 409
20 569
20 605
20 706
20 786
21 38
21 180
21 241
21 300
21 408
21 412
21 428
21 548
21 690
21 706
21 781
22 37
22 50
22 120
22 200
22 316
22 352
22 561
22 592
22 656
22 704
22 753
22 780
23 90
23 392
23 433
23 605
23 751
24 30
24 304
24 470
24 478
24 508
24 525
24 640
24 730
24 748
24 796
25 167
25 362
25 366
25 404
25 444
25 598
25 647
25 669
26 225
26 227
26 394
26 507
26 678
26 773
27 40
27 100
27 160
27 185
27 252
27 329
27 470
27 483
27 536
27 555
27 684
27 776
28 76
28 157
28 365
28 457
28 612
29 228
29 276
29 329
29 350
29 366
29 554
29 561
29 575
29 684
29 798
30 287
30 368
30 374
30 493
30 496
30 631
30 777
30 781
31 97
31 101
31 247
31 257
31 290
31 318
31 418
31 492
31 499
31 502
31 552
31 560
31 601
31 632
31 648
32 223
32 225
32 274
32 285
32 473
32 496
32 584
33 186
33 200
33 444
33 503
33 535
33 546
33 587
33 606
33 720
34 292
34 366
34 371
34 461
34 583
34 691
34 699
34 743
34 747
34 792
35 185
35 479
35 547
35 551
35 627
35 739
36 282
36 358
36 398
36 409
36 558
36 594
36 749
36 754
36 756
37 72
37 140
37 340
37 457
37 514
37 635
38 64
38 82
38 90
38 111
38 269
38 734
38 760
39 263
39 378
39 402
39 459
39 510
39 524
39 537
39 673
39 740
40 175
40 231
40 521
40 592
40 641
41 148
41 216
41 641
41 671
41 735
41 775
42 314
42 395
42 406
42 614
42 685
42 727
43 116
43 140
43 346
43 436
43 459
43 787
43 793
44 149
44 206
44 215
44 216
44 365
44 455
44 583
44 651
44 706
45 154
45 531
45 553
45 615
46 168
46 194
46 226
46 239
46 498
47 133
47 322
47 421
47 466
47 511
48 94
48 365
48 375
48 447
48 657
48 664
48 703
48 793
49 62
49 138
49 341
49 393
49 624
49 670
50 188
50 420
50 484
50 651
50 665
51 56
51 166
51 209
51 248
51 409
51 424
51 444
51 492
51 537
51 586
51 796
52 298
52 322
52 370
52 457
52 460
52 542
52 617
52 786
53 121
53 159
53 188
53 223
53 249
53 326
53 713
53 779
54 160
54 216
54 415
54 486
54 549
54 603
54 761
55 126
55 176
55 210
55 226
55 447
55 457
55 494
55 504
55 700
55 759
56 59
56 452
56 523
56 620
57 58
57 76
57 83
57 91
57 126
57 189
57 201
57 240
57 375
57 418
57 551
57 562
57 571
57 643
57 692
58 76
58 349
58 442
58 602
58 716
58 778
58 799
59 60
59 86
59 214
59 274
59 594
59 681
60 179
60 211
60 216
60 226
60 323
60 335
60 348
60 500
60 797
61 162
61 172
61 422
61 495
61 532
61 537
61 540
61 563
61 741
61 789
62 77
62 132
62 237
62 385
62 424
62 534
62 629
62 660
63 188
63 416
63 441
63 453
63 462
63 653
63 694
64 68
64 147
64 217
64 273
64 293
64 391
64 408
64 457
64 458
64 678
64 782
65 576
65 628
65 651
65 663
65 667
65 773
66 139
66 141
66 265
66 278
66 332
66 334
66 374
66 477
66 553
66 662
67 230
67 355
67 756
68 87
68 111
68 125
68 150
68 343
68 406
68 577
68 623
68 624
68 641
68 696
69 93
69 226
69 240
69 629
70 110
70 164
70 268
70 389
70 454
70 556
70 611
70 619
70 735
70 740
71 138
71 150
71 219
71 295
71 328
71 413
71 423
71 450
71 485
71 553
71 716
71 720
71 756
72 154
72 221
72 229
72 447
72 590
72 709
73 161
73 296
73 306
73 376
73 384
73 470
73 671
73 705
73 715
74 90
74 201
74 246
74 313
74 341
74 398
74 655
74 766
74 768
74 784
75 387
75 645
75 746
76 103
76 164
76 224
76 253
76 404
76 446
77 188
77 231
77 497
77 555
77 695
78 128
78 144
78 155
78 594
78 665
79 132
79 208
79 319
79 368
79 685
80 144
80 158
80 206
80 299
80 396
80 435
81 230
81 512
81 639
81 791
82 264
82 278
82 338
82 436
82 443
82 684
82 745
82 794
83 184
83 275
83 310
83 435
83 520
84 96
84 195
84 410
84 533
85 180
85 445
85 586
85 595
86 276
86 411
86 474
86 610
86 717
86 725
87 124
87 149
87 294
87 336
87 337
87 574
87 689
88 219
88 231
88 357
88 363
88 462
88 530
89 142
89 219
89 354
89 606
89 612
89 782
90 104
90 201
90 245
90 271
90 423
90 497
90 615
91 272
91 283
91 320
91 330
91 337
91 380
91 396
91 446
91 614
91 630
91 653
91 729
91 764
92 139
92 239
92 312
92 490
92 493
92 674
92 778
92 799
93 174
93 289
93 416
93 606
93 629
93 696
93 777
94 112
94 432
94 591
94 639
94 656
94 661
94 705
94 713
95 122
95 216
95 285
95 313
95 500
95 630
95 705
96 222
96 425
96 432
96 615
96 674
96 721
96 735
96 790
97 134
97 140
97 268
97 318
97 373
97 453
97 454
97 546
97 613
97 620
97 744
98 163
98 205
98 243
98 298
98 361
98 390
98 646
98 732
98 775
99 111
99 253
99 327
99 513
99 568
99 571
99 584
99 658
99 686
99 762
100 202
100 322
100 388
100 486
100 508
100 691
101 167
101 307
101 327
101 621
101 782
102 208
102 218
102 318
102 341
102 414
102 478
102 698
102 717
102 736
103 209
103 245
103 531
103 649
103 669
103 731
104 146
104 197
104 449
104 544
104 614
104 657
105 116
105 161
105 313
105 426
105 437
105 527
105 706
105 720
105 750
106 180
106 245
106 361
106 407
106 510
106 599
107 167
107 197
107 200
107 262
107 315
107 419
107 537
107 563
107 647
107 757
108 160
108 197
108 212
108 398
108 514
108 578
108 730
109 194
109 226
109 533
109 594
109 616
109 709
110 303
110 325
110 330
110 441
110 611
110 704
110 779
111 278
111 338
111 415
111 542
111 632
111 677
111 706
112 248
112 288
112 392
112 415
112 597
112 735
113 311
113 773
113 787
114 646
114 795
115 192
115 471
115 473
115 626
115 697
116 376
116 441
116 485
116 509
116 538
116 631
116 665
116 773
117 160
117 204
117 238
117 296
117 299
117 369
117 422
117 532
117 548
117 595
117 665
117 768
118 234
118 324
118 377
118 429
118 511
118 514
119 255
119 419
119 426
119 437
119 797
120 142
120 225
120 668
121 129
121 200
121 201
121 426
121 578
121 614
121 699
121 775
122 128
122 193
122 356
122 364
122 473
122 632
123 161
123 344
123 371
123 572
123 697
123 744
124 251
124 381
124 382
124 478
124 542
124 695
124 715
124 719
124 734
124 765
125 459
125 509
125 588
125 670
125 716
125 733
126 165
126 485
126 499
126 502
126 573
127 318
127 424
127 754
127 775
128 163
128 169
128 186
128 192
128 322
128 325
128 429
128 499
128 772
129 148
129 155
129 193
129 290
129 303
129 600
129 635
130 165
130 462
130 488
130 601
130 678
130 738
130 768
131 298
131 600
131 669
132 162
132 175
132 271
132 287
132 296
132 387
132 404
132 450
132 730
133 364
133 367
133 402
133 520
133 573
133 606
133 642
133 696
134 183
134 184
134 315
134 316
134 321
134 351
134 380
134 600
134 652
135 306
135 388
135 461
135 474
135 574
135 673
135 794
136 465
136 615
136 639
136 644
136 699
136 742
137 166
137 339
137 349
137 405
137 682
137 706
138 146
138 279
138 331
138 378
138 538
138 546
138 652
138 777
139 359
139 418
140 156
140 320
140 375
140 435
140 552
140 580
140 708
140 776
141 179
141 281
141 429
141 485
141 487
141 605
141 630
141 649
141 716
141 747
141 753
142 152
142 154
142 167
142 183
142 277
142 329
142 589
143 175
143 279
143 382
143 514
143 611
143 697
143 725
143 742
144 168
144 228
144 253
144 327
144 383
144 405
144 451
144 488
144 720
145 172
145 217
145 256
145 298
145 483
145 586
145 591
145 631
146 339
146 579
146 770
147 206
147 390
147 392
147 532
147 553
147 575
147 633
147 672
147 680
147 747
148 343
148 503
148 648
148 674
149 260
149 297
149 486
149 606
149 643
149 725
149 743
149 784
150 184
150 228
150 310
150 353
150 395
150 475
150 492
150 656
150 694
151 220
151 223
151 237
151 503
151 762
152 244
152 270
152 308
152 482
152 500
152 570
152 606
152 652
153 174
153 179
153 278
153 297
153 473
153 546
154 230
154 541
154 633
155 194
155 273
155 656
155 718
156 241
156 309
156 352
156 442
156 515
156 737
156 780
157 406
157 413
157 455
157 673
157 731
158 181
158 257
158 298
158 597
158 763
158 784
159 182
159 222
159 415
159 543
159 546
159 574
159 667
159 676
159 787
160 347
161 293
161 338
161 420
161 726
162 470
162 523
162 614
162 636
162 714
162 722
163 216
163 364
163 462
163 548
163 558
163 632
163 721
164 178
164 179
164 209
164 525
164 547
164 574
164 713
165 264
165 347
165 559
165 632
165 651
165 774
165 777
165 784
165 793
166 315
166 609
166 715
166 770
167 292
167 364
167 404
167 563
167 570
167 643
167 713
168 178
168 209
168 392
168 446
168 674
168 690
169 216
169 217
169 331
169 669
169 725
169 795
170 298
170 333
170 389
170 395
170 502
170 596
170 736
171 256
171 297
171 460
171 483
171 526
171 530
171 693
171 727
172 397
172 424
172 534
172 620
173 188
173 273
173 372
173 497
173 637
174 294
174 344
174 369
174 527
174 532
174 724
174 726
174 779
175 391
175 433
175 436
175 445
175 450
175 457
175 511
175 740
175 796
176 200
176 211
176 346
176 351
176 442
176 490
176 741
176 743
176 750
176 755
176 757
177 404
177 406
177 447
177 498
177 669
177 703
177 712
177 729
178 562
179 205
179 220
179 525
179 733
179 736
179 744
180 285
180 291
180 419
180 468
180 609
181 258
181 327
181 390
181 423
181 429
181 777
182 544
182 559
182 565
182 739
182 786
183 402
183 634
183 657
184 245
184 342
184 362
184 488
184 490
184 522
184 525
184 568
184 637
184 652
184 783
185 193
185 299
185 340
185 357
185 492
185 520
185 632
185 779
186 232
186 313
186 549
186 657
186 666
187 192
187 324
187 439
187 559
187 562
187 616
188 231
188 393
188 501
188 563
188 667
188 685
189 399
189 401
189 473
189 556
189 613
189 737
190 277
190 286
190 297
190 478
190 479
190 581
190 769
191 299
191 369
191 480
191 502
191 548
192 251
192 267
192 382
192 435
192 475
192 552
192 560
192 563
192 568
192 592
192 668
192 709
193 200
193 209
193 276
193 289
193 303
193 395
193 418
193 623
193 726
194 216
194 702
194 720
195 218
195 365
195 386
195 785
196 373
196 374
196 593
196 645
196 651
196 752
197 209
197 243
197 565
198 328
198 352
198 490
198 567
198 638
198 736
199 234
199 263
199 416
199 434
199 438
199 636
199 680
200 221
200 266
200 267
200 270
200 278
200 554
200 697
201 266
201 288
201 579
201 608
201 610
201 623
201 626
202 232
202 246
202 310
202 465
202 583
202 604
202 650
203 704
203 775
204 318
204 535
204 684
205 294
205 320
205 369
205 475
205 560
205 654
205 759
205 794
206 224
206 232
206 625
206 714
206 752
207 364
207 461
207 524
207 526
207 560
207 576
207 597
207 711
207 736
207 746
207 754
207 791
207 795
208 360
208 424
208 437
208 549
208 636
209 384
209 471
209 480
209 779
210 251
210 403
210 458
210 488
210 605
210 618
210 703
210 771
210 774
211 227
211 362
211 496
211 531
211 676
212 318
212 546
212 778
213 280
213 364
213 392
213 534
214 234
214 240
214 479
214 543
214 559
214 614
214 677
214 730
215 411
215 429
215 554
215 579
215 587
215 623
215 656
215 705
216 263
216 500
216 607
216 616
217 229
217 443
217 456
217 511
217 767
218 348
218 457
218 470
218 517
218 567
218 682
219 288
219 391
219 434
219 439
219 477
220 238
220 393
220 396
220 486
220 696
220 761
221 332
221 567
221 782
222 225
222 228
222 392
222 400
222 408
222 568
222 596
222 629
222 668
222 711
222 771
223 233
223 286
223 310
223 387
223 433
223 490
223 497
223 519
223 719
223 769
224 278
224 355
224 421
224 464
224 504
224 684
224 777
225 350
225 472
225 740
225 777
226 415
226 451
226 565
226 603
226 697
226 700
226 753
227 368
227 595
227 710
227 763
228 353
228 422
228 429
228 680
228 686
228 783
229 495
229 734
229 790
230 249
230 344
230 373
230 394
230 515
230 613
230 683
231 300
231 307
231 424
231 563
231 633
231 685
232 335
232 526
232 560
233 681
233 769
234 487
234 494
234 510
234 601
234 798
235 239
235 240
235 245
235 253
235 392
235 453
235 468
235 470
235 472
235 497
235 698
236 371
236 409
236 561
236 572
236 594
236 650
236 684
236 723
237 284
237 374
238 298
238 423
238 491
238 603
238 638
239 426
239 640
240 326
240 361
240 400
240 483
240 487
240 577
240 620
241 336
241 344
241 399
241 466
241 649
241 748
242 312
242 412
242 438
242 682
242 783
242 787
243 249
243 419
243 456
243 497
243 504
243 560
243 714
243 720
244 253
244 330
244 605
245 260
245 328
245 342
245 351
245 428
245 524
245 547
245 618
246 462
246 492
246 616
246 670
246 728
246 798
247 262
247 313
247 480
247 535
247 547
247 550
247 583
247 655
248 347
248 356
248 366
248 516
248 548
248 558
248 573
248 647
249 324
249 485
249 600
249 606
249 619
249 690
250 307
250 344
250 416
250 426
250 693
250 755
251 254
251 401
251 582
251 722
251 737
251 754
251 775
251 787
252 402
252 477
252 529
252 743
253 268
253 563
253 665
253 670
253 782
254 278
254 429
254 457
254 514
254 527
254 537
254 554
255 368
255 422
255 441
255 501
255 603
255 782
256 317
256 349
256 369
256 375
256 517
256 527
256 593
256 634
256 684
256 762
257 304
257 388
257 397
257 474
257 623
257 752
258 316
258 472
258 481
258 505
258 542
259 276
259 313
259 431
259 477
259 610
259 637
259 652
259 718
259 724
260 429
260 635
260 756
261 322
261 418
261 688
261 699
261 710
261 727
261 794
262 285
262 508
262 618
262 756
263 281
263 358
263 477
263 506
263 688
264 481
264 651
265 295
265 358
265 370
265 472
265 556
265 704
265 718
265 720
266 299
266 626
266 628
267 377
267 464
267 631
267 645
268 419
268 545
268 554
268 676
269 272
269 362
269 398
269 501
270 378
270 422
270 481
270 610
271 524
271 687
271 777
272 351
272 400
272 462
272 497
272 542
272 671
272 752
272 759
272 780
273 471
273 475
273 559
273 753
274 293
274 430
275 491
275 577
275 729
276 437
276 534
276 567
276 579
276 611
276 712
276 726
277 298
277 414
277 530
277 614
277 616
277 679
277 724
277 731
278 388
278 527
278 528
278 535
278 566
278 624
278 707
279 288
279 324
279 645
279 680
279 781
280 609
280 614
280 686
281 282
281 437
281 498
281 519
282 289
282 325
282 392
282 534
282 603
283 352
283 369
283 462
283 693
284 346
284 382
284 443
284 470
284 482
284 557
284 580
284 601
284 661
284 768
285 461
285 544
285 768
286 292
286 319
286 413
286 423
286 424
286 428
286 503
286 670
286 686
287 423
287 430
287 436
287 486
287 527
287 555
287 558
287 594
287 596
287 704
287 790
288 374
288 391
288 448
288 451
288 715
289 306
289 322
289 541
290 339
290 501
290 558
290 631
291 415
291 425
291 483
291 498
291 699
292 293
292 325
292 384
292 790
293 358
293 426
293 491
293 583
294 318
295 343
295 482
295 610
295 635
295 652
295 757
295 791
296 564
296 582
296 599
296 624
296 650
296 724
296 780
296 786
297 399
297 435
297 452
297 756
298 451
299 358
299 377
299 411
299 465
299 489
299 517
299 643
299 725
299 749
299 798
300 415
300 451
300 486
300 609
300 688
301 707
301 727
301 763
302 677
302 697
302 722
302 738
303 398
303 589
303 766
304 364
304 424
304 570
304 654
305 407
305 573
305 622
305 715
305 750
306 474
306 541
306 548
306 582
306 613
306 730
306 760
307 337
308 358
308 623
308 790
309 579
309 747
310 475
310 500
310 781
311 415
311 449
311 534
311 633
311 788
312 401
312 447
312 473
312 640
313 479
313 753
313 787
313 796
314 432
314 619
314 642
314 680
315 341
315 365
315 433
315 590
315 619
316 527
316 540
316 550
316 566
316 654
316 680
316 725
317 335
317 380
317 389
317 394
317 711
318 439
318 465
318 528
318 637
318 684
318 735
319 375
319 497
319 514
319 571
319 574
320 335
320 421
320 507
320 535
320 566
320 613
321 480
321 640
321 666
321 686
321 696
321 798
322 375
322 540
322 587
323 335
323 395
323 576
323 719
324 348
324 703
325 522
325 667
326 370
326 382
326 412
326 424
326 462
326 640
327 332
327 568
327 637
327 707
327 714
328 617
328 652
328 712
328 762
329 331
329 364
329 373
329 465
329 564
329 724
330 521
330 637
330 729
331 658
331 697
331 709
331 793
332 542
332 604
332 613
332 723
332 754
333 334
333 403
333 579
333 705
333 732
334 596
334 613
334 632
335 356
335 427
335 430
335 478
335 504
335 537
335 782
335 796
336 495
336 520
336 707
337 370
337 540
337 754
337 764
338 422
338 673
339 503
339 554
339 564
340 357
340 651
340 694
340 702
340 743
340 791
341 513
341 533
341 707
341 731
342 436
342 468
342 666
342 709
343 368
343 450
343 638
343 693
343 799
344 562
344 564
344 566
345 351
345 445
345 620
345 762
346 375
346 437
346 595
346 623
346 695
346 708
347 379
347 420
347 449
347 513
347 527
347 539
347 783
348 497
348 516
348 530
348 557
348 568
348 573
348 781
349 452
349 530
349 540
350 379
350 495
350 557
350 567
350 637
350 655
350 761
351 370
351 799
352 425
352 508
352 572
352 777
353 445
353 763
354 530
354 545
355 391
355 417
355 428
355 532
355 694
355 732
356 466
356 562
356 634
356 659
356 719
356 779
356 792
357 481
357 629
357 662
357 687
358 410
358 452
358 466
359 366
359 408
359 465
359 551
359 685
360 639
360 677
360 745
360 768
361 376
361 449
361 503
361 567
361 619
361 646
361 701
361 758
362 538
362 562
362 617
363 488
363 507
363 514
363 593
363 657
363 750
364 435
364 679
365 376
365 519
365 575
365 625
365 650
365 720
365 757
365 788
366 408
366 479
367 507
367 518
367 542
367 676
367 716
367 720
368 395
368 631
369 387
369 432
370 652
370 779
371 449
371 625
372 501
372 676
372 731
372 785
373 502
373 537
373 719
374 424
374 568
375 377
375 573
375 631
375 646
375 690
376 385
376 461
376 560
376 755
377 430
377 452
377 498
377 508
377 550
377 565
377 595
377 609
378 475
378 535
378 563
378 572
378 756
379 391
379 543
379 545
379 682
379 702
380 419
380 596
380 733
380 773
381 425
381 661
382 495
382 659
382 705
383 466
383 541
383 554
384 459
384 482
384 519
384 582
384 646
384 726
385 480
386 422
386 462
386 472
386 486
386 765
387 399
387 462
387 609
387 672
387 747
387 757
387 797
388 512
388 516
388 537
388 620
389 572
389 691
389 792
390 679
390 737
390 782
391 593
391 634
391 797
392 441
392 555
392 679
393 506
393 517
393 661
393 693
393 770
394 430
394 434
394 461
394 597
394 641
394 799
395 425
395 507
395 550
395 700
396 551
396 575
396 625
396 668
397 403
397 495
397 505
397 604
397 732
398 461
398 495
398 595
398 696
399 658
399 685
400 497
400 640
401 458
401 466
401 534
401 606
401 733
402 459
402 508
402 600
402 614
402 635
403 550
403 673
403 720
404 512
404 614
404 657
404 661
404 737
404 740
404 775
405 524
405 604
405 667
405 681
405 709
405 748
405 750
406 510
406 701
407 648
407 706
407 781
408 451
408 575
408 606
408 769
409 542
409 733
409 751
409 755
409 765
410 424
410 596
410 785
411 476
411 689
412 425
412 444
412 448
412 566
412 644
413 448
413 532
413 561
413 604
414 493
414 534
414 586
414 611
414 707
414 713
414 717
414 728
414 765
415 461
415 525
415 634
415 654
415 657
415 739
416 428
416 443
416 611
416 621
416 694
416 703
417 462
417 655
417 753
418 460
418 590
418 686
418 759
419 439
419 496
419 547
419 592
419 593
419 601
419 626
419 768
420 597
420 687
421 445
421 453
421 549
421 612
421 690
421 745
421 749
422 527
422 711
422 734
422 788
423 473
423 602
423 738
423 744
423 756
423 758
424 713
424 745
424 748
425 557
426 525
427 483
427 552
427 632
428 572
428 580
428 605
428 631
428 754
429 563
429 757
430 655
430 764
431 612
431 744
432 454
433 623
434 437
434 523
434 662
434 688
434 732
435 450
435 634
435 701
436 447
436 466
436 574
436 664
436 711
437 466
437 595
437 640
437 663
437 754
438 597
438 658
438 713
438 764
439 496
439 502
439 632
440 542
440 718
440 726
440 749
441 493
441 509
441 540
442 661
442 797
443 451
443 456
443 616
443 634
443 675
443 776
444 629
444 709
444 720
444 733
445 498
445 562
445 596
445 644
445 735
446 485
446 573
446 600
447 633
447 690
447 710
447 725
448 461
448 565
448 638
448 669
448 715
449 598
449 652
450 764
450 777
451 478
451 535
451 687
451 775
452 471
452 488
452 491
452 552
452 695
453 620
453 739
454 614
454 708
455 471
455 778
455 793
456 647
457 531
457 575
457 766
458 495
458 546
458 769
458 776
459 529
459 614
459 616
459 696
459 754
459 764
460 473
460 756
461 701
461 797
462 502
462 553
462 611
463 530
463 570
463 617
463 625
463 636
463 666
464 530
464 535
464 702
464 723
465 469
465 482
465 524
465 650
465 708
466 495
466 514
466 741
466 785
466 794
467 560
467 609
468 491
468 568
469 619
469 660
470 502
470 510
471 624
471 723
471 785
471 795
472 584
472 637
472 650
472 696
472 778
473 520
473 584
473 628
473 748
474 570
474 616
475 665
475 697
476 698
476 773
476 793
477 523
477 575
477 592
477 604
478 482
478 571
478 659
478 755
479 484
479 522
479 560
479 771
479 799
480 481
480 675
481 557
482 518
482 608
482 618
482 731
482 737
482 769
483 496
483 728
484 488
484 508
484 721
485 717
486 503
486 516
486 682
486 710
487 605
487 654
487 677
487 755
488 512
488 514
488 639
488 649
488 743
490 514
490 606
490 670
490 718
490 751
491 582
491 697
491 743
492 550
492 615
492 633
492 761
492 768
492 782
493 709
494 667
495 496
495 514
495 546
495 680
496 737
496 796
497 579
497 583
497 636
497 759
498 509
498 534
498 662
498 789
499 580
499 672
499 795
500 577
500 719
500 785
501 605
501 645
501 759
502 541
502 682
503 697
504 560
504 581
504 785
505 548
505 610
505 626
505 648
506 512
506 547
507 598
507 724
508 543
508 559
508 616
508 632
508 649
508 665
508 748
509 530
510 556
510 656
510 703
511 515
511 610
511 743
512 540
512 541
512 582
512 665
512 678
513 730
514 591
514 601
514 739
515 636
515 667
515 699
515 715
515 769
516 533
516 625
517 701
517 751
518 524
518 623
518 681
518 771
518 772
519 594
519 657
519 708
519 712
520 594
520 672
520 704
521 596
521 750
522 536
522 794
523 582
523 600
523 741
523 780
524 657
524 752
525 688
526 565
526 631
526 640
526 664
527 565
527 571
527 629
528 713
529 654
530 615
530 630
531 539
531 626
531 685
531 730
531 736
531 741
531 764
531 785
532 706
533 670
534 633
534 682
535 792
536 582
536 627
536 647
536 780
538 722
538 793
539 564
539 669
540 690
540 795
541 573
541 738
542 650
542 654
542 655
542 674
543 624
543 629
543 690
543 691
544 567
544 647
544 676
545 594
545 642
545 681
545 796
546 572
546 754
547 565
547 692
547 751
547 775
548 635
548 648
548 687
549 676
549 678
549 760
550 560
550 638
550 778
551 561
551 605
551 631
551 732
552 628
552 774
553 630
553 778
554 623
555 619
555 683
556 571
556 610
556 775
557 656
557 668
557 688
558 597
558 667
558 711
558 751
558 794
559 591
559 647
560 613
560 630
560 676
561 622
561 691
562 642
562 698
562 754
563 713
565 675
566 589
566 612
566 712
566 731
566 735
566 741
567 741
570 576
570 670
570 724
571 767
572 643
572 644
572 693
573 791
574 599
574 615
574 723
574 726
574 797
575 598
575 736
576 654
576 793
577 588
577 694
577 731
577 748
578 649
579 719
580 634
581 587
581 604
581 681
581 688
581 732
582 705
582 716
583 741
583 777
584 605
584 660
584 710
584 713
584 729
584 746
584 759
584 771
585 656
585 746
586 758
587 660
587 681
587 712
588 680
588 771
588 792
589 646
590 659
590 764
591 747
592 659
592 769
592 773
594 599
594 612
594 719
595 688
598 655
598 682
599 645
599 674
600 699
600 769
601 644
601 670
601 694
601 708
601 734
601 772
602 629
602 671
604 783
605 644
605 734
605 786
606 655
606 789
608 664
608 719
611 630
611 687
611 742
612 738
614 651
616 719
616 793
617 717
617 779
617 795
618 662
618 778
619 702
620 691
620 694
620 717
620 718
620 787
621 644
621 733
622 688
622 734
623 688
623 703
625 750
626 778
627 712
627 725
628 714
628 760
628 791
631 686
631 748
633 739
633 768
634 635
634 735
635 728
636 646
636 672
636 731
636 767
637 653
638 744
639 683
639 750
640 729
640 751
641 692
642 731
643 652
643 667
643 733
643 778
644 744
647 653
647 668
647 689
647 736
648 795
650 718
651 738
651 761
651 777
653 666
653 671
653 683
653 694
654 659
656 739
657 659
657 779
657 781
658 693
658 705
658 769
659 672
659 679
659 779
660 776
660 790
661 759
662 735
664 669
664 679
664 715
664 763
666 797
667 779
668 673
668 679
668 713
669 759
669 770
670 692
670 764
671 690
672 687
672 697
672 756
673 709
673 714
673 753
674 721
674 787
675 710
675 773
676 717
676 776
678 759
679 694
679 697
679 721
680 692
680 728
683 743
683 751
684 697
685 692
686 687
687 704
687 745
688 739
688 797
689 720
690 799
691 714
691 773
693 758
695 759
696 791
698 714
698 715
700 796
701 756
702 760
702 778
703 786
706 716
706 782
707 770
707 780
709 725
709 775
710 740
710 784
710 792
711 712
711 753
711 754
714 760
714 795
715 747
716 784
716 790
717 790
720 723
720 763
721 753
722 770
723 727
724 727
725 758
727 785
730 783
731 788
740 741
742 765
744 797
745 788
748 786
749 766
750 789
752 764
753 765
754 759
754 788
756 764
763 799
765 770
765 780
769 782
772 796
773 786
777 783
780 781
792 799
