800 6392
0 126
0 143
0 186
0 205
0 245
0 312
0 342
0 371
0 415
0 417
0 418
0 439
0 463
0 473
0 556
0 625
0 678
1 19
1 229
1 249
1 271
1 349
1 356
1 364
1 377
1 435
1 558
1 697
1 718
1 767
2 4
2 49
2 54
2 100
2 101
2 119
2 132
2 153
2 380
2 397
2 488
2 536
2 625
2 641
2 739
3 53
3 172
3 218
3 229
3 262
3 277
3 291
3 293
3 338
3 369
3 383
3 385
3 447
3 463
3 511
3 570
3 636
3 656
3 694
3 795
4 100
4 145
4 259
4 293
4 350
4 395
4 452
4 562
4 567
4 784
5 86
5 89
5 171
5 222
5 381
5 399
5 416
5 450
5 523
5 547
5 596
5 621
5 622
5 775
6 109
6 111
6 144
6 237
6 267
6 335
6 390
6 484
6 499
6 653
6 734
6 746
7 24
7 89
7 96
7 151
7 246
7 351
7 355
7 379
7 381
7 419
7 521
7 626
7 679
7 702
7 757
8 83
8 177
8 314
8 346
8 386
8 429
8 489
8 611
8 632
8 668
8 717
9 62
9 214
9 223
9 229
9 318
9 437
9 440
9 488
9 531
9 541
9 554
9 575
9 586
9 592
9 596
9 606
9 627
9 791
10 28
10 45
10 113
10 120
10 141
10 143
10 152
10 287
10 311
10 316
10 374
10 413
10 415
10 423
10 615
10 762
11 16
11 55
11 59
11 71
11 89
11 92
11 198
11 212
11 214
11 220
11 345
11 383
11 413
11 511
11 538
11 573
11 721
11 795
12 19
12 33
12 101
12 159
12 176
12 219
12 310
12 417
12 459
12 478
12 513
12 591
12 619
12 623
12 638
12 673
12 768
13 24
13 33
13 38
13 50
13 52
13 79
13 169
13 176
13 204
13 231
13 279
13 285
13 301
13 320
13 330
13 425
13 455
13 516
13 664
13 715
13 730
13 735
14 137
14 192
14 222
14 342
14 371
14 407
14 490
14 508
14 509
14 544
14 603
14 648
14 709
15 21
15 95
15 193
15 251
15 273
15 358
15 418
15 459
15 478
15 509
15 525
15 542
15 568
15 620
15 672
15 683
15 714
15 757
15 775
16 73
16 141
16 258
16 278
16 314
16 378
16 413
16 448
16 481
16 499
16 570
16 581
16 605
16 606
16 645
16 658
16 666
16 693
16 761
17 63
17 81
17 107
17 128
17 134
17 183
17 251
17 289
17 290
17 354
17 381
17 417
17 468
17 484
17 567
17 572
17 605
17 649
17 651
17 714
17 745
17 759
18 124
18 175
18 205
18 211
18 256
18 376
18 381
18 449
18 744
19 74
19 76
19 96
19 111
19 124
19 167
19 207
19 245
19 247
19 259
19 282
19 339
19 365
19 418
19 494
19 495
19 537
19 583
19 625
19 722
19 728
19 779
20 116
20 151
20 188
20 277
20 345
20 361
20 362
20 402
20 445
20 489
20 505
20 683
20 727
20 737
20 748
20 775
21 77
21 105
21 154
21 180
21 216
21 332
21 396
21 417
21 470
21 477
21 545
21 570
21 588
21 631
21 710
21 711
21 737
21 789
22 67
22 87
22 115
22 371
22 433
22 453
22 502
22 641
22 657
22 710
22 730
22 742
22 797
22 799
23 83
23 328
23 356
23 390
23 432
23 497
23 498
23 524
23 609
23 634
23 696
23 725
23 730
23 740
24 41
24 67
24 120
24 140
24 143
24 197
24 213
24 292
24 333
24 344
24 346
24 406
24 536
24 594
24 652
24 773
25 108
25 139
25 163
25 174
25 275
25 287
25 291
25 329
25 382
25 396
25 405
25 429
25 578
25 688
25 715
25 734
25 748
25 762
25 780
25 792
26 43
26 73
26 173
26 216
26 327
26 385
26 418
26 475
26 510
26 581
26 646
26 674
26 718
27 33
27 265
27 297
27 301
27 307
27 507
27 563
27 596
27 601
27 613
27 769
28 205
28 213
28 274
28 296
28 363
28 388
28 401
28 435
28 553
28 658
28 724
28 738
28 780
28 799
29 57
29 71
29 244
29 271
29 351
29 358
29 434
29 444
29 538
29 595
29 663
30 57
30 103
30 112
30 197
30 227
30 325
30 359
30 389
30 398
30 466
30 482
30 520
30 523
30 641
30 644
30 683
30 736
30 750
30 752
31 46
31 70
31 77
31 84
31 163
31 223
31 235
31 281
31 369
31 382
31 473
31 557
31 566
31 630
31 700
31 779
31 793
32 56
32 237
32 367
32 392
32 460
32 468
32 484
32 568
32 577
32 612
32 633
32 707
32 719
33 39
33 71
33 132
33 260
33 312
33 371
33 419
33 425
33 456
33 478
33 495
33 565
33 593
33 601
33 628
33 720
34 37
34 57
34 117
34 195
34 282
34 292
34 334
34 397
34 447
34 488
34 549
34 659
35 72
35 241
35 266
35 294
35 410
35 465
35 555
35 721
35 744
35 751
36 119
36 221
36 330
36 365
36 433
36 454
36 504
36 536
36 567
36 606
36 692
36 752
36 763
37 145
37 146
37 213
37 461
37 464
37 498
37 502
37 596
37 685
38 75
38 76
38 106
38 141
38 184
38 231
38 258
38 339
38 406
38 467
38 537
38 561
38 641
38 755
39 51
39 111
39 248
39 267
39 362
39 439
39 465
39 694
40 57
40 91
40 163
40 216
40 245
40 259
40 342
40 356
40 468
40 503
40 607
40 692
40 720
40 751
40 797
41 326
41 368
41 383
41 443
41 462
41 514
41 625
41 635
41 652
41 677
41 693
42 86
42 161
42 166
42 261
42 318
42 391
42 445
42 464
42 483
42 509
42 551
42 564
42 587
42 644
42 693
42 772
43 104
43 407
43 540
43 551
43 588
43 634
43 661
44 55
44 95
44 121
44 153
44 246
44 335
44 349
44 404
44 410
44 494
44 495
44 525
44 746
44 767
44 778
45 199
45 217
45 289
45 321
45 475
45 617
45 742
46 61
46 78
46 117
46 122
46 178
46 188
46 198
46 237
46 255
46 301
46 347
46 467
46 468
46 511
46 555
46 567
46 573
46 739
47 100
47 230
47 343
47 434
47 503
47 587
47 629
47 637
47 690
47 723
47 725
47 751
47 758
47 797
48 117
48 125
48 138
48 142
48 220
48 234
48 268
48 288
48 396
48 521
48 586
48 614
48 634
48 659
48 714
48 770
49 76
49 107
49 120
49 152
49 211
49 213
49 285
49 336
49 364
49 396
49 407
49 473
49 618
49 725
49 728
50 78
50 115
50 140
50 336
50 452
50 499
50 514
50 599
50 646
50 669
50 682
50 740
50 742
51 110
51 139
51 144
51 181
51 210
51 365
51 573
51 595
51 630
51 643
51 646
51 700
51 747
51 787
52 165
52 213
52 232
52 249
52 293
52 340
52 363
52 414
52 440
52 558
52 576
52 643
52 798
53 183
53 234
53 255
53 285
53 353
53 372
53 389
53 409
53 592
53 628
53 672
53 747
53 783
53 792
54 167
54 184
54 301
54 322
54 346
54 354
54 359
54 514
54 563
54 653
54 755
54 790
55 208
55 222
55 230
55 276
55 284
55 331
55 377
55 419
55 446
55 448
55 473
55 551
55 603
55 684
56 194
56 217
56 241
56 373
56 377
56 434
56 450
56 528
56 576
56 660
56 691
56 699
56 758
57 179
57 206
57 217
57 218
57 275
57 368
57 402
57 480
57 593
57 596
57 665
57 667
57 729
57 734
57 741
57 780
58 61
58 206
58 387
58 413
58 521
58 592
58 749
58 756
59 208
59 218
59 239
59 254
59 258
59 270
59 286
59 318
59 332
59 355
59 386
59 540
59 603
59 605
59 744
59 762
59 794
60 105
60 126
60 341
60 415
60 461
60 478
60 505
60 543
60 567
60 570
60 618
60 629
60 664
60 712
60 741
61 96
61 122
61 158
61 271
61 339
61 367
61 426
61 469
61 540
61 585
61 621
61 695
61 696
62 131
62 149
62 183
62 230
62 324
62 360
62 378
62 395
62 442
62 451
62 478
62 604
62 606
62 616
62 785
63 103
63 128
63 163
63 212
63 268
63 276
63 288
63 381
63 479
63 488
63 513
63 571
63 607
63 746
63 784
63 797
64 70
64 78
64 108
64 136
64 152
64 168
64 182
64 235
64 259
64 285
64 329
64 444
64 460
64 529
64 601
64 622
64 747
65 110
65 140
65 158
65 171
65 181
65 227
65 399
65 431
65 468
65 500
65 501
65 560
65 760
65 797
65 798
66 79
66 96
66 124
66 141
66 245
66 285
66 288
66 297
66 345
66 386
66 395
66 422
66 531
66 653
66 673
66 681
66 687
66 700
66 702
66 746
66 780
67 194
67 252
67 273
67 287
67 323
67 612
67 630
67 733
67 738
67 784
67 790
68 178
68 184
68 201
68 246
68 369
68 393
68 455
68 483
68 523
68 566
68 602
68 615
68 791
69 86
69 104
69 221
69 234
69 254
69 293
69 310
69 320
69 408
69 418
69 447
69 467
69 503
69 649
69 692
69 712
69 716
69 734
69 757
70 121
70 132
70 170
70 228
70 246
70 253
70 256
70 512
70 515
70 527
70 603
70 644
70 664
70 744
70 750
71 96
71 113
71 131
71 188
71 257
71 268
71 293
71 299
71 332
71 336
71 431
71 501
71 525
71 538
71 687
71 758
72 200
72 265
72 363
72 390
72 444
72 466
72 476
72 532
72 631
72 670
72 672
72 717
72 724
72 785
73 79
73 83
73 128
73 137
73 189
73 197
73 261
73 299
73 319
73 400
73 417
73 434
73 476
73 508
73 520
73 528
73 702
73 780
74 112
74 162
74 179
74 203
74 226
74 235
74 252
74 401
74 473
74 526
74 540
74 564
74 600
74 617
74 706
74 720
74 776
75 83
75 129
75 144
75 158
75 179
75 193
75 281
75 314
75 320
75 423
75 469
75 745
75 757
75 784
75 798
76 101
76 146
76 159
76 289
76 297
76 335
76 336
76 417
76 437
76 457
76 573
76 691
76 713
76 731
76 790
77 81
77 96
77 133
77 148
77 190
77 209
77 242
77 257
77 281
77 329
77 357
77 384
77 397
77 407
77 614
77 674
77 691
77 726
77 766
78 110
78 111
78 171
78 209
78 251
78 286
78 301
78 314
78 434
78 449
78 452
78 543
78 587
78 648
79 106
79 172
79 186
79 221
79 239
79 243
79 368
79 420
79 425
79 529
79 542
79 549
79 554
79 647
79 670
79 686
80 83
80 107
80 174
80 193
80 241
80 299
80 308
80 315
80 334
80 498
80 554
80 558
80 721
80 727
80 735
80 742
81 106
81 159
81 162
81 166
81 237
81 301
81 363
81 433
81 497
81 542
81 579
81 591
81 596
81 631
81 649
81 703
81 716
81 717
81 744
81 799
82 117
82 134
82 195
82 232
82 441
82 552
82 570
82 576
82 605
82 613
82 674
82 729
82 732
82 765
83 111
83 147
83 177
83 194
83 209
83 270
83 286
83 302
83 367
83 369
83 404
83 518
83 566
83 631
83 645
83 649
83 682
84 98
84 112
84 151
84 222
84 336
84 433
84 438
84 460
84 540
84 562
84 563
84 628
84 712
84 787
84 788
85 117
85 121
85 148
85 204
85 208
85 273
85 356
85 362
85 381
85 503
85 510
85 514
85 570
85 619
85 650
85 681
85 737
86 122
86 139
86 150
86 176
86 181
86 275
86 277
86 339
86 386
86 468
86 478
86 484
86 564
86 621
86 625
86 697
87 92
87 128
87 246
87 247
87 322
87 349
87 369
87 389
87 446
87 447
87 533
87 613
87 626
87 629
87 644
87 653
87 658
88 155
88 172
88 174
88 184
88 250
88 334
88 339
88 435
88 469
88 502
88 507
88 593
88 624
88 682
88 759
89 170
89 248
89 256
89 370
89 372
89 451
89 454
89 638
89 653
89 677
89 713
89 763
89 766
90 116
90 197
90 289
90 322
90 372
90 385
90 532
90 535
90 592
90 655
90 707
90 733
90 777
91 142
91 258
91 627
91 630
91 657
91 664
91 666
91 706
91 779
91 782
91 788
92 126
92 246
92 249
92 311
92 340
92 429
92 524
92 629
92 635
92 643
92 667
92 704
92 737
92 755
92 767
92 793
92 797
93 134
93 282
93 347
93 350
93 382
93 410
93 608
93 634
93 713
93 722
93 729
94 122
94 127
94 136
94 268
94 320
94 335
94 515
94 570
95 130
95 206
95 243
95 250
95 374
95 504
95 628
95 641
95 654
96 111
96 118
96 122
96 174
96 323
96 339
96 376
96 435
96 448
96 450
96 514
96 606
96 640
96 647
96 677
96 715
96 735
97 181
97 191
97 192
97 280
97 291
97 308
97 345
97 405
97 437
97 455
97 460
97 600
97 622
97 641
98 189
98 264
98 366
98 433
98 479
98 521
98 600
98 615
98 725
98 734
98 756
99 114
99 132
99 146
99 153
99 174
99 183
99 244
99 357
99 383
99 423
99 509
99 565
99 596
99 615
99 655
99 668
99 678
99 709
99 750
99 782
100 124
100 199
100 217
100 234
100 257
100 258
100 298
100 320
100 336
100 396
100 433
100 449
100 495
100 525
100 533
100 574
100 586
100 611
100 692
100 751
101 127
101 146
101 159
101 342
101 376
101 404
101 476
101 518
101 586
101 626
101 723
101 736
102 106
102 194
102 218
102 257
102 270
102 301
102 315
102 319
102 348
102 428
102 572
102 576
102 665
102 762
102 786
103 127
103 132
103 161
103 162
103 177
103 231
103 242
103 277
103 297
103 390
103 476
103 552
103 561
103 593
103 594
103 597
103 639
103 661
103 702
103 708
103 789
104 154
104 193
104 238
104 255
104 312
104 349
104 365
104 387
104 406
104 413
104 474
104 570
104 681
104 747
104 755
104 780
105 145
105 308
105 356
105 411
105 448
105 599
105 607
105 674
105 762
106 135
106 167
106 208
106 245
106 247
106 254
106 257
106 266
106 326
106 345
106 477
106 502
106 530
106 555
106 601
106 623
106 691
106 716
106 787
107 136
107 195
107 245
107 282
107 345
107 376
107 406
107 437
107 485
107 579
107 589
107 607
107 678
107 692
108 128
108 255
108 359
108 416
108 452
108 467
108 486
108 499
108 557
108 684
108 686
108 704
108 750
109 189
109 211
109 284
109 374
109 401
109 459
109 471
109 481
109 546
109 559
109 564
109 569
109 612
109 633
109 708
109 769
109 791
109 797
110 153
110 226
110 243
110 266
110 301
110 371
110 439
110 445
110 464
110 473
110 475
110 479
110 583
110 584
110 613
110 631
110 642
110 652
110 654
110 657
110 675
110 737
111 141
111 253
111 333
111 334
111 407
111 421
111 436
111 439
111 573
111 590
111 628
111 635
111 650
111 722
112 116
112 170
112 244
112 254
112 498
112 630
112 753
113 242
113 301
113 370
113 468
113 478
113 502
113 536
113 777
114 148
114 151
114 161
114 175
114 238
114 266
114 315
114 336
114 499
114 629
114 755
114 764
114 790
115 174
115 179
115 281
115 363
115 454
115 668
115 701
115 799
116 130
116 178
116 238
116 300
116 328
116 346
116 415
116 585
116 652
116 658
116 690
117 128
117 329
117 404
117 406
117 513
117 555
117 567
117 634
117 689
117 786
118 133
118 159
118 179
118 230
118 248
118 326
118 334
118 393
118 469
118 492
118 535
118 610
118 713
118 732
118 737
118 761
118 769
118 780
119 190
119 196
119 300
119 333
119 339
119 355
119 359
119 380
119 410
119 434
119 500
119 525
119 532
119 612
119 773
120 194
120 320
120 421
120 435
120 473
120 503
120 524
120 586
120 611
120 654
120 746
120 786
120 799
121 151
121 177
121 249
121 326
121 351
121 365
121 438
121 440
121 549
121 579
121 606
121 708
121 727
121 732
121 761
122 124
122 157
122 222
122 245
122 270
122 410
122 455
122 500
122 582
122 642
122 736
122 747
122 750
122 788
123 136
123 169
123 206
123 287
123 307
123 329
123 333
123 399
123 422
123 468
123 548
123 588
123 738
123 757
123 774
123 778
124 179
124 181
124 197
124 304
124 346
124 401
124 482
124 494
124 535
124 607
124 698
124 731
125 194
125 291
125 321
125 336
125 436
125 497
125 532
125 568
125 644
125 679
125 698
126 143
126 155
126 157
126 159
126 163
126 228
126 231
126 236
126 294
126 426
126 450
126 525
126 576
126 599
126 670
126 776
127 176
127 209
127 291
127 364
127 444
127 489
127 557
127 616
127 642
127 669
127 709
127 770
128 196
128 216
128 309
128 360
128 433
128 566
128 724
129 264
129 276
129 299
129 332
129 340
129 366
129 391
129 413
129 435
129 441
129 586
129 594
129 595
129 714
129 739
129 790
130 204
130 224
130 282
130 317
130 327
130 392
130 484
130 485
130 520
130 525
130 536
130 555
130 572
130 736
130 794
131 196
131 238
131 242
131 273
131 335
131 340
131 346
131 579
131 646
132 139
132 206
132 209
132 214
132 215
132 335
132 380
132 396
132 452
132 501
132 519
132 520
132 529
132 562
132 586
132 594
132 639
132 655
132 659
132 718
133 461
133 466
133 548
133 554
133 607
133 637
133 652
133 676
133 784
134 280
134 303
134 307
134 322
134 327
134 358
134 366
134 514
134 531
134 547
134 607
134 620
134 638
134 639
134 704
134 758
134 769
135 342
135 344
135 347
135 357
135 439
135 473
135 547
135 585
135 589
135 638
135 651
135 670
136 144
136 282
136 362
136 458
136 505
136 583
136 627
136 637
136 638
136 658
137 159
137 251
137 348
137 360
137 475
137 476
137 485
137 524
137 699
137 763
138 170
138 176
138 269
138 281
138 309
138 387
138 400
138 542
138 551
138 639
138 681
138 692
138 721
138 767
138 775
139 223
139 240
139 244
139 360
139 364
139 430
139 445
139 558
139 567
139 582
139 617
139 622
139 742
139 784
140 269
140 331
140 394
140 445
140 447
140 450
140 462
140 486
140 488
140 554
140 610
140 643
140 679
140 725
140 744
140 760
140 782
141 201
141 246
141 341
141 359
141 379
141 386
141 456
141 488
141 501
141 594
141 603
141 620
141 740
141 794
142 151
142 177
142 190
142 289
142 351
142 357
142 431
142 446
142 472
142 497
142 595
142 630
142 654
142 661
142 688
142 701
142 785
142 796
143 175
143 231
143 258
143 267
143 399
143 403
143 409
143 452
143 467
143 535
143 545
143 627
143 635
143 687
143 720
143 724
144 299
144 306
144 313
144 350
144 425
144 480
144 635
144 690
144 708
144 767
145 161
145 166
145 172
145 195
145 236
145 359
145 418
145 430
145 479
145 501
145 515
145 564
145 569
145 593
145 594
145 595
145 599
145 604
145 638
145 725
145 734
145 775
145 796
146 366
146 457
146 534
146 565
146 655
146 656
146 673
146 734
146 761
146 772
147 223
147 505
147 585
147 644
147 701
147 755
147 767
147 795
148 152
148 239
148 388
148 446
148 454
148 499
148 584
148 622
148 723
148 792
148 798
149 208
149 234
149 288
149 305
149 316
149 326
149 354
149 576
149 664
149 706
149 784
149 786
150 207
150 267
150 385
150 411
150 434
150 446
150 530
150 545
150 617
150 618
150 680
151 169
151 195
151 204
151 255
151 256
151 268
151 344
151 486
151 508
151 533
151 540
151 607
151 632
151 648
151 701
151 728
151 762
151 784
152 160
152 174
152 178
152 184
152 281
152 285
152 327
152 480
152 533
152 547
152 610
152 747
152 794
153 238
153 310
153 379
153 397
153 457
153 502
153 524
153 546
153 547
153 613
153 726
154 195
154 206
154 283
154 335
154 428
154 504
154 514
154 629
154 717
154 736
154 788
154 799
155 285
155 293
155 333
155 380
155 384
155 406
155 454
155 479
155 520
155 535
155 544
155 642
155 651
155 688
155 727
155 765
156 191
156 246
156 300
156 346
156 389
156 419
156 430
156 461
156 535
156 573
156 585
156 599
156 603
156 706
157 258
157 309
157 320
157 360
157 421
157 424
157 448
157 532
157 595
157 623
157 631
157 669
157 675
157 760
157 788
158 203
158 302
158 326
158 402
158 418
158 509
158 600
158 640
158 692
158 750
159 207
159 252
159 287
159 325
159 361
159 510
159 529
159 553
159 605
159 618
159 623
159 634
159 684
160 167
160 207
160 232
160 330
160 413
160 517
160 595
160 658
160 682
161 177
161 201
161 208
161 232
161 245
161 287
161 389
161 393
161 407
161 426
161 453
161 467
161 506
161 508
161 672
161 681
162 170
162 198
162 256
162 294
162 386
162 445
162 496
162 561
162 608
162 652
162 686
162 762
163 248
163 344
163 453
163 471
163 547
163 561
163 636
163 688
163 776
164 189
164 193
164 259
164 336
164 389
164 409
164 451
164 454
164 471
164 473
164 575
164 705
164 719
165 187
165 263
165 282
165 300
165 362
165 484
165 486
165 551
165 559
165 610
165 700
165 712
165 735
165 765
166 213
166 268
166 338
166 355
166 458
166 587
166 598
166 647
166 653
166 678
166 699
166 701
166 739
166 759
166 790
167 178
167 197
167 209
167 235
167 293
167 388
167 440
167 481
167 519
167 531
167 582
167 597
167 603
167 714
167 748
168 264
168 287
168 295
168 395
168 433
168 445
168 456
168 527
168 549
168 562
168 634
168 648
168 657
168 704
168 725
169 194
169 245
169 282
169 293
169 421
169 426
169 441
169 464
169 485
169 533
169 604
169 663
169 671
169 677
169 692
169 709
169 724
170 208
170 237
170 344
170 389
170 405
170 475
170 513
170 534
170 551
170 572
170 589
170 649
170 663
170 754
170 784
171 191
171 223
171 225
171 228
171 304
171 355
171 381
171 386
171 505
171 546
171 566
171 657
171 784
172 177
172 212
172 255
172 337
172 415
172 464
172 486
172 522
172 571
172 680
172 689
172 736
172 770
172 779
173 204
173 311
173 314
173 317
173 357
173 410
173 450
173 464
173 625
173 674
173 703
173 706
173 732
173 756
174 216
174 228
174 268
174 344
174 434
174 480
174 496
174 538
174 602
174 630
174 635
174 658
174 671
175 266
175 318
175 344
175 538
175 555
175 575
175 642
175 678
175 787
176 177
176 185
176 205
176 333
176 379
176 425
176 487
176 512
176 624
176 626
176 679
176 733
177 235
177 310
177 359
177 442
177 583
177 690
177 758
178 196
178 206
178 310
178 334
178 447
178 507
178 545
178 555
178 590
178 621
178 641
178 758
179 202
179 233
179 268
179 335
179 374
179 491
179 527
179 590
179 645
179 661
179 679
179 728
180 216
180 239
180 269
180 274
180 325
180 410
180 506
180 605
180 625
180 639
180 673
180 752
180 754
181 279
181 319
181 340
181 360
181 398
181 423
181 443
181 604
181 725
181 787
182 213
182 226
182 336
182 354
182 412
182 510
182 565
182 597
182 599
182 623
182 624
182 653
182 763
183 248
183 303
183 306
183 341
183 349
183 409
183 426
183 437
183 540
183 551
183 589
183 611
183 614
183 640
183 658
183 664
183 750
183 789
184 189
184 258
184 274
184 323
184 428
184 433
184 449
184 451
184 467
184 518
184 546
184 585
184 599
184 607
184 625
184 686
184 711
185 287
185 310
185 338
185 372
185 401
185 412
185 496
185 527
185 555
185 566
185 582
185 619
185 748
185 786
186 251
186 269
186 271
186 444
186 454
186 465
186 477
186 552
186 595
186 680
186 706
186 714
187 267
187 327
187 351
187 364
187 386
187 427
187 462
187 490
187 539
187 563
187 728
187 750
187 781
188 263
188 279
188 316
188 326
188 351
188 353
188 368
188 372
188 393
188 476
188 548
188 553
188 570
188 607
188 649
188 667
188 750
189 194
189 231
189 249
189 262
189 289
189 317
189 453
189 479
189 484
189 637
189 666
189 758
189 777
190 222
190 291
190 296
190 322
190 336
190 406
190 718
190 787
191 226
191 236
191 327
191 467
191 570
191 676
191 758
192 269
192 274
192 286
192 511
192 620
192 720
192 731
193 303
193 378
193 441
193 469
193 498
193 692
193 719
194 308
194 355
194 402
194 403
194 430
194 467
194 508
194 563
194 576
194 591
194 595
194 600
194 630
194 674
195 197
195 343
195 553
195 588
195 612
195 641
195 644
195 717
195 784
196 215
196 231
196 306
196 367
196 372
196 486
196 492
196 521
196 532
196 542
196 584
196 637
196 697
196 776
197 207
197 253
197 288
197 385
197 389
197 517
197 548
197 554
197 572
197 677
198 218
198 244
198 275
198 360
198 383
198 503
199 295
199 297
199 323
199 343
199 407
199 516
199 569
199 597
199 639
199 774
200 241
200 255
200 282
200 290
200 305
200 351
200 408
200 516
200 550
200 644
200 648
200 741
200 749
201 205
201 208
201 225
201 259
201 295
201 386
201 393
201 402
201 527
201 545
201 629
201 670
201 682
201 723
201 739
201 799
202 230
202 238
202 342
202 450
202 457
202 487
202 488
202 511
202 518
202 556
202 574
202 610
202 722
202 735
202 742
203 261
203 384
203 418
203 422
203 443
203 458
203 562
203 571
203 643
203 654
203 723
204 284
204 405
204 414
204 535
204 566
205 225
205 278
205 306
205 321
205 471
205 579
205 741
205 754
205 756
206 278
206 321
206 340
206 362
206 401
206 413
206 417
206 443
206 466
206 519
206 529
206 530
206 556
206 640
206 645
206 659
206 775
206 786
207 292
207 304
207 367
207 379
207 408
207 428
207 506
207 623
208 253
208 384
208 427
208 458
208 465
208 470
208 652
208 654
208 698
208 710
208 752
208 754
208 770
209 251
209 328
209 366
209 382
209 416
209 432
209 523
209 623
209 712
209 724
209 763
209 785
210 254
210 299
210 307
210 364
210 385
210 421
210 426
210 454
210 467
210 480
210 497
210 591
210 646
210 691
210 742
210 771
211 214
211 229
211 280
211 289
211 333
211 349
211 372
211 382
211 410
211 425
211 485
211 546
211 567
211 583
211 623
212 240
212 287
212 304
212 394
212 407
212 432
212 468
212 470
212 539
212 575
212 683
212 720
213 229
213 230
213 247
213 346
213 396
213 472
213 543
213 600
213 611
213 643
213 652
214 254
214 273
214 313
214 329
214 362
214 400
214 478
214 564
214 722
215 277
215 323
215 366
215 374
215 383
215 404
215 420
215 442
215 463
215 475
215 526
215 615
215 624
215 732
215 772
215 781
216 377
216 380
216 401
216 506
216 545
216 607
216 610
216 775
217 221
217 274
217 363
217 367
217 429
217 507
217 538
217 683
217 750
217 756
217 794
217 797
218 233
218 288
218 292
218 357
218 367
218 475
218 490
218 526
218 536
218 559
218 589
218 626
218 709
218 710
218 729
219 245
219 474
219 500
219 618
219 705
219 707
219 720
219 726
219 771
220 223
220 278
220 286
220 295
220 405
220 408
220 436
220 450
220 522
220 551
220 601
220 642
220 738
220 793
221 267
221 300
221 324
221 445
221 514
221 599
221 605
221 648
221 673
221 699
221 716
222 275
222 289
222 415
222 423
222 433
222 458
222 508
222 592
222 595
222 618
222 711
222 772
223 246
223 309
223 370
223 385
223 692
223 770
223 795
224 233
224 275
224 276
224 282
224 351
224 361
224 467
224 499
224 572
224 594
224 610
224 637
224 651
224 665
224 733
225 289
225 316
225 352
225 383
225 387
225 461
225 516
225 616
225 621
225 628
225 658
225 691
225 717
225 722
225 726
225 786
225 791
225 793
226 250
226 271
226 286
226 312
226 324
226 385
226 512
226 549
226 558
226 621
226 649
226 726
226 755
226 775
226 795
227 295
227 369
227 395
227 487
227 496
227 551
227 574
227 679
227 690
227 692
227 739
228 308
228 316
228 352
228 414
228 422
228 473
228 659
228 698
228 786
229 255
229 296
229 312
229 351
229 359
229 458
229 461
229 464
229 473
229 549
229 612
229 705
229 713
229 721
229 782
229 788
230 337
230 353
230 379
230 431
230 470
230 539
230 630
230 698
230 707
230 714
230 775
230 779
231 253
231 256
231 289
231 310
231 384
231 406
231 454
231 467
231 486
231 537
231 541
231 583
231 600
231 640
231 662
231 796
232 248
232 306
232 380
232 414
232 440
232 533
232 666
233 316
233 350
233 360
233 401
233 439
233 475
233 494
233 523
233 530
233 560
233 612
233 655
233 722
234 256
234 265
234 269
234 403
234 410
234 413
234 471
234 625
234 716
234 782
235 300
235 305
235 451
235 470
235 503
235 526
235 754
235 799
236 260
236 318
236 350
236 402
236 451
236 478
236 482
236 516
236 569
236 628
236 636
236 647
236 715
236 756
236 778
237 257
237 290
237 309
237 318
237 454
237 483
237 488
237 514
237 542
237 544
237 555
237 570
237 689
237 695
237 719
237 766
238 328
238 345
238 409
238 506
238 514
238 543
238 575
238 636
238 689
238 737
238 754
239 315
239 370
239 406
239 610
239 622
239 636
239 661
239 666
239 685
239 708
239 778
239 789
239 798
240 243
240 283
240 307
240 331
240 378
240 386
240 566
240 622
240 639
240 643
240 673
240 684
240 774
240 780
240 785
240 794
241 249
241 263
241 315
241 340
241 508
241 632
241 649
241 676
242 255
242 261
242 264
242 320
242 366
242 398
242 489
242 622
242 670
242 679
242 738
243 246
243 262
243 322
243 366
243 390
243 641
243 652
243 758
243 784
244 261
244 284
244 405
244 515
244 539
245 302
245 570
245 672
245 686
245 688
245 775
246 272
246 290
246 294
246 501
246 529
246 544
246 565
246 671
246 689
246 716
246 750
246 767
247 250
247 281
247 303
247 312
247 383
247 400
247 421
247 478
247 513
247 536
247 546
247 590
247 591
247 594
247 663
247 668
247 743
247 796
248 272
248 298
248 322
248 379
248 440
248 453
248 456
248 479
248 514
248 540
248 558
248 587
248 637
248 646
248 692
248 751
248 799
249 272
249 314
249 383
249 565
249 588
249 610
249 688
249 771
249 777
250 355
250 449
250 457
250 471
250 524
250 569
250 638
250 654
250 689
250 728
250 777
251 263
251 300
251 339
251 443
251 581
251 588
251 654
251 686
251 751
252 267
252 317
252 323
252 349
252 382
252 390
252 437
252 486
252 551
252 578
252 583
253 262
253 301
253 338
253 353
253 531
253 543
253 662
253 734
253 748
254 278
254 290
254 316
254 347
254 374
254 375
254 398
254 415
254 427
254 502
254 503
254 509
254 566
254 625
254 636
254 704
254 716
254 717
255 267
255 499
255 501
255 626
255 707
255 713
255 781
255 787
256 274
256 315
256 336
256 361
256 421
256 526
256 587
256 617
256 675
257 302
257 314
257 370
257 389
257 447
257 518
257 584
257 701
257 725
257 736
258 314
258 447
258 456
258 488
258 497
258 498
258 511
258 535
258 579
258 582
258 690
258 731
258 750
259 290
259 317
259 340
259 421
259 445
259 472
259 564
259 664
259 696
259 788
260 279
260 285
260 470
260 487
260 517
260 531
260 553
260 610
260 635
260 687
260 743
260 751
261 283
261 329
261 389
261 460
261 474
261 506
261 556
261 656
262 284
262 300
262 348
262 390
262 487
262 576
262 583
262 607
262 610
262 618
262 637
262 654
262 658
262 662
262 777
263 283
263 347
263 357
263 368
263 415
263 525
263 536
263 621
263 719
263 775
263 779
264 275
264 305
264 309
264 340
264 347
264 395
264 422
264 457
264 466
264 493
264 527
264 562
264 621
264 664
264 671
264 693
264 752
264 778
265 339
265 446
265 456
265 467
265 474
265 489
265 511
265 521
265 658
266 406
266 408
266 475
266 506
266 518
266 530
266 542
266 723
266 724
266 747
267 434
267 595
267 598
267 682
267 711
268 309
268 310
268 323
268 344
268 474
268 477
268 562
268 610
268 621
268 650
268 706
269 309
269 315
269 318
269 327
269 413
269 473
269 559
269 625
269 664
269 676
269 693
270 323
270 397
270 418
270 496
270 528
270 584
270 671
270 705
271 308
271 312
271 320
271 352
271 393
271 431
271 447
271 462
271 510
271 569
271 612
271 676
271 737
271 739
271 772
272 292
272 297
272 315
272 330
272 335
272 376
272 404
272 434
272 457
272 522
272 556
272 647
272 657
272 707
273 542
273 552
273 565
274 295
274 304
274 364
274 380
274 406
274 431
274 478
274 528
274 549
274 573
274 581
274 628
274 642
274 656
274 685
275 294
275 334
275 337
275 467
275 469
275 482
275 592
275 679
275 709
276 288
276 321
276 337
276 358
276 422
276 459
276 484
276 489
276 637
276 646
276 731
277 298
277 301
277 338
277 387
277 394
277 420
277 429
277 444
277 537
277 540
277 580
277 585
277 641
277 656
277 679
277 737
278 300
278 430
278 517
278 550
278 580
278 644
278 674
278 735
278 767
278 784
279 352
279 354
279 385
279 489
279 491
279 589
279 633
279 796
280 322
280 334
280 358
280 393
280 394
280 395
280 400
280 402
280 417
280 424
280 450
280 479
280 624
280 693
280 719
281 359
281 454
281 473
281 511
281 686
281 709
281 789
282 296
282 307
282 405
282 418
282 444
282 508
282 567
282 601
282 634
282 637
282 703
282 722
282 744
282 767
283 314
283 434
283 525
283 620
283 660
283 686
283 695
283 701
283 788
284 367
284 489
284 629
284 635
284 677
284 714
284 737
285 286
285 345
285 372
285 400
285 412
285 463
285 476
285 525
285 535
285 558
285 578
285 683
285 748
286 294
286 313
286 398
286 468
286 573
286 627
287 334
287 357
287 362
287 528
287 600
287 609
287 732
287 756
287 771
288 294
288 338
288 345
288 353
288 369
288 559
288 578
288 644
288 655
288 657
289 374
289 422
289 445
289 463
289 473
289 479
289 488
289 543
289 551
289 590
289 620
289 641
289 675
289 699
290 299
290 307
290 353
290 402
290 411
290 451
290 523
290 619
290 623
291 395
291 477
291 517
291 561
291 600
291 629
291 698
291 707
291 754
292 319
292 346
292 366
292 370
292 393
292 413
292 613
293 388
293 389
293 433
293 436
293 463
293 477
293 507
293 549
293 567
293 610
293 632
293 678
293 700
293 720
293 764
293 768
294 337
294 436
294 442
294 578
294 598
294 630
294 741
294 788
295 396
295 446
295 525
295 613
295 680
295 691
295 701
295 721
295 759
296 345
296 382
296 608
296 640
296 710
296 753
296 774
297 318
297 367
297 618
297 647
297 678
297 798
298 300
298 363
298 530
298 748
299 302
299 387
299 522
299 601
299 602
299 670
299 672
299 685
300 402
300 405
300 444
300 639
300 654
300 692
300 745
300 763
300 771
300 772
301 323
301 326
301 349
301 368
301 370
301 444
301 491
301 521
301 524
301 547
301 678
301 719
301 795
302 316
302 340
302 422
302 459
302 499
302 505
302 533
302 556
302 578
302 590
302 667
302 688
302 711
302 723
302 787
303 364
303 398
303 440
303 444
303 461
303 469
303 489
303 504
303 507
303 589
303 593
303 632
303 781
304 464
304 526
304 553
304 560
304 598
304 620
304 622
304 644
304 762
304 770
304 793
305 362
305 376
305 424
305 515
305 546
305 611
305 644
305 648
305 784
305 793
306 389
306 476
306 591
306 651
306 704
306 753
307 334
307 445
307 640
307 707
307 763
307 777
308 332
308 430
308 465
308 480
308 531
308 690
308 731
308 754
309 318
309 320
309 499
309 505
309 517
309 602
309 637
309 658
309 693
309 706
309 712
309 769
310 365
310 385
310 401
310 442
310 461
310 478
310 643
310 711
310 731
311 391
311 460
311 499
311 530
311 617
311 632
311 677
311 683
311 694
312 384
312 450
312 529
312 760
312 787
313 334
313 405
313 490
313 504
313 568
313 575
313 659
313 681
313 734
313 767
314 450
314 572
314 631
314 725
315 449
315 542
315 603
315 659
315 744
315 764
316 342
316 369
316 392
316 407
316 446
316 529
316 537
316 588
316 728
317 464
317 545
317 558
317 566
317 574
317 583
317 612
317 613
317 617
317 657
317 678
317 698
318 336
318 346
318 349
318 392
318 476
318 559
318 685
318 740
319 434
319 477
319 529
319 748
319 750
319 757
319 795
320 379
320 408
320 427
320 443
320 454
320 455
320 511
320 554
320 654
320 683
320 698
321 349
321 410
321 418
321 506
321 558
321 639
321 655
321 751
321 770
322 364
322 608
322 686
323 338
323 489
323 512
323 539
323 575
323 651
323 662
323 669
323 692
323 716
323 764
324 337
324 388
324 413
324 458
324 495
324 517
324 521
324 571
324 609
324 745
325 349
325 372
325 388
325 394
325 485
325 520
325 522
325 667
325 719
326 486
326 496
326 497
326 518
326 565
326 644
326 670
326 681
326 687
326 774
326 786
327 480
327 501
327 615
327 665
328 379
328 510
328 524
328 560
328 695
328 698
329 358
329 497
329 564
329 613
329 663
329 728
329 750
330 376
330 463
330 492
330 493
330 617
330 716
330 730
330 785
331 400
331 441
331 477
331 535
331 597
331 602
331 612
332 347
332 354
332 402
332 493
332 500
332 512
332 556
332 634
332 659
332 670
332 686
332 705
332 758
333 349
333 417
333 455
333 465
333 473
333 488
333 516
333 522
333 535
333 546
333 719
333 721
333 738
334 343
334 409
334 410
334 525
334 642
334 672
334 684
334 689
334 690
335 347
335 508
335 527
335 557
335 594
335 660
335 696
335 775
336 351
336 399
336 413
336 437
336 476
336 479
336 497
336 665
336 675
336 750
336 764
336 790
337 390
337 402
337 425
337 431
337 471
337 514
337 548
337 562
337 592
337 681
337 711
337 759
338 341
338 346
338 396
338 398
338 417
338 476
338 481
338 604
338 629
338 665
338 754
338 779
339 478
339 501
339 565
339 638
339 718
339 720
340 370
340 462
340 477
340 484
340 607
340 663
340 672
340 759
341 378
341 393
341 416
341 482
341 502
341 508
341 589
341 616
341 645
341 649
341 705
341 783
342 376
342 384
342 424
342 426
342 436
342 455
342 489
342 542
342 612
342 644
343 365
343 385
343 461
343 546
343 569
343 659
343 765
343 781
344 424
344 441
344 459
344 512
344 518
344 559
344 588
344 607
344 614
344 615
344 693
344 704
344 712
344 717
344 783
345 409
345 412
345 439
345 522
345 534
345 540
345 567
345 586
345 677
346 374
346 377
346 408
346 454
346 570
346 577
346 589
346 590
346 621
346 625
346 654
346 695
346 696
346 747
346 782
347 351
347 352
347 383
347 403
347 408
347 418
347 430
347 468
347 628
347 640
347 681
347 722
347 750
348 361
348 402
348 553
348 710
348 721
348 775
348 792
349 369
349 392
349 430
349 555
349 575
349 622
349 649
349 663
349 778
350 383
350 404
350 465
350 502
350 528
350 548
350 576
350 610
350 614
350 653
350 679
350 714
350 725
350 732
350 765
351 389
351 423
351 547
351 640
351 663
351 676
351 766
352 380
352 421
352 576
352 652
352 679
352 797
353 445
353 539
353 620
353 651
353 774
354 358
354 371
354 375
354 382
354 403
354 448
354 517
354 554
354 591
354 645
354 709
354 714
354 723
354 782
354 797
355 408
355 436
355 502
355 536
355 629
355 655
355 688
355 689
355 717
356 425
356 540
356 697
356 704
356 743
356 793
356 794
357 359
357 372
357 422
357 510
357 546
357 565
357 591
357 627
357 629
357 655
357 670
357 712
358 513
358 592
358 603
358 662
358 673
358 733
358 735
358 745
358 796
359 366
359 466
359 483
359 622
359 629
359 661
359 673
359 717
360 396
360 397
360 513
360 648
360 670
360 690
360 715
360 739
360 741
361 442
361 484
361 492
361 627
361 628
361 636
361 642
361 747
362 386
362 448
362 614
362 757
363 365
363 389
363 471
363 515
363 518
363 572
363 591
363 633
363 698
363 735
364 387
364 412
364 414
364 551
364 567
364 616
364 640
364 727
364 773
364 774
365 377
365 422
365 442
365 457
365 498
365 522
365 565
365 651
365 681
365 699
365 742
365 760
365 769
366 405
366 406
366 465
366 477
366 506
366 541
366 577
366 686
366 705
367 372
367 380
367 472
367 483
367 520
367 538
367 623
367 632
367 663
367 733
367 761
368 421
368 630
368 662
368 664
369 420
369 513
369 525
369 617
369 642
370 408
370 440
370 463
370 478
370 516
370 523
370 527
370 546
370 597
370 632
370 648
370 662
370 690
371 413
371 490
371 571
371 627
371 710
371 715
371 738
371 761
372 376
372 401
372 467
372 539
372 551
372 557
372 561
372 732
372 761
372 779
373 384
373 387
373 437
373 560
373 577
373 676
373 681
374 455
374 546
374 552
374 611
374 748
374 781
375 488
375 521
375 532
375 577
375 631
375 653
375 677
375 742
376 377
376 484
376 487
376 504
376 555
376 557
376 578
376 613
376 668
376 676
376 682
376 724
376 756
376 770
376 783
376 796
376 797
377 413
377 421
377 443
377 626
377 635
377 666
377 686
378 386
378 433
378 478
378 544
378 583
378 636
378 746
378 750
379 512
379 583
379 602
379 616
379 637
379 638
379 654
379 727
379 755
379 786
380 409
380 468
380 477
380 598
380 621
380 628
380 733
381 532
381 544
381 651
381 669
381 692
382 406
382 465
382 483
382 484
382 498
382 507
382 562
382 567
382 572
382 647
382 716
382 770
383 422
383 439
383 507
383 648
383 709
383 760
383 778
384 388
384 661
384 700
384 795
385 388
385 403
385 533
385 634
385 647
385 683
385 741
386 390
386 411
386 551
387 442
387 468
387 477
387 483
387 745
387 772
388 390
388 442
388 444
388 498
388 562
388 743
388 749
388 753
388 784
388 794
389 516
389 541
390 399
390 477
390 561
390 670
390 686
390 799
391 506
391 527
391 578
391 601
391 618
391 704
391 718
392 393
392 419
392 444
392 488
392 509
392 553
392 577
392 591
392 622
392 678
392 719
392 737
392 752
393 397
393 427
393 690
393 692
394 408
394 447
394 512
394 576
394 579
394 580
394 627
394 746
394 760
394 779
395 461
395 462
395 483
395 491
395 498
395 515
395 543
395 602
395 659
395 738
395 745
396 434
396 457
396 503
396 541
396 561
396 574
396 582
396 649
396 701
396 703
396 723
396 748
397 436
397 482
397 496
397 536
397 581
397 582
397 650
397 746
397 752
397 767
398 494
398 537
398 596
398 598
398 655
398 663
398 692
398 710
398 763
399 513
399 562
399 573
399 619
399 720
400 429
400 445
400 489
400 561
400 595
400 634
400 657
400 668
400 729
400 789
401 419
401 479
401 489
401 614
401 618
401 638
401 660
401 665
401 724
401 788
402 405
402 407
402 438
402 532
403 469
403 491
403 492
403 521
403 537
403 543
403 603
403 611
403 643
403 668
403 671
403 675
403 703
403 750
403 783
404 516
404 700
404 764
405 437
405 510
405 520
405 566
405 788
406 468
406 505
406 576
406 616
406 633
406 675
406 716
406 739
407 410
407 421
407 457
407 462
407 472
407 505
407 585
407 613
407 671
407 688
408 474
408 533
408 543
408 593
408 614
408 682
408 730
409 453
409 475
409 494
409 607
409 662
409 680
409 693
409 694
410 446
410 548
410 661
410 674
410 726
410 740
410 770
411 572
411 632
411 660
412 429
412 490
412 543
412 551
412 571
412 602
412 622
412 645
412 669
412 735
413 479
413 481
413 614
413 648
413 668
413 700
413 704
413 782
414 494
414 613
414 614
414 648
414 667
414 700
414 778
415 428
415 443
415 448
415 466
415 475
415 483
415 492
415 500
415 577
415 659
415 692
415 723
415 755
416 441
416 595
416 608
416 648
417 422
417 459
417 471
417 596
417 719
417 768
417 786
418 434
418 581
418 585
418 678
418 706
418 737
418 780
419 458
419 468
419 470
419 538
419 569
419 570
419 594
419 609
419 637
419 764
420 450
420 551
420 554
420 569
420 594
420 629
420 672
420 724
420 768
420 776
421 493
421 555
421 561
421 683
421 688
421 737
421 769
421 776
422 423
422 549
422 556
422 626
422 676
422 742
423 458
423 491
423 499
423 525
423 625
423 708
423 798
424 425
424 434
424 483
424 523
424 592
424 603
424 627
424 631
424 686
424 798
425 435
425 441
425 522
425 675
425 716
426 450
426 533
426 578
426 590
426 618
426 645
426 689
426 696
426 765
427 439
427 448
427 485
427 502
427 600
427 650
427 668
427 735
427 788
427 796
428 459
428 485
428 504
428 511
428 518
428 653
428 749
428 790
429 483
429 602
429 671
429 676
430 487
430 489
430 664
430 755
431 440
431 445
431 486
431 490
431 544
431 552
431 621
431 655
431 683
431 738
431 745
431 747
432 594
432 644
432 722
432 744
432 752
432 754
432 775
433 436
433 447
433 453
433 477
433 497
433 528
433 577
433 787
433 790
434 441
434 591
434 636
434 645
434 790
435 445
435 496
435 521
435 677
435 687
435 692
435 756
436 460
436 791
437 479
437 553
437 555
437 682
437 690
437 741
438 444
438 542
438 571
438 578
438 639
438 672
438 702
438 712
438 739
439 579
439 715
439 750
439 777
440 520
440 633
440 726
440 734
441 463
441 538
441 556
441 558
441 603
441 626
441 646
441 723
441 727
442 496
442 605
442 717
442 737
443 448
443 491
443 495
443 502
443 550
443 559
443 615
443 676
443 699
443 747
443 786
444 606
444 689
444 691
444 708
445 479
445 489
445 766
446 477
446 481
446 581
446 718
446 732
447 475
447 494
447 561
447 583
447 678
448 466
448 487
448 490
448 538
448 542
448 615
448 670
448 691
448 699
448 715
448 760
449 572
449 755
449 796
450 483
450 496
450 525
450 559
450 681
450 767
451 550
451 567
451 623
451 677
451 727
452 466
452 474
452 477
452 492
452 512
452 554
452 619
452 634
452 748
453 527
453 583
453 619
453 623
453 629
453 730
453 793
454 516
454 520
454 638
454 659
454 669
454 714
454 739
454 777
454 789
455 456
455 583
455 646
455 737
455 740
455 757
455 763
455 774
456 464
456 472
456 507
456 508
456 521
456 545
456 547
456 576
456 635
456 684
457 467
457 486
457 555
457 670
457 682
457 711
457 763
457 784
458 470
458 526
458 531
458 534
458 556
458 632
458 721
458 761
458 780
459 685
459 714
459 758
460 467
460 483
460 508
460 594
460 763
461 503
461 505
461 567
461 592
461 719
461 770
462 488
462 509
462 529
462 551
462 700
462 704
463 485
463 536
463 677
464 514
464 552
464 582
464 585
464 598
464 623
464 631
464 676
464 707
464 735
464 751
464 767
465 634
465 785
466 523
466 631
466 703
466 707
466 740
466 777
467 480
467 546
467 666
467 752
467 776
468 476
468 504
468 512
468 523
468 630
468 660
468 680
468 719
468 796
469 477
469 608
469 646
469 689
469 796
470 480
470 529
470 559
470 565
470 688
470 699
471 479
471 680
471 683
471 719
471 774
472 494
472 553
472 582
472 599
472 690
472 701
472 729
473 498
473 562
473 564
473 573
473 652
473 699
473 760
474 525
474 598
474 611
475 505
475 582
475 607
475 608
475 770
476 519
476 578
476 593
476 677
476 693
476 707
476 708
476 730
476 733
477 481
477 529
477 573
477 613
477 622
477 649
477 683
477 691
477 730
477 743
478 494
478 638
478 658
478 672
479 524
479 562
479 602
479 665
479 701
479 745
479 770
480 507
480 512
480 558
480 571
480 580
480 636
480 665
480 707
481 486
481 567
481 603
481 663
481 701
481 719
481 758
482 515
482 522
482 572
482 689
483 493
483 504
483 530
483 569
483 687
483 705
483 741
483 753
483 757
483 796
484 597
484 673
484 718
484 721
484 765
484 797
485 516
485 541
485 729
485 773
485 777
485 782
486 495
486 534
486 585
486 604
486 615
486 620
486 633
486 725
486 782
487 693
487 752
488 497
488 559
488 607
488 637
488 685
488 694
488 759
488 761
488 794
489 582
489 599
489 648
489 676
489 747
489 757
489 768
490 536
490 547
490 566
490 568
490 578
490 591
490 608
490 614
490 632
490 751
490 785
490 790
491 514
491 573
491 644
491 698
491 705
491 718
491 725
491 741
491 754
492 498
492 504
492 535
492 551
492 574
492 659
492 676
492 717
492 758
493 529
493 636
493 643
493 767
493 768
493 775
494 509
494 669
494 677
494 699
494 781
494 792
495 541
495 601
495 616
495 622
495 733
495 736
495 790
496 513
496 520
496 553
496 564
496 570
496 583
496 610
496 631
496 723
496 742
496 747
496 771
496 776
497 502
497 513
497 514
497 565
497 587
497 620
497 682
497 684
497 718
497 776
499 524
499 546
499 550
499 576
499 646
499 665
499 707
499 760
499 768
499 796
500 503
500 532
500 556
500 634
500 685
500 700
501 595
501 681
501 720
501 737
501 784
502 549
502 551
502 610
502 719
502 754
502 764
503 556
503 659
503 714
504 519
504 608
504 612
504 640
504 671
504 701
504 702
504 753
504 773
505 575
505 795
506 510
506 511
506 606
506 681
506 785
506 791
507 537
507 685
507 689
507 697
507 726
507 745
507 764
508 613
508 631
508 654
508 760
508 793
509 542
509 566
509 597
509 612
509 668
509 716
509 784
510 544
510 602
510 654
510 670
511 516
511 521
511 630
511 713
511 766
511 770
512 591
512 646
512 682
512 693
512 759
513 527
513 557
513 568
513 626
513 717
513 744
513 754
514 528
514 551
514 566
514 569
514 735
514 746
514 799
515 582
515 599
515 636
515 639
515 653
515 682
515 705
515 762
515 776
515 794
516 543
516 657
516 743
517 633
517 648
517 652
517 656
517 701
518 565
518 607
518 638
518 716
518 784
519 556
519 669
519 742
519 758
519 781
520 646
520 670
520 684
520 708
520 724
520 765
521 559
521 562
521 594
521 734
522 586
522 604
522 787
522 794
523 534
523 594
523 606
524 574
524 599
524 677
524 729
524 745
524 767
525 552
525 571
525 572
525 668
525 690
525 799
526 596
526 619
526 628
526 645
526 650
526 678
526 686
526 716
526 772
527 569
527 596
527 671
527 744
527 756
527 773
527 776
527 777
527 787
528 604
528 616
528 693
528 698
528 721
529 550
529 578
529 641
529 648
529 666
529 747
529 768
530 546
530 551
530 596
530 608
530 659
530 742
530 766
530 768
530 786
531 582
531 601
531 628
531 644
531 702
531 746
531 752
531 767
531 785
532 649
532 684
532 742
533 553
533 598
533 644
533 650
533 688
533 712
533 755
533 783
534 566
534 571
534 600
534 623
534 700
534 712
535 560
535 584
535 614
535 669
535 674
535 706
535 708
535 752
535 780
535 799
536 574
536 593
536 656
537 584
537 656
538 578
538 579
538 590
538 618
538 689
539 743
540 680
540 713
540 793
541 550
541 570
541 638
541 706
541 779
541 791
542 591
542 611
542 679
542 732
542 788
544 596
544 634
544 651
544 666
544 689
544 771
545 590
545 705
545 709
545 731
545 799
546 591
546 652
546 681
546 694
546 738
547 613
547 750
548 574
548 607
548 622
548 682
548 708
548 742
548 747
549 599
549 709
550 568
550 577
550 609
550 643
550 723
550 740
550 753
550 762
550 789
551 552
551 563
551 603
551 615
551 662
551 664
551 799
552 696
552 793
553 747
553 773
554 575
554 635
554 658
554 729
554 740
554 743
555 636
555 641
555 689
555 690
555 695
555 785
556 598
556 681
556 720
557 579
557 593
557 597
557 663
557 669
557 709
557 774
558 607
558 627
558 637
558 647
558 722
558 743
558 748
558 755
558 764
558 784
559 654
559 684
559 735
560 576
560 605
560 606
560 636
560 666
560 685
560 748
561 575
561 627
561 709
561 764
561 777
562 584
562 676
562 717
563 567
563 605
563 629
564 582
564 629
564 717
565 568
565 752
566 626
566 732
567 597
567 717
569 714
569 748
570 688
570 740
571 575
571 581
571 640
571 656
571 674
571 710
571 725
571 730
571 732
572 637
573 614
573 713
573 731
573 756
573 757
574 580
574 588
574 650
575 634
575 658
575 701
575 763
576 620
576 662
576 705
577 593
577 595
577 751
578 613
578 631
578 664
578 672
578 762
578 779
578 796
578 798
579 747
579 797
580 586
580 615
580 656
580 693
580 700
580 760
580 785
581 642
581 704
582 635
582 638
582 767
583 695
583 722
583 744
583 751
583 776
584 595
584 602
584 629
584 633
584 702
584 757
584 774
585 621
585 706
585 713
585 756
585 779
586 659
586 688
586 695
586 771
587 675
587 701
587 753
588 652
588 752
588 759
589 606
589 641
589 733
590 603
590 617
590 676
590 745
591 616
591 629
591 662
591 706
591 714
591 783
592 606
592 630
592 674
592 708
593 748
594 653
594 680
594 715
594 753
595 611
595 792
596 639
596 650
596 756
596 766
596 772
597 614
597 626
597 638
597 775
598 619
598 691
598 770
598 772
598 788
599 664
599 752
600 612
600 650
600 660
600 686
600 783
601 607
601 736
601 794
602 627
602 634
602 647
602 677
602 707
602 787
603 612
603 650
603 651
603 675
603 716
603 799
604 614
604 643
604 657
604 721
604 756
604 758
604 767
604 769
605 619
605 657
606 616
606 622
606 674
607 654
607 796
608 609
608 691
608 718
608 721
608 793
609 704
609 730
609 761
609 773
610 646
610 654
610 656
610 770
610 778
611 687
611 726
612 661
612 766
612 772
613 684
613 761
614 623
614 627
614 724
614 781
614 795
615 621
615 687
615 781
616 626
616 740
616 741
616 747
617 687
618 654
618 680
618 702
618 791
619 643
619 792
620 657
621 622
621 661
621 692
621 723
622 690
622 748
622 750
624 626
624 645
624 704
625 633
625 680
625 753
625 775
626 693
626 756
626 765
626 776
627 649
627 653
627 674
627 721
628 659
628 677
629 646
629 648
629 652
629 673
629 716
629 751
629 783
629 790
630 652
630 654
630 722
631 636
631 651
631 652
631 674
631 681
631 710
631 726
631 747
631 789
632 641
632 740
633 680
633 689
633 715
633 729
633 731
633 797
634 645
634 685
634 700
634 728
634 774
634 786
635 642
635 669
635 696
635 710
635 721
635 733
635 787
636 644
636 760
636 766
637 707
637 727
637 797
638 733
638 791
639 651
639 703
639 723
639 728
639 787
639 795
641 661
641 747
641 779
642 643
642 672
642 717
642 734
642 764
643 658
643 673
644 658
644 663
644 678
644 696
644 757
644 795
645 653
645 664
645 679
645 686
646 685
646 773
646 781
647 671
647 678
647 698
647 730
648 701
648 716
648 728
648 791
648 796
649 701
649 718
650 652
650 661
650 674
650 695
650 711
650 716
650 755
651 738
651 777
652 720
652 738
652 770
653 664
653 777
654 663
654 676
654 702
655 657
655 664
655 693
656 697
656 707
656 777
657 683
658 792
659 752
659 788
660 676
661 697
661 732
661 772
661 788
662 686
662 714
662 747
664 757
664 761
664 764
664 773
664 791
665 685
665 687
665 713
666 752
666 772
666 780
667 671
667 680
667 684
667 686
667 701
667 715
667 766
667 787
668 698
668 756
668 776
669 673
669 678
669 699
669 752
670 692
670 700
670 718
670 731
670 760
670 782
671 753
672 695
672 707
672 727
672 777
673 703
673 718
673 741
673 760
673 774
673 785
674 720
676 784
677 683
677 743
677 780
678 689
678 703
678 740
678 749
679 702
680 744
680 770
680 778
680 783
681 734
682 746
683 705
684 763
684 780
684 783
684 793
685 699
685 755
685 779
687 751
687 754
687 759
687 760
688 726
688 751
689 768
689 781
690 761
690 777
691 728
691 763
691 766
691 772
691 784
691 787
692 720
694 755
694 786
695 720
695 798
696 734
697 795
699 744
699 758
700 726
700 750
701 721
701 792
701 795
702 709
702 776
702 783
703 722
704 785
706 721
706 758
707 742
707 768
708 759
708 764
708 786
709 713
709 792
710 712
710 768
711 767
712 757
713 747
713 796
714 724
714 739
714 781
714 794
715 718
715 754
715 770
716 780
716 793
716 794
717 792
718 762
719 787
720 756
720 782
721 745
721 747
722 730
722 792
723 725
723 768
723 772
723 778
724 767
725 799
726 749
726 770
727 750
728 735
728 747
729 731
730 782
732 749
732 774
734 735
735 771
736 761
737 755
737 768
737 779
737 783
737 799
738 767
739 771
739 772
742 799
743 753
744 785
748 752
748 756
748 778
748 789
749 777
750 768
750 798
751 789
751 791
754 789
757 773
757 789
760 769
760 771
761 765
761 773
761 778
762 774
762 789
763 797
765 778
766 770
766 776
767 795
767 797
768 785
769 788
769 799
770 772
773 775
773 787
773 790
774 786
774 794
775 786
777 790
779 781
780 795
782 787
782 795
789 798
793 796
