400 2410
0 34
0 99
0 261
0 230
0 169
0 10
0 139
0 307
0 49
0 259
0 73
0 355
0 371
0 379
0 348
0 362
1 194
1 195
1 68
1 261
1 59
1 220
1 45
1 286
1 189
2 96
2 322
2 292
2 133
2 369
2 143
2 272
2 273
2 275
2 221
2 190
2 101
3 272
3 17
3 343
3 307
3 101
3 87
3 136
3 44
3 107
3 76
3 371
4 282
4 161
4 163
4 53
4 22
4 193
4 379
4 266
4 203
4 269
4 46
5 241
5 322
5 367
5 101
5 379
5 345
5 186
5 15
5 387
5 354
5 223
6 194
6 246
6 70
6 71
6 329
6 263
6 236
6 322
6 237
6 241
6 372
6 150
6 349
7 323
7 226
7 51
7 276
7 213
7 167
7 137
7 74
7 318
7 293
8 385
8 355
8 102
8 38
8 391
8 252
8 331
8 109
8 113
8 114
8 278
8 380
8 94
9 129
9 258
9 197
9 294
9 301
9 79
9 16
9 182
9 365
9 25
9 250
9 27
9 348
9 253
10 160
10 147
10 36
10 331
10 151
10 218
10 233
10 170
10 315
10 205
11 393
11 97
11 299
11 388
11 129
11 275
11 137
11 75
11 44
11 208
11 147
11 117
11 119
11 312
11 61
11 190
11 31
12 116
12 357
12 214
12 40
12 59
12 29
12 255
13 112
13 177
13 392
13 99
13 212
13 213
13 182
13 232
13 235
13 28
13 127
14 129
14 230
14 167
14 296
14 235
14 140
14 146
14 271
14 82
14 269
14 374
14 87
14 90
14 399
14 348
15 337
15 294
15 212
15 214
15 307
15 389
15 100
15 325
15 270
15 133
16 176
16 342
16 104
16 106
16 44
16 381
16 80
16 306
16 214
16 218
16 31
16 92
16 221
16 191
17 144
17 152
17 180
17 179
17 102
17 136
17 360
17 29
17 350
17 159
18 32
18 209
18 82
18 69
18 360
18 57
18 328
18 41
18 236
18 46
19 224
19 325
19 390
19 332
19 397
19 207
19 81
19 147
19 20
19 278
19 378
19 27
19 348
20 193
20 81
20 66
20 100
20 145
20 194
20 154
20 189
20 95
21 294
21 297
21 171
21 364
21 302
21 108
21 377
21 346
21 220
21 157
21 62
21 191
22 161
22 101
22 103
22 145
22 76
22 45
22 238
22 49
22 114
22 307
22 334
22 117
22 313
22 251
23 89
23 186
23 267
23 29
24 32
24 258
24 282
24 72
24 394
24 237
24 302
24 144
24 306
24 147
24 85
24 279
24 58
24 154
24 213
25 256
25 41
25 168
25 266
25 91
25 284
25 141
25 238
25 301
26 64
26 80
26 384
26 56
26 173
26 158
27 32
27 320
27 199
27 300
27 269
27 46
27 47
27 369
27 306
27 340
27 117
27 152
27 313
27 338
28 130
28 131
28 325
28 227
28 231
28 194
28 207
28 241
28 109
28 179
28 342
28 306
28 253
28 351
29 384
29 226
29 36
29 293
29 358
29 357
29 200
29 170
29 139
29 274
29 181
29 100
29 316
29 287
30 145
30 34
30 219
30 360
30 169
30 127
30 395
30 126
30 143
31 64
31 322
31 235
31 68
31 358
31 134
31 301
31 209
31 82
31 291
31 213
31 120
31 89
31 122
31 347
31 378
31 299
31 319
32 352
32 101
32 389
32 394
32 333
32 111
32 176
32 251
32 316
32 63
33 253
33 193
33 99
33 340
33 389
33 279
33 364
33 269
33 77
34 64
34 318
34 165
34 119
34 168
34 389
34 138
34 187
34 383
35 224
35 226
35 116
35 69
35 54
35 297
35 58
35 242
36 309
36 277
36 213
36 38
36 202
36 324
36 171
36 106
36 142
37 336
37 243
37 334
37 133
37 150
37 136
37 221
37 254
37 61
38 386
38 163
38 132
38 350
38 169
38 394
38 301
38 254
39 321
39 354
39 379
39 328
39 140
39 139
39 268
39 93
39 370
39 85
39 282
39 111
39 60
39 90
39 318
39 319
40 367
40 81
40 163
40 388
40 241
40 361
40 122
40 359
40 186
40 127
41 192
41 384
41 66
41 136
41 242
41 170
41 75
41 108
41 194
41 371
41 373
41 151
41 376
41 154
41 156
41 58
41 63
42 150
42 44
42 239
42 212
42 213
42 310
42 87
42 185
42 399
42 159
42 221
42 293
43 97
43 322
43 134
43 295
43 168
43 238
43 328
43 146
43 372
43 142
43 57
43 58
43 91
43 380
43 286
43 309
44 160
44 161
44 124
44 139
44 333
44 335
44 372
44 373
44 216
44 363
44 188
44 317
45 213
45 218
45 380
45 317
45 111
46 96
46 386
46 100
46 342
46 298
46 396
46 239
46 176
46 271
46 212
46 214
46 56
46 68
46 287
47 225
47 102
47 230
47 360
47 105
47 106
47 127
47 204
47 337
47 55
47 311
47 253
47 191
48 50
48 371
48 324
48 197
48 198
48 185
48 218
48 299
48 316
48 162
48 383
49 225
49 295
49 296
49 204
49 223
49 214
49 55
49 376
49 89
49 251
49 254
49 182
50 178
50 227
50 84
50 293
50 371
50 328
50 276
50 299
50 174
50 175
51 391
51 357
51 299
51 141
51 366
51 269
51 305
51 146
51 372
51 238
51 126
52 272
52 194
52 155
52 358
52 200
52 153
52 170
52 123
52 189
53 208
53 180
53 308
53 392
53 153
53 364
54 128
54 224
54 66
54 119
54 283
54 392
54 107
54 204
54 397
54 238
55 128
55 99
55 245
55 341
55 103
55 74
55 369
55 79
56 149
56 86
56 249
56 303
57 129
57 99
57 324
57 273
57 235
57 396
57 79
57 355
57 310
57 284
58 311
58 130
58 147
58 337
58 201
58 226
58 248
58 83
58 212
58 213
58 124
58 127
59 356
59 101
59 198
59 172
59 299
59 241
59 371
59 148
59 281
59 212
59 276
60 384
60 388
60 294
60 296
60 201
60 215
60 237
60 302
60 144
60 117
60 279
60 189
60 94
60 159
61 64
61 81
61 118
61 343
61 128
62 352
62 65
62 341
62 292
62 70
62 225
62 393
62 331
62 77
62 334
62 304
62 147
62 276
62 342
62 279
62 282
62 252
62 211
63 209
63 179
63 251
63 105
63 330
63 219
64 325
64 74
64 301
64 221
64 287
64 113
64 121
64 280
64 120
64 187
65 196
65 246
65 214
65 87
65 324
65 281
65 363
65 124
65 191
66 236
66 366
66 370
66 179
66 87
66 344
66 122
66 123
66 191
67 354
67 165
67 230
67 295
67 266
67 205
67 303
67 394
67 111
67 348
67 330
67 134
68 224
68 98
68 260
68 261
68 366
68 130
68 398
68 115
68 149
68 214
68 183
68 251
68 318
69 388
69 357
69 342
69 219
69 189
70 163
70 203
70 274
70 367
70 304
70 114
70 115
70 269
70 373
70 317
71 241
71 383
71 276
71 134
71 295
71 153
71 315
71 316
71 302
71 353
72 225
72 162
72 99
72 165
72 230
72 357
72 389
72 330
72 139
72 207
72 359
72 376
72 276
72 309
72 377
72 346
72 191
73 355
73 164
73 358
73 200
73 393
73 363
73 204
73 111
73 272
73 280
73 249
73 188
73 158
73 319
74 391
74 357
74 103
74 331
74 78
74 243
74 293
74 127
74 261
75 164
75 294
75 201
75 348
75 349
75 254
75 159
76 384
76 113
76 286
76 85
76 273
76 344
76 181
76 158
76 79
77 334
77 165
77 279
77 201
77 106
78 97
78 98
78 107
78 342
78 104
78 203
78 301
78 240
78 266
78 146
78 86
78 250
78 379
78 220
78 157
79 108
79 306
79 188
79 133
79 150
79 360
79 207
80 359
80 275
80 398
80 103
80 251
80 380
80 301
80 222
81 116
81 251
81 196
81 229
81 231
81 385
81 216
81 121
81 111
81 125
82 112
82 144
82 182
82 369
83 224
83 352
83 293
83 108
83 280
83 118
83 312
83 217
83 187
83 318
83 95
84 272
84 320
84 299
84 228
84 388
84 231
84 89
84 170
84 155
84 387
85 256
85 257
85 226
85 355
85 388
85 230
85 140
85 167
85 385
85 329
85 216
85 378
85 91
86 324
86 137
86 203
86 141
86 302
86 317
86 176
86 344
86 140
86 308
86 213
86 342
86 388
86 125
86 126
87 294
87 231
87 200
87 203
87 141
87 174
87 387
87 88
87 153
87 187
87 253
87 290
88 359
88 177
88 354
88 163
88 260
88 182
88 167
88 347
88 397
88 302
89 128
89 161
89 279
89 136
89 139
89 398
89 368
89 371
89 181
89 90
89 187
89 124
90 225
90 100
90 298
90 235
90 353
90 301
90 303
90 304
90 177
90 370
90 334
90 351
90 159
91 224
91 145
91 131
91 289
91 348
91 255
91 191
92 257
92 182
92 361
92 139
92 268
92 93
92 286
93 352
93 257
93 114
93 395
93 180
93 216
93 196
93 299
93 313
94 225
94 196
94 166
94 230
94 167
94 233
94 203
94 297
94 216
94 292
94 314
94 329
94 159
95 258
95 325
95 211
95 394
95 260
95 154
95 364
95 338
95 174
96 128
96 374
96 232
96 290
96 203
96 269
96 175
97 280
97 310
97 211
97 199
97 259
97 316
98 112
98 288
98 386
98 198
98 393
98 212
98 333
98 190
99 337
99 298
99 311
99 142
99 200
99 275
99 341
99 216
99 218
99 191
100 193
100 299
100 261
100 321
100 296
100 139
100 300
100 110
100 360
100 183
100 347
101 384
101 134
101 359
101 278
101 300
101 110
101 146
101 307
101 355
101 187
102 323
102 332
102 171
102 204
102 304
102 275
102 309
102 182
102 136
102 395
102 282
103 115
103 342
103 197
103 135
103 346
103 318
103 341
104 289
104 324
104 327
104 170
104 331
104 238
104 367
104 206
104 181
104 248
104 286
105 352
105 257
105 115
105 357
105 303
105 251
105 371
105 107
105 318
106 201
106 170
107 192
107 386
107 164
107 294
107 231
107 339
107 268
107 301
107 195
107 277
107 284
108 164
108 197
108 168
108 170
108 365
108 388
108 298
108 319
109 177
109 293
109 119
109 282
109 287
110 370
110 323
110 233
110 234
110 236
110 141
110 238
110 301
110 146
110 190
111 226
111 136
111 322
111 141
111 176
111 211
111 181
111 183
111 344
111 188
111 373
112 291
112 262
112 264
112 393
112 268
112 337
112 339
112 212
112 186
112 284
113 128
113 353
113 256
113 208
113 274
113 276
113 149
113 247
113 245
114 256
114 162
114 260
114 165
114 137
114 395
114 332
114 303
114 272
114 371
114 119
114 134
114 127
115 296
115 162
115 264
115 395
115 360
115 159
116 328
116 257
116 388
116 390
116 359
116 168
116 137
116 302
116 384
116 291
116 277
116 150
116 219
116 252
116 341
117 257
117 294
117 262
117 353
117 172
117 236
117 307
117 151
117 152
117 217
117 349
118 162
118 147
118 262
118 264
118 298
118 267
118 237
118 270
118 239
118 315
118 330
118 287
119 353
119 258
119 203
119 268
119 387
119 214
119 345
119 281
119 122
119 187
119 314
120 192
120 283
120 228
120 214
120 199
120 292
120 139
120 361
121 354
121 292
121 166
121 298
121 302
121 206
121 213
121 247
121 152
121 341
122 320
122 353
122 227
122 132
122 390
122 230
122 263
122 162
122 315
122 126
123 224
123 256
123 390
123 331
123 396
123 174
123 147
123 245
123 151
123 187
124 179
124 321
124 140
124 202
124 359
124 333
124 207
124 147
124 152
124 219
124 287
125 384
125 194
125 139
125 196
125 325
125 391
125 136
125 267
125 370
125 308
125 152
125 212
125 186
125 318
126 144
126 224
126 257
126 268
126 289
126 381
127 224
127 289
127 196
127 261
127 230
127 136
127 244
127 399
127 383
128 368
128 278
128 243
128 232
128 151
128 172
128 333
128 381
128 240
128 147
128 280
128 283
129 139
129 292
129 286
129 324
129 364
129 389
130 160
130 259
130 357
130 262
130 156
130 139
130 365
130 291
130 276
130 245
130 347
131 288
131 196
131 137
131 266
131 332
131 269
131 366
131 278
131 187
131 381
132 241
132 258
132 266
132 372
132 374
132 388
132 173
133 367
133 347
133 298
133 171
133 173
133 273
133 147
133 246
133 156
133 253
133 350
133 223
134 290
134 324
134 204
134 334
134 271
134 337
134 308
134 181
134 184
135 336
135 307
135 147
135 195
135 396
135 267
135 364
135 365
136 320
136 197
136 363
136 139
136 313
137 179
137 308
137 331
137 284
137 370
138 192
138 256
138 385
138 330
138 203
138 386
138 273
138 178
138 276
138 215
138 377
138 314
139 230
139 177
139 225
139 311
139 146
139 253
139 300
139 255
140 321
140 355
140 295
140 360
140 327
140 353
140 151
140 250
140 367
141 259
141 198
141 327
141 247
141 301
141 315
142 145
142 306
142 294
142 168
142 366
143 161
143 195
143 198
143 297
143 387
143 398
143 291
143 153
143 249
143 380
143 350
143 377
144 256
144 289
144 227
144 388
144 357
144 371
144 180
144 156
144 248
145 163
145 341
145 314
145 298
145 180
145 209
145 146
145 371
145 309
145 249
145 250
145 220
145 253
145 319
146 288
146 226
146 195
146 216
146 267
146 299
146 319
147 352
147 363
147 166
147 301
147 312
147 362
147 349
147 376
148 368
148 305
148 194
148 372
148 261
148 294
148 391
148 309
148 287
149 209
149 361
149 266
149 332
149 303
149 307
149 175
149 330
149 383
150 312
150 357
150 184
150 315
150 286
151 270
151 152
151 180
151 182
151 329
151 280
152 288
152 315
152 294
152 359
152 249
152 362
152 300
152 381
152 272
152 307
152 216
152 347
153 331
153 293
153 236
153 292
153 159
153 222
154 225
154 355
154 197
154 303
154 272
154 307
154 345
154 155
154 325
155 320
155 382
155 214
155 340
155 206
156 376
156 227
156 324
156 217
156 264
156 206
156 361
157 272
157 275
157 360
157 187
157 348
157 395
157 174
158 208
158 184
158 277
158 168
159 256
159 194
159 355
159 164
159 197
159 166
159 167
159 200
159 252
159 208
159 229
160 259
160 388
160 197
160 331
160 354
160 209
160 345
160 347
160 284
160 222
161 311
161 322
161 375
161 229
161 390
161 327
161 328
161 388
161 171
161 208
161 337
161 179
161 391
161 196
161 253
162 369
162 182
163 393
163 175
163 277
163 279
163 228
163 296
164 304
164 228
164 373
164 167
164 307
165 293
165 199
165 394
165 237
165 355
165 278
165 380
166 306
166 238
166 325
166 247
166 207
166 188
166 237
167 293
167 214
167 244
168 256
168 304
168 293
168 308
168 297
168 176
168 337
169 395
169 309
169 295
169 315
169 239
170 194
170 195
170 329
170 333
170 360
170 335
171 263
171 200
171 357
171 287
171 204
171 317
172 179
172 371
172 222
172 181
173 208
173 331
173 307
173 183
173 371
173 235
174 304
174 374
174 294
174 312
174 233
175 194
175 244
175 391
175 217
175 363
175 380
175 303
176 354
176 355
176 379
176 282
176 239
177 256
177 225
177 275
178 216
178 195
178 204
179 289
179 305
179 234
179 311
180 258
180 196
180 294
180 373
180 333
180 319
181 300
181 397
181 238
181 243
181 340
181 341
181 312
181 219
182 288
182 314
182 187
182 191
183 213
183 233
183 388
184 320
184 318
184 324
184 197
184 299
184 239
185 224
185 353
185 375
185 233
185 331
185 366
185 210
185 276
185 245
185 215
185 250
185 287
186 301
186 259
186 342
186 393
186 202
186 253
187 228
187 272
187 340
188 274
188 211
188 233
188 392
189 368
189 338
189 387
190 192
190 296
190 315
190 254
190 232
190 282
190 325
191 289
191 372
191 342
191 343
191 383
192 320
192 355
192 293
192 359
192 367
192 242
192 339
192 381
192 248
192 249
192 282
192 363
192 316
192 330
193 357
193 305
193 302
193 207
193 209
193 306
193 310
193 319
194 308
194 197
194 263
194 279
194 266
195 354
195 293
195 327
195 387
195 312
195 377
195 378
196 202
196 368
196 335
196 382
196 281
196 223
197 208
197 356
197 294
197 333
197 352
197 255
197 250
197 222
198 259
198 247
198 316
198 318
199 231
199 200
199 265
199 365
199 337
199 211
199 361
199 344
199 261
200 357
200 392
200 339
200 239
200 243
200 279
200 379
201 290
201 340
201 202
201 386
202 272
202 352
202 275
202 376
202 270
202 271
203 352
203 361
203 350
203 313
203 222
204 385
204 246
204 215
204 218
204 316
205 240
205 210
205 372
205 341
205 355
205 253
205 223
206 309
206 294
206 295
206 313
206 382
207 320
207 293
207 281
207 331
208 371
208 394
208 300
209 298
209 378
210 307
210 308
210 278
210 314
210 356
211 251
211 309
211 349
211 250
211 237
212 321
212 357
212 237
212 241
212 309
212 333
212 381
214 293
214 264
214 396
214 237
214 346
214 221
214 357
215 393
215 386
215 366
215 345
215 254
216 343
216 270
216 368
216 307
216 279
216 255
217 257
217 266
217 333
217 302
217 278
217 344
217 249
217 314
218 224
218 244
218 290
218 267
219 304
219 323
219 360
219 232
219 313
220 291
220 390
220 289
220 313
220 380
220 349
221 224
221 292
221 320
221 254
221 394
221 362
221 350
222 241
222 242
222 276
222 341
222 281
222 280
223 224
223 275
223 385
223 389
223 397
223 293
224 264
224 233
224 339
224 299
224 365
224 276
224 265
225 258
225 272
225 338
225 296
226 272
226 239
226 334
227 379
227 239
228 230
228 332
228 394
228 268
228 269
228 240
228 244
228 382
228 383
229 338
229 379
229 298
229 287
230 386
230 365
231 251
231 334
231 280
231 396
232 355
232 356
232 390
232 285
233 323
233 375
233 333
233 399
233 370
233 342
233 376
234 358
234 363
234 361
234 331
234 364
234 333
234 367
235 276
235 357
235 327
235 392
236 323
236 292
236 326
236 328
236 242
236 307
237 353
237 371
237 368
238 310
238 261
238 265
238 380
238 381
238 325
239 352
239 396
239 337
239 349
240 387
240 293
240 359
240 330
240 253
240 306
240 371
240 276
240 378
240 362
241 361
241 365
241 314
242 393
242 290
242 377
242 251
242 351
243 281
243 267
243 348
243 394
245 251
245 306
246 288
246 392
246 349
246 334
247 294
247 357
247 341
248 336
248 279
248 359
249 262
249 267
250 355
250 257
251 289
251 291
251 325
251 275
251 398
252 322
252 309
252 326
252 266
252 364
253 355
253 358
253 268
253 272
253 382
253 369
253 254
254 386
254 269
254 368
254 381
254 382
254 376
255 328
255 273
255 307
255 330
256 384
256 353
256 372
257 382
257 332
257 335
257 349
257 283
258 352
258 290
258 376
258 267
258 366
258 312
258 283
258 393
258 350
259 388
260 323
260 345
260 399
260 398
261 385
261 344
261 317
262 347
262 284
263 289
263 374
263 357
263 332
263 349
263 334
264 354
264 395
264 334
264 343
264 344
264 286
265 294
265 313
265 397
265 270
266 333
266 272
266 318
267 370
268 325
268 331
268 369
268 338
268 276
268 374
269 333
269 338
270 288
270 292
270 295
270 371
270 314
270 378
271 272
271 352
271 308
271 311
271 361
271 383
272 320
272 385
272 324
272 351
272 302
272 309
273 340
273 278
273 341
273 287
273 338
274 384
274 327
274 300
275 366
275 306
275 276
275 278
275 347
275 394
276 323
276 307
277 304
277 357
277 358
277 329
277 367
278 383
278 294
278 283
278 349
279 328
279 300
279 301
279 351
280 294
280 366
280 288
280 318
281 368
281 356
281 369
282 320
282 304
282 338
282 346
283 339
283 388
283 343
283 314
283 375
284 363
284 357
284 305
284 311
285 361
285 351
285 286
285 311
286 306
286 339
287 388
287 297
287 349
287 306
287 302
288 325
288 361
288 375
288 314
288 381
288 357
289 386
289 389
289 398
289 341
290 373
291 385
291 329
291 386
291 334
291 350
292 297
292 316
293 317
295 364
295 371
296 373
296 394
297 384
297 357
297 298
297 335
297 342
297 316
298 335
299 385
299 360
299 377
299 378
300 330
300 363
300 372
301 377
301 386
301 348
302 374
302 359
303 370
303 398
303 372
303 374
304 385
304 347
304 327
304 396
304 349
305 332
305 315
305 364
306 376
306 364
306 369
306 377
308 358
308 397
308 309
309 385
309 377
310 355
310 372
310 349
311 349
311 344
313 353
314 397
315 320
315 369
316 385
316 340
316 375
316 345
317 352
317 331
317 388
319 361
320 368
321 388
321 356
322 339
323 376
324 362
324 345
325 360
326 394
327 357
327 392
328 389
328 352
329 345
329 330
331 382
331 386
331 355
331 356
331 339
331 374
332 368
333 359
334 357
335 349
337 357
337 385
337 376
337 390
338 374
338 347
338 380
339 365
339 374
339 376
339 348
340 343
340 349
341 387
342 380
342 377
343 360
343 382
344 359
344 348
345 358
345 348
345 357
346 370
346 359
346 383
347 392
347 388
347 350
348 368
348 361
348 378
349 386
349 374
353 364
353 371
354 356
354 357
355 390
357 364
357 367
357 398
358 384
361 386
361 371
364 374
366 387
367 389
367 372
368 390
369 393
373 382
375 384
379 396
379 380
381 384
383 389
383 393
385 395
387 390
387 394
389 391
