1
0 47
0 65
1 277
1 199
2 260
2 74
3 199
3 93
4 175
4 48
5 115
5 248
6 141
6 57
7 261
7 171
8 201
8 246
9 153
9 231
10 287
10 205
11 194
11 162
12 64
13 79
13 88
14 59
14 200
15 139
15 239
16 246
16 125
17 138
17 242
18 174
18 171
19 240
19 189
20 91
20 187
21 180
21 69
22 52
22 54
23 51
23 251
24 151
24 84
25 160
25 168
26 143
26 111
27 45
27 65
28 264
28 169
29 253
29 255
30 53
30 214
31 142
31 195
32 103
32 134
33 134
33 268
34 50
34 243
35 176
35 231
36 158
36 177
37 149
37 113
38 156
38 96
39 67
39 207
40 276
40 297
41 263
41 101
42 188
42 127
43 157
43 66
44 194
44 224
45 152
46 144
46 183
47 225
48 271
49 130
49 214
50 227
51 165
52 124
53 290
54 226
55 282
55 284
56 213
56 288
57 148
58 291
58 299
59 299
60 88
60 164
61 80
61 170
62 76
62 273
63 99
63 227
64 163
66 176
67 127
68 90
68 252
69 154
70 243
70 249
71 106
71 291
72 183
72 285
73 82
73 101
74 242
75 105
75 244
76 97
77 80
77 117
78 179
78 294
79 180
81 205
81 210
82 187
83 193
83 285
84 282
85 147
85 215
86 173
86 241
87 229
87 247
89 96
89 122
90 197
91 123
92 202
92 270
93 133
94 131
94 298
95 232
95 259
97 292
98 115
98 210
99 238
100 110
100 296
102 116
102 201
103 277
104 117
104 278
105 228
106 155
107 191
107 195
108 225
108 267
109 129
109 223
110 261
111 289
112 166
112 218
113 124
114 133
114 208
116 189
118 157
118 272
119 142
119 239
120 162
120 255
121 128
121 143
122 137
123 160
125 264
126 173
126 145
128 196
129 186
130 245
131 192
132 257
132 217
135 163
135 169
136 278
136 146
137 158
138 217
139 229
140 207
140 279
141 234
144 161
145 211
146 290
147 262
148 235
149 202
150 293
150 204
151 159
152 266
153 197
154 236
155 185
156 159
161 222
164 196
165 250
166 234
167 208
167 236
168 221
170 273
172 175
172 265
174 230
177 279
178 248
178 241
179 287
181 184
181 190
182 257
182 256
184 237
185 289
186 230
188 212
190 223
191 206
192 274
193 269
198 203
198 215
200 271
203 204
206 298
209 286
209 233
211 221
212 263
213 233
216 288
216 276
218 283
219 258
219 266
220 284
220 269
222 293
224 254
226 258
228 254
232 256
235 265
237 292
238 295
240 283
244 281
245 274
247 275
249 281
250 262
251 270
252 294
253 268
259 280
260 295
267 296
272 297
275 280
300 286
301 12
-1 -1
2.96132
