1
0 22
0 32
1 50
1 228
2 97
2 378
3 212
3 234
4 321
4 390
5 123
5 323
6 37
6 262
7 72
7 316
8 179
8 386
9 30
9 218
10 49
10 307
11 179
11 352
12 21
12 52
13 204
13 208
14 43
14 247
15 88
15 297
16 220
16 397
17 222
17 225
18 48
18 312
19 31
19 173
20 36
20 101
21 286
22 278
23 77
23 253
24 308
24 349
25 211
25 229
26 41
26 333
27 113
27 149
28 57
28 381
29 93
29 209
30 104
31 177
32 236
33 144
33 184
34 51
34 151
35 385
36 210
37 164
38 136
38 332
39 44
39 168
40 54
40 389
41 205
42 92
42 139
43 59
44 260
45 243
45 374
46 127
46 226
47 96
47 387
48 66
49 67
50 102
51 237
52 252
53 105
53 356
54 274
55 163
55 219
56 168
56 343
57 74
58 181
58 197
59 140
60 104
60 369
61 169
61 231
62 120
62 204
63 233
63 246
64 140
64 248
65 308
65 312
66 227
67 144
68 103
68 362
69 147
69 152
70 285
70 320
71 225
71 368
72 128
73 292
73 337
74 154
75 91
75 235
76 327
76 335
77 245
78 161
78 188
79 221
79 292
80 215
80 330
81 106
81 338
82 217
82 278
83 286
83 379
84 213
84 235
85 154
85 398
86 222
86 266
87 117
87 261
88 284
89 264
89 320
90 115
90 130
91 356
92 194
93 111
94 129
94 157
95 123
95 137
96 270
97 116
98 236
98 290
99 108
99 366
100 190
101 157
102 265
103 228
105 183
106 188
107 156
107 265
108 170
109 272
109 279
110 177
110 364
111 118
112 146
112 240
113 319
114 200
114 310
115 396
116 126
117 189
118 309
119 247
119 315
120 323
121 132
121 361
122 158
122 393
124 186
124 342
125 142
125 347
126 368
127 387
128 233
129 131
130 322
131 182
132 258
133 171
133 318
134 216
134 295
135 255
135 332
136 193
137 145
138 350
138 369
139 375
141 143
141 336
142 192
143 159
145 174
146 289
147 191
148 263
148 314
149 155
150 365
150 383
151 185
152 209
153 253
153 277
155 269
156 290
158 181
159 325
160 214
160 288
161 358
162 202
162 273
163 371
164 363
165 203
165 349
166 267
166 303
167 182
167 340
169 267
170 336
171 176
172 314
172 392
173 207
174 256
175 201
175 289
176 367
178 249
178 259
180 215
180 363
183 244
184 389
185 396
186 372
187 254
187 256
189 335
190 252
191 255
192 284
193 241
194 205
195 273
195 327
196 276
196 300
197 206
198 354
198 359
199 201
199 350
200 353
202 297
203 384
206 249
207 382
208 377
210 272
211 223
212 382
213 282
214 342
216 391
217 294
218 355
219 328
220 324
221 281
223 321
224 264
224 296
226 246
227 280
229 357
230 248
230 313
231 364
232 282
232 316
234 306
237 354
238 279
238 311
239 346
239 388
240 302
241 324
242 306
242 352
243 288
244 351
245 329
250 370
250 394
251 310
251 373
254 351
257 270
257 398
258 287
259 344
260 397
261 298
262 375
263 268
266 304
268 275
269 345
271 380
271 381
274 395
275 385
276 357
277 305
280 317
281 318
283 301
283 307
285 355
287 372
291 305
291 348
293 339
293 393
294 378
295 374
296 353
298 359
299 303
299 326
300 395
301 379
302 394
304 331
309 390
311 360
313 361
315 386
317 322
319 384
325 347
326 380
328 343
329 334
330 337
331 370
333 344
334 338
339 365
340 391
341 348
341 377
345 376
346 362
358 392
360 399
366 367
371 388
373 376
383 399
400 100
401 35
-1 -1
20.8992
