1
0 19
0 325
1 126
1 244
2 17
2 368
3 27
3 100
4 34
4 374
5 267
5 311
6 96
6 152
7 99
7 212
8 236
8 325
9 55
9 135
10 138
10 395
11 47
11 261
12 25
12 127
13 127
13 142
14 237
14 382
15 183
15 216
16 157
16 257
17 41
18 291
18 389
19 218
20 260
20 331
21 29
21 347
22 168
22 241
23 116
23 267
24 33
24 285
25 51
26 125
26 209
27 249
28 137
28 278
29 220
30 45
30 130
31 294
31 330
32 373
32 384
33 145
34 338
35 68
35 72
36 164
36 317
37 187
37 337
38 347
38 359
39 147
39 323
40 52
40 224
41 153
42 278
42 369
43 112
43 338
44 289
44 363
45 217
46 76
46 115
47 226
48 207
48 357
49 319
49 385
50 101
50 147
51 356
52 115
53 59
53 389
54 263
54 385
55 345
56 204
56 206
57 264
57 265
58 134
58 300
59 268
60 205
60 298
61 189
61 337
62 114
62 155
63 194
63 375
64 251
64 395
65 177
65 280
66 316
66 384
67 243
67 245
68 118
69 221
69 302
70 160
70 190
71 88
71 180
72 386
73 222
73 353
74 79
74 84
75 368
75 388
76 165
77 204
77 292
78 296
78 310
79 97
80 146
80 249
81 92
81 182
82 117
82 154
83 213
83 219
84 254
85 160
85 264
86 159
86 367
87 94
87 156
88 207
89 140
89 365
90 223
90 382
91 154
91 222
92 399
93 191
93 237
94 196
95 182
95 238
96 272
97 122
98 314
98 323
99 126
100 211
101 289
102 179
102 313
103 304
103 370
104 199
104 332
105 266
105 269
106 122
106 299
107 121
107 361
108 233
108 293
109 151
109 184
110 374
110 390
111 225
111 316
112 298
113 225
113 301
114 321
116 310
117 248
118 334
119 276
119 348
120 132
120 345
121 164
123 233
123 279
124 131
124 172
125 333
128 177
128 283
129 214
129 250
130 215
131 167
132 303
133 135
133 306
134 156
136 322
136 371
137 141
138 202
139 202
139 214
140 229
141 259
142 193
143 166
143 376
144 166
144 362
145 297
146 369
148 356
148 396
149 329
149 351
150 303
150 383
151 171
152 174
153 343
155 181
157 311
158 367
158 381
159 397
161 282
161 294
162 248
162 300
163 277
163 392
165 284
167 353
168 231
169 239
169 271
170 335
170 362
171 236
172 246
173 279
173 394
174 312
175 220
175 324
176 318
176 341
178 200
178 295
179 341
180 342
181 390
183 340
184 201
185 247
185 265
186 211
186 282
187 387
188 373
188 393
189 343
190 292
191 195
192 226
192 314
193 312
194 198
195 281
196 330
197 351
197 376
198 358
199 328
200 241
201 280
203 228
203 296
205 266
206 286
208 270
208 287
209 272
210 386
212 383
213 283
215 250
216 359
217 259
218 277
219 251
221 391
223 380
224 308
227 336
227 352
228 288
229 274
230 269
230 313
231 302
232 346
232 365
234 349
235 308
235 379
238 326
239 252
240 317
240 378
242 355
242 391
243 274
244 261
245 378
246 253
247 258
252 381
253 309
254 393
255 270
255 354
256 328
256 340
257 358
258 332
260 361
262 306
262 388
263 268
271 364
273 276
273 324
275 357
275 371
281 398
284 372
285 344
286 363
287 331
288 360
290 305
290 352
291 349
293 327
295 315
297 354
299 333
301 366
304 320
305 396
307 318
307 370
309 350
315 360
319 372
320 334
321 355
322 387
326 350
327 377
329 399
335 377
336 339
339 375
342 392
344 397
346 366
348 398
364 394
379 380
400 210
401 234
-1 -1
64.0708
