1
0 208
0 234
1 226
1 332
2 39
2 229
3 218
3 231
4 22
4 176
5 375
5 392
6 12
6 170
7 93
7 354
8 232
8 299
9 254
9 336
10 320
10 361
11 283
11 396
12 206
13 146
13 352
14 104
14 222
15 205
15 303
16 108
16 117
17 113
17 159
18 109
18 112
19 72
19 95
20 149
20 195
21 230
21 357
22 119
23 53
23 202
24 37
24 43
25 153
25 383
26 214
26 317
27 127
27 340
28 54
28 65
29 108
29 240
30 265
30 354
31 38
31 136
32 271
32 389
33 62
33 242
34 145
34 305
35 314
35 399
36 37
36 202
38 123
39 119
40 291
40 363
41 140
41 283
42 264
42 278
43 59
44 256
45 224
45 257
46 167
46 182
47 117
47 390
48 90
48 348
49 91
49 246
50 57
50 141
51 167
51 288
52 233
52 284
53 118
54 84
55 78
55 314
56 170
56 367
57 363
58 250
58 292
59 386
60 159
60 285
61 125
61 341
62 263
63 97
63 281
64 80
64 88
65 291
66 93
66 276
67 152
67 201
68 205
68 312
69 165
69 379
70 300
70 380
71 75
71 355
72 355
73 133
73 209
74 311
74 395
75 397
76 209
76 393
77 154
77 249
78 356
79 213
79 274
80 269
81 197
81 374
82 143
82 275
83 135
83 308
84 361
85 301
86 157
86 307
87 127
87 146
88 122
89 136
89 223
90 384
91 278
92 187
92 204
94 350
94 371
95 130
96 253
96 325
97 144
98 220
98 280
99 169
99 302
100 320
100 364
101 124
101 297
102 122
102 235
103 193
103 240
104 394
105 255
105 352
106 191
106 249
107 216
107 274
109 388
110 158
110 347
111 140
111 215
112 360
113 114
114 139
115 200
115 343
116 168
116 296
118 244
120 260
120 289
121 155
121 197
123 210
124 221
125 300
126 186
126 337
128 211
128 353
129 162
129 247
130 268
131 294
131 322
132 270
132 365
133 141
134 158
134 206
135 287
137 151
137 301
138 199
138 333
139 370
142 252
142 343
143 287
144 344
145 210
147 311
147 368
148 184
148 276
149 306
150 190
150 281
151 236
152 192
153 164
154 265
155 228
156 321
156 331
157 225
160 231
160 375
161 310
161 366
162 177
163 229
163 302
164 257
165 316
166 207
166 236
168 293
169 289
171 244
171 293
172 262
172 389
173 178
173 189
174 193
174 272
175 186
175 310
176 267
177 199
178 360
179 319
179 341
180 338
180 353
181 227
181 380
182 298
183 212
183 245
184 285
185 246
185 250
187 358
188 207
188 369
189 268
190 316
191 198
192 313
194 223
194 391
195 357
196 238
196 378
198 230
200 211
201 385
203 218
203 226
204 242
208 213
212 286
214 342
215 282
216 307
217 372
217 394
219 303
219 329
220 387
221 224
222 325
225 255
227 397
228 306
232 263
233 398
234 304
235 258
237 295
237 297
238 324
239 328
239 395
241 322
241 334
243 323
243 362
245 379
247 315
248 292
248 372
251 282
251 338
252 344
253 377
254 345
256 381
258 327
259 350
259 367
260 349
261 272
261 334
262 345
264 384
266 373
266 383
267 376
269 358
270 337
271 390
273 275
273 381
277 326
277 359
279 305
279 374
280 304
284 308
286 332
288 339
290 349
290 356
294 318
295 317
296 298
299 339
309 327
309 330
312 326
313 377
315 347
318 335
319 323
321 382
324 371
328 348
329 331
330 346
333 336
335 359
340 388
342 386
346 398
351 369
351 391
362 385
364 376
365 393
366 370
368 378
373 396
382 392
387 399
400 85
401 44
-1 -1
2.78395
